1,1,2240926,NaN,NaN,NaN,NaN,NaN,NaN,0
1,2,2240927,NaN,NaN,NaN,NaN,NaN,NaN,0
1,3,2240928,NaN,NaN,NaN,NaN,NaN,NaN,0
1,4,2240929,NaN,NaN,NaN,NaN,NaN,NaN,0
1,5,2240930,NaN,NaN,NaN,NaN,NaN,NaN,0
1,6,2240931,NaN,NaN,3103.1,655.2,3103.1,655.2,0
1,7,2240932,NaN,NaN,3164.4,690.2,3164.4,690.2,0
1,8,2240933,NaN,NaN,3217.2,699.6,3217.2,699.6,0
1,9,2240934,NaN,NaN,3217.2,699.6,3217.2,699.6,0
1,10,2240935,NaN,NaN,3215.6,690.3,3215.6,690.3,0
1,11,2240936,NaN,NaN,3206.3,683.1,3206.3,683.1,0
1,12,2240937,NaN,NaN,3190.0,678.6,3190.0,678.6,0
1,13,2240938,NaN,NaN,3165.2,663.1,3165.2,663.1,0
1,14,2240939,NaN,NaN,3125.5,646.5,3125.5,646.5,0
1,15,2240940,NaN,NaN,3075.6,619.7,3075.6,619.7,0
1,16,2240941,NaN,NaN,3021.8,572.9,3021.8,572.9,0
1,17,2240942,NaN,NaN,2978.8,533.0,2978.8,533.0,0
1,18,2240943,NaN,NaN,2927.8,481.9,2927.8,481.9,0
1,19,2240944,NaN,NaN,2883.9,421.7,2883.9,421.7,0
1,20,2240945,NaN,NaN,2849.4,369.1,2849.4,369.1,0
1,21,2240946,NaN,NaN,2826.0,317.7,2826.0,317.7,0
1,22,2240947,NaN,NaN,2705.9,592.2,2705.9,592.2,0
1,23,2240948,NaN,NaN,2530.3,796.1,2530.3,796.1,0
1,24,2240949,NaN,NaN,2300.2,927.4,2300.2,927.4,0
1,25,2240950,NaN,NaN,2024.5,990.0,2024.5,990.0,0
1,26,2240951,NaN,NaN,1706.1,995.1,1706.1,995.1,0
1,27,2240952,NaN,NaN,1361.9,946.2,1361.9,946.2,0
1,28,2240953,NaN,NaN,1003.8,860.2,1003.8,860.2,0
1,29,2240954,NaN,NaN,1003.6,828.1,1003.6,828.1,0
1,30,2240955,NaN,NaN,1003.2,793.3,1003.2,793.3,0
1,31,2240956,NaN,NaN,1003.3,742.1,1003.3,742.1,0
1,32,2240957,NaN,NaN,1002.6,692.0,1002.6,692.0,0
1,33,2240958,NaN,NaN,1002.5,642.7,1002.5,642.7,0
2,34,2240959,NaN,NaN,1002.3,594.6,1002.3,594.6,0
2,35,2240960,NaN,NaN,1000.6,547.8,1000.6,547.8,0
2,36,2240961,NaN,NaN,998.4,504.7,998.4,504.7,0
2,37,2240962,NaN,NaN,996.1,464.6,996.1,464.6,0
2,38,2240963,-991.3,1283.1,992.5,439.7,0.6,861.4,0
2,39,2240964,-227.6,1161.7,988.9,417.3,380.65,789.5,0
2,40,2240965,365.2,1052.2,985.4,398.0,675.3,725.1,0
2,41,2240966,857.6,931.3,981.0,378.6,919.3,654.95,0
2,42,2240967,900.2,905.2,977.9,361.5,939.05,633.35,0
2,43,2240968,942.2,878.3,974.8,350.5,958.5,614.4,0
2,44,2240969,956.5,854.4,971.9,339.1,964.2,596.75,0
2,45,2240970,966.0,831.1,969.8,331.0,967.9,581.05,0
2,46,2240971,970.8,809.0,967.9,323.9,969.35,566.45,0
2,47,2240972,975.4,788.0,966.0,317.8,970.7,552.9,0
2,48,2240973,978.0,766.8,964.8,315.0,971.4,540.9,0
2,49,2240974,980.5,743.6,963.9,312.1,972.2,527.85,0
2,50,2240975,981.8,721.3,963.4,309.8,972.6,515.55,0
2,51,2240976,981.6,684.5,962.8,308.1,972.2,496.3,0
2,52,2240977,981.3,647.8,962.4,308.1,971.85,477.95,0
2,53,2240978,980.7,610.8,962.2,308.2,971.45,459.5,0
2,54,2240979,979.9,571.9,962.3,308.2,971.1,440.05,0
2,55,2240980,979.0,534.4,962.3,308.4,970.65,421.4,0
2,56,2240981,978.2,500.1,962.3,308.7,970.25,404.4,0
2,57,2240982,977.7,466.7,962.3,308.9,970.0,387.8,0
2,58,2240983,977.5,451.2,962.3,309.0,969.9,380.1,0
2,59,2240984,977.0,436.6,962.3,309.1,969.65,372.85,0
2,60,2240985,976.5,423.2,961.7,309.1,969.1,366.15,0
2,61,2240986,975.6,412.7,961.0,309.2,968.3,360.95,0
2,62,2240987,974.6,404.1,960.2,309.3,967.4,356.7,0
2,63,2240988,973.4,397.1,959.3,309.5,966.35,353.3,0
2,64,2240989,972.2,391.6,958.4,309.6,965.3,350.6,0
2,65,2240990,970.8,385.9,957.4,309.9,964.1,347.9,0
2,66,2240991,969.4,381.1,956.3,310.1,962.85,345.6,0
3,67,2240992,968.0,378.8,955.9,310.8,961.95,344.8,0
3,68,2240993,967.1,378.1,955.7,311.5,961.4,344.8,0
3,69,2240994,966.2,377.5,955.7,312.2,960.95,344.85,0
3,70,2240995,965.5,377.3,955.8,312.9,960.65,345.1,0
3,71,2240996,964.7,377.5,955.9,313.7,960.3,345.6,0
3,72,2240997,964.1,377.8,956.1,314.7,960.1,346.25,0
3,73,2240998,963.6,378.2,956.2,315.7,959.9,346.95,0
3,74,2240999,963.3,378.5,956.4,316.2,959.85,347.35,0
3,75,2241000,962.9,379.4,956.5,316.7,959.7,348.05,0
3,76,2241001,962.6,380.2,956.6,317.3,959.6,348.75,0
3,77,2241002,962.3,380.9,956.5,317.8,959.4,349.35,0
3,78,2241003,962.1,381.6,956.5,318.3,959.3,349.95,0
3,79,2241004,961.9,382.1,956.3,318.5,959.1,350.3,0
3,80,2241005,961.9,382.4,956.1,318.8,959.0,350.6,0
3,81,2241006,961.9,382.6,955.8,318.9,958.85,350.75,0
3,82,2241007,962.0,382.3,955.5,319.1,958.75,350.7,0
3,83,2241008,962.2,381.9,955.1,319.3,958.65,350.6,0
3,84,2241009,962.4,381.6,954.7,319.5,958.55,350.55,0
3,85,2241010,962.6,381.4,954.4,319.5,958.5,350.45,0
3,86,2241011,962.8,381.2,954.1,319.2,958.45,350.2,0
3,87,2241012,963.0,381.6,953.8,318.9,958.4,350.25,0
3,88,2241013,963.2,382.2,953.6,318.6,958.4,350.4,0
3,89,2241014,963.3,382.8,953.4,318.2,958.35,350.5,0
3,90,2241015,963.7,383.3,953.3,317.7,958.5,350.5,0
3,91,2241016,964.1,383.8,953.2,317.2,958.65,350.5,0
3,92,2241017,964.5,384.3,952.9,316.7,958.7,350.5,0
3,93,2241018,964.9,384.7,952.7,316.6,958.8,350.65,0
3,94,2241019,965.3,384.7,952.5,316.4,958.9,350.55,0
3,95,2241020,965.6,384.6,952.3,316.2,958.95,350.4,0
3,96,2241021,965.9,384.6,952.1,316.0,959.0,350.3,0
3,97,2241022,965.9,384.7,952.0,315.8,958.95,350.25,0
3,98,2241023,965.9,384.9,952.0,315.5,958.95,350.2,0
3,99,2241024,965.9,385.4,952.2,315.2,959.05,350.3,0
3,100,2241025,965.9,386.1,952.4,314.9,959.15,350.5,0
4,101,2241026,966.0,386.9,952.7,314.5,959.35,350.7,0
4,102,2241027,966.1,387.8,953.0,314.2,959.55,351.0,0
4,103,2241028,966.3,388.7,953.2,314.0,959.75,351.35,0
4,104,2241029,966.5,389.8,953.4,313.8,959.95,351.8,0
4,105,2241030,966.7,390.7,953.5,313.6,960.1,352.15,0
4,106,2241031,966.9,391.4,953.7,313.7,960.3,352.55,0
4,107,2241032,967.0,392.3,954.0,313.8,960.5,353.05,0
4,108,2241033,967.2,393.4,954.3,313.9,960.75,353.65,0
4,109,2241034,967.2,394.3,954.6,314.0,960.9,354.15,0
4,110,2241035,967.3,395.2,954.9,314.1,961.1,354.65,0
4,111,2241036,967.4,395.9,955.1,314.1,961.25,355.0,0
4,112,2241037,967.5,396.5,955.3,314.1,961.4,355.3,0
4,113,2241038,967.6,397.2,955.4,313.9,961.5,355.55,0
4,114,2241039,967.7,397.6,955.4,313.6,961.55,355.6,0
4,115,2241040,968.0,397.9,955.4,313.2,961.7,355.55,0
4,116,2241041,968.3,398.3,955.5,312.9,961.9,355.6,0
4,117,2241042,968.5,398.6,955.5,312.5,962.0,355.55,0
4,118,2241043,968.7,399.0,955.6,312.3,962.15,355.65,0
4,119,2241044,968.9,399.9,955.7,312.1,962.3,356.0,0
4,120,2241045,969.2,400.7,955.8,311.9,962.5,356.3,0
4,121,2241046,969.4,401.5,956.0,311.9,962.7,356.7,0
4,122,2241047,969.4,402.1,956.1,312.0,962.75,357.05,0
4,123,2241048,969.5,402.7,956.2,312.0,962.85,357.35,0
4,124,2241049,969.6,403.4,956.2,312.0,962.9,357.7,0
4,125,2241050,969.7,403.9,956.2,312.2,962.95,358.05,0
4,126,2241051,969.8,404.0,956.3,312.3,963.05,358.15,0
4,127,2241052,969.9,404.3,956.3,312.6,963.1,358.45,0
4,128,2241053,970.0,404.6,956.2,312.8,963.1,358.7,0
4,129,2241054,970.0,404.8,956.1,313.1,963.05,358.95,0
4,130,2241055,970.0,405.0,955.9,313.3,962.95,359.15,0
4,131,2241056,970.0,405.3,955.6,313.6,962.8,359.45,0
4,132,2241057,970.2,405.6,955.4,313.8,962.8,359.7,0
4,133,2241058,970.3,405.9,955.2,314.0,962.75,359.95,0
5,134,2241059,970.5,406.1,955.0,314.1,962.75,360.1,0
5,135,2241060,970.6,406.3,954.9,314.2,962.75,360.25,0
5,136,2241061,970.7,406.6,954.8,314.3,962.75,360.45,0
5,137,2241062,970.8,407.0,954.8,314.5,962.8,360.75,0
5,138,2241063,970.9,407.3,954.9,314.5,962.9,360.9,0
5,139,2241064,970.8,407.5,955.0,314.5,962.9,361.0,0
5,140,2241065,970.8,407.8,955.0,314.2,962.9,361.0,0
5,141,2241066,970.8,408.0,955.1,313.8,962.95,360.9,0
5,142,2241067,970.8,408.3,955.1,313.5,962.95,360.9,0
5,143,2241068,970.8,408.4,955.2,313.1,963.0,360.75,0
5,144,2241069,970.8,408.5,955.3,312.7,963.05,360.6,0
5,145,2241070,970.7,408.8,955.3,312.5,963.0,360.65,0
5,146,2241071,970.7,409.0,955.4,312.5,963.05,360.75,0
5,147,2241072,970.8,409.2,955.4,312.7,963.1,360.95,0
5,148,2241073,970.8,409.5,955.5,312.9,963.15,361.2,0
5,149,2241074,970.9,409.8,955.5,313.1,963.2,361.45,0
5,150,2241075,971.0,410.1,955.5,313.4,963.25,361.75,0
5,151,2241076,971.1,410.3,955.5,313.6,963.3,361.95,0
5,152,2241077,971.2,410.5,955.6,313.8,963.4,362.15,0
5,153,2241078,971.3,410.6,955.6,313.9,963.45,362.25,0
5,154,2241079,971.4,410.6,955.7,314.0,963.55,362.3,0
5,155,2241080,971.5,410.6,955.6,314.2,963.55,362.4,0
5,156,2241081,971.6,410.4,955.6,314.3,963.6,362.35,0
5,157,2241082,971.7,410.1,955.6,314.3,963.65,362.2,0
5,158,2241083,971.8,409.8,955.5,314.4,963.65,362.1,0
5,159,2241084,971.9,409.4,955.5,314.4,963.7,361.9,0
5,160,2241085,971.9,409.1,955.4,314.4,963.65,361.75,0
5,161,2241086,971.9,408.9,955.2,314.4,963.55,361.65,0
5,162,2241087,971.9,408.7,955.2,314.4,963.55,361.55,0
5,163,2241088,971.9,408.6,955.0,314.3,963.45,361.45,0
5,164,2241089,971.8,408.7,954.9,314.2,963.35,361.45,0
5,165,2241090,971.8,408.8,954.7,314.1,963.25,361.45,0
5,166,2241091,971.9,408.7,954.5,314.1,963.2,361.4,0
6,167,2241092,972.0,408.7,954.4,314.1,963.2,361.4,0
6,168,2241093,972.1,408.6,954.3,314.1,963.2,361.35,0
6,169,2241094,972.2,408.5,954.3,314.2,963.25,361.35,0
6,170,2241095,972.4,408.4,954.4,314.2,963.4,361.3,0
6,171,2241096,972.5,408.3,954.6,314.3,963.55,361.3,0
6,172,2241097,972.5,408.2,954.7,314.3,963.6,361.25,0
6,173,2241098,972.6,408.1,954.8,314.4,963.7,361.25,0
6,174,2241099,972.5,408.1,955.0,314.4,963.75,361.25,0
6,175,2241100,972.5,408.1,955.0,314.3,963.75,361.2,0
6,176,2241101,972.4,408.0,955.1,314.3,963.75,361.15,0
6,177,2241102,972.2,407.9,955.0,314.4,963.6,361.15,0
6,178,2241103,972.0,407.7,955.0,314.4,963.5,361.05,0
6,179,2241104,971.9,407.5,954.9,314.3,963.4,360.9,0
6,180,2241105,971.8,407.3,954.8,314.3,963.3,360.8,0
6,181,2241106,971.8,407.2,954.8,314.1,963.3,360.65,0
6,182,2241107,971.8,407.0,954.7,313.8,963.25,360.4,0
6,183,2241108,971.9,406.9,954.6,313.4,963.25,360.15,0
6,184,2241109,971.9,406.8,954.5,313.0,963.2,359.9,0
6,185,2241110,972.1,406.9,954.3,312.7,963.2,359.8,0
6,186,2241111,972.3,406.9,954.1,312.4,963.2,359.65,0
6,187,2241112,972.4,407.0,953.7,312.2,963.05,359.6,0
6,188,2241113,972.6,407.2,953.4,312.0,963.0,359.6,0
6,189,2241114,972.7,407.4,953.1,312.0,962.9,359.7,0
6,190,2241115,972.8,407.5,952.7,311.9,962.75,359.7,0
6,191,2241116,972.9,407.5,952.4,311.9,962.65,359.7,0
6,192,2241117,972.8,407.5,952.2,312.0,962.5,359.75,0
6,193,2241118,972.8,407.5,952.1,311.9,962.45,359.7,0
6,194,2241119,972.6,407.4,952.0,311.9,962.3,359.65,0
6,195,2241120,972.5,407.2,952.0,311.9,962.25,359.55,0
6,196,2241121,972.4,407.1,952.0,312.0,962.2,359.55,0
6,197,2241122,972.3,406.9,952.1,312.0,962.2,359.45,0
6,198,2241123,972.2,406.8,952.3,312.1,962.25,359.45,0
6,199,2241124,972.1,406.6,952.4,312.1,962.25,359.35,0
6,200,2241125,972.0,406.4,952.5,312.2,962.25,359.3,0
7,201,2241126,971.9,406.3,952.6,312.0,962.25,359.15,0
7,202,2241127,972.0,406.2,952.7,311.8,962.35,359.0,0
7,203,2241128,971.9,406.0,952.6,311.4,962.25,358.7,0
7,204,2241129,971.8,405.9,952.4,311.1,962.1,358.5,0
7,205,2241130,971.7,405.7,952.2,310.7,961.95,358.2,0
7,206,2241131,971.6,405.6,952.0,310.3,961.8,357.95,0
7,207,2241132,971.5,405.6,951.8,310.0,961.65,357.8,0
7,208,2241133,971.4,405.6,951.6,309.9,961.5,357.75,0
7,209,2241134,971.3,405.6,951.4,310.0,961.35,357.8,0
7,210,2241135,971.3,405.6,951.4,310.0,961.35,357.8,0
7,211,2241136,971.3,405.7,951.4,310.1,961.35,357.9,0
7,212,2241137,971.4,405.6,951.4,310.2,961.4,357.9,0
7,213,2241138,971.5,405.4,951.4,310.3,961.45,357.85,0
7,214,2241139,971.6,405.2,951.5,310.5,961.55,357.85,0
7,215,2241140,971.7,405.0,951.6,310.8,961.65,357.9,0
7,216,2241141,971.8,404.7,951.6,311.1,961.7,357.9,0
7,217,2241142,971.8,404.5,951.7,311.4,961.75,357.95,0
7,218,2241143,971.9,404.3,951.7,311.8,961.8,358.05,0
7,219,2241144,971.9,404.3,951.8,312.2,961.85,358.25,0
7,220,2241145,971.7,404.4,951.9,312.6,961.8,358.5,0
7,221,2241146,971.6,404.5,952.0,312.8,961.8,358.65,0
7,222,2241147,971.4,404.6,952.1,313.0,961.75,358.8,0
7,223,2241148,971.1,404.7,952.2,313.2,961.65,358.95,0
7,224,2241149,970.9,404.8,952.4,313.2,961.65,359.0,0
7,225,2241150,970.7,404.8,952.5,313.2,961.6,359.0,0
7,226,2241151,970.5,404.6,952.6,313.0,961.55,358.8,0
7,227,2241152,970.5,404.4,952.7,312.8,961.6,358.6,0
7,228,2241153,970.5,404.2,952.7,312.6,961.6,358.4,0
7,229,2241154,970.5,404.1,952.7,312.4,961.6,358.25,0
7,230,2241155,970.7,403.9,952.6,312.3,961.65,358.1,0
7,231,2241156,970.9,403.7,952.6,312.2,961.75,357.95,0
7,232,2241157,971.1,403.6,952.6,312.2,961.85,357.9,0
7,233,2241158,971.2,403.5,952.7,312.1,961.95,357.8,0
8,234,2241159,971.3,403.5,952.8,311.9,962.05,357.7,0
8,235,2241160,971.3,403.5,952.8,311.7,962.05,357.6,0
8,236,2241161,971.2,403.5,952.8,311.4,962.0,357.45,0
8,237,2241162,970.9,403.6,952.7,311.2,961.8,357.4,0
8,238,2241163,970.7,403.7,952.7,310.9,961.7,357.3,0
8,239,2241164,970.6,403.8,952.7,310.6,961.65,357.2,0
8,240,2241165,970.4,403.8,952.6,310.4,961.5,357.1,0
8,241,2241166,970.3,403.7,952.5,310.4,961.4,357.05,0
8,242,2241167,970.3,403.6,952.5,310.4,961.4,357.0,0
8,243,2241168,970.5,403.5,952.6,310.5,961.55,357.0,0
8,244,2241169,970.6,403.3,952.8,310.7,961.7,357.0,0
8,245,2241170,970.4,403.1,952.9,310.8,961.65,356.95,0
8,246,2241171,970.2,403.0,953.0,311.0,961.6,357.0,0
8,247,2241172,970.0,402.9,952.9,311.1,961.45,357.0,0
8,248,2241173,969.7,402.8,952.8,311.3,961.25,357.05,0
8,249,2241174,969.5,402.8,952.7,311.3,961.1,357.05,0
8,250,2241175,969.5,402.7,952.6,311.4,961.05,357.05,0
8,251,2241176,969.5,402.7,952.4,311.4,960.95,357.05,0
8,252,2241177,969.8,402.7,952.4,311.5,961.1,357.1,0
8,253,2241178,970.1,402.7,952.3,311.6,961.2,357.15,0
8,254,2241179,970.5,402.7,952.4,311.6,961.45,357.15,0
8,255,2241180,970.8,402.7,952.5,311.6,961.65,357.15,0
8,256,2241181,971.0,402.7,952.6,311.6,961.8,357.15,0
8,257,2241182,971.0,402.6,952.8,311.6,961.9,357.1,0
8,258,2241183,970.9,402.3,953.1,311.7,962.0,357.0,0
8,259,2241184,970.6,402.0,953.3,311.8,961.95,356.9,0
8,260,2241185,970.3,401.6,953.5,311.9,961.9,356.75,0
8,261,2241186,970.0,401.3,953.7,312.2,961.85,356.75,0
8,262,2241187,969.7,400.9,953.8,312.4,961.75,356.65,0
8,263,2241188,969.4,400.6,953.8,312.7,961.6,356.65,0
8,264,2241189,969.1,400.3,953.7,312.9,961.4,356.6,0
8,265,2241190,968.8,400.2,953.5,313.1,961.15,356.65,0
8,266,2241191,968.7,400.1,953.2,313.2,960.95,356.65,0
9,267,2241192,968.6,399.9,953.0,313.3,960.8,356.6,0
9,268,2241193,968.5,399.8,952.8,313.2,960.65,356.5,0
9,269,2241194,968.4,399.6,952.7,313.0,960.55,356.3,0
9,270,2241195,968.4,399.4,952.7,312.9,960.55,356.15,0
9,271,2241196,968.4,399.3,952.7,312.8,960.55,356.05,0
9,272,2241197,968.4,399.1,952.9,312.7,960.65,355.9,0
9,273,2241198,968.3,399.0,953.2,312.6,960.75,355.8,0
9,274,2241199,968.2,398.9,953.5,312.5,960.85,355.7,0
9,275,2241200,968.1,398.8,953.8,312.5,960.95,355.65,0
9,276,2241201,968.0,398.7,954.0,312.5,961.0,355.6,0
9,277,2241202,967.8,398.7,954.2,312.5,961.0,355.6,0
9,278,2241203,967.6,398.5,954.3,312.5,960.95,355.5,0
9,279,2241204,967.3,398.4,954.3,312.6,960.8,355.5,0
9,280,2241205,967.1,398.2,954.1,312.6,960.6,355.4,0
9,281,2241206,966.9,397.9,953.8,312.7,960.35,355.3,0
9,282,2241207,966.7,397.6,953.4,312.8,960.05,355.2,0
9,283,2241208,966.6,397.0,953.0,312.9,959.8,354.95,0
9,284,2241209,966.4,396.4,952.7,313.0,959.55,354.7,0
9,285,2241210,966.3,395.8,952.4,313.1,959.35,354.45,0
9,286,2241211,966.2,395.1,952.1,313.2,959.15,354.15,0
9,287,2241212,966.1,394.6,952.2,313.2,959.15,353.9,0
9,288,2241213,965.9,394.1,952.2,313.3,959.05,353.7,0
9,289,2241214,965.8,393.7,952.2,313.3,959.0,353.5,0
9,290,2241215,965.6,393.5,952.3,313.4,958.95,353.45,0
9,291,2241216,965.5,393.4,952.2,313.5,958.85,353.45,0
9,292,2241217,965.3,393.3,952.1,313.8,958.7,353.55,0
9,293,2241218,965.2,393.1,951.9,314.1,958.55,353.6,0
9,294,2241219,965.1,393.1,951.7,314.5,958.4,353.8,0
9,295,2241220,965.0,393.0,951.5,314.9,958.25,353.95,0
9,296,2241221,964.8,392.9,951.2,315.4,958.0,354.15,0
9,297,2241222,964.8,392.9,951.0,316.3,957.9,354.6,0
9,298,2241223,964.7,392.7,950.8,317.1,957.75,354.9,0
9,299,2241224,964.5,392.4,950.7,317.7,957.6,355.05,0
9,300,2241225,964.4,392.2,950.6,318.4,957.5,355.3,0
10,301,2241226,964.2,391.9,950.6,319.1,957.4,355.5,0
10,302,2241227,964.1,391.6,950.7,319.9,957.4,355.75,0
10,303,2241228,964.0,391.2,950.7,320.6,957.35,355.9,0
10,304,2241229,964.0,390.6,950.8,321.0,957.4,355.8,0
10,305,2241230,964.0,390.2,950.8,321.4,957.4,355.8,0
10,306,2241231,964.1,389.8,950.8,321.7,957.45,355.75,0
10,307,2241232,964.1,389.4,950.7,321.9,957.4,355.65,0
10,308,2241233,964.2,389.0,950.6,322.1,957.4,355.55,0
10,309,2241234,964.0,388.7,950.3,322.1,957.15,355.4,0
10,310,2241235,963.7,388.5,950.1,322.1,956.9,355.3,0
10,311,2241236,963.3,388.4,950.0,322.1,956.65,355.25,0
10,312,2241237,962.9,388.3,949.9,322.0,956.4,355.15,0
10,313,2241238,962.5,388.3,949.7,321.8,956.1,355.05,0
10,314,2241239,962.1,388.4,949.6,321.6,955.85,355.0,0
10,315,2241240,961.9,388.5,949.5,321.5,955.7,355.0,0
10,316,2241241,962.0,388.5,949.5,321.4,955.75,354.95,0
10,317,2241242,962.0,388.6,949.5,321.3,955.75,354.95,0
10,318,2241243,962.1,388.8,949.5,321.4,955.8,355.1,0
10,319,2241244,962.2,388.8,949.5,321.8,955.85,355.3,0
10,320,2241245,962.3,388.8,949.6,322.2,955.95,355.5,0
10,321,2241246,962.5,388.8,949.6,322.7,956.05,355.75,0
10,322,2241247,962.6,388.9,949.6,324.0,956.1,356.45,0
10,323,2241248,962.6,389.1,949.4,325.3,956.0,357.2,0
10,324,2241249,962.4,389.6,949.2,327.3,955.8,358.45,0
10,325,2241250,962.4,390.5,949.0,330.3,955.7,360.4,0
10,326,2241251,962.3,392.7,948.8,334.6,955.55,363.65,0
10,327,2241252,962.5,396.6,948.7,339.9,955.6,368.25,0
10,328,2241253,962.7,402.2,948.5,346.5,955.6,374.35,0
10,329,2241254,963.4,410.1,948.4,354.2,955.9,382.15,0
10,330,2241255,964.4,420.9,948.6,364.1,956.5,392.5,0
10,331,2241256,966.2,434.1,948.7,375.7,957.45,404.9,0
10,332,2241257,968.7,450.2,948.8,389.0,958.75,419.6,0
10,333,2241258,971.7,468.4,948.8,404.3,960.25,436.35,0
11,334,2241259,974.9,487.5,948.7,420.9,961.8,454.2,0
11,335,2241260,978.6,508.0,948.6,439.5,963.6,473.75,0
11,336,2241261,982.7,528.7,948.6,457.8,965.65,493.25,0
11,337,2241262,986.9,548.6,948.2,476.7,967.55,512.65,0
11,338,2241263,990.5,567.6,947.9,495.2,969.2,531.4,0
11,339,2241264,993.5,584.9,947.5,512.5,970.5,548.7,0
11,340,2241265,996.0,599.2,947.1,526.9,971.55,563.05,0
11,341,2241266,998.0,611.7,946.7,539.1,972.35,575.4,0
11,342,2241267,999.3,621.0,946.3,548.4,972.8,584.7,0
11,343,2241268,999.4,627.6,945.8,556.4,972.6,592.0,0
11,344,2241269,998.8,632.1,945.5,561.1,972.15,596.6,0
11,345,2241270,997.9,634.7,945.3,563.7,971.6,599.2,0
11,346,2241271,996.9,635.8,945.2,563.7,971.05,599.75,0
11,347,2241272,995.4,636.5,945.3,562.8,970.35,599.65,0
11,348,2241273,993.9,635.9,945.5,561.3,969.7,598.6,0
11,349,2241274,992.1,634.7,945.9,558.7,969.0,596.7,0
11,350,2241275,990.3,633.1,946.7,555.3,968.5,594.2,0
11,351,2241276,988.6,631.4,947.5,551.4,968.05,591.4,0
11,352,2241277,987.2,629.4,948.5,547.8,967.85,588.6,0
11,353,2241278,985.8,626.7,949.4,545.0,967.6,585.85,0
11,354,2241279,984.9,624.1,950.3,542.4,967.6,583.25,0
11,355,2241280,983.9,622.0,951.5,540.3,967.7,581.15,0
11,356,2241281,983.4,620.5,952.4,538.9,967.9,579.7,0
11,357,2241282,982.9,619.4,953.1,537.9,968.0,578.65,0
11,358,2241283,982.7,618.3,953.7,537.8,968.2,578.05,0
11,359,2241284,982.5,617.6,954.0,537.7,968.25,577.65,0
11,360,2241285,982.4,617.6,954.3,537.6,968.35,577.6,0
11,361,2241286,982.3,617.6,954.5,537.5,968.4,577.55,0
11,362,2241287,982.1,617.7,954.4,537.5,968.25,577.6,0
11,363,2241288,982.0,617.8,954.2,537.6,968.1,577.7,0
11,364,2241289,981.9,618.0,954.0,537.6,967.95,577.8,0
11,365,2241290,981.7,618.2,953.5,537.7,967.6,577.95,0
11,366,2241291,981.5,618.4,952.9,537.7,967.2,578.05,0
12,367,2241292,981.3,618.5,952.4,537.8,966.85,578.15,0
12,368,2241293,981.1,618.6,951.8,537.8,966.45,578.2,0
12,369,2241294,980.9,618.6,951.2,537.9,966.05,578.25,0
12,370,2241295,980.8,618.6,950.5,537.9,965.65,578.25,0
12,371,2241296,980.6,618.6,949.8,537.9,965.2,578.25,0
12,372,2241297,980.5,618.6,949.5,537.9,965.0,578.25,0
12,373,2241298,980.4,618.7,949.1,538.0,964.75,578.35,0
12,374,2241299,980.3,618.8,948.7,538.1,964.5,578.45,0
12,375,2241300,980.3,618.8,948.5,538.5,964.4,578.65,0
12,376,2241301,980.2,618.9,948.3,538.9,964.25,578.9,0
12,377,2241302,980.2,618.8,948.3,539.4,964.25,579.1,0
12,378,2241303,980.1,618.8,948.4,539.9,964.25,579.35,0
12,379,2241304,980.0,618.7,948.4,540.5,964.2,579.6,0
12,380,2241305,979.9,618.6,948.4,541.0,964.15,579.8,0
12,381,2241306,979.8,618.3,948.3,541.4,964.05,579.85,0
12,382,2241307,979.7,618.2,948.2,541.6,963.95,579.9,0
12,383,2241308,979.5,618.0,948.1,541.7,963.8,579.85,0
12,384,2241309,979.4,617.9,947.5,541.7,963.45,579.8,0
12,385,2241310,979.2,617.8,947.1,541.7,963.15,579.75,0
12,386,2241311,979.0,617.8,946.6,541.7,962.8,579.75,0
12,387,2241312,978.7,618.0,946.2,541.7,962.45,579.85,0
12,388,2241313,978.5,618.2,945.8,541.8,962.15,580.0,0
12,389,2241314,978.3,618.4,945.5,541.9,961.9,580.15,0
12,390,2241315,978.1,618.7,945.1,542.0,961.6,580.35,0
12,391,2241316,978.0,619.0,945.1,542.3,961.55,580.65,0
12,392,2241317,977.8,619.2,945.0,542.6,961.4,580.9,0
12,393,2241318,977.4,619.5,945.0,543.0,961.2,581.25,0
12,394,2241319,976.9,619.7,945.0,543.4,960.95,581.55,0
12,395,2241320,976.5,619.9,945.0,543.7,960.75,581.8,0
12,396,2241321,976.0,620.1,944.9,544.0,960.45,582.05,0
12,397,2241322,975.5,620.5,944.9,544.2,960.2,582.35,0
12,398,2241323,974.8,620.8,944.9,544.3,959.85,582.55,0
12,399,2241324,974.2,621.1,944.8,544.3,959.5,582.7,0
12,400,2241325,974.1,621.3,944.7,544.2,959.4,582.75,0
13,401,2241326,974.0,621.4,944.6,544.3,959.3,582.85,0
13,402,2241327,973.9,621.6,944.5,544.4,959.2,583.0,0
13,403,2241328,973.9,621.7,944.4,544.7,959.15,583.2,0
13,404,2241329,974.0,621.6,944.3,544.9,959.15,583.25,0
13,405,2241330,974.0,621.5,944.2,545.2,959.1,583.35,0
13,406,2241331,974.1,621.7,943.7,545.4,958.9,583.55,0
13,407,2241332,974.2,622.0,943.1,545.7,958.65,583.85,0
13,408,2241333,974.2,622.2,942.6,545.9,958.4,584.05,0
13,409,2241334,974.2,622.5,942.1,546.2,958.15,584.35,0
13,410,2241335,974.2,622.8,941.7,546.4,957.95,584.6,0
13,411,2241336,974.2,623.0,941.3,546.6,957.75,584.8,0
13,412,2241337,974.2,623.3,940.9,546.9,957.55,585.1,0
13,413,2241338,974.2,623.3,940.9,547.2,957.55,585.25,0
13,414,2241339,974.3,623.3,940.9,547.5,957.6,585.4,0
13,415,2241340,974.3,623.3,940.9,547.7,957.6,585.5,0
13,416,2241341,974.4,623.2,940.9,547.7,957.65,585.45,0
13,417,2241342,974.5,623.2,940.8,547.8,957.65,585.5,0
13,418,2241343,974.5,623.2,940.7,548.1,957.6,585.65,0
13,419,2241344,974.5,623.4,940.5,548.3,957.5,585.85,0
13,420,2241345,974.2,623.7,940.2,548.8,957.2,586.25,0
13,421,2241346,973.9,624.0,939.7,549.3,956.8,586.65,0
13,422,2241347,973.6,624.2,939.4,549.7,956.5,586.95,0
13,423,2241348,973.2,624.6,939.0,550.1,956.1,587.35,0
13,424,2241349,972.8,624.9,938.6,550.5,955.7,587.7,0
13,425,2241350,972.4,625.1,938.2,550.6,955.3,587.85,0
13,426,2241351,972.1,625.2,937.9,550.8,955.0,588.0,0
13,427,2241352,972.0,625.2,937.8,550.3,954.9,587.75,0
13,428,2241353,971.9,625.2,937.7,550.0,954.8,587.6,0
13,429,2241354,971.8,625.2,937.7,549.6,954.75,587.4,0
13,430,2241355,971.7,625.2,937.7,549.3,954.7,587.25,0
13,431,2241356,971.7,625.4,937.7,549.1,954.7,587.25,0
13,432,2241357,971.6,625.5,937.7,548.9,954.65,587.2,0
13,433,2241358,971.5,625.6,937.7,548.6,954.6,587.1,0
14,434,2241359,971.1,625.8,937.7,548.8,954.4,587.3,0
14,435,2241360,970.7,625.9,937.7,548.8,954.2,587.35,0
14,436,2241361,970.4,626.0,937.6,548.8,954.0,587.4,0
14,437,2241362,970.0,626.1,937.6,548.7,953.8,587.4,0
14,438,2241363,969.7,626.1,937.6,548.6,953.65,587.35,0
14,439,2241364,969.4,626.1,937.5,548.3,953.45,587.2,0
14,440,2241365,969.1,626.0,937.4,548.1,953.25,587.05,0
14,441,2241366,969.1,625.9,937.3,547.8,953.2,586.85,0
14,442,2241367,969.1,625.5,937.3,547.5,953.2,586.5,0
14,443,2241368,969.0,625.2,937.3,547.2,953.15,586.2,0
14,444,2241369,969.0,624.9,937.3,546.9,953.15,585.9,0
14,445,2241370,968.9,624.6,937.3,546.7,953.1,585.65,0
14,446,2241371,968.8,624.3,937.4,546.5,953.1,585.4,0
14,447,2241372,968.8,624.0,937.4,546.4,953.1,585.2,0
14,448,2241373,968.8,623.7,937.4,546.2,953.1,584.95,0
14,449,2241374,968.7,623.7,937.4,546.1,953.05,584.9,0
14,450,2241375,968.7,623.6,937.4,545.9,953.05,584.75,0
14,451,2241376,968.8,623.3,937.4,545.8,953.1,584.55,0
14,452,2241377,968.8,622.9,937.3,545.6,953.05,584.25,0
14,453,2241378,968.8,622.6,937.2,545.3,953.0,583.95,0
14,454,2241379,968.8,622.2,937.1,545.0,952.95,583.6,0
14,455,2241380,968.7,621.9,937.0,544.7,952.85,583.3,0
14,456,2241381,968.6,621.6,936.9,544.5,952.75,583.05,0
14,457,2241382,968.4,621.3,936.8,544.4,952.6,582.85,0
14,458,2241383,968.1,621.0,936.7,544.5,952.4,582.75,0
14,459,2241384,967.9,620.8,936.6,544.6,952.25,582.7,0
14,460,2241385,967.7,620.5,936.4,544.9,952.05,582.7,0
14,461,2241386,967.4,620.1,936.2,545.2,951.8,582.65,0
14,462,2241387,967.2,619.8,936.0,545.7,951.6,582.75,0
14,463,2241388,967.1,619.4,935.9,546.1,951.5,582.75,0
14,464,2241389,967.0,619.0,935.7,546.5,951.35,582.75,0
14,465,2241390,966.9,618.7,935.5,546.7,951.2,582.7,0
14,466,2241391,966.8,618.5,935.4,546.8,951.1,582.65,0
15,467,2241392,966.7,618.3,935.2,546.8,950.95,582.55,0
15,468,2241393,966.6,618.1,935.1,546.9,950.85,582.5,0
15,469,2241394,966.4,618.0,935.1,546.8,950.75,582.4,0
15,470,2241395,966.3,617.9,935.0,546.7,950.65,582.3,0
15,471,2241396,966.1,617.8,934.9,546.6,950.5,582.2,0
15,472,2241397,966.0,617.8,935.0,546.5,950.5,582.15,0
15,473,2241398,965.8,617.7,935.0,546.2,950.4,581.95,0
15,474,2241399,965.6,617.7,935.1,546.1,950.35,581.9,0
15,475,2241400,965.1,617.3,935.2,546.0,950.15,581.65,0
15,476,2241401,964.4,616.9,935.2,545.9,949.8,581.4,0
15,477,2241402,963.7,616.5,935.2,545.9,949.45,581.2,0
15,478,2241403,963.0,616.1,935.1,545.8,949.05,580.95,0
15,479,2241404,962.4,615.8,934.9,545.9,948.65,580.85,0
15,480,2241405,961.7,615.5,934.6,546.0,948.15,580.75,0
15,481,2241406,961.1,615.1,934.3,546.0,947.7,580.55,0
15,482,2241407,960.9,615.1,933.9,546.0,947.4,580.55,0
15,483,2241408,961.0,615.0,933.7,546.0,947.35,580.5,0
15,484,2241409,961.1,614.9,933.6,545.9,947.35,580.4,0
15,485,2241410,961.2,614.9,933.6,545.8,947.4,580.35,0
15,486,2241411,961.3,614.8,933.6,545.7,947.45,580.25,0
15,487,2241412,961.4,614.7,933.7,545.7,947.55,580.2,0
15,488,2241413,961.5,614.7,933.8,545.7,947.65,580.2,0
15,489,2241414,961.5,614.6,933.9,545.8,947.7,580.2,0
15,490,2241415,961.3,614.4,933.9,545.8,947.6,580.1,0
15,491,2241416,960.9,614.3,934.0,546.0,947.45,580.15,0
15,492,2241417,960.5,613.9,934.0,546.1,947.25,580.0,0
15,493,2241418,960.1,613.6,934.0,546.2,947.05,579.9,0
15,494,2241419,959.7,613.2,934.0,546.1,946.85,579.65,0
15,495,2241420,959.3,612.7,934.0,545.7,946.65,579.2,0
15,496,2241421,959.1,612.2,934.1,545.3,946.6,578.75,0
15,497,2241422,959.0,611.7,934.2,544.9,946.6,578.3,0
15,498,2241423,959.1,611.3,934.4,544.5,946.75,577.9,0
15,499,2241424,959.1,611.0,934.7,544.1,946.9,577.55,0
15,500,2241425,959.2,610.7,934.9,543.7,947.05,577.2,0
16,501,2241426,959.2,610.4,935.4,543.3,947.3,576.85,0
16,502,2241427,959.2,610.2,935.8,543.2,947.5,576.7,0
16,503,2241428,959.1,609.9,936.1,543.0,947.6,576.45,0
16,504,2241429,959.0,609.5,936.5,542.5,947.75,576.0,0
16,505,2241430,958.9,609.1,936.7,542.0,947.8,575.55,0
16,506,2241431,958.8,608.7,936.9,541.6,947.85,575.15,0
16,507,2241432,958.7,608.3,937.2,541.1,947.95,574.7,0
16,508,2241433,958.6,608.0,937.2,540.8,947.9,574.4,0
16,509,2241434,958.5,607.7,937.3,540.4,947.9,574.05,0
16,510,2241435,958.3,607.4,937.4,540.1,947.85,573.75,0
16,511,2241436,958.1,607.2,937.5,540.1,947.8,573.65,0
16,512,2241437,958.0,607.0,937.6,540.1,947.8,573.55,0
16,513,2241438,957.8,606.9,937.8,540.1,947.8,573.5,0
16,514,2241439,957.6,606.8,937.9,540.0,947.75,573.4,0
16,515,2241440,957.5,606.7,938.1,539.5,947.8,573.1,0
16,516,2241441,957.3,606.6,938.2,539.0,947.75,572.8,0
16,517,2241442,957.3,606.6,938.3,538.6,947.8,572.6,0
16,518,2241443,957.3,606.6,938.7,538.2,948.0,572.4,0
16,519,2241444,957.3,606.6,939.1,537.8,948.2,572.2,0
16,520,2241445,957.3,606.5,939.4,537.5,948.35,572.0,0
16,521,2241446,957.4,606.3,939.8,537.5,948.6,571.9,0
16,522,2241447,957.4,606.1,940.4,537.6,948.9,571.85,0
16,523,2241448,957.4,605.9,941.0,537.8,949.2,571.85,0
16,524,2241449,957.4,605.6,941.6,537.7,949.5,571.65,0
16,525,2241450,957.4,605.4,941.9,537.5,949.65,571.45,0
16,526,2241451,957.3,605.3,942.1,537.2,949.7,571.25,0
16,527,2241452,957.3,605.2,942.3,536.7,949.8,570.95,0
16,528,2241453,957.3,605.2,942.5,536.2,949.9,570.7,0
16,529,2241454,957.2,605.1,942.4,535.7,949.8,570.4,0
16,530,2241455,957.2,605.1,942.3,535.2,949.75,570.15,0
16,531,2241456,957.1,605.0,942.2,535.0,949.65,570.0,0
16,532,2241457,957.1,604.9,942.2,534.7,949.65,569.8,0
16,533,2241458,957.0,604.8,942.2,534.3,949.6,569.55,0
17,534,2241459,957.0,604.8,942.2,534.0,949.6,569.4,0
17,535,2241460,957.0,604.8,942.3,533.8,949.65,569.3,0
17,536,2241461,956.9,604.9,942.3,533.6,949.6,569.25,0
17,537,2241462,956.8,605.1,942.4,533.3,949.6,569.2,0
17,538,2241463,956.5,605.2,942.4,533.1,949.45,569.15,0
17,539,2241464,956.2,605.4,942.2,532.9,949.2,569.15,0
17,540,2241465,956.0,605.5,942.0,533.0,949.0,569.25,0
17,541,2241466,955.7,605.7,941.9,533.0,948.8,569.35,0
17,542,2241467,955.5,605.8,941.6,533.2,948.55,569.5,0
17,543,2241468,955.4,605.9,941.3,533.3,948.35,569.6,0
17,544,2241469,955.5,606.0,941.0,533.3,948.25,569.65,0
17,545,2241470,955.6,606.1,940.7,533.1,948.15,569.6,0
17,546,2241471,955.7,606.2,940.6,532.9,948.15,569.55,0
17,547,2241472,955.6,606.3,940.5,532.7,948.05,569.5,0
17,548,2241473,955.5,606.3,940.4,532.5,947.95,569.4,0
17,549,2241474,955.4,606.3,940.3,532.2,947.85,569.25,0
17,550,2241475,955.1,606.3,940.2,532.0,947.65,569.15,0
17,551,2241476,954.7,606.7,940.1,531.8,947.4,569.25,0
17,552,2241477,954.3,607.1,940.0,531.8,947.15,569.45,0
17,553,2241478,954.0,607.4,939.8,531.8,946.9,569.6,0
17,554,2241479,953.9,607.9,939.7,531.6,946.8,569.75,0
17,555,2241480,953.7,608.4,939.6,531.4,946.65,569.9,0
17,556,2241481,953.6,608.9,939.5,531.2,946.55,570.05,0
17,557,2241482,953.5,609.4,939.6,530.9,946.55,570.15,0
17,558,2241483,953.5,609.6,939.6,530.7,946.55,570.15,0
17,559,2241484,953.5,609.7,939.7,530.5,946.6,570.1,0
17,560,2241485,953.5,609.9,939.8,530.4,946.65,570.15,0
17,561,2241486,953.5,610.0,939.9,530.5,946.7,570.25,0
17,562,2241487,953.5,610.2,939.9,530.6,946.7,570.4,0
17,563,2241488,953.6,610.5,940.0,530.6,946.8,570.55,0
17,564,2241489,953.5,610.7,939.9,530.7,946.7,570.7,0
17,565,2241490,953.6,611.1,939.9,530.7,946.75,570.9,0
17,566,2241491,953.6,611.5,940.0,530.8,946.8,571.15,0
18,567,2241492,953.6,612.0,940.2,530.8,946.9,571.4,0
18,568,2241493,953.7,612.3,940.5,530.8,947.1,571.55,0
18,569,2241494,953.7,612.4,940.9,530.8,947.3,571.6,0
18,570,2241495,953.7,612.6,941.2,530.9,947.45,571.75,0
18,571,2241496,953.6,612.7,941.5,531.0,947.55,571.85,0
18,572,2241497,953.3,612.6,941.8,531.1,947.55,571.85,0
18,573,2241498,953.1,612.5,942.1,531.2,947.6,571.85,0
18,574,2241499,952.8,612.3,942.2,531.2,947.5,571.75,0
18,575,2241500,952.5,612.3,942.4,531.1,947.45,571.7,0
18,576,2241501,952.1,612.3,942.4,531.1,947.25,571.7,0
18,577,2241502,951.9,612.3,942.5,531.1,947.2,571.7,0
18,578,2241503,951.7,612.4,942.6,531.0,947.15,571.7,0
18,579,2241504,951.7,612.4,942.6,531.0,947.15,571.7,0
18,580,2241505,951.7,612.5,942.7,530.9,947.2,571.7,0
18,581,2241506,951.7,612.5,942.7,530.8,947.2,571.65,0
18,582,2241507,951.8,612.5,942.7,530.7,947.25,571.6,0
18,583,2241508,951.9,612.5,942.7,530.5,947.3,571.5,0
18,584,2241509,952.1,612.5,942.7,530.4,947.4,571.45,0
18,585,2241510,952.2,612.5,942.7,530.4,947.45,571.45,0
18,586,2241511,952.3,612.5,942.7,530.3,947.5,571.4,0
18,587,2241512,952.4,612.5,942.7,530.4,947.55,571.45,0
18,588,2241513,952.4,612.5,942.6,530.6,947.5,571.55,0
18,589,2241514,952.4,612.5,942.6,530.8,947.5,571.65,0
18,590,2241515,952.4,612.4,942.5,530.9,947.45,571.65,0
18,591,2241516,952.3,612.4,942.4,530.9,947.35,571.65,0
18,592,2241517,952.3,612.6,942.2,530.9,947.25,571.75,0
18,593,2241518,952.2,612.6,942.0,530.8,947.1,571.7,0
18,594,2241519,952.2,612.7,941.9,530.4,947.05,571.55,0
18,595,2241520,952.2,612.8,941.8,529.9,947.0,571.35,0
18,596,2241521,952.1,612.8,941.6,529.4,946.85,571.1,0
18,597,2241522,952.1,612.8,941.5,529.0,946.8,570.9,0
18,598,2241523,952.0,612.7,941.2,528.6,946.6,570.65,0
18,599,2241524,952.0,612.4,941.0,528.3,946.5,570.35,0
18,600,2241525,952.0,612.1,940.8,528.1,946.4,570.1,0
19,601,2241526,952.0,611.9,940.6,528.1,946.3,570.0,0
19,602,2241527,952.0,611.7,940.4,528.3,946.2,570.0,0
19,603,2241528,952.1,611.5,940.3,528.4,946.2,569.95,0
19,604,2241529,952.2,611.3,940.3,528.5,946.25,569.9,0
19,605,2241530,952.2,611.2,940.4,528.6,946.3,569.9,0
19,606,2241531,952.3,611.1,940.5,528.6,946.4,569.85,0
19,607,2241532,952.3,611.2,940.5,528.5,946.4,569.85,0
19,608,2241533,952.3,611.3,940.5,528.5,946.4,569.9,0
19,609,2241534,952.3,611.4,940.4,528.6,946.35,570.0,0
19,610,2241535,952.3,611.5,940.2,528.8,946.25,570.15,0
19,611,2241536,952.2,611.6,940.0,529.0,946.1,570.3,0
19,612,2241537,952.1,611.7,940.0,529.2,946.05,570.45,0
19,613,2241538,952.1,611.8,939.9,529.4,946.0,570.6,0
19,614,2241539,952.1,611.9,939.9,529.6,946.0,570.75,0
19,615,2241540,952.1,612.0,940.0,529.7,946.05,570.85,0
19,616,2241541,952.1,612.3,940.0,529.8,946.05,571.05,0
19,617,2241542,951.9,612.5,940.0,529.8,945.95,571.15,0
19,618,2241543,951.8,612.7,939.8,529.8,945.8,571.25,0
19,619,2241544,951.7,612.9,939.5,529.8,945.6,571.35,0
19,620,2241545,951.6,613.1,939.1,529.8,945.35,571.45,0
19,621,2241546,951.3,613.3,938.5,529.9,944.9,571.6,0
19,622,2241547,951.0,613.5,938.0,530.2,944.5,571.85,0
19,623,2241548,950.7,613.5,937.6,530.4,944.15,571.95,0
19,624,2241549,950.5,613.6,937.1,530.5,943.8,572.05,0
19,625,2241550,950.4,613.7,936.9,530.6,943.65,572.15,0
19,626,2241551,950.2,613.8,936.7,530.5,943.45,572.15,0
19,627,2241552,950.1,613.9,936.7,530.5,943.4,572.2,0
19,628,2241553,950.1,613.9,936.8,530.4,943.45,572.15,0
19,629,2241554,950.1,613.9,936.9,530.1,943.5,572.0,0
19,630,2241555,950.0,613.8,937.0,529.9,943.5,571.85,0
19,631,2241556,949.8,613.7,937.2,529.8,943.5,571.75,0
19,632,2241557,949.5,613.6,937.3,529.7,943.4,571.65,0
19,633,2241558,949.2,613.5,937.3,529.8,943.25,571.65,0
20,634,2241559,948.9,613.5,937.3,530.0,943.1,571.75,0
20,635,2241560,948.5,613.5,937.2,530.2,942.85,571.85,0
20,636,2241561,948.2,613.5,937.2,530.3,942.7,571.9,0
20,637,2241562,948.0,613.4,937.1,530.2,942.55,571.8,0
20,638,2241563,947.9,613.4,937.1,530.1,942.5,571.75,0
20,639,2241564,947.8,613.3,937.1,530.0,942.45,571.65,0
20,640,2241565,947.8,613.2,937.2,529.9,942.5,571.55,0
20,641,2241566,947.8,613.1,937.2,529.5,942.5,571.3,0
20,642,2241567,947.9,613.2,937.3,529.2,942.6,571.2,0
20,643,2241568,948.0,613.3,937.2,529.1,942.6,571.2,0
20,644,2241569,948.1,613.4,937.1,529.1,942.6,571.25,0
20,645,2241570,948.2,613.4,936.9,529.1,942.55,571.25,0
20,646,2241571,948.4,613.5,936.6,529.1,942.5,571.3,0
20,647,2241572,948.4,613.4,936.3,529.0,942.35,571.2,0
20,648,2241573,948.5,613.2,936.1,529.0,942.3,571.1,0
20,649,2241574,948.4,612.8,936.1,529.0,942.25,570.9,0
20,650,2241575,948.3,612.4,936.3,529.0,942.3,570.7,0
20,651,2241576,948.2,612.0,936.4,529.0,942.3,570.5,0
20,652,2241577,948.2,611.8,936.6,529.0,942.4,570.4,0
20,653,2241578,948.4,611.6,936.9,529.0,942.65,570.3,0
20,654,2241579,948.6,611.4,937.1,529.0,942.85,570.2,0
20,655,2241580,948.8,611.4,937.2,528.9,943.0,570.15,0
20,656,2241581,948.7,611.4,936.9,528.9,942.8,570.15,0
20,657,2241582,948.7,611.5,936.7,528.8,942.7,570.15,0
20,658,2241583,948.4,611.6,936.4,528.7,942.4,570.15,0
20,659,2241584,948.1,611.7,936.0,528.6,942.05,570.15,0
20,660,2241585,947.6,612.0,935.6,528.6,941.6,570.3,0
20,661,2241586,947.2,612.4,935.2,528.6,941.2,570.5,0
20,662,2241587,946.8,612.7,934.9,528.7,940.85,570.7,0
20,663,2241588,946.8,613.0,934.8,528.9,940.8,570.95,0
20,664,2241589,946.7,613.2,934.6,529.0,940.65,571.1,0
20,665,2241590,946.8,613.4,934.4,529.1,940.6,571.25,0
20,666,2241591,947.0,613.5,934.4,529.2,940.7,571.35,0
21,667,2241592,947.1,613.4,934.4,529.2,940.75,571.3,0
21,668,2241593,947.4,613.4,934.4,529.3,940.9,571.35,0
21,669,2241594,947.6,613.3,934.4,529.3,941.0,571.3,0
21,670,2241595,947.7,613.3,934.4,529.2,941.05,571.25,0
21,671,2241596,947.8,613.3,934.5,529.2,941.15,571.25,0
21,672,2241597,947.8,613.4,934.5,529.2,941.15,571.3,0
21,673,2241598,947.8,613.5,934.5,529.2,941.15,571.35,0
21,674,2241599,947.8,613.7,934.6,529.2,941.2,571.45,0
21,675,2241600,947.7,613.9,934.6,529.2,941.15,571.55,0
21,676,2241601,947.7,614.1,934.6,529.3,941.15,571.7,0
21,677,2241602,947.6,614.4,934.6,529.3,941.1,571.85,0
21,678,2241603,947.6,614.7,934.6,529.3,941.1,572.0,0
21,679,2241604,947.6,614.9,934.5,529.2,941.05,572.05,0
21,680,2241605,947.7,615.2,934.5,529.1,941.1,572.15,0
21,681,2241606,947.8,615.4,934.5,528.9,941.15,572.15,0
21,682,2241607,947.8,615.6,934.4,528.7,941.1,572.15,0
21,683,2241608,947.8,615.8,934.4,528.6,941.1,572.2,0
21,684,2241609,947.7,616.0,934.4,528.5,941.05,572.25,0
21,685,2241610,947.6,616.1,934.3,528.6,940.95,572.35,0
21,686,2241611,947.4,616.3,934.3,528.7,940.85,572.5,0
21,687,2241612,947.2,616.5,934.3,528.9,940.75,572.7,0
21,688,2241613,947.0,616.7,934.3,529.1,940.65,572.9,0
21,689,2241614,946.8,616.9,934.3,529.4,940.55,573.15,0
21,690,2241615,946.7,617.0,934.3,529.5,940.5,573.25,0
21,691,2241616,946.6,617.1,934.3,529.5,940.45,573.3,0
21,692,2241617,946.5,617.3,934.3,529.2,940.4,573.25,0
21,693,2241618,946.3,617.3,934.4,529.0,940.35,573.15,0
21,694,2241619,946.2,617.2,934.4,528.8,940.3,573.0,0
21,695,2241620,946.0,616.9,934.4,528.5,940.2,572.7,0
21,696,2241621,945.9,616.6,934.2,528.3,940.05,572.45,0
21,697,2241622,945.8,616.3,934.0,528.1,939.9,572.2,0
21,698,2241623,945.7,616.0,933.8,528.1,939.75,572.05,0
21,699,2241624,945.7,615.7,933.6,528.0,939.65,571.85,0
21,700,2241625,945.7,615.4,933.4,528.0,939.55,571.7,0
22,701,2241626,945.7,615.3,933.0,527.9,939.35,571.6,0
22,702,2241627,945.6,615.6,932.7,527.7,939.15,571.65,0
22,703,2241628,945.6,615.9,932.5,527.6,939.05,571.75,0
22,704,2241629,945.6,616.2,932.4,527.6,939.0,571.9,0
22,705,2241630,945.5,616.5,932.4,527.5,938.95,572.0,0
22,706,2241631,945.4,617.0,932.3,527.5,938.85,572.25,0
22,707,2241632,945.3,617.4,932.2,527.5,938.75,572.45,0
22,708,2241633,945.3,617.7,932.1,527.6,938.7,572.65,0
22,709,2241634,945.2,617.8,932.0,527.7,938.6,572.75,0
22,710,2241635,945.1,617.9,931.9,527.7,938.5,572.8,0
22,711,2241636,945.1,618.1,931.6,527.8,938.35,572.95,0
22,712,2241637,945.0,618.2,931.3,527.8,938.15,573.0,0
22,713,2241638,945.1,618.2,931.0,527.8,938.05,573.0,0
22,714,2241639,945.1,618.2,930.5,527.9,937.8,573.05,0
22,715,2241640,945.2,618.1,930.2,528.1,937.7,573.1,0
22,716,2241641,945.2,617.9,929.9,528.3,937.55,573.1,0
22,717,2241642,945.3,617.8,929.6,528.6,937.45,573.2,0
22,718,2241643,945.3,617.4,929.4,528.9,937.35,573.15,0
22,719,2241644,945.2,616.8,929.2,529.1,937.2,572.95,0
22,720,2241645,945.1,616.3,929.1,529.4,937.1,572.85,0
22,721,2241646,944.9,615.8,929.2,529.6,937.05,572.7,0
22,722,2241647,944.8,615.4,929.2,529.8,937.0,572.6,0
22,723,2241648,944.6,615.1,929.1,530.0,936.85,572.55,0
22,724,2241649,944.5,614.8,929.0,530.2,936.75,572.5,0
22,725,2241650,944.4,614.8,928.9,530.5,936.65,572.65,0
22,726,2241651,944.4,614.8,928.7,530.9,936.55,572.85,0
22,727,2241652,944.4,614.9,928.5,531.5,936.45,573.2,0
22,728,2241653,944.4,615.0,928.3,532.1,936.35,573.55,0
22,729,2241654,944.4,615.0,928.1,532.7,936.25,573.85,0
22,730,2241655,944.4,615.0,927.9,533.1,936.15,574.05,0
22,731,2241656,944.4,615.0,927.7,533.5,936.05,574.25,0
22,732,2241657,944.5,615.0,927.6,533.9,936.05,574.45,0
22,733,2241658,944.5,615.1,927.5,534.1,936.0,574.6,0
23,734,2241659,944.6,615.2,927.4,534.0,936.0,574.6,0
23,735,2241660,944.6,615.3,927.3,533.9,935.95,574.6,0
23,736,2241661,944.8,615.4,927.2,533.8,936.0,574.6,0
23,737,2241662,945.0,615.6,927.2,533.6,936.1,574.6,0
23,738,2241663,945.2,615.8,927.2,533.4,936.2,574.6,0
23,739,2241664,945.4,615.9,927.1,533.2,936.25,574.55,0
23,740,2241665,945.6,616.0,927.0,533.0,936.3,574.5,0
23,741,2241666,945.7,616.0,926.9,532.8,936.3,574.4,0
23,742,2241667,945.7,616.1,926.7,532.8,936.2,574.45,0
23,743,2241668,945.6,616.2,926.5,532.8,936.05,574.5,0
23,744,2241669,945.3,616.2,926.3,532.8,935.8,574.5,0
23,745,2241670,945.1,616.2,926.1,532.7,935.6,574.45,0
23,746,2241671,944.9,616.2,925.9,532.6,935.4,574.4,0
23,747,2241672,944.6,616.3,925.7,532.5,935.15,574.4,0
23,748,2241673,944.4,616.4,925.5,532.4,934.95,574.4,0
23,749,2241674,944.3,616.5,925.4,532.2,934.85,574.35,0
23,750,2241675,944.2,616.6,925.3,532.3,934.75,574.45,0
23,751,2241676,944.2,616.7,925.3,532.4,934.75,574.55,0
23,752,2241677,944.2,616.8,925.3,532.9,934.75,574.85,0
23,753,2241678,944.2,616.9,925.3,533.4,934.75,575.15,0
23,754,2241679,944.2,617.0,925.4,533.9,934.8,575.45,0
23,755,2241680,944.3,617.1,925.6,534.4,934.95,575.75,0
23,756,2241681,944.4,617.2,925.7,534.8,935.05,576.0,0
23,757,2241682,944.5,617.3,925.8,535.0,935.15,576.15,0
23,758,2241683,944.5,617.3,925.9,535.2,935.2,576.25,0
23,759,2241684,944.6,617.3,925.9,535.0,935.25,576.15,0
23,760,2241685,944.7,617.3,925.8,534.8,935.25,576.05,0
23,761,2241686,944.8,617.1,925.6,534.8,935.2,575.95,0
23,762,2241687,944.9,617.0,925.5,534.9,935.2,575.95,0
23,763,2241688,944.9,617.3,925.4,535.1,935.15,576.2,0
23,764,2241689,945.0,617.6,925.2,535.3,935.1,576.45,0
23,765,2241690,945.0,617.9,925.1,535.5,935.05,576.7,0
23,766,2241691,945.0,618.1,925.0,536.0,935.0,577.05,0
24,767,2241692,945.0,618.5,925.0,536.7,935.0,577.6,0
24,768,2241693,945.0,618.9,925.0,537.4,935.0,578.15,0
24,769,2241694,945.0,619.2,925.0,537.9,935.0,578.55,0
24,770,2241695,945.0,619.2,925.0,538.3,935.0,578.75,0
24,771,2241696,945.0,619.2,925.0,538.7,935.0,578.95,0
24,772,2241697,944.9,619.2,925.1,539.1,935.0,579.15,0
24,773,2241698,944.8,619.2,925.0,539.4,934.9,579.3,0
24,774,2241699,944.7,619.2,925.1,539.4,934.9,579.3,0
24,775,2241700,944.5,619.3,925.1,539.4,934.8,579.35,0
24,776,2241701,944.4,619.4,925.0,539.4,934.7,579.4,0
24,777,2241702,944.3,619.4,925.0,539.5,934.65,579.45,0
24,778,2241703,944.2,619.4,925.0,539.6,934.6,579.5,0
24,779,2241704,944.2,619.4,924.9,539.6,934.55,579.5,0
24,780,2241705,944.3,619.4,924.9,539.7,934.6,579.55,0
24,781,2241706,944.4,619.5,924.9,539.8,934.65,579.65,0
24,782,2241707,944.5,619.8,924.9,540.0,934.7,579.9,0
24,783,2241708,944.8,620.0,924.8,540.2,934.8,580.1,0
24,784,2241709,945.0,620.3,924.8,540.4,934.9,580.35,0
24,785,2241710,945.2,620.6,924.8,540.6,935.0,580.6,0
24,786,2241711,945.4,620.9,924.8,540.7,935.1,580.8,0
24,787,2241712,945.5,621.2,924.8,540.8,935.15,581.0,0
24,788,2241713,945.7,621.3,924.7,541.0,935.2,581.15,0
24,789,2241714,945.8,621.2,924.7,541.0,935.25,581.1,0
24,790,2241715,945.8,620.9,924.6,541.0,935.2,580.95,0
24,791,2241716,945.8,620.7,924.6,541.1,935.2,580.9,0
24,792,2241717,945.8,620.4,924.6,541.2,935.2,580.8,0
24,793,2241718,945.7,620.0,924.6,541.2,935.15,580.6,0
24,794,2241719,945.7,619.7,924.7,541.3,935.2,580.5,0
24,795,2241720,945.7,619.4,925.0,541.8,935.35,580.6,0
24,796,2241721,945.8,619.1,925.2,542.3,935.5,580.7,0
24,797,2241722,946.0,619.0,925.5,542.8,935.75,580.9,0
24,798,2241723,946.3,618.9,925.8,543.3,936.05,581.1,0
24,799,2241724,946.5,618.8,926.0,543.8,936.25,581.3,0
24,800,2241725,946.8,619.0,926.3,544.3,936.55,581.65,0
25,801,2241726,947.0,619.2,926.5,544.9,936.75,582.05,0
25,802,2241727,947.1,619.3,926.4,545.0,936.75,582.15,0
25,803,2241728,947.2,619.5,926.4,545.1,936.8,582.3,0
25,804,2241729,947.0,619.8,926.5,545.3,936.75,582.55,0
25,805,2241730,946.9,620.0,926.5,545.4,936.7,582.7,0
25,806,2241731,946.8,620.2,926.5,545.5,936.65,582.85,0
25,807,2241732,946.9,620.3,926.5,545.6,936.7,582.95,0
25,808,2241733,947.0,620.4,926.5,545.6,936.75,583.0,0
25,809,2241734,947.2,620.5,926.7,545.7,936.95,583.1,0
25,810,2241735,947.4,620.5,926.8,545.8,937.1,583.15,0
25,811,2241736,947.5,620.5,927.0,545.9,937.25,583.2,0
25,812,2241737,947.6,620.5,927.2,546.0,937.4,583.25,0
25,813,2241738,947.7,620.5,927.4,546.2,937.55,583.35,0
25,814,2241739,947.7,620.4,927.6,546.3,937.65,583.35,0
25,815,2241740,947.6,620.4,927.7,546.5,937.65,583.45,0
25,816,2241741,947.8,620.3,927.6,546.6,937.7,583.45,0
25,817,2241742,948.0,620.4,927.5,546.6,937.75,583.5,0
25,818,2241743,948.3,620.5,927.2,546.8,937.75,583.65,0
25,819,2241744,948.5,620.6,926.9,547.1,937.7,583.85,0
25,820,2241745,948.7,620.8,926.6,547.3,937.65,584.05,0
25,821,2241746,948.8,621.0,926.3,547.6,937.55,584.3,0
25,822,2241747,948.9,621.2,926.1,547.9,937.5,584.55,0
25,823,2241748,948.8,621.4,926.0,548.2,937.4,584.8,0
25,824,2241749,948.6,621.5,926.0,548.5,937.3,585.0,0
25,825,2241750,948.4,621.6,926.0,549.0,937.2,585.3,0
25,826,2241751,948.3,622.0,926.0,549.5,937.15,585.75,0
25,827,2241752,948.2,622.4,926.0,549.9,937.1,586.15,0
25,828,2241753,948.1,622.8,926.0,550.4,937.05,586.6,0
25,829,2241754,948.0,623.1,926.0,550.8,937.0,586.95,0
25,830,2241755,947.9,623.4,926.0,551.3,936.95,587.35,0
25,831,2241756,947.9,623.8,926.0,551.8,936.95,587.8,0
25,832,2241757,947.9,624.1,926.0,551.9,936.95,588.0,0
25,833,2241758,947.9,624.1,925.9,552.0,936.9,588.05,0
26,834,2241759,947.9,624.2,925.8,552.0,936.85,588.1,0
26,835,2241760,947.9,624.2,925.6,552.1,936.75,588.15,0
26,836,2241761,947.9,624.3,925.2,552.2,936.55,588.25,0
26,837,2241762,948.1,624.4,924.8,552.2,936.45,588.3,0
26,838,2241763,948.2,624.5,924.4,552.2,936.3,588.35,0
26,839,2241764,948.4,624.6,924.1,552.2,936.25,588.4,0
26,840,2241765,948.6,624.7,923.8,552.2,936.2,588.45,0
26,841,2241766,948.7,624.8,923.5,552.2,936.1,588.5,0
26,842,2241767,948.8,624.8,923.2,552.2,936.0,588.5,0
26,843,2241768,948.8,624.9,922.9,552.3,935.85,588.6,0
26,844,2241769,948.7,624.9,922.7,552.5,935.7,588.7,0
26,845,2241770,948.6,624.9,922.5,552.6,935.55,588.75,0
26,846,2241771,948.5,624.9,922.3,552.7,935.4,588.8,0
26,847,2241772,948.3,624.9,922.2,552.9,935.25,588.9,0
26,848,2241773,948.3,625.0,922.0,553.0,935.15,589.0,0
26,849,2241774,948.4,625.0,922.0,552.7,935.2,588.85,0
26,850,2241775,948.6,625.1,922.0,552.4,935.3,588.75,0
26,851,2241776,948.8,625.2,922.1,551.9,935.45,588.55,0
26,852,2241777,949.1,625.2,922.1,551.5,935.6,588.35,0
26,853,2241778,949.4,625.2,922.0,551.0,935.7,588.1,0
26,854,2241779,949.6,625.2,921.8,550.6,935.7,587.9,0
26,855,2241780,949.7,625.3,921.7,550.1,935.7,587.7,0
26,856,2241781,949.9,625.3,921.5,550.1,935.7,587.7,0
26,857,2241782,950.0,625.3,921.3,550.0,935.65,587.65,0
26,858,2241783,950.1,625.3,921.2,550.0,935.65,587.65,0
26,859,2241784,950.2,625.3,921.0,549.9,935.6,587.6,0
26,860,2241785,950.3,625.4,920.9,549.9,935.6,587.65,0
26,861,2241786,950.4,625.4,920.9,549.8,935.65,587.6,0
26,862,2241787,950.5,625.4,920.9,549.7,935.7,587.55,0
26,863,2241788,950.7,625.4,921.0,549.6,935.85,587.5,0
26,864,2241789,950.9,625.4,921.2,549.3,936.05,587.35,0
26,865,2241790,951.1,625.3,921.4,549.1,936.25,587.2,0
26,866,2241791,951.4,625.3,921.6,548.9,936.5,587.1,0
27,867,2241792,951.8,625.2,921.9,548.7,936.85,586.95,0
27,868,2241793,952.3,625.1,922.1,548.5,937.2,586.8,0
27,869,2241794,952.8,625.0,922.4,548.2,937.6,586.6,0
27,870,2241795,953.2,624.9,922.5,547.9,937.85,586.4,0
27,871,2241796,953.4,624.9,922.6,547.7,938.0,586.3,0
27,872,2241797,953.6,624.8,922.7,547.6,938.15,586.2,0
27,873,2241798,953.8,624.9,923.0,547.3,938.4,586.1,0
27,874,2241799,953.9,625.0,923.4,547.1,938.65,586.05,0
27,875,2241800,953.8,625.2,923.7,547.0,938.75,586.1,0
27,876,2241801,953.8,625.3,924.1,547.0,938.95,586.15,0
27,877,2241802,953.7,625.4,924.4,546.9,939.05,586.15,0
27,878,2241803,953.7,625.5,924.7,546.9,939.2,586.2,0
27,879,2241804,953.7,625.6,925.0,546.7,939.35,586.15,0
27,880,2241805,953.8,625.6,925.1,546.6,939.45,586.1,0
27,881,2241806,953.9,625.6,925.1,546.5,939.5,586.05,0
27,882,2241807,954.0,625.6,925.1,546.4,939.55,586.0,0
27,883,2241808,954.0,625.6,925.2,546.4,939.6,586.0,0
27,884,2241809,954.1,625.6,925.4,546.4,939.75,586.0,0
27,885,2241810,954.2,625.6,925.8,546.4,940.0,586.0,0
27,886,2241811,954.3,625.6,926.2,546.5,940.25,586.05,0
27,887,2241812,954.3,625.7,926.6,546.6,940.45,586.15,0
27,888,2241813,954.7,625.6,927.0,546.7,940.85,586.15,0
27,889,2241814,955.1,625.5,927.4,546.8,941.25,586.15,0
27,890,2241815,955.5,625.3,927.8,546.8,941.65,586.05,0
27,891,2241816,955.9,625.0,928.4,546.8,942.15,585.9,0
27,892,2241817,956.2,624.8,928.8,546.9,942.5,585.85,0
27,893,2241818,956.5,624.6,929.3,546.9,942.9,585.75,0
27,894,2241819,956.8,624.4,929.7,547.0,943.25,585.7,0
27,895,2241820,956.8,624.2,930.2,546.7,943.5,585.45,0
27,896,2241821,956.8,624.2,930.6,546.4,943.7,585.3,0
27,897,2241822,956.8,624.2,931.0,545.8,943.9,585.0,0
27,898,2241823,956.8,624.3,931.0,545.3,943.9,584.8,0
27,899,2241824,956.8,624.3,931.0,544.7,943.9,584.5,0
27,900,2241825,957.0,624.3,931.0,544.2,944.0,584.25,0
28,901,2241826,957.2,624.3,930.9,543.6,944.05,583.95,0
28,902,2241827,957.5,624.4,930.9,543.3,944.2,583.85,0
28,903,2241828,957.7,624.4,930.9,543.0,944.3,583.7,0
28,904,2241829,958.2,624.5,931.1,542.8,944.65,583.65,0
28,905,2241830,958.6,624.6,931.6,542.7,945.1,583.65,0
28,906,2241831,959.0,624.7,932.1,542.6,945.55,583.65,0
28,907,2241832,959.3,624.8,932.5,542.6,945.9,583.7,0
28,908,2241833,959.6,624.7,933.0,542.6,946.3,583.65,0
28,909,2241834,959.8,624.5,933.4,542.6,946.6,583.55,0
28,910,2241835,959.9,624.3,933.9,542.6,946.9,583.45,0
28,911,2241836,959.8,624.1,934.2,542.6,947.0,583.35,0
28,912,2241837,959.7,624.0,934.2,542.6,946.95,583.3,0
28,913,2241838,959.6,623.8,934.1,542.4,946.85,583.1,0
28,914,2241839,959.5,623.6,934.1,542.2,946.8,582.9,0
28,915,2241840,959.5,623.5,934.1,542.0,946.8,582.75,0
28,916,2241841,959.4,623.3,934.1,541.9,946.75,582.6,0
28,917,2241842,959.5,623.2,934.1,541.8,946.8,582.5,0
28,918,2241843,959.8,623.0,934.1,541.6,946.95,582.3,0
28,919,2241844,960.0,622.7,934.1,541.4,947.05,582.05,0
28,920,2241845,960.3,622.6,934.1,541.3,947.2,581.95,0
28,921,2241846,960.5,622.5,934.2,541.3,947.35,581.9,0
28,922,2241847,960.7,622.4,934.2,541.2,947.45,581.8,0
28,923,2241848,960.9,622.5,934.3,541.1,947.6,581.8,0
28,924,2241849,961.0,622.6,934.3,541.0,947.65,581.8,0
28,925,2241850,960.9,622.7,934.4,540.9,947.65,581.8,0
28,926,2241851,961.0,623.0,934.4,540.7,947.7,581.85,0
28,927,2241852,961.3,623.2,934.4,540.6,947.85,581.9,0
28,928,2241853,961.7,623.4,934.4,540.4,948.05,581.9,0
28,929,2241854,962.0,623.7,934.4,540.5,948.2,582.1,0
28,930,2241855,962.4,623.9,934.3,540.6,948.35,582.25,0
28,931,2241856,962.8,624.1,934.3,540.8,948.55,582.45,0
28,932,2241857,963.2,624.4,934.4,541.0,948.8,582.7,0
28,933,2241858,963.6,624.4,934.8,541.2,949.2,582.8,0
29,934,2241859,963.9,624.4,935.2,541.5,949.55,582.95,0
29,935,2241860,964.1,624.5,935.6,541.8,949.85,583.15,0
29,936,2241861,964.4,624.6,936.1,541.9,950.25,583.25,0
29,937,2241862,964.8,624.7,936.6,542.0,950.7,583.35,0
29,938,2241863,965.2,624.8,937.0,542.1,951.1,583.45,0
29,939,2241864,965.5,624.8,937.3,542.1,951.4,583.45,0
29,940,2241865,965.8,624.9,937.3,542.2,951.55,583.55,0
29,941,2241866,966.1,624.8,937.6,542.3,951.85,583.55,0
29,942,2241867,966.4,624.7,937.9,542.4,952.15,583.55,0
29,943,2241868,966.7,624.6,938.1,542.5,952.4,583.55,0
29,944,2241869,966.8,624.5,938.4,542.4,952.6,583.45,0
29,945,2241870,966.9,624.5,938.6,542.3,952.75,583.4,0
29,946,2241871,967.1,624.4,938.8,542.3,952.95,583.35,0
29,947,2241872,967.2,624.5,939.1,542.2,953.15,583.35,0
29,948,2241873,967.5,624.6,939.2,542.2,953.35,583.4,0
29,949,2241874,967.7,624.7,939.2,542.2,953.45,583.45,0
29,950,2241875,967.9,624.9,939.4,542.1,953.65,583.5,0
29,951,2241876,968.1,625.1,939.6,542.2,953.85,583.65,0
29,952,2241877,968.3,625.3,939.8,542.3,954.05,583.8,0
29,953,2241878,968.4,625.7,940.1,542.5,954.25,584.1,0
29,954,2241879,968.5,626.1,940.4,542.8,954.45,584.45,0
29,955,2241880,968.5,626.4,940.9,543.1,954.7,584.75,0
29,956,2241881,968.5,626.7,941.4,543.4,954.95,585.05,0
29,957,2241882,968.5,627.1,941.8,543.7,955.15,585.4,0
29,958,2241883,968.6,627.4,942.2,544.0,955.4,585.7,0
29,959,2241884,968.8,627.7,942.5,544.3,955.65,586.0,0
29,960,2241885,969.0,627.9,942.9,544.6,955.95,586.25,0
29,961,2241886,969.2,628.2,943.1,544.8,956.15,586.5,0
29,962,2241887,969.8,628.4,943.4,544.9,956.6,586.65,0
29,963,2241888,970.4,628.7,943.6,545.1,957.0,586.9,0
29,964,2241889,971.0,628.8,943.7,545.2,957.35,587.0,0
29,965,2241890,971.5,629.0,943.9,545.6,957.7,587.3,0
29,966,2241891,972.0,629.0,944.1,546.2,958.05,587.6,0
30,967,2241892,972.5,629.0,944.3,546.8,958.4,587.9,0
30,968,2241893,973.0,629.2,944.6,547.3,958.8,588.25,0
30,969,2241894,973.1,629.5,944.8,547.6,958.95,588.55,0
30,970,2241895,973.2,629.8,945.0,547.9,959.1,588.85,0
30,971,2241896,973.4,630.1,945.2,548.3,959.3,589.2,0
30,972,2241897,973.6,630.5,945.4,548.5,959.5,589.5,0
30,973,2241898,973.7,630.8,945.6,548.5,959.65,589.65,0
30,974,2241899,973.9,631.2,945.8,548.5,959.85,589.85,0
30,975,2241900,974.0,631.4,946.0,548.6,960.0,590.0,0
30,976,2241901,974.1,631.6,946.1,548.9,960.1,590.25,0
30,977,2241902,974.2,631.9,946.5,549.2,960.35,590.55,0
30,978,2241903,974.2,632.2,946.9,550.0,960.55,591.1,0
30,979,2241904,974.3,632.5,947.3,550.7,960.8,591.6,0
30,980,2241905,974.5,632.7,947.8,551.4,961.15,592.05,0
30,981,2241906,974.7,633.0,948.4,552.1,961.55,592.55,0
30,982,2241907,974.9,633.2,948.9,552.7,961.9,592.95,0
30,983,2241908,975.3,633.4,949.4,553.3,962.35,593.35,0
30,984,2241909,975.7,633.6,949.6,553.8,962.65,593.7,0
30,985,2241910,976.2,633.9,949.9,553.9,963.05,593.9,0
30,986,2241911,976.7,634.1,950.2,553.9,963.45,594.0,0
30,987,2241912,977.1,634.3,950.5,553.9,963.8,594.1,0
30,988,2241913,977.5,634.5,950.7,553.9,964.1,594.2,0
30,989,2241914,978.0,634.7,950.8,554.3,964.4,594.5,0
30,990,2241915,978.3,635.0,951.0,554.6,964.65,594.8,0
30,991,2241916,978.8,635.4,951.3,555.0,965.05,595.2,0
30,992,2241917,979.1,635.8,951.6,555.4,965.35,595.6,0
30,993,2241918,979.4,636.2,952.1,555.8,965.75,596.0,0
30,994,2241919,979.9,636.6,952.5,556.2,966.2,596.4,0
30,995,2241920,980.4,637.2,953.2,556.6,966.8,596.9,0
30,996,2241921,980.8,637.8,953.8,556.9,967.3,597.35,0
30,997,2241922,981.3,638.4,954.4,557.3,967.85,597.85,0
30,998,2241923,981.6,638.6,954.8,557.8,968.2,598.2,0
30,999,2241924,981.9,638.7,955.3,558.2,968.6,598.45,0
30,1000,2241925,982.2,638.7,955.6,558.6,968.9,598.65,0
31,1001,2241926,982.4,638.8,955.9,558.8,969.15,598.8,0
31,1002,2241927,982.6,638.5,955.9,559.0,969.25,598.75,0
31,1003,2241928,982.8,638.2,955.9,558.8,969.35,598.5,0
31,1004,2241929,983.0,638.0,955.9,558.6,969.45,598.3,0
31,1005,2241930,983.1,637.8,955.9,558.4,969.5,598.1,0
31,1006,2241931,983.3,637.7,956.0,558.2,969.65,597.95,0
31,1007,2241932,983.5,637.9,956.1,558.1,969.8,598.0,0
31,1008,2241933,983.7,638.1,956.2,558.1,969.95,598.1,0
31,1009,2241934,983.8,638.4,956.3,558.6,970.05,598.5,0
31,1010,2241935,983.9,638.8,956.4,559.0,970.15,598.9,0
31,1011,2241936,984.1,639.5,956.6,559.5,970.35,599.5,0
31,1012,2241937,984.5,640.1,956.8,560.0,970.65,600.05,0
31,1013,2241938,984.8,640.7,956.9,560.5,970.85,600.6,0
31,1014,2241939,985.1,641.1,957.0,561.0,971.05,601.05,0
31,1015,2241940,985.4,641.4,957.2,561.5,971.3,601.45,0
31,1016,2241941,985.7,641.7,957.4,561.6,971.55,601.65,0
31,1017,2241942,986.0,641.8,957.6,561.6,971.8,601.7,0
31,1018,2241943,986.2,641.7,957.7,561.6,971.95,601.65,0
31,1019,2241944,986.4,641.6,957.8,561.5,972.1,601.55,0
31,1020,2241945,986.7,641.5,957.9,561.4,972.3,601.45,0
31,1021,2241946,987.0,641.5,958.1,561.1,972.55,601.3,0
31,1022,2241947,987.3,641.4,958.3,560.8,972.8,601.1,0
31,1023,2241948,987.6,641.7,958.6,560.5,973.1,601.1,0
31,1024,2241949,987.9,641.9,958.8,560.3,973.35,601.1,0
31,1025,2241950,988.5,642.2,959.1,559.9,973.8,601.05,0
31,1026,2241951,988.9,642.8,959.4,559.6,974.15,601.2,0
31,1027,2241952,989.3,643.4,959.7,559.2,974.5,601.3,0
31,1028,2241953,989.8,644.1,960.0,559.1,974.9,601.6,0
31,1029,2241954,990.3,644.8,960.1,559.0,975.2,601.9,0
31,1030,2241955,990.9,645.2,960.4,559.0,975.65,602.1,0
31,1031,2241956,991.5,645.6,960.7,559.0,976.1,602.3,0
31,1032,2241957,991.9,646.0,961.1,559.2,976.5,602.6,0
31,1033,2241958,992.4,646.1,961.5,559.6,976.95,602.85,0
32,1034,2241959,992.7,646.3,962.1,559.9,977.4,603.1,0
32,1035,2241960,992.9,646.4,962.5,560.2,977.7,603.3,0
32,1036,2241961,993.2,646.5,962.9,560.5,978.05,603.5,0
32,1037,2241962,993.5,646.8,963.4,560.7,978.45,603.75,0
32,1038,2241963,993.8,647.0,963.9,560.8,978.85,603.9,0
32,1039,2241964,994.4,647.2,964.2,560.8,979.3,604.0,0
32,1040,2241965,995.0,647.4,964.6,560.6,979.8,604.0,0
32,1041,2241966,995.6,647.6,964.9,560.3,980.25,603.95,0
32,1042,2241967,996.2,647.9,965.3,560.1,980.75,604.0,0
32,1043,2241968,996.7,648.0,965.6,559.9,981.15,603.95,0
32,1044,2241969,997.2,648.1,965.9,559.8,981.55,603.95,0
32,1045,2241970,997.5,648.2,966.3,559.7,981.9,603.95,0
32,1046,2241971,997.7,648.3,966.9,559.6,982.3,603.95,0
32,1047,2241972,997.9,648.4,967.3,559.8,982.6,604.1,0
32,1048,2241973,998.0,648.5,967.8,560.0,982.9,604.25,0
32,1049,2241974,998.2,648.6,968.2,560.2,983.2,604.4,0
32,1050,2241975,998.4,648.6,968.6,560.4,983.5,604.5,0
32,1051,2241976,998.5,648.7,968.9,560.6,983.7,604.65,0
32,1052,2241977,998.5,648.9,969.4,560.7,983.95,604.8,0
32,1053,2241978,998.6,649.1,969.8,560.8,984.2,604.95,0
32,1054,2241979,998.7,649.3,970.3,560.8,984.5,605.05,0
32,1055,2241980,999.0,649.5,970.8,560.9,984.9,605.2,0
32,1056,2241981,999.3,649.7,971.3,560.9,985.3,605.3,0
32,1057,2241982,999.6,649.8,971.9,560.8,985.75,605.3,0
32,1058,2241983,999.8,649.8,972.5,560.7,986.15,605.25,0
32,1059,2241984,1000.2,649.9,972.7,560.7,986.45,605.3,0
32,1060,2241985,1000.5,649.8,973.2,560.6,986.85,605.2,0
32,1061,2241986,1001.0,649.8,973.6,560.4,987.3,605.1,0
32,1062,2241987,1001.5,649.8,974.1,560.2,987.8,605.0,0
32,1063,2241988,1002.1,649.8,974.6,560.1,988.35,604.95,0
32,1064,2241989,1002.7,649.9,975.1,560.0,988.9,604.95,0
32,1065,2241990,1003.3,650.0,975.7,559.9,989.5,604.95,0
32,1066,2241991,1003.9,650.0,976.3,559.8,990.1,604.9,0
33,1067,2241992,1004.4,650.1,976.7,559.7,990.55,604.9,0
33,1068,2241993,1004.7,650.0,977.1,559.7,990.9,604.85,0
33,1069,2241994,1004.9,650.0,977.3,559.6,991.1,604.8,0
33,1070,2241995,1005.0,649.9,977.9,559.6,991.45,604.75,0
33,1071,2241996,1005.3,650.0,978.5,559.6,991.9,604.8,0
33,1072,2241997,1005.6,650.1,978.9,559.5,992.25,604.8,0
33,1073,2241998,1005.9,650.2,979.5,559.5,992.7,604.85,0
33,1074,2241999,1006.2,650.4,980.1,559.5,993.15,604.95,0
33,1075,2242000,1006.5,650.5,980.8,559.4,993.65,604.95,0
33,1076,2242001,1006.8,650.7,981.5,559.4,994.15,605.05,0
33,1077,2242002,1007.0,650.8,981.9,559.4,994.45,605.1,0
33,1078,2242003,1007.0,650.8,982.6,559.4,994.8,605.1,0
33,1079,2242004,1007.0,650.8,983.1,559.3,995.05,605.05,0
33,1080,2242005,1007.1,650.8,983.7,559.2,995.4,605.0,0
33,1081,2242006,1007.2,650.6,984.4,559.1,995.8,604.85,0
33,1082,2242007,1007.4,650.5,985.0,558.9,996.2,604.7,0
33,1083,2242008,1007.6,650.4,985.6,558.8,996.6,604.6,0
33,1084,2242009,1008.1,650.2,986.2,558.6,997.15,604.4,0
33,1085,2242010,1008.6,650.0,987.1,558.4,997.85,604.2,0
33,1086,2242011,1009.0,649.7,987.9,558.4,998.45,604.05,0
33,1087,2242012,1009.4,649.5,988.5,558.3,998.95,603.9,0
33,1088,2242013,1009.9,649.2,989.1,558.2,999.5,603.7,0
33,1089,2242014,1010.4,648.9,989.6,558.1,1000.0,603.5,0
33,1090,2242015,1010.9,648.7,989.9,557.9,1000.4,603.3,0
33,1091,2242016,1011.1,648.6,990.3,557.5,1000.7,603.05,0
33,1092,2242017,1011.3,648.7,990.3,557.1,1000.8,602.9,0
33,1093,2242018,1011.6,648.8,990.2,556.6,1000.9,602.7,0
33,1094,2242019,1011.9,649.0,990.3,556.3,1001.1,602.65,0
33,1095,2242020,1012.2,649.2,990.4,555.8,1001.3,602.5,0
33,1096,2242021,1012.4,649.3,990.7,555.4,1001.55,602.35,0
33,1097,2242022,1012.9,649.3,990.9,555.0,1001.9,602.15,0
33,1098,2242023,1013.3,649.1,991.2,554.9,1002.25,602.0,0
33,1099,2242024,1013.8,648.9,991.5,554.7,1002.65,601.8,0
33,1100,2242025,1014.1,648.7,991.7,554.6,1002.9,601.65,0
34,1101,2242026,1014.5,648.5,991.9,554.6,1003.2,601.55,0
34,1102,2242027,1014.8,648.5,992.0,554.6,1003.4,601.55,0
34,1103,2242028,1015.2,648.7,992.0,554.6,1003.6,601.65,0
34,1104,2242029,1015.4,648.9,992.0,554.7,1003.7,601.8,0
34,1105,2242030,1015.8,649.1,992.0,554.8,1003.9,601.95,0
34,1106,2242031,1016.2,649.3,991.9,554.8,1004.05,602.05,0
34,1107,2242032,1016.5,649.5,991.9,554.8,1004.2,602.15,0
34,1108,2242033,1016.8,649.6,991.9,554.7,1004.35,602.15,0
34,1109,2242034,1017.0,649.5,992.0,554.6,1004.5,602.05,0
34,1110,2242035,1017.3,649.5,992.1,554.6,1004.7,602.05,0
34,1111,2242036,1017.5,649.4,992.2,554.6,1004.85,602.0,0
34,1112,2242037,1017.7,649.3,992.4,554.8,1005.05,602.05,0
34,1113,2242038,1018.0,649.4,992.7,555.1,1005.35,602.25,0
34,1114,2242039,1018.4,649.4,992.9,555.3,1005.65,602.35,0
34,1115,2242040,1018.9,649.5,993.2,555.7,1006.05,602.6,0
34,1116,2242041,1019.4,649.6,993.4,556.2,1006.4,602.9,0
34,1117,2242042,1019.9,649.8,993.7,556.7,1006.8,603.25,0
34,1118,2242043,1020.7,650.2,993.9,557.1,1007.3,603.65,0
34,1119,2242044,1021.3,650.5,994.1,557.4,1007.7,603.95,0
34,1120,2242045,1021.9,650.7,994.3,557.7,1008.1,604.2,0
34,1121,2242046,1022.4,650.9,994.5,557.8,1008.45,604.35,0
34,1122,2242047,1022.7,651.2,994.5,557.9,1008.6,604.55,0
34,1123,2242048,1023.0,651.4,994.6,557.5,1008.8,604.45,0
34,1124,2242049,1023.3,651.4,994.7,557.1,1009.0,604.25,0
34,1125,2242050,1023.3,651.3,994.8,556.8,1009.05,604.05,0
34,1126,2242051,1023.4,651.2,994.9,556.8,1009.15,604.0,0
34,1127,2242052,1023.6,651.1,995.1,556.7,1009.35,603.9,0
34,1128,2242053,1023.8,651.0,995.4,556.7,1009.6,603.85,0
34,1129,2242054,1024.1,650.8,995.8,556.8,1009.95,603.8,0
34,1130,2242055,1024.3,650.8,996.3,557.1,1010.3,603.95,0
34,1131,2242056,1024.6,650.7,996.7,557.3,1010.65,604.0,0
34,1132,2242057,1024.8,650.7,997.2,557.5,1011.0,604.1,0
34,1133,2242058,1025.0,650.6,997.7,557.3,1011.35,603.95,0
35,1134,2242059,1025.1,650.6,998.3,557.2,1011.7,603.9,0
35,1135,2242060,1025.2,650.6,998.9,557.2,1012.05,603.9,0
35,1136,2242061,1025.3,650.5,999.6,557.2,1012.45,603.85,0
35,1137,2242062,1025.3,650.5,1000.3,557.6,1012.8,604.05,0
35,1138,2242063,1025.7,650.5,1001.1,558.2,1013.4,604.35,0
35,1139,2242064,1026.0,650.5,1001.8,559.0,1013.9,604.75,0
35,1140,2242065,1026.3,650.5,1002.4,559.6,1014.35,605.05,0
35,1141,2242066,1026.6,650.5,1003.0,560.2,1014.8,605.35,0
35,1142,2242067,1026.9,650.4,1003.5,560.6,1015.2,605.5,0
35,1143,2242068,1027.2,650.4,1003.8,560.9,1015.5,605.65,0
35,1144,2242069,1027.7,650.4,1004.2,560.8,1015.95,605.6,0
35,1145,2242070,1027.9,650.4,1004.4,560.3,1016.15,605.35,0
35,1146,2242071,1028.3,650.5,1004.6,559.9,1016.45,605.2,0
35,1147,2242072,1028.9,650.5,1004.9,559.5,1016.9,605.0,0
35,1148,2242073,1029.5,650.5,1005.1,559.2,1017.3,604.85,0
35,1149,2242074,1030.1,650.6,1005.6,559.1,1017.85,604.85,0
35,1150,2242075,1030.7,650.6,1006.0,559.2,1018.35,604.9,0
35,1151,2242076,1031.2,650.7,1006.3,559.5,1018.75,605.1,0
35,1152,2242077,1031.7,650.7,1006.7,560.2,1019.2,605.45,0
35,1153,2242078,1032.0,650.7,1007.2,560.8,1019.6,605.75,0
35,1154,2242079,1032.1,650.8,1007.7,561.4,1019.9,606.1,0
35,1155,2242080,1032.2,650.8,1008.1,562.0,1020.15,606.4,0
35,1156,2242081,1032.4,650.9,1008.3,562.5,1020.35,606.7,0
35,1157,2242082,1032.5,650.9,1008.5,562.9,1020.5,606.9,0
35,1158,2242083,1032.8,650.9,1008.7,563.3,1020.75,607.1,0
35,1159,2242084,1033.0,650.7,1008.9,563.3,1020.95,607.0,0
35,1160,2242085,1033.2,650.5,1009.1,563.5,1021.15,607.0,0
35,1161,2242086,1033.5,650.3,1009.3,563.6,1021.4,606.95,0
35,1162,2242087,1033.8,650.1,1009.5,563.8,1021.65,606.95,0
35,1163,2242088,1034.2,649.8,1009.7,563.9,1021.95,606.85,0
35,1164,2242089,1034.9,649.7,1009.8,564.0,1022.35,606.85,0
35,1165,2242090,1035.3,649.5,1010.0,564.2,1022.65,606.85,0
35,1166,2242091,1035.8,649.6,1010.2,564.4,1023.0,607.0,0
36,1167,2242092,1036.3,649.6,1010.3,564.6,1023.3,607.1,0
36,1168,2242093,1036.8,649.7,1010.4,564.9,1023.6,607.3,0
36,1169,2242094,1037.1,649.8,1010.4,565.2,1023.75,607.5,0
36,1170,2242095,1037.5,649.9,1010.5,565.6,1024.0,607.75,0
36,1171,2242096,1037.6,649.5,1010.5,566.0,1024.05,607.75,0
36,1172,2242097,1037.7,649.0,1010.4,566.3,1024.05,607.65,0
36,1173,2242098,1037.9,648.5,1010.3,566.6,1024.1,607.55,0
36,1174,2242099,1038.0,648.0,1010.2,566.8,1024.1,607.4,0
36,1175,2242100,1038.1,647.5,1010.1,567.0,1024.1,607.25,0
36,1176,2242101,1038.2,646.7,1009.9,567.1,1024.05,606.9,0
36,1177,2242102,1038.1,645.9,1009.8,567.1,1023.95,606.5,0
36,1178,2242103,1038.1,645.5,1009.8,567.1,1023.95,606.3,0
36,1179,2242104,1038.1,645.2,1009.8,567.2,1023.95,606.2,0
36,1180,2242105,1038.0,644.8,1010.0,567.3,1024.0,606.05,0
36,1181,2242106,1038.0,644.5,1010.1,567.5,1024.05,606.0,0
36,1182,2242107,1038.0,644.3,1010.2,567.7,1024.1,606.0,0
36,1183,2242108,1037.9,644.3,1010.4,568.0,1024.15,606.15,0
36,1184,2242109,1038.0,644.3,1010.5,568.2,1024.25,606.25,0
36,1185,2242110,1038.1,644.4,1010.7,568.3,1024.4,606.35,0
36,1186,2242111,1038.2,644.4,1010.9,568.4,1024.55,606.4,0
36,1187,2242112,1038.4,644.5,1011.2,568.5,1024.8,606.5,0
36,1188,2242113,1038.5,644.7,1011.5,568.3,1025.0,606.5,0
36,1189,2242114,1038.7,644.9,1012.0,568.2,1025.35,606.55,0
36,1190,2242115,1038.8,645.0,1012.5,568.0,1025.65,606.5,0
36,1191,2242116,1038.9,645.1,1013.0,567.9,1025.95,606.5,0
36,1192,2242117,1038.9,645.2,1013.5,567.8,1026.2,606.5,0
36,1193,2242118,1038.9,645.0,1014.0,567.8,1026.45,606.4,0
36,1194,2242119,1038.9,644.6,1014.3,567.8,1026.6,606.2,0
36,1195,2242120,1039.1,644.2,1014.6,567.7,1026.85,605.95,0
36,1196,2242121,1039.3,643.8,1014.6,567.7,1026.95,605.75,0
36,1197,2242122,1039.5,643.1,1014.7,567.6,1027.1,605.35,0
36,1198,2242123,1039.7,642.5,1014.8,567.4,1027.25,604.95,0
36,1199,2242124,1039.9,642.0,1014.8,567.1,1027.35,604.55,0
36,1200,2242125,1040.2,641.7,1014.8,566.9,1027.5,604.3,0
37,1201,2242126,1040.4,641.4,1014.6,566.7,1027.5,604.05,0
37,1202,2242127,1040.5,641.1,1014.5,566.4,1027.5,603.75,0
37,1203,2242128,1040.7,640.8,1014.3,565.9,1027.5,603.35,0
37,1204,2242129,1040.9,640.7,1014.3,565.0,1027.6,602.85,0
37,1205,2242130,1041.1,640.5,1014.2,564.2,1027.65,602.35,0
37,1206,2242131,1041.3,640.3,1014.1,563.4,1027.7,601.85,0
37,1207,2242132,1041.5,640.2,1014.0,562.7,1027.75,601.45,0
37,1208,2242133,1041.8,640.1,1014.2,561.9,1028.0,601.0,0
37,1209,2242134,1042.1,639.8,1014.4,561.1,1028.25,600.45,0
37,1210,2242135,1042.3,639.7,1014.9,560.6,1028.6,600.15,0
37,1211,2242136,1042.7,639.6,1015.4,560.5,1029.05,600.05,0
37,1212,2242137,1043.0,639.4,1016.0,560.5,1029.5,599.95,0
37,1213,2242138,1043.3,639.3,1017.0,560.6,1030.15,599.95,0
37,1214,2242139,1043.6,639.1,1017.9,560.8,1030.75,599.95,0
37,1215,2242140,1043.9,638.9,1018.9,561.0,1031.4,599.95,0
37,1216,2242141,1044.2,638.7,1019.9,561.1,1032.05,599.9,0
37,1217,2242142,1044.7,638.5,1020.6,561.2,1032.65,599.85,0
37,1218,2242143,1045.0,638.3,1021.3,561.2,1033.15,599.75,0
37,1219,2242144,1045.3,638.1,1022.0,561.1,1033.65,599.6,0
37,1220,2242145,1045.5,638.0,1022.2,560.8,1033.85,599.4,0
37,1221,2242146,1045.7,638.0,1022.6,560.4,1034.15,599.2,0
37,1222,2242147,1045.8,638.0,1023.0,560.1,1034.4,599.05,0
37,1223,2242148,1045.8,638.1,1023.5,559.7,1034.65,598.9,0
37,1224,2242149,1045.8,638.1,1023.8,559.3,1034.8,598.7,0
37,1225,2242150,1045.9,638.2,1024.0,558.9,1034.95,598.55,0
37,1226,2242151,1046.0,638.2,1023.8,558.8,1034.9,598.5,0
37,1227,2242152,1046.2,638.2,1023.6,558.6,1034.9,598.4,0
37,1228,2242153,1046.4,638.3,1023.3,558.4,1034.85,598.35,0
37,1229,2242154,1046.7,638.3,1022.9,557.8,1034.8,598.05,0
37,1230,2242155,1047.0,638.2,1022.2,557.3,1034.6,597.75,0
37,1231,2242156,1047.4,638.2,1021.5,556.7,1034.45,597.45,0
37,1232,2242157,1047.6,638.2,1020.8,556.2,1034.2,597.2,0
37,1233,2242158,1047.8,638.4,1020.6,555.5,1034.2,596.95,0
38,1234,2242159,1048.1,638.4,1020.4,555.0,1034.25,596.7,0
38,1235,2242160,1048.4,638.5,1020.7,554.5,1034.55,596.5,0
38,1236,2242161,1048.7,638.5,1020.9,554.4,1034.8,596.45,0
38,1237,2242162,1048.8,638.6,1021.3,554.3,1035.05,596.45,0
38,1238,2242163,1048.8,638.6,1021.8,554.2,1035.3,596.4,0
38,1239,2242164,1048.8,638.6,1022.3,554.2,1035.55,596.4,0
38,1240,2242165,1048.7,638.5,1022.8,554.0,1035.75,596.25,0
38,1241,2242166,1048.6,638.3,1023.2,553.8,1035.9,596.05,0
38,1242,2242167,1048.5,638.2,1023.3,553.5,1035.9,595.85,0
38,1243,2242168,1048.4,638.1,1023.4,553.2,1035.9,595.65,0
38,1244,2242169,1048.3,638.0,1023.5,552.9,1035.9,595.45,0
38,1245,2242170,1048.3,638.0,1023.6,552.4,1035.95,595.2,0
38,1246,2242171,1048.3,638.0,1023.8,552.0,1036.05,595.0,0
38,1247,2242172,1048.3,638.0,1023.9,551.6,1036.1,594.8,0
38,1248,2242173,1048.2,638.1,1024.0,551.3,1036.1,594.7,0
38,1249,2242174,1048.2,638.1,1024.1,551.1,1036.15,594.6,0
38,1250,2242175,1048.2,638.2,1024.2,550.8,1036.2,594.5,0
38,1251,2242176,1048.2,638.2,1024.2,550.3,1036.2,594.25,0
38,1252,2242177,1048.2,638.2,1024.3,550.1,1036.25,594.15,0
38,1253,2242178,1048.2,638.2,1024.3,550.0,1036.25,594.1,0
38,1254,2242179,1048.4,638.2,1024.3,549.9,1036.35,594.05,0
38,1255,2242180,1048.6,638.2,1024.3,549.8,1036.45,594.0,0
38,1256,2242181,1048.9,638.1,1024.4,549.6,1036.65,593.85,0
38,1257,2242182,1049.3,638.1,1024.4,549.5,1036.85,593.8,0
38,1258,2242183,1049.6,638.1,1024.5,549.6,1037.05,593.85,0
38,1259,2242184,1050.0,638.1,1024.5,549.6,1037.25,593.85,0
38,1260,2242185,1050.3,638.1,1024.6,549.5,1037.45,593.8,0
38,1261,2242186,1050.4,638.0,1024.6,549.5,1037.5,593.75,0
38,1262,2242187,1050.5,637.9,1024.7,549.4,1037.6,593.65,0
38,1263,2242188,1050.3,637.8,1024.7,549.1,1037.5,593.45,0
38,1264,2242189,1050.1,637.6,1024.7,548.7,1037.4,593.15,0
38,1265,2242190,1049.9,637.5,1024.8,548.3,1037.35,592.9,0
38,1266,2242191,1049.7,637.5,1025.0,547.9,1037.35,592.7,0
39,1267,2242192,1049.4,637.6,1025.2,547.5,1037.3,592.55,0
39,1268,2242193,1049.3,637.7,1025.5,547.1,1037.4,592.4,0
39,1269,2242194,1049.2,637.8,1025.7,546.6,1037.45,592.2,0
39,1270,2242195,1049.2,637.9,1026.0,546.4,1037.6,592.15,0
39,1271,2242196,1049.3,638.0,1026.2,546.3,1037.75,592.15,0
39,1272,2242197,1049.5,637.9,1026.4,546.3,1037.95,592.1,0
39,1273,2242198,1049.7,637.9,1026.5,546.3,1038.1,592.1,0
39,1274,2242199,1049.9,637.7,1026.6,546.4,1038.25,592.05,0
39,1275,2242200,1050.1,637.5,1026.6,546.7,1038.35,592.1,0
39,1276,2242201,1050.3,637.3,1026.7,547.0,1038.5,592.15,0
39,1277,2242202,1050.4,637.4,1026.7,547.3,1038.55,592.35,0
39,1278,2242203,1050.5,637.4,1026.8,547.6,1038.65,592.5,0
39,1279,2242204,1050.5,637.5,1026.9,547.8,1038.7,592.65,0
39,1280,2242205,1050.6,637.7,1026.9,547.9,1038.75,592.8,0
39,1281,2242206,1050.6,637.9,1026.8,548.1,1038.7,593.0,0
39,1282,2242207,1050.6,638.1,1026.8,548.1,1038.7,593.1,0
39,1283,2242208,1050.6,638.3,1026.7,548.1,1038.65,593.2,0
39,1284,2242209,1050.6,638.3,1026.6,548.0,1038.6,593.15,0
39,1285,2242210,1050.8,638.5,1026.4,548.0,1038.6,593.25,0
39,1286,2242211,1050.9,638.8,1026.2,548.0,1038.55,593.4,0
39,1287,2242212,1051.1,639.2,1026.1,548.0,1038.6,593.6,0
39,1288,2242213,1051.2,639.7,1026.3,548.1,1038.75,593.9,0
39,1289,2242214,1051.4,640.4,1026.5,548.2,1038.95,594.3,0
39,1290,2242215,1051.6,641.0,1026.7,548.3,1039.15,594.65,0
39,1291,2242216,1051.7,641.6,1026.9,548.3,1039.3,594.95,0
39,1292,2242217,1051.7,642.0,1027.2,547.9,1039.45,594.95,0
39,1293,2242218,1051.7,642.1,1027.4,547.4,1039.55,594.75,0
39,1294,2242219,1051.6,641.7,1027.6,546.9,1039.6,594.3,0
39,1295,2242220,1051.6,641.2,1027.7,546.3,1039.65,593.75,0
39,1296,2242221,1051.5,640.5,1027.8,545.7,1039.65,593.1,0
39,1297,2242222,1051.4,639.9,1027.9,545.2,1039.65,592.55,0
39,1298,2242223,1051.4,639.2,1028.0,544.6,1039.7,591.9,0
39,1299,2242224,1051.3,638.7,1028.2,544.6,1039.75,591.65,0
39,1300,2242225,1051.2,638.4,1028.4,544.5,1039.8,591.45,0
40,1301,2242226,1050.9,638.7,1028.7,544.4,1039.8,591.55,0
40,1302,2242227,1050.6,639.0,1028.8,544.4,1039.7,591.7,0
40,1303,2242228,1050.4,639.2,1028.6,544.2,1039.5,591.7,0
40,1304,2242229,1050.0,639.5,1028.5,544.0,1039.25,591.75,0
40,1305,2242230,1049.7,639.8,1028.3,543.9,1039.0,591.85,0
40,1306,2242231,1049.3,639.9,1028.0,543.7,1038.65,591.8,0
40,1307,2242232,1049.0,639.9,1027.7,543.5,1038.35,591.7,0
40,1308,2242233,1048.9,640.1,1027.4,543.8,1038.15,591.95,0
40,1309,2242234,1048.9,640.6,1027.1,544.1,1038.0,592.35,0
40,1310,2242235,1048.9,641.2,1027.0,544.7,1037.95,592.95,0
40,1311,2242236,1049.1,641.8,1026.9,545.3,1038.0,593.55,0
40,1312,2242237,1049.2,642.7,1026.7,546.0,1037.95,594.35,0
40,1313,2242238,1049.4,643.6,1026.5,546.6,1037.95,595.1,0
40,1314,2242239,1049.7,644.4,1026.2,547.1,1037.95,595.75,0
40,1315,2242240,1050.1,645.0,1026.0,547.0,1038.05,596.0,0
40,1316,2242241,1050.4,645.2,1025.8,547.0,1038.1,596.1,0
40,1317,2242242,1050.6,645.3,1025.6,546.6,1038.1,595.95,0
40,1318,2242243,1050.8,645.4,1025.4,546.2,1038.1,595.8,0
40,1319,2242244,1051.0,645.2,1025.4,545.7,1038.2,595.45,0
40,1320,2242245,1051.1,644.9,1025.4,545.4,1038.25,595.15,0
40,1321,2242246,1051.1,644.6,1025.4,545.1,1038.25,594.85,0
40,1322,2242247,1051.1,644.2,1025.5,544.8,1038.3,594.5,0
40,1323,2242248,1051.1,643.8,1025.9,544.4,1038.5,594.1,0
40,1324,2242249,1051.0,643.6,1026.3,544.2,1038.65,593.9,0
40,1325,2242250,1050.6,643.4,1026.7,543.9,1038.65,593.65,0
40,1326,2242251,1050.1,643.1,1027.1,543.6,1038.6,593.35,0
40,1327,2242252,1049.7,642.9,1027.6,543.2,1038.65,593.05,0
40,1328,2242253,1049.2,642.8,1028.0,542.8,1038.6,592.8,0
40,1329,2242254,1048.9,642.6,1028.6,542.5,1038.75,592.55,0
40,1330,2242255,1048.6,642.5,1028.8,542.5,1038.7,592.5,0
40,1331,2242256,1048.2,642.4,1029.1,542.9,1038.65,592.65,0
40,1332,2242257,1048.2,642.4,1029.4,543.3,1038.8,592.85,0
40,1333,2242258,1048.2,642.5,1029.6,543.6,1038.9,593.05,0
41,1334,2242259,1048.2,642.8,1029.8,543.9,1039.0,593.35,0
41,1335,2242260,1048.2,643.2,1030.1,543.9,1039.15,593.55,0
41,1336,2242261,1048.0,643.6,1030.1,543.9,1039.05,593.75,0
41,1337,2242262,1047.8,644.1,1030.2,543.9,1039.0,594.0,0
41,1338,2242263,1048.0,644.5,1030.1,543.9,1039.05,594.2,0
41,1339,2242264,1048.3,645.0,1030.0,544.0,1039.15,594.5,0
41,1340,2242265,1048.6,645.4,1029.6,544.2,1039.1,594.8,0
41,1341,2242266,1049.0,645.6,1028.9,544.5,1038.95,595.05,0
41,1342,2242267,1049.5,645.7,1028.3,545.1,1038.9,595.4,0
41,1343,2242268,1050.0,645.9,1027.6,545.7,1038.8,595.8,0
41,1344,2242269,1050.6,646.1,1027.1,546.1,1038.85,596.1,0
41,1345,2242270,1050.8,646.4,1026.5,546.1,1038.65,596.25,0
41,1346,2242271,1051.0,646.6,1026.1,546.1,1038.55,596.35,0
41,1347,2242272,1051.2,646.7,1025.9,546.1,1038.55,596.4,0
41,1348,2242273,1051.2,647.1,1026.0,546.0,1038.6,596.55,0
41,1349,2242274,1051.3,647.5,1026.1,545.9,1038.7,596.7,0
41,1350,2242275,1051.2,648.0,1026.1,545.8,1038.65,596.9,0
41,1351,2242276,1051.1,648.3,1026.2,545.3,1038.65,596.8,0
41,1352,2242277,1050.9,648.6,1026.4,544.9,1038.65,596.75,0
41,1353,2242278,1050.6,649.0,1026.6,544.4,1038.6,596.7,0
41,1354,2242279,1050.3,649.2,1026.8,543.8,1038.55,596.5,0
41,1355,2242280,1049.9,649.3,1027.0,543.3,1038.45,596.3,0
41,1356,2242281,1049.3,649.4,1027.1,542.9,1038.2,596.15,0
41,1357,2242282,1048.7,649.5,1027.4,542.5,1038.05,596.0,0
41,1358,2242283,1048.2,649.8,1027.6,542.4,1037.9,596.1,0
41,1359,2242284,1047.6,650.0,1028.0,542.3,1037.8,596.15,0
41,1360,2242285,1047.1,650.3,1028.7,542.3,1037.9,596.3,0
41,1361,2242286,1046.7,650.5,1029.4,542.4,1038.05,596.45,0
41,1362,2242287,1046.4,650.8,1030.2,542.5,1038.3,596.65,0
41,1363,2242288,1046.2,650.9,1031.0,542.8,1038.6,596.85,0
41,1364,2242289,1046.2,651.1,1031.7,543.1,1038.95,597.1,0
41,1365,2242290,1046.2,651.0,1032.3,543.5,1039.25,597.25,0
41,1366,2242291,1046.2,651.0,1032.5,544.1,1039.35,597.55,0
42,1367,2242292,1046.1,651.0,1032.4,544.6,1039.25,597.8,0
42,1368,2242293,1046.1,651.0,1032.1,545.1,1039.1,598.05,0
42,1369,2242294,1046.1,651.1,1031.7,545.5,1038.9,598.3,0
42,1370,2242295,1046.0,651.2,1031.4,545.8,1038.7,598.5,0
42,1371,2242296,1046.0,651.3,1031.0,546.0,1038.5,598.65,0
42,1372,2242297,1045.9,651.4,1030.6,546.1,1038.25,598.75,0
42,1373,2242298,1045.9,651.6,1030.2,546.1,1038.05,598.85,0
42,1374,2242299,1046.0,651.9,1029.8,546.3,1037.9,599.1,0
42,1375,2242300,1046.0,652.1,1029.5,546.5,1037.75,599.3,0
42,1376,2242301,1046.2,652.5,1029.2,546.9,1037.7,599.7,0
42,1377,2242302,1046.6,652.8,1028.8,547.2,1037.7,600.0,0
42,1378,2242303,1047.1,653.2,1028.5,547.6,1037.8,600.4,0
42,1379,2242304,1047.5,653.6,1028.0,548.0,1037.75,600.8,0
42,1380,2242305,1047.8,653.9,1027.6,548.3,1037.7,601.1,0
42,1381,2242306,1048.1,654.2,1027.3,548.4,1037.7,601.3,0
42,1382,2242307,1048.3,654.5,1026.7,548.2,1037.5,601.35,0
42,1383,2242308,1048.3,654.6,1026.2,547.8,1037.25,601.2,0
42,1384,2242309,1048.1,654.7,1025.7,547.5,1036.9,601.1,0
42,1385,2242310,1047.8,654.8,1025.2,547.1,1036.5,600.95,0
42,1386,2242311,1047.5,654.9,1024.9,546.7,1036.2,600.8,0
42,1387,2242312,1047.1,655.0,1024.6,546.3,1035.85,600.65,0
42,1388,2242313,1046.9,655.1,1024.3,545.9,1035.6,600.5,0
42,1389,2242314,1046.6,655.2,1024.2,545.9,1035.4,600.55,0
42,1390,2242315,1046.4,655.3,1024.2,545.8,1035.3,600.55,0
42,1391,2242316,1046.2,655.5,1024.1,545.8,1035.15,600.65,0
42,1392,2242317,1045.9,655.7,1024.1,545.7,1035.0,600.7,0
42,1393,2242318,1045.4,655.7,1024.2,545.6,1034.8,600.65,0
42,1394,2242319,1045.1,655.6,1024.2,545.7,1034.65,600.65,0
42,1395,2242320,1044.5,655.4,1024.3,545.8,1034.4,600.6,0
42,1396,2242321,1044.0,655.3,1024.5,545.9,1034.25,600.6,0
42,1397,2242322,1043.5,655.0,1024.6,545.9,1034.05,600.45,0
42,1398,2242323,1043.1,654.6,1024.8,545.9,1033.95,600.25,0
42,1399,2242324,1042.7,654.2,1025.1,545.8,1033.9,600.0,0
42,1400,2242325,1042.5,653.9,1025.3,545.7,1033.9,599.8,0
43,1401,2242326,1042.3,653.8,1025.7,545.6,1034.0,599.7,0
43,1402,2242327,1042.3,653.7,1026.3,545.5,1034.3,599.6,0
43,1403,2242328,1042.3,653.7,1026.8,545.5,1034.55,599.6,0
43,1404,2242329,1042.6,653.7,1027.3,545.6,1034.95,599.65,0
43,1405,2242330,1043.3,653.8,1028.1,546.4,1035.7,600.1,0
43,1406,2242331,1044.3,653.8,1030.2,547.3,1037.25,600.55,0
43,1407,2242332,1046.2,653.9,1032.6,548.1,1039.4,601.0,0
43,1408,2242333,1049.1,654.2,1035.8,549.1,1042.45,601.65,0
43,1409,2242334,1053.1,654.4,1039.7,550.1,1046.4,602.25,0
43,1410,2242335,1057.8,654.6,1044.8,551.1,1051.3,602.85,0
43,1411,2242336,1063.7,654.7,1051.1,552.2,1057.4,603.45,0
43,1412,2242337,1070.1,654.7,1057.8,552.5,1063.95,603.6,0
43,1413,2242338,1077.2,654.6,1064.8,552.9,1071.0,603.75,0
43,1414,2242339,1084.2,654.3,1071.9,553.2,1078.05,603.75,0
43,1415,2242340,1090.9,653.9,1078.9,553.3,1084.9,603.6,0
43,1416,2242341,1096.9,653.8,1085.5,553.1,1091.2,603.45,0
43,1417,2242342,1102.6,653.8,1091.4,552.8,1097.0,603.3,0
43,1418,2242343,1107.1,654.2,1096.2,552.6,1101.65,603.4,0
43,1419,2242344,1110.4,654.7,1100.1,552.2,1105.25,603.45,0
43,1420,2242345,1112.7,655.2,1102.6,551.7,1107.65,603.45,0
43,1421,2242346,1113.9,656.0,1104.4,551.3,1109.15,603.65,0
43,1422,2242347,1114.3,656.8,1105.0,550.9,1109.65,603.85,0
43,1423,2242348,1114.0,657.3,1104.1,550.6,1109.05,603.95,0
43,1424,2242349,1112.9,657.7,1102.5,550.3,1107.7,604.0,0
43,1425,2242350,1111.2,658.0,1100.6,549.9,1105.9,603.95,0
43,1426,2242351,1109.3,657.8,1098.1,549.6,1103.7,603.7,0
43,1427,2242352,1106.9,657.6,1095.5,549.0,1101.2,603.3,0
43,1428,2242353,1104.9,657.1,1092.8,548.3,1098.85,602.7,0
43,1429,2242354,1102.8,656.5,1090.5,547.5,1096.65,602.0,0
43,1430,2242355,1100.8,655.9,1088.5,546.8,1094.65,601.35,0
43,1431,2242356,1098.9,655.2,1086.9,546.1,1092.9,600.65,0
43,1432,2242357,1097.6,654.4,1085.6,545.5,1091.6,599.95,0
43,1433,2242358,1096.3,654.2,1084.8,544.9,1090.55,599.55,0
44,1434,2242359,1095.6,653.9,1084.4,544.8,1090.0,599.35,0
44,1435,2242360,1094.6,653.8,1084.1,544.7,1089.35,599.25,0
44,1436,2242361,1093.6,653.6,1083.9,544.7,1088.75,599.15,0
44,1437,2242362,1093.0,653.5,1084.2,544.7,1088.6,599.1,0
44,1438,2242363,1092.5,653.4,1084.5,544.7,1088.5,599.05,0
44,1439,2242364,1092.0,653.5,1084.8,544.8,1088.4,599.15,0
44,1440,2242365,1091.6,653.6,1085.0,545.3,1088.3,599.45,0
44,1441,2242366,1091.3,653.6,1085.1,545.7,1088.2,599.65,0
44,1442,2242367,1091.2,653.8,1085.3,546.2,1088.25,600.0,0
44,1443,2242368,1091.1,654.0,1085.4,546.8,1088.25,600.4,0
44,1444,2242369,1090.9,654.2,1085.5,547.3,1088.2,600.75,0
44,1445,2242370,1090.8,654.4,1085.7,547.9,1088.25,601.15,0
44,1446,2242371,1090.6,654.4,1085.8,548.4,1088.2,601.4,0
44,1447,2242372,1090.5,654.5,1085.9,548.5,1088.2,601.5,0
44,1448,2242373,1090.4,654.8,1086.0,548.6,1088.2,601.7,0
44,1449,2242374,1090.4,655.0,1086.1,548.7,1088.25,601.85,0
44,1450,2242375,1090.5,655.2,1086.1,548.7,1088.3,601.95,0
44,1451,2242376,1090.6,655.7,1086.1,548.7,1088.35,602.2,0
44,1452,2242377,1090.7,656.2,1086.1,549.3,1088.4,602.75,0
44,1453,2242378,1090.7,656.6,1086.1,549.8,1088.4,603.2,0
44,1454,2242379,1090.8,657.0,1086.1,550.4,1088.45,603.7,0
44,1455,2242380,1090.9,657.4,1086.0,550.9,1088.45,604.15,0
44,1456,2242381,1090.9,657.8,1086.0,551.5,1088.45,604.65,0
44,1457,2242382,1090.9,658.2,1085.9,552.0,1088.4,605.1,0
44,1458,2242383,1091.0,658.2,1085.8,552.5,1088.4,605.35,0
44,1459,2242384,1091.0,658.2,1085.6,552.4,1088.3,605.3,0
44,1460,2242385,1091.0,658.2,1085.5,552.3,1088.25,605.25,0
44,1461,2242386,1091.0,658.2,1085.3,552.2,1088.15,605.2,0
44,1462,2242387,1091.1,658.1,1085.0,552.2,1088.05,605.15,0
44,1463,2242388,1091.1,658.0,1084.9,552.1,1088.0,605.05,0
44,1464,2242389,1091.1,657.9,1084.4,552.1,1087.75,605.0,0
44,1465,2242390,1091.1,657.8,1084.0,552.0,1087.55,604.9,0
44,1466,2242391,1091.2,657.8,1083.6,551.9,1087.4,604.85,0
45,1467,2242392,1091.3,657.8,1083.2,551.8,1087.25,604.8,0
45,1468,2242393,1091.4,657.7,1082.9,551.8,1087.15,604.75,0
45,1469,2242394,1091.6,657.8,1082.6,551.9,1087.1,604.85,0
45,1470,2242395,1091.8,657.8,1082.4,552.1,1087.1,604.95,0
45,1471,2242396,1091.8,657.7,1082.4,552.2,1087.1,604.95,0
45,1472,2242397,1091.9,657.6,1082.8,552.7,1087.35,605.15,0
45,1473,2242398,1091.9,657.6,1083.1,553.1,1087.5,605.35,0
45,1474,2242399,1091.7,657.5,1083.4,553.6,1087.55,605.55,0
45,1475,2242400,1091.6,657.5,1083.7,554.0,1087.65,605.75,0
45,1476,2242401,1091.5,657.6,1083.9,554.4,1087.7,606.0,0
45,1477,2242402,1091.5,657.7,1084.2,554.9,1087.85,606.3,0
45,1478,2242403,1091.5,657.9,1084.4,555.6,1087.95,606.75,0
45,1479,2242404,1091.5,658.2,1084.2,556.0,1087.85,607.1,0
45,1480,2242405,1091.6,658.5,1084.0,556.5,1087.8,607.5,0
45,1481,2242406,1091.7,658.9,1083.8,556.9,1087.75,607.9,0
45,1482,2242407,1091.8,659.2,1083.7,557.4,1087.75,608.3,0
45,1483,2242408,1091.9,659.5,1083.7,558.0,1087.8,608.75,0
45,1484,2242409,1092.1,659.7,1083.6,558.6,1087.85,609.15,0
45,1485,2242410,1092.4,659.9,1083.6,558.8,1088.0,609.35,0
45,1486,2242411,1092.6,660.1,1083.7,559.1,1088.15,609.6,0
45,1487,2242412,1092.9,660.0,1083.8,559.3,1088.35,609.65,0
45,1488,2242413,1093.2,659.9,1083.9,559.5,1088.55,609.7,0
45,1489,2242414,1093.4,659.7,1083.9,559.7,1088.65,609.7,0
45,1490,2242415,1093.6,659.5,1084.0,559.7,1088.8,609.6,0
45,1491,2242416,1093.7,659.0,1083.8,559.7,1088.75,609.35,0
45,1492,2242417,1093.7,658.5,1083.6,559.7,1088.65,609.1,0
45,1493,2242418,1093.6,658.1,1083.3,559.9,1088.45,609.0,0
45,1494,2242419,1093.5,657.7,1082.9,560.1,1088.2,608.9,0
45,1495,2242420,1093.5,657.4,1082.5,560.4,1088.0,608.9,0
45,1496,2242421,1093.4,657.1,1082.0,560.6,1087.7,608.85,0
45,1497,2242422,1093.4,656.8,1081.5,560.8,1087.45,608.8,0
45,1498,2242423,1093.3,656.8,1081.2,561.4,1087.25,609.1,0
45,1499,2242424,1093.3,656.7,1081.0,561.9,1087.15,609.3,0
45,1500,2242425,1093.2,656.6,1081.0,562.4,1087.1,609.5,0
46,1501,2242426,1093.2,656.6,1081.1,562.8,1087.15,609.7,0
46,1502,2242427,1093.1,656.5,1081.3,563.2,1087.2,609.85,0
46,1503,2242428,1092.9,656.4,1081.5,563.7,1087.2,610.05,0
46,1504,2242429,1092.8,656.1,1081.8,564.3,1087.3,610.2,0
46,1505,2242430,1092.6,655.9,1082.1,564.6,1087.35,610.25,0
46,1506,2242431,1092.3,655.7,1082.4,565.0,1087.35,610.35,0
46,1507,2242432,1092.0,655.4,1082.6,565.5,1087.3,610.45,0
46,1508,2242433,1091.8,655.1,1082.7,566.0,1087.25,610.55,0
46,1509,2242434,1091.6,654.8,1082.8,566.5,1087.2,610.65,0
46,1510,2242435,1091.4,654.6,1082.9,566.9,1087.15,610.75,0
46,1511,2242436,1091.5,654.2,1083.3,567.2,1087.4,610.7,0
46,1512,2242437,1091.5,653.8,1083.6,567.4,1087.55,610.6,0
46,1513,2242438,1091.8,653.5,1084.0,567.5,1087.9,610.5,0
46,1514,2242439,1092.1,653.2,1084.3,567.4,1088.2,610.3,0
46,1515,2242440,1092.3,652.9,1084.7,567.3,1088.5,610.1,0
46,1516,2242441,1092.5,652.7,1085.1,567.2,1088.8,609.95,0
46,1517,2242442,1092.7,652.5,1085.4,567.2,1089.05,609.85,0
46,1518,2242443,1092.7,652.5,1085.4,567.1,1089.05,609.8,0
46,1519,2242444,1092.7,652.4,1085.4,567.0,1089.05,609.7,0
46,1520,2242445,1092.7,652.4,1085.4,567.1,1089.05,609.75,0
46,1521,2242446,1092.7,652.2,1085.5,567.1,1089.1,609.65,0
46,1522,2242447,1092.4,652.0,1085.6,567.2,1089.0,609.6,0
46,1523,2242448,1092.2,651.7,1085.6,567.3,1088.9,609.5,0
46,1524,2242449,1091.9,651.5,1085.7,567.5,1088.8,609.5,0
46,1525,2242450,1091.7,651.4,1085.7,567.8,1088.7,609.6,0
46,1526,2242451,1091.4,651.3,1085.7,568.0,1088.55,609.65,0
46,1527,2242452,1091.2,651.1,1085.7,568.2,1088.45,609.65,0
46,1528,2242453,1091.0,650.9,1085.7,568.3,1088.35,609.6,0
46,1529,2242454,1091.0,650.8,1085.4,568.2,1088.2,609.5,0
46,1530,2242455,1091.1,650.7,1085.0,567.9,1088.05,609.3,0
46,1531,2242456,1091.2,650.5,1084.5,567.7,1087.85,609.1,0
46,1532,2242457,1091.4,650.2,1084.2,567.4,1087.8,608.8,0
46,1533,2242458,1091.5,650.0,1083.8,567.1,1087.65,608.55,0
47,1534,2242459,1091.6,649.8,1083.6,567.0,1087.6,608.4,0
47,1535,2242460,1091.7,649.8,1083.4,567.0,1087.55,608.4,0
47,1536,2242461,1091.7,649.7,1083.4,567.1,1087.55,608.4,0
47,1537,2242462,1091.8,649.7,1083.5,567.1,1087.65,608.4,0
47,1538,2242463,1091.9,649.7,1083.7,567.0,1087.8,608.35,0
47,1539,2242464,1092.0,649.7,1083.8,566.9,1087.9,608.3,0
47,1540,2242465,1092.0,649.8,1084.0,566.8,1088.0,608.3,0
47,1541,2242466,1092.1,649.8,1084.0,566.7,1088.05,608.25,0
47,1542,2242467,1092.2,650.0,1084.0,566.5,1088.1,608.25,0
47,1543,2242468,1092.2,650.2,1084.0,566.3,1088.1,608.25,0
47,1544,2242469,1092.1,650.4,1084.0,566.1,1088.05,608.25,0
47,1545,2242470,1091.9,650.6,1084.0,566.1,1087.95,608.35,0
47,1546,2242471,1091.8,650.8,1084.0,566.0,1087.9,608.4,0
47,1547,2242472,1091.6,651.0,1083.9,565.9,1087.75,608.45,0
47,1548,2242473,1091.5,651.1,1083.9,565.8,1087.7,608.45,0
47,1549,2242474,1091.3,651.0,1083.8,565.7,1087.55,608.35,0
47,1550,2242475,1091.2,650.9,1083.8,565.6,1087.5,608.25,0
47,1551,2242476,1091.2,650.7,1083.8,565.6,1087.5,608.15,0
47,1552,2242477,1091.3,650.5,1083.9,565.7,1087.6,608.1,0
47,1553,2242478,1091.5,650.2,1083.9,565.9,1087.7,608.05,0
47,1554,2242479,1091.6,650.0,1084.0,566.1,1087.8,608.05,0
47,1555,2242480,1091.7,649.8,1084.1,566.4,1087.9,608.1,0
47,1556,2242481,1091.8,649.7,1084.2,566.7,1088.0,608.2,0
47,1557,2242482,1091.9,649.6,1084.3,566.9,1088.1,608.25,0
47,1558,2242483,1092.0,649.5,1084.4,567.1,1088.2,608.3,0
47,1559,2242484,1092.0,649.5,1084.5,567.2,1088.25,608.35,0
47,1560,2242485,1091.9,649.5,1084.5,567.5,1088.2,608.5,0
47,1561,2242486,1091.6,649.7,1084.5,567.9,1088.05,608.8,0
47,1562,2242487,1091.4,649.9,1084.4,568.2,1087.9,609.05,0
47,1563,2242488,1091.1,650.1,1084.4,568.4,1087.75,609.25,0
47,1564,2242489,1090.9,650.3,1084.3,568.8,1087.6,609.55,0
47,1565,2242490,1090.6,650.4,1084.2,569.0,1087.4,609.7,0
47,1566,2242491,1090.4,650.4,1084.1,569.3,1087.25,609.85,0
48,1567,2242492,1090.2,650.4,1084.1,569.4,1087.15,609.9,0
48,1568,2242493,1090.1,650.3,1084.1,569.4,1087.1,609.85,0
48,1569,2242494,1090.1,650.2,1084.1,569.4,1087.1,609.8,0
48,1570,2242495,1090.1,650.2,1084.0,569.3,1087.05,609.75,0
48,1571,2242496,1090.3,650.2,1084.0,569.1,1087.15,609.65,0
48,1572,2242497,1090.4,650.4,1084.0,568.9,1087.2,609.65,0
48,1573,2242498,1090.4,650.7,1084.2,568.7,1087.3,609.7,0
48,1574,2242499,1090.4,651.1,1084.3,568.4,1087.35,609.75,0
48,1575,2242500,1090.3,651.4,1084.3,568.2,1087.3,609.8,0
48,1576,2242501,1090.2,651.6,1084.3,568.1,1087.25,609.85,0
48,1577,2242502,1090.0,651.9,1084.3,568.0,1087.15,609.95,0
48,1578,2242503,1089.7,652.2,1084.3,567.9,1087.0,610.05,0
48,1579,2242504,1089.5,652.4,1084.2,567.9,1086.85,610.15,0
48,1580,2242505,1089.4,652.5,1083.9,568.0,1086.65,610.25,0
48,1581,2242506,1089.5,652.6,1083.7,568.1,1086.6,610.35,0
48,1582,2242507,1089.6,652.6,1083.6,568.2,1086.6,610.4,0
48,1583,2242508,1089.7,652.7,1083.5,568.4,1086.6,610.55,0
48,1584,2242509,1089.8,652.5,1083.5,568.6,1086.65,610.55,0
48,1585,2242510,1089.7,652.4,1083.6,568.9,1086.65,610.65,0
48,1586,2242511,1089.5,652.2,1083.7,569.1,1086.6,610.65,0
48,1587,2242512,1089.3,652.0,1083.8,569.2,1086.55,610.6,0
48,1588,2242513,1089.1,651.9,1084.0,569.4,1086.55,610.65,0
48,1589,2242514,1089.1,651.7,1084.3,569.0,1086.7,610.35,0
48,1590,2242515,1089.5,651.5,1084.9,568.3,1087.2,609.9,0
48,1591,2242516,1090.1,651.2,1085.7,567.1,1087.9,609.15,0
48,1592,2242517,1091.2,650.9,1086.5,564.9,1088.85,607.9,0
48,1593,2242518,1093.0,650.1,1088.1,561.3,1090.55,605.7,0
48,1594,2242519,1094.8,648.4,1090.6,556.7,1092.7,602.55,0
48,1595,2242520,1097.5,645.7,1093.5,550.2,1095.5,597.95,0
48,1596,2242521,1100.5,642.5,1097.6,542.8,1099.05,592.65,0
48,1597,2242522,1103.6,637.8,1102.0,533.5,1102.8,585.65,0
48,1598,2242523,1106.8,632.1,1107.2,523.4,1107.0,577.75,0
48,1599,2242524,1109.7,625.4,1112.5,512.3,1111.1,568.85,0
48,1600,2242525,1111.9,617.9,1117.0,500.1,1114.45,559.0,0
49,1601,2242526,1114.1,611.1,1120.7,488.2,1117.4,549.65,0
49,1602,2242527,1115.2,604.0,1123.6,476.4,1119.4,540.2,0
49,1603,2242528,1115.6,597.1,1125.3,465.3,1120.45,531.2,0
49,1604,2242529,1115.5,590.9,1126.1,455.9,1120.8,523.4,0
49,1605,2242530,1115.0,585.3,1125.6,447.7,1120.3,516.5,0
49,1606,2242531,1114.4,580.9,1124.6,441.5,1119.5,511.2,0
49,1607,2242532,1113.8,577.8,1123.2,437.8,1118.5,507.8,0
49,1608,2242533,1113.2,575.2,1121.7,435.2,1117.45,505.2,0
49,1609,2242534,1112.6,574.0,1120.3,434.3,1116.45,504.15,0
49,1610,2242535,1112.5,573.6,1119.0,434.6,1115.75,504.1,0
49,1611,2242536,1112.7,573.9,1117.9,435.6,1115.3,504.75,0
49,1612,2242537,1113.2,574.7,1116.9,437.1,1115.05,505.9,0
49,1613,2242538,1113.7,575.5,1116.5,439.4,1115.1,507.45,0
49,1614,2242539,1114.4,576.3,1116.3,441.9,1115.35,509.1,0
49,1615,2242540,1115.0,576.8,1116.2,444.1,1115.6,510.45,0
49,1616,2242541,1115.7,577.2,1116.1,446.4,1115.9,511.8,0
49,1617,2242542,1116.3,577.3,1116.1,448.4,1116.2,512.85,0
49,1618,2242543,1116.6,577.5,1116.0,450.2,1116.3,513.85,0
49,1619,2242544,1116.5,577.8,1115.6,451.8,1116.05,514.8,0
49,1620,2242545,1116.4,578.0,1115.1,452.8,1115.75,515.4,0
49,1621,2242546,1116.3,578.4,1114.7,453.6,1115.5,516.0,0
49,1622,2242547,1116.2,578.7,1114.4,454.3,1115.3,516.5,0
49,1623,2242548,1115.9,578.8,1114.0,454.9,1114.95,516.85,0
49,1624,2242549,1115.5,579.0,1113.8,455.5,1114.65,517.25,0
49,1625,2242550,1115.0,579.1,1113.5,456.0,1114.25,517.55,0
49,1626,2242551,1114.8,579.2,1113.7,456.4,1114.25,517.8,0
49,1627,2242552,1114.6,579.3,1113.9,456.6,1114.25,517.95,0
49,1628,2242553,1114.3,579.3,1114.1,456.7,1114.2,518.0,0
49,1629,2242554,1114.1,579.3,1114.3,456.9,1114.2,518.1,0
49,1630,2242555,1114.0,579.5,1114.4,457.4,1114.2,518.45,0
49,1631,2242556,1113.9,579.7,1114.8,458.0,1114.35,518.85,0
49,1632,2242557,1113.9,579.9,1115.3,458.6,1114.6,519.25,0
49,1633,2242558,1113.9,580.1,1115.7,459.2,1114.8,519.65,0
50,1634,2242559,1113.9,580.2,1116.1,459.8,1115.0,520.0,0
50,1635,2242560,1113.9,580.4,1116.7,460.4,1115.3,520.4,0
50,1636,2242561,1114.0,580.5,1117.2,461.1,1115.6,520.8,0
50,1637,2242562,1114.0,580.6,1118.0,461.2,1116.0,520.9,0
50,1638,2242563,1114.2,580.6,1118.4,461.4,1116.3,521.0,0
50,1639,2242564,1114.4,580.7,1118.9,461.3,1116.65,521.0,0
50,1640,2242565,1114.6,581.0,1119.3,461.2,1116.95,521.1,0
50,1641,2242566,1114.8,581.2,1119.7,461.1,1117.25,521.15,0
50,1642,2242567,1115.0,581.4,1120.1,461.1,1117.55,521.25,0
50,1643,2242568,1115.1,581.6,1120.5,461.1,1117.8,521.35,0
50,1644,2242569,1115.2,581.8,1120.7,461.0,1117.95,521.4,0
50,1645,2242570,1115.1,581.9,1120.9,461.0,1118.0,521.45,0
50,1646,2242571,1115.0,582.1,1121.1,461.1,1118.05,521.6,0
50,1647,2242572,1114.8,582.1,1121.1,461.3,1117.95,521.7,0
50,1648,2242573,1114.6,582.1,1121.1,461.5,1117.85,521.8,0
50,1649,2242574,1114.4,582.1,1121.0,461.5,1117.7,521.8,0
50,1650,2242575,1114.2,582.0,1120.8,461.5,1117.5,521.75,0
50,1651,2242576,1114.0,581.9,1120.6,461.5,1117.3,521.7,0
50,1652,2242577,1113.8,581.8,1120.3,461.6,1117.05,521.7,0
50,1653,2242578,1113.7,581.7,1120.1,461.6,1116.9,521.65,0
50,1654,2242579,1113.6,581.5,1120.0,461.6,1116.8,521.55,0
50,1655,2242580,1113.5,581.1,1119.9,461.5,1116.7,521.3,0
50,1656,2242581,1113.5,580.8,1119.7,461.5,1116.6,521.15,0
50,1657,2242582,1113.5,580.4,1119.6,461.5,1116.55,520.95,0
50,1658,2242583,1113.5,580.0,1119.4,461.9,1116.45,520.95,0
50,1659,2242584,1113.6,579.6,1119.3,462.2,1116.45,520.9,0
50,1660,2242585,1113.6,579.3,1119.1,463.1,1116.35,521.2,0
50,1661,2242586,1113.8,578.9,1118.9,464.0,1116.35,521.45,0
50,1662,2242587,1113.9,578.8,1118.8,464.9,1116.35,521.85,0
50,1663,2242588,1114.0,578.7,1118.7,466.3,1116.35,522.5,0
50,1664,2242589,1114.1,578.5,1118.6,467.6,1116.35,523.05,0
50,1665,2242590,1114.1,578.2,1118.4,468.6,1116.25,523.4,0
50,1666,2242591,1114.1,577.9,1118.3,469.7,1116.2,523.8,0
51,1667,2242592,1114.1,577.7,1117.9,470.2,1116.0,523.95,0
51,1668,2242593,1114.1,577.3,1117.6,470.8,1115.85,524.05,0
51,1669,2242594,1114.2,576.9,1117.3,471.5,1115.75,524.2,0
51,1670,2242595,1114.3,576.6,1117.2,471.9,1115.75,524.25,0
51,1671,2242596,1114.4,576.3,1117.0,472.3,1115.7,524.3,0
51,1672,2242597,1114.5,576.0,1116.9,473.0,1115.7,524.5,0
51,1673,2242598,1114.7,575.8,1116.8,473.7,1115.75,524.75,0
51,1674,2242599,1114.8,575.6,1117.0,474.7,1115.9,525.15,0
51,1675,2242600,1114.8,575.5,1117.2,475.6,1116.0,525.55,0
51,1676,2242601,1114.8,575.3,1117.5,476.5,1116.15,525.9,0
51,1677,2242602,1114.8,574.8,1117.5,477.1,1116.15,525.95,0
51,1678,2242603,1114.8,574.4,1117.6,477.7,1116.2,526.05,0
51,1679,2242604,1114.8,574.0,1117.5,477.9,1116.15,525.95,0
51,1680,2242605,1114.8,573.4,1117.4,478.1,1116.1,525.75,0
51,1681,2242606,1114.8,572.8,1117.3,478.1,1116.05,525.45,0
51,1682,2242607,1114.9,572.3,1117.1,478.3,1116.0,525.3,0
51,1683,2242608,1114.9,572.0,1116.9,478.5,1115.9,525.25,0
51,1684,2242609,1114.9,572.0,1116.8,478.7,1115.85,525.35,0
51,1685,2242610,1115.0,571.9,1116.7,479.0,1115.85,525.45,0
51,1686,2242611,1115.1,571.9,1116.8,479.3,1115.95,525.6,0
51,1687,2242612,1115.2,572.0,1117.0,479.6,1116.1,525.8,0
51,1688,2242613,1115.1,572.0,1117.1,480.2,1116.1,526.1,0
51,1689,2242614,1114.9,571.9,1117.2,480.9,1116.05,526.4,0
51,1690,2242615,1114.7,571.8,1117.3,481.4,1116.0,526.6,0
51,1691,2242616,1114.4,571.5,1117.4,481.9,1115.9,526.7,0
51,1692,2242617,1114.0,571.2,1117.5,482.5,1115.75,526.85,0
51,1693,2242618,1113.6,570.9,1117.5,483.1,1115.55,527.0,0
51,1694,2242619,1113.3,570.7,1117.5,484.0,1115.4,527.35,0
51,1695,2242620,1113.1,570.6,1117.5,484.6,1115.3,527.6,0
51,1696,2242621,1113.0,570.5,1117.5,485.1,1115.25,527.8,0
51,1697,2242622,1112.9,570.3,1117.5,485.8,1115.2,528.05,0
51,1698,2242623,1112.9,570.0,1117.5,486.4,1115.2,528.2,0
51,1699,2242624,1112.9,569.8,1117.5,487.0,1115.2,528.4,0
51,1700,2242625,1112.9,569.5,1117.6,487.8,1115.25,528.65,0
52,1701,2242626,1113.1,569.2,1117.6,488.3,1115.35,528.75,0
52,1702,2242627,1113.2,568.9,1117.6,488.9,1115.4,528.9,0
52,1703,2242628,1113.4,568.6,1117.1,489.2,1115.25,528.9,0
52,1704,2242629,1113.5,568.4,1116.5,489.4,1115.0,528.9,0
52,1705,2242630,1113.6,568.4,1116.0,489.6,1114.8,529.0,0
52,1706,2242631,1113.8,568.3,1115.5,489.8,1114.65,529.05,0
52,1707,2242632,1113.9,568.1,1114.9,489.8,1114.4,528.95,0
52,1708,2242633,1113.9,567.9,1114.3,489.8,1114.1,528.85,0
52,1709,2242634,1114.0,567.6,1113.8,489.7,1113.9,528.65,0
52,1710,2242635,1114.1,567.1,1113.7,489.7,1113.9,528.4,0
52,1711,2242636,1114.2,566.5,1113.7,489.6,1113.95,528.05,0
52,1712,2242637,1114.3,566.0,1113.7,489.5,1114.0,527.75,0
52,1713,2242638,1114.4,565.4,1113.6,489.2,1114.0,527.3,0
52,1714,2242639,1114.5,565.0,1113.6,488.7,1114.05,526.85,0
52,1715,2242640,1114.6,564.7,1113.7,488.3,1114.15,526.5,0
52,1716,2242641,1114.6,564.4,1114.0,487.9,1114.3,526.15,0
52,1717,2242642,1114.6,564.2,1114.4,487.5,1114.5,525.85,0
52,1718,2242643,1114.5,564.2,1114.7,487.3,1114.6,525.75,0
52,1719,2242644,1114.4,564.1,1115.1,487.0,1114.75,525.55,0
52,1720,2242645,1114.2,564.1,1115.6,486.8,1114.9,525.45,0
52,1721,2242646,1114.0,564.1,1116.3,486.9,1115.15,525.5,0
52,1722,2242647,1113.7,564.2,1117.0,486.8,1115.35,525.5,0
52,1723,2242648,1113.5,564.3,1117.5,486.6,1115.5,525.45,0
52,1724,2242649,1113.3,564.4,1117.9,486.5,1115.6,525.45,0
52,1725,2242650,1112.9,564.6,1118.4,486.4,1115.65,525.5,0
52,1726,2242651,1112.5,564.8,1118.9,486.2,1115.7,525.5,0
52,1727,2242652,1112.2,565.1,1119.4,486.1,1115.8,525.6,0
52,1728,2242653,1111.9,565.3,1119.6,486.0,1115.75,525.65,0
52,1729,2242654,1111.8,565.4,1119.8,485.8,1115.8,525.6,0
52,1730,2242655,1111.7,565.6,1120.0,485.8,1115.85,525.7,0
52,1731,2242656,1111.7,565.6,1120.3,485.7,1116.0,525.65,0
52,1732,2242657,1112.0,565.4,1120.4,485.5,1116.2,525.45,0
52,1733,2242658,1112.3,565.2,1120.3,485.0,1116.3,525.1,0
53,1734,2242659,1112.6,565.0,1119.8,484.6,1116.2,524.8,0
53,1735,2242660,1112.9,564.7,1119.4,484.0,1116.15,524.35,0
53,1736,2242661,1113.1,564.7,1118.9,483.4,1116.0,524.05,0
53,1737,2242662,1113.4,564.6,1117.9,482.9,1115.65,523.75,0
53,1738,2242663,1113.6,564.8,1116.9,482.0,1115.25,523.4,0
53,1739,2242664,1113.8,565.1,1116.0,481.2,1114.9,523.15,0
53,1740,2242665,1114.1,565.5,1115.1,480.6,1114.6,523.05,0
53,1741,2242666,1114.3,565.8,1114.5,480.0,1114.4,522.9,0
53,1742,2242667,1114.6,566.3,1113.9,479.6,1114.25,522.95,0
53,1743,2242668,1115.0,566.6,1113.3,479.2,1114.15,522.9,0
53,1744,2242669,1115.1,566.9,1113.2,478.7,1114.15,522.8,0
53,1745,2242670,1115.2,567.0,1113.1,478.7,1114.15,522.85,0
53,1746,2242671,1115.2,567.1,1113.2,478.6,1114.2,522.85,0
53,1747,2242672,1115.1,567.2,1113.4,478.5,1114.25,522.85,0
53,1748,2242673,1115.1,567.3,1113.9,478.2,1114.5,522.75,0
53,1749,2242674,1114.9,567.3,1114.4,477.8,1114.65,522.55,0
53,1750,2242675,1114.6,567.3,1115.2,477.4,1114.9,522.35,0
53,1751,2242676,1114.5,567.2,1116.0,477.0,1115.25,522.1,0
53,1752,2242677,1114.4,567.0,1116.9,476.6,1115.65,521.8,0
53,1753,2242678,1114.4,566.8,1117.7,475.9,1116.05,521.35,0
53,1754,2242679,1114.3,566.6,1118.6,475.3,1116.45,520.95,0
53,1755,2242680,1114.3,566.4,1119.4,474.8,1116.85,520.6,0
53,1756,2242681,1114.3,566.1,1120.4,474.5,1117.35,520.3,0
53,1757,2242682,1114.3,566.0,1121.0,474.1,1117.65,520.05,0
53,1758,2242683,1114.4,565.8,1121.7,473.5,1118.05,519.65,0
53,1759,2242684,1114.5,565.8,1122.1,472.9,1118.3,519.35,0
53,1760,2242685,1114.7,566.0,1122.5,472.6,1118.6,519.3,0
53,1761,2242686,1114.9,566.2,1122.4,472.3,1118.65,519.25,0
53,1762,2242687,1115.2,566.4,1122.3,472.0,1118.75,519.2,0
53,1763,2242688,1115.6,566.6,1121.8,471.8,1118.7,519.2,0
53,1764,2242689,1115.9,566.8,1121.3,471.6,1118.6,519.2,0
53,1765,2242690,1116.3,567.0,1120.7,471.5,1118.5,519.25,0
53,1766,2242691,1116.5,567.3,1119.7,471.3,1118.1,519.3,0
54,1767,2242692,1116.6,567.4,1118.4,471.0,1117.5,519.2,0
54,1768,2242693,1116.6,567.5,1117.3,470.5,1116.95,519.0,0
54,1769,2242694,1116.4,567.6,1116.2,469.9,1116.3,518.75,0
54,1770,2242695,1116.2,567.7,1115.2,469.3,1115.7,518.5,0
54,1771,2242696,1116.0,567.8,1114.4,468.8,1115.2,518.3,0
54,1772,2242697,1115.9,567.8,1113.7,468.4,1114.8,518.1,0
54,1773,2242698,1115.8,567.8,1113.6,468.2,1114.7,518.0,0
54,1774,2242699,1115.7,567.8,1113.8,468.0,1114.75,517.9,0
54,1775,2242700,1115.7,567.9,1114.4,468.0,1115.05,517.95,0
54,1776,2242701,1115.6,568.0,1115.1,468.1,1115.35,518.05,0
54,1777,2242702,1115.6,568.1,1115.8,468.1,1115.7,518.1,0
54,1778,2242703,1115.5,568.3,1117.1,468.0,1116.3,518.15,0
54,1779,2242704,1115.5,568.5,1118.3,467.9,1116.9,518.2,0
54,1780,2242705,1115.4,568.7,1119.4,467.6,1117.4,518.15,0
54,1781,2242706,1115.4,568.8,1120.5,467.2,1117.95,518.0,0
54,1782,2242707,1115.3,568.8,1121.2,466.9,1118.25,517.85,0
54,1783,2242708,1115.4,568.8,1121.9,466.5,1118.65,517.65,0
54,1784,2242709,1115.5,568.8,1122.6,466.1,1119.05,517.45,0
54,1785,2242710,1115.7,568.7,1122.8,465.8,1119.25,517.25,0
54,1786,2242711,1116.0,568.5,1123.0,465.5,1119.5,517.0,0
54,1787,2242712,1116.2,568.2,1123.2,465.5,1119.7,516.85,0
54,1788,2242713,1116.5,568.0,1123.4,465.5,1119.95,516.75,0
54,1789,2242714,1116.7,567.9,1123.5,465.4,1120.1,516.65,0
54,1790,2242715,1116.8,567.8,1123.5,465.3,1120.15,516.55,0
54,1791,2242716,1116.9,567.7,1123.3,465.3,1120.1,516.5,0
54,1792,2242717,1116.9,567.6,1123.0,465.3,1119.95,516.45,0
54,1793,2242718,1116.9,567.7,1122.6,465.2,1119.75,516.45,0
54,1794,2242719,1116.8,567.7,1122.1,465.0,1119.45,516.35,0
54,1795,2242720,1116.7,567.8,1121.5,464.8,1119.1,516.3,0
54,1796,2242721,1116.6,567.8,1121.0,464.7,1118.8,516.25,0
54,1797,2242722,1116.6,567.8,1120.5,464.7,1118.55,516.25,0
54,1798,2242723,1116.5,567.8,1119.9,464.9,1118.2,516.35,0
54,1799,2242724,1116.5,567.9,1119.5,465.1,1118.0,516.5,0
54,1800,2242725,1116.4,568.1,1119.2,465.4,1117.8,516.75,0
55,1801,2242726,1116.3,568.3,1119.0,465.6,1117.65,516.95,0
55,1802,2242727,1116.2,568.5,1118.9,465.6,1117.55,517.05,0
55,1803,2242728,1116.1,568.6,1118.8,465.5,1117.45,517.05,0
55,1804,2242729,1116.0,568.6,1119.4,465.1,1117.7,516.85,0
55,1805,2242730,1116.0,568.6,1120.0,464.4,1118.0,516.5,0
55,1806,2242731,1116.0,568.3,1120.6,463.7,1118.3,516.0,0
55,1807,2242732,1116.3,567.9,1121.3,463.1,1118.8,515.5,0
55,1808,2242733,1116.5,567.6,1122.0,462.5,1119.25,515.05,0
55,1809,2242734,1116.8,567.3,1122.8,462.2,1119.8,514.75,0
55,1810,2242735,1117.1,567.2,1123.9,462.0,1120.5,514.6,0
55,1811,2242736,1117.4,567.1,1124.5,462.1,1120.95,514.6,0
55,1812,2242737,1117.6,567.0,1125.1,462.4,1121.35,514.7,0
55,1813,2242738,1117.9,567.2,1125.8,462.8,1121.85,515.0,0
55,1814,2242739,1117.9,567.4,1126.3,463.1,1122.1,515.25,0
55,1815,2242740,1118.0,567.6,1126.9,463.4,1122.45,515.5,0
55,1816,2242741,1118.0,567.8,1127.2,463.7,1122.6,515.75,0
55,1817,2242742,1118.0,567.9,1127.3,463.9,1122.65,515.9,0
55,1818,2242743,1117.8,568.0,1127.3,464.0,1122.55,516.0,0
55,1819,2242744,1117.6,568.0,1126.9,464.0,1122.25,516.0,0
55,1820,2242745,1117.4,568.2,1126.4,464.0,1121.9,516.1,0
55,1821,2242746,1117.2,568.4,1125.7,464.2,1121.45,516.3,0
55,1822,2242747,1116.9,568.5,1125.0,464.3,1120.95,516.4,0
55,1823,2242748,1116.7,568.7,1124.4,464.5,1120.55,516.6,0
55,1824,2242749,1116.4,568.8,1123.7,464.6,1120.05,516.7,0
55,1825,2242750,1116.3,568.8,1122.9,464.6,1119.6,516.7,0
55,1826,2242751,1116.3,568.8,1122.5,464.7,1119.4,516.75,0
55,1827,2242752,1116.2,568.8,1122.1,464.7,1119.15,516.75,0
55,1828,2242753,1116.3,568.7,1122.1,464.7,1119.2,516.7,0
55,1829,2242754,1116.5,568.7,1122.2,464.7,1119.35,516.7,0
55,1830,2242755,1116.8,568.6,1122.8,464.8,1119.8,516.7,0
55,1831,2242756,1117.2,568.6,1123.5,464.8,1120.35,516.7,0
55,1832,2242757,1117.5,568.7,1124.3,464.9,1120.9,516.8,0
55,1833,2242758,1117.8,568.9,1125.4,464.9,1121.6,516.9,0
56,1834,2242759,1118.1,569.3,1126.6,465.0,1122.35,517.15,0
56,1835,2242760,1118.3,569.8,1127.7,465.0,1123.0,517.4,0
56,1836,2242761,1118.5,570.3,1128.8,465.1,1123.65,517.7,0
56,1837,2242762,1118.8,570.9,1129.5,465.2,1124.15,518.05,0
56,1838,2242763,1119.0,571.5,1130.1,465.3,1124.55,518.4,0
56,1839,2242764,1119.2,571.9,1130.7,465.4,1124.95,518.65,0
56,1840,2242765,1119.4,572.6,1131.0,465.5,1125.2,519.05,0
56,1841,2242766,1119.6,573.2,1131.0,465.5,1125.3,519.35,0
56,1842,2242767,1119.6,573.8,1130.6,465.5,1125.1,519.65,0
56,1843,2242768,1119.6,574.2,1130.3,465.4,1124.95,519.8,0
56,1844,2242769,1119.0,574.5,1129.9,465.2,1124.45,519.85,0
56,1845,2242770,1118.4,574.5,1129.3,465.1,1123.85,519.8,0
56,1846,2242771,1117.9,574.6,1128.6,465.0,1123.25,519.8,0
56,1847,2242772,1117.4,574.5,1127.9,465.0,1122.65,519.75,0
56,1848,2242773,1117.1,574.2,1127.5,465.4,1122.3,519.8,0
56,1849,2242774,1117.2,574.3,1127.1,465.8,1122.15,520.05,0
56,1850,2242775,1117.4,574.5,1126.8,466.2,1122.1,520.35,0
56,1851,2242776,1117.9,574.8,1126.5,466.5,1122.2,520.65,0
56,1852,2242777,1118.3,575.3,1126.3,466.8,1122.3,521.05,0
56,1853,2242778,1118.8,576.1,1126.4,467.0,1122.6,521.55,0
56,1854,2242779,1119.2,576.9,1126.6,467.1,1122.9,522.0,0
56,1855,2242780,1119.5,577.8,1127.1,467.0,1123.3,522.4,0
56,1856,2242781,1119.5,578.2,1127.7,466.8,1123.6,522.5,0
56,1857,2242782,1119.4,578.7,1128.6,466.7,1124.0,522.7,0
56,1858,2242783,1119.4,579.1,1129.5,466.6,1124.45,522.85,0
56,1859,2242784,1119.2,579.5,1130.4,466.5,1124.8,523.0,0
56,1860,2242785,1119.1,579.6,1131.3,466.5,1125.2,523.05,0
56,1861,2242786,1119.0,579.7,1132.2,466.5,1125.6,523.1,0
56,1862,2242787,1118.8,579.8,1132.7,466.5,1125.75,523.15,0
56,1863,2242788,1118.7,579.9,1133.2,466.4,1125.95,523.15,0
56,1864,2242789,1118.7,579.9,1133.2,466.4,1125.95,523.15,0
56,1865,2242790,1118.7,580.2,1133.2,466.4,1125.95,523.3,0
56,1866,2242791,1118.9,580.4,1133.1,466.4,1126.0,523.4,0
57,1867,2242792,1119.0,580.9,1133.0,466.5,1126.0,523.7,0
57,1868,2242793,1119.2,581.3,1132.6,466.6,1125.9,523.95,0
57,1869,2242794,1119.3,581.8,1132.2,466.9,1125.75,524.35,0
57,1870,2242795,1119.4,582.2,1131.8,467.2,1125.6,524.7,0
57,1871,2242796,1119.5,582.7,1131.5,467.6,1125.5,525.15,0
57,1872,2242797,1119.5,583.1,1131.1,467.9,1125.3,525.5,0
57,1873,2242798,1119.6,583.5,1130.8,468.2,1125.2,525.85,0
57,1874,2242799,1119.7,583.8,1130.5,468.5,1125.1,526.15,0
57,1875,2242800,1119.7,584.2,1130.4,468.8,1125.05,526.5,0
57,1876,2242801,1119.8,584.5,1130.4,468.8,1125.1,526.65,0
57,1877,2242802,1119.8,584.8,1130.4,468.8,1125.1,526.8,0
57,1878,2242803,1119.8,585.1,1130.7,468.7,1125.25,526.9,0
57,1879,2242804,1119.7,585.3,1131.0,468.5,1125.35,526.9,0
57,1880,2242805,1119.6,585.6,1131.5,468.3,1125.55,526.95,0
57,1881,2242806,1119.4,585.9,1131.9,467.9,1125.65,526.9,0
57,1882,2242807,1119.2,586.1,1132.7,467.4,1125.95,526.75,0
57,1883,2242808,1119.0,586.6,1133.5,467.0,1126.25,526.8,0
57,1884,2242809,1118.9,587.1,1134.2,466.5,1126.55,526.8,0
57,1885,2242810,1118.8,587.8,1134.7,466.2,1126.75,527.0,0
57,1886,2242811,1118.7,588.7,1135.2,465.8,1126.95,527.25,0
57,1887,2242812,1118.7,589.6,1135.4,465.4,1127.05,527.5,0
57,1888,2242813,1118.7,590.2,1135.6,465.1,1127.15,527.65,0
57,1889,2242814,1118.7,590.8,1135.5,464.9,1127.1,527.85,0
57,1890,2242815,1118.8,591.2,1135.2,464.8,1127.0,528.0,0
57,1891,2242816,1118.8,591.6,1134.7,464.7,1126.75,528.15,0
57,1892,2242817,1118.9,591.8,1134.3,464.6,1126.6,528.2,0
57,1893,2242818,1119.0,591.7,1133.8,464.5,1126.4,528.1,0
57,1894,2242819,1119.1,591.6,1133.4,464.4,1126.25,528.0,0
57,1895,2242820,1119.2,591.4,1132.8,464.4,1126.0,527.9,0
57,1896,2242821,1119.3,591.3,1132.4,464.4,1125.85,527.85,0
57,1897,2242822,1119.3,591.1,1132.0,464.3,1125.65,527.7,0
57,1898,2242823,1119.4,590.9,1131.8,464.7,1125.6,527.8,0
57,1899,2242824,1119.4,590.8,1131.6,465.1,1125.5,527.95,0
57,1900,2242825,1119.4,590.8,1131.7,465.6,1125.55,528.2,0
58,1901,2242826,1119.4,590.8,1131.7,466.1,1125.55,528.45,0
58,1902,2242827,1119.4,590.7,1131.9,466.7,1125.65,528.7,0
58,1903,2242828,1119.3,590.7,1132.1,467.2,1125.7,528.95,0
58,1904,2242829,1119.3,590.7,1132.3,467.8,1125.8,529.25,0
58,1905,2242830,1119.2,590.7,1132.6,468.1,1125.9,529.4,0
58,1906,2242831,1119.1,590.7,1132.9,468.6,1126.0,529.65,0
58,1907,2242832,1119.0,590.8,1133.2,469.0,1126.1,529.9,0
58,1908,2242833,1118.9,590.9,1133.7,469.4,1126.3,530.15,0
58,1909,2242834,1118.9,591.0,1134.3,469.6,1126.6,530.3,0
58,1910,2242835,1118.8,591.1,1134.9,469.6,1126.85,530.35,0
58,1911,2242836,1118.7,591.2,1135.5,469.6,1127.1,530.4,0
58,1912,2242837,1118.7,591.3,1136.1,469.5,1127.4,530.4,0
58,1913,2242838,1118.8,591.4,1136.6,469.2,1127.7,530.3,0
58,1914,2242839,1119.0,591.2,1136.8,468.8,1127.9,530.0,0
58,1915,2242840,1119.2,590.9,1136.9,468.3,1128.05,529.6,0
58,1916,2242841,1119.5,590.6,1136.7,468.0,1128.1,529.3,0
58,1917,2242842,1119.9,590.3,1136.2,467.6,1128.05,528.95,0
58,1918,2242843,1120.2,589.8,1135.7,467.2,1127.95,528.5,0
58,1919,2242844,1120.5,589.3,1135.3,466.9,1127.9,528.1,0
58,1920,2242845,1120.7,588.8,1134.8,466.6,1127.75,527.7,0
58,1921,2242846,1120.9,588.8,1134.3,466.4,1127.6,527.6,0
58,1922,2242847,1121.0,588.7,1133.9,466.4,1127.45,527.55,0
58,1923,2242848,1121.1,588.5,1133.5,466.4,1127.3,527.45,0
58,1924,2242849,1121.1,588.4,1133.4,466.4,1127.25,527.4,0
58,1925,2242850,1121.3,588.4,1133.3,466.4,1127.3,527.4,0
58,1926,2242851,1121.5,588.4,1133.1,466.4,1127.3,527.4,0
58,1927,2242852,1121.7,588.3,1132.5,466.3,1127.1,527.3,0
58,1928,2242853,1121.8,588.1,1132.0,466.3,1126.9,527.2,0
58,1929,2242854,1121.6,588.0,1131.6,466.4,1126.6,527.2,0
58,1930,2242855,1121.3,587.9,1131.2,466.8,1126.25,527.35,0
58,1931,2242856,1121.1,587.8,1130.8,467.1,1125.95,527.45,0
58,1932,2242857,1120.6,587.7,1130.3,467.5,1125.45,527.6,0
58,1933,2242858,1120.0,587.4,1130.0,467.8,1125.0,527.6,0
59,1934,2242859,1119.4,587.1,1130.2,468.2,1124.8,527.65,0
59,1935,2242860,1118.7,586.8,1130.6,468.5,1124.65,527.65,0
59,1936,2242861,1118.4,586.5,1131.2,468.7,1124.8,527.6,0
59,1937,2242862,1118.0,586.1,1131.9,468.7,1124.95,527.4,0
59,1938,2242863,1117.7,585.9,1132.7,468.8,1125.2,527.35,0
59,1939,2242864,1117.3,585.4,1133.6,469.0,1125.45,527.2,0
59,1940,2242865,1117.1,585.1,1134.4,469.1,1125.75,527.1,0
59,1941,2242866,1116.8,584.8,1135.1,469.2,1125.95,527.0,0
59,1942,2242867,1116.7,584.3,1135.6,469.4,1126.15,526.85,0
59,1943,2242868,1116.6,583.9,1136.0,469.5,1126.3,526.7,0
59,1944,2242869,1116.5,583.4,1136.2,469.6,1126.35,526.5,0
59,1945,2242870,1116.4,582.9,1136.1,469.6,1126.25,526.25,0
59,1946,2242871,1116.5,582.5,1136.1,469.5,1126.3,526.0,0
59,1947,2242872,1116.6,582.1,1135.8,469.4,1126.2,525.75,0
59,1948,2242873,1116.6,581.8,1135.4,469.3,1126.0,525.55,0
59,1949,2242874,1116.7,581.7,1135.0,469.2,1125.85,525.45,0
59,1950,2242875,1116.9,581.6,1134.7,469.2,1125.8,525.4,0
59,1951,2242876,1117.0,581.5,1134.3,469.0,1125.65,525.25,0
59,1952,2242877,1117.3,581.5,1134.0,468.9,1125.65,525.2,0
59,1953,2242878,1117.5,581.5,1133.6,468.6,1125.55,525.05,0
59,1954,2242879,1117.7,581.5,1133.4,468.3,1125.55,524.9,0
59,1955,2242880,1117.9,581.5,1133.1,468.0,1125.5,524.75,0
59,1956,2242881,1118.0,581.6,1132.7,467.7,1125.35,524.65,0
59,1957,2242882,1118.1,581.8,1132.2,467.4,1125.15,524.6,0
59,1958,2242883,1118.1,582.0,1131.8,467.2,1124.95,524.6,0
59,1959,2242884,1118.1,582.3,1131.3,466.9,1124.7,524.6,0
59,1960,2242885,1118.1,582.5,1131.0,466.9,1124.55,524.7,0
59,1961,2242886,1118.0,582.7,1130.7,466.9,1124.35,524.8,0
59,1962,2242887,1117.9,582.9,1130.5,467.0,1124.2,524.95,0
59,1963,2242888,1117.7,583.0,1130.3,467.1,1124.0,525.05,0
59,1964,2242889,1117.5,583.0,1130.2,467.1,1123.85,525.05,0
59,1965,2242890,1117.4,582.9,1130.1,467.3,1123.75,525.1,0
59,1966,2242891,1117.2,582.9,1130.0,467.4,1123.6,525.15,0
60,1967,2242892,1117.1,583.0,1129.9,467.6,1123.5,525.3,0
60,1968,2242893,1117.0,583.2,1129.9,467.9,1123.45,525.55,0
60,1969,2242894,1117.0,583.5,1129.9,468.2,1123.45,525.85,0
60,1970,2242895,1117.1,583.8,1130.0,468.5,1123.55,526.15,0
60,1971,2242896,1117.3,584.2,1130.2,468.9,1123.75,526.55,0
60,1972,2242897,1117.4,584.5,1130.4,469.6,1123.9,527.05,0
60,1973,2242898,1117.5,584.9,1130.7,470.2,1124.1,527.55,0
60,1974,2242899,1117.6,585.1,1131.1,470.9,1124.35,528.0,0
60,1975,2242900,1117.7,585.3,1131.8,471.4,1124.75,528.35,0
60,1976,2242901,1117.8,585.2,1132.4,471.9,1125.1,528.55,0
60,1977,2242902,1117.8,585.1,1133.1,472.4,1125.45,528.75,0
60,1978,2242903,1117.8,584.8,1133.7,472.5,1125.75,528.65,0
60,1979,2242904,1117.5,584.6,1134.2,472.4,1125.85,528.5,0
60,1980,2242905,1117.3,584.3,1134.6,472.2,1125.95,528.25,0
60,1981,2242906,1117.0,584.0,1135.1,471.9,1126.05,527.95,0
60,1982,2242907,1116.7,583.7,1135.2,471.7,1125.95,527.7,0
60,1983,2242908,1116.4,583.5,1135.3,471.4,1125.85,527.45,0
60,1984,2242909,1116.1,583.4,1135.4,471.1,1125.75,527.25,0
60,1985,2242910,1116.0,583.4,1135.5,470.8,1125.75,527.1,0
60,1986,2242911,1116.0,583.4,1135.6,470.6,1125.8,527.0,0
60,1987,2242912,1116.0,583.4,1135.6,470.4,1125.8,526.9,0
60,1988,2242913,1116.0,583.4,1135.7,470.2,1125.85,526.8,0
60,1989,2242914,1115.9,583.4,1135.7,469.9,1125.8,526.65,0
60,1990,2242915,1115.9,583.4,1135.7,469.7,1125.8,526.55,0
60,1991,2242916,1115.8,583.4,1135.7,469.4,1125.75,526.4,0
60,1992,2242917,1115.7,583.5,1135.7,469.3,1125.7,526.4,0
60,1993,2242918,1115.6,583.5,1135.6,469.2,1125.6,526.35,0
60,1994,2242919,1115.5,583.6,1135.4,469.2,1125.45,526.4,0
60,1995,2242920,1115.4,583.8,1135.3,469.1,1125.35,526.45,0
60,1996,2242921,1115.3,583.9,1135.1,469.1,1125.2,526.5,0
60,1997,2242922,1115.3,584.0,1134.9,469.0,1125.1,526.5,0
60,1998,2242923,1115.3,584.0,1134.7,468.8,1125.0,526.4,0
60,1999,2242924,1115.3,584.0,1134.2,468.3,1124.75,526.15,0
60,2000,2242925,1115.2,584.0,1133.7,467.9,1124.45,525.95,0
61,2001,2242926,1115.0,584.0,1133.2,467.4,1124.1,525.7,0
61,2002,2242927,1114.7,584.1,1132.6,467.0,1123.65,525.55,0
61,2003,2242928,1114.5,584.1,1132.1,466.6,1123.3,525.35,0
61,2004,2242929,1114.3,584.1,1131.6,466.3,1122.95,525.2,0
61,2005,2242930,1114.2,584.2,1131.1,466.2,1122.65,525.2,0
61,2006,2242931,1114.2,584.2,1130.9,466.2,1122.55,525.2,0
61,2007,2242932,1114.2,584.1,1130.8,466.4,1122.5,525.25,0
61,2008,2242933,1114.4,584.0,1130.6,466.5,1122.5,525.25,0
61,2009,2242934,1114.6,583.9,1130.4,466.7,1122.5,525.3,0
61,2010,2242935,1114.6,583.8,1130.1,467.1,1122.35,525.45,0
61,2011,2242936,1114.3,583.8,1129.8,467.5,1122.05,525.65,0
61,2012,2242937,1113.9,583.7,1129.5,468.0,1121.7,525.85,0
61,2013,2242938,1113.6,583.8,1129.2,468.3,1121.4,526.05,0
61,2014,2242939,1113.2,584.0,1128.9,468.6,1121.05,526.3,0
61,2015,2242940,1112.9,584.3,1128.6,468.9,1120.75,526.6,0
61,2016,2242941,1112.7,584.6,1128.6,469.2,1120.65,526.9,0
61,2017,2242942,1112.8,584.8,1128.5,469.3,1120.65,527.05,0
61,2018,2242943,1113.0,585.1,1128.6,469.5,1120.8,527.3,0
61,2019,2242944,1113.2,585.3,1128.7,469.7,1120.95,527.5,0
61,2020,2242945,1113.4,585.4,1128.8,470.0,1121.1,527.7,0
61,2021,2242946,1113.6,585.6,1129.0,470.3,1121.3,527.95,0
61,2022,2242947,1113.7,585.6,1129.1,470.7,1121.4,528.15,0
61,2023,2242948,1113.8,585.7,1129.2,471.1,1121.5,528.4,0
61,2024,2242949,1113.8,585.8,1129.5,471.4,1121.65,528.6,0
61,2025,2242950,1113.8,585.9,1129.8,471.5,1121.8,528.7,0
61,2026,2242951,1113.8,586.0,1130.2,471.6,1122.0,528.8,0
61,2027,2242952,1113.9,586.2,1130.6,471.8,1122.25,529.0,0
61,2028,2242953,1113.9,586.3,1130.9,471.9,1122.4,529.1,0
61,2029,2242954,1113.9,586.5,1131.3,471.9,1122.6,529.2,0
61,2030,2242955,1114.0,586.6,1131.7,472.0,1122.85,529.3,0
61,2031,2242956,1114.0,586.7,1131.9,472.0,1122.95,529.35,0
61,2032,2242957,1114.0,586.8,1132.1,472.0,1123.05,529.4,0
61,2033,2242958,1114.0,586.9,1132.3,472.0,1123.15,529.45,0
62,2034,2242959,1113.9,587.1,1132.4,472.1,1123.15,529.6,0
62,2035,2242960,1113.8,587.2,1132.6,472.2,1123.2,529.7,0
62,2036,2242961,1113.7,587.3,1132.8,472.2,1123.25,529.75,0
62,2037,2242962,1113.5,587.7,1133.0,472.3,1123.25,530.0,0
62,2038,2242963,1113.5,588.1,1133.3,472.4,1123.4,530.25,0
62,2039,2242964,1113.4,588.5,1133.4,472.4,1123.4,530.45,0
62,2040,2242965,1113.4,588.8,1133.5,472.4,1123.45,530.6,0
62,2041,2242966,1113.4,589.2,1133.6,472.3,1123.5,530.75,0
62,2042,2242967,1113.4,589.5,1133.7,472.2,1123.55,530.85,0
62,2043,2242968,1113.4,589.8,1133.7,472.0,1123.55,530.9,0
62,2044,2242969,1113.4,589.9,1133.8,471.5,1123.6,530.7,0
62,2045,2242970,1113.3,589.9,1133.8,471.0,1123.55,530.45,0
62,2046,2242971,1113.3,590.1,1133.7,470.6,1123.5,530.35,0
62,2047,2242972,1113.2,590.2,1133.7,470.2,1123.45,530.2,0
62,2048,2242973,1113.2,590.4,1133.6,470.0,1123.4,530.2,0
62,2049,2242974,1113.2,590.6,1133.6,469.7,1123.4,530.15,0
62,2050,2242975,1113.3,590.7,1133.3,469.6,1123.3,530.15,0
62,2051,2242976,1113.3,591.0,1133.1,469.7,1123.2,530.35,0
62,2052,2242977,1113.4,591.2,1132.8,469.8,1123.1,530.5,0
62,2053,2242978,1113.4,591.5,1132.6,469.8,1123.0,530.65,0
62,2054,2242979,1113.4,591.6,1132.5,469.8,1122.95,530.7,0
62,2055,2242980,1113.4,591.7,1132.2,469.9,1122.8,530.8,0
62,2056,2242981,1113.4,591.9,1131.8,469.9,1122.6,530.9,0
62,2057,2242982,1113.3,592.0,1131.7,470.0,1122.5,531.0,0
62,2058,2242983,1113.2,592.0,1131.6,470.1,1122.4,531.05,0
62,2059,2242984,1113.2,592.0,1131.4,470.3,1122.3,531.15,0
62,2060,2242985,1113.2,592.0,1131.3,470.3,1122.25,531.15,0
62,2061,2242986,1113.3,592.0,1131.1,470.2,1122.2,531.1,0
62,2062,2242987,1113.4,592.0,1131.1,470.0,1122.25,531.0,0
62,2063,2242988,1113.4,592.0,1131.1,469.9,1122.25,530.95,0
62,2064,2242989,1113.3,591.8,1131.1,469.9,1122.2,530.85,0
62,2065,2242990,1113.3,591.7,1131.1,469.9,1122.2,530.8,0
62,2066,2242991,1113.2,591.5,1131.1,470.0,1122.15,530.75,0
63,2067,2242992,1113.0,591.5,1131.2,470.4,1122.1,530.95,0
63,2068,2242993,1112.9,591.5,1131.1,470.8,1122.0,531.15,0
63,2069,2242994,1112.7,591.4,1131.1,471.1,1121.9,531.25,0
63,2070,2242995,1112.7,591.3,1131.0,471.2,1121.85,531.25,0
63,2071,2242996,1112.7,591.4,1130.6,471.3,1121.65,531.35,0
63,2072,2242997,1112.7,591.5,1130.2,471.3,1121.45,531.4,0
63,2073,2242998,1112.8,591.5,1129.8,471.3,1121.3,531.4,0
63,2074,2242999,1112.9,591.5,1129.5,471.4,1121.2,531.45,0
63,2075,2243000,1112.9,591.5,1129.2,471.4,1121.05,531.45,0
63,2076,2243001,1113.0,591.5,1128.8,471.5,1120.9,531.5,0
63,2077,2243002,1113.1,591.6,1128.5,471.6,1120.8,531.6,0
63,2078,2243003,1113.1,591.7,1128.4,471.7,1120.75,531.7,0
63,2079,2243004,1113.1,591.8,1128.4,471.9,1120.75,531.85,0
63,2080,2243005,1113.0,591.8,1128.3,472.1,1120.65,531.95,0
63,2081,2243006,1112.7,591.9,1128.3,472.2,1120.5,532.05,0
63,2082,2243007,1112.4,591.9,1128.2,472.3,1120.3,532.1,0
63,2083,2243008,1112.2,591.8,1128.1,472.4,1120.15,532.1,0
63,2084,2243009,1111.9,591.7,1127.9,472.5,1119.9,532.1,0
63,2085,2243010,1111.7,591.5,1127.7,472.7,1119.7,532.1,0
63,2086,2243011,1111.6,591.4,1127.6,472.8,1119.6,532.1,0
63,2087,2243012,1111.6,591.3,1127.4,472.9,1119.5,532.1,0
63,2088,2243013,1111.7,591.2,1127.2,473.0,1119.45,532.1,0
63,2089,2243014,1111.8,591.1,1126.9,473.0,1119.35,532.05,0
63,2090,2243015,1111.9,591.0,1126.7,473.0,1119.3,532.0,0
63,2091,2243016,1112.0,591.0,1126.7,473.0,1119.35,532.0,0
63,2092,2243017,1112.1,591.0,1126.6,473.1,1119.35,532.05,0
63,2093,2243018,1112.1,591.1,1126.6,473.1,1119.35,532.1,0
63,2094,2243019,1112.1,591.1,1126.5,473.2,1119.3,532.15,0
63,2095,2243020,1112.0,591.2,1126.5,473.3,1119.25,532.25,0
63,2096,2243021,1111.9,591.3,1126.6,473.5,1119.25,532.4,0
63,2097,2243022,1111.8,591.5,1126.7,473.6,1119.25,532.55,0
63,2098,2243023,1111.7,591.6,1126.8,473.8,1119.25,532.7,0
63,2099,2243024,1111.6,591.7,1126.9,474.0,1119.25,532.85,0
63,2100,2243025,1111.6,591.8,1127.1,474.2,1119.35,533.0,0
64,2101,2243026,1111.6,591.8,1127.3,474.3,1119.45,533.05,0
64,2102,2243027,1111.6,591.9,1127.6,474.3,1119.6,533.1,0
64,2103,2243028,1111.7,592.0,1127.7,474.4,1119.7,533.2,0
64,2104,2243029,1111.8,592.1,1127.8,474.5,1119.8,533.3,0
64,2105,2243030,1111.9,592.2,1127.9,474.5,1119.9,533.35,0
64,2106,2243031,1112.0,592.3,1127.9,474.5,1119.95,533.4,0
64,2107,2243032,1112.1,592.3,1127.8,474.5,1119.95,533.4,0
64,2108,2243033,1112.2,592.3,1127.7,474.5,1119.95,533.4,0
64,2109,2243034,1112.2,592.2,1127.6,474.5,1119.9,533.35,0
64,2110,2243035,1112.2,592.1,1127.4,474.5,1119.8,533.3,0
64,2111,2243036,1112.0,592.0,1127.2,474.5,1119.6,533.25,0
64,2112,2243037,1111.9,591.9,1126.9,474.5,1119.4,533.2,0
64,2113,2243038,1111.8,591.9,1126.7,474.7,1119.25,533.3,0
64,2114,2243039,1111.8,592.0,1126.4,474.8,1119.1,533.4,0
64,2115,2243040,1111.8,592.3,1126.2,474.9,1119.0,533.6,0
64,2116,2243041,1111.8,592.6,1126.0,475.0,1118.9,533.8,0
64,2117,2243042,1111.8,593.0,1125.9,475.1,1118.85,534.05,0
64,2118,2243043,1111.9,593.5,1125.8,475.2,1118.85,534.35,0
64,2119,2243044,1112.1,593.9,1125.8,475.4,1118.95,534.65,0
64,2120,2243045,1112.2,594.3,1125.9,475.4,1119.05,534.85,0
64,2121,2243046,1112.2,594.6,1125.9,475.4,1119.05,535.0,0
64,2122,2243047,1112.2,594.9,1126.0,475.5,1119.1,535.2,0
64,2123,2243048,1112.3,595.1,1126.0,475.7,1119.15,535.4,0
64,2124,2243049,1112.1,595.3,1126.0,475.9,1119.05,535.6,0
64,2125,2243050,1111.8,595.4,1126.1,476.1,1118.95,535.75,0
64,2126,2243051,1111.5,595.7,1126.1,476.5,1118.8,536.1,0
64,2127,2243052,1111.3,596.1,1126.0,476.8,1118.65,536.45,0
64,2128,2243053,1111.0,596.4,1125.9,477.1,1118.45,536.75,0
64,2129,2243054,1110.7,596.6,1125.9,477.3,1118.3,536.95,0
64,2130,2243055,1110.5,596.8,1125.8,477.4,1118.15,537.1,0
64,2131,2243056,1110.6,597.0,1125.6,477.5,1118.1,537.25,0
64,2132,2243057,1110.8,597.2,1125.3,477.7,1118.05,537.45,0
64,2133,2243058,1111.0,597.0,1124.9,477.7,1117.95,537.35,0
65,2134,2243059,1111.3,596.8,1124.7,477.8,1118.0,537.3,0
65,2135,2243060,1111.5,596.7,1124.4,478.0,1117.95,537.35,0
65,2136,2243061,1111.6,596.6,1124.1,478.1,1117.85,537.35,0
65,2137,2243062,1111.8,596.5,1123.8,478.4,1117.8,537.45,0
65,2138,2243063,1111.8,596.6,1123.6,478.6,1117.7,537.6,0
65,2139,2243064,1111.8,596.6,1123.5,478.7,1117.65,537.65,0
65,2140,2243065,1111.5,596.7,1123.4,478.8,1117.45,537.75,0
65,2141,2243066,1111.2,596.8,1123.3,478.8,1117.25,537.8,0
65,2142,2243067,1110.8,596.9,1123.2,478.8,1117.0,537.85,0
65,2143,2243068,1110.5,597.1,1123.1,478.7,1116.8,537.9,0
65,2144,2243069,1110.1,597.2,1123.0,478.5,1116.55,537.85,0
65,2145,2243070,1109.8,597.3,1123.0,478.2,1116.4,537.75,0
65,2146,2243071,1109.4,597.4,1122.8,478.0,1116.1,537.7,0
65,2147,2243072,1109.3,597.5,1122.7,477.8,1116.0,537.65,0
65,2148,2243073,1109.3,597.7,1122.6,477.6,1115.95,537.65,0
65,2149,2243074,1109.2,597.8,1122.6,477.5,1115.9,537.65,0
65,2150,2243075,1109.1,598.0,1122.5,477.5,1115.8,537.75,0
65,2151,2243076,1109.1,598.2,1122.5,477.7,1115.8,537.95,0
65,2152,2243077,1109.0,598.4,1122.6,477.9,1115.8,538.15,0
65,2153,2243078,1109.0,598.6,1122.7,478.0,1115.85,538.3,0
65,2154,2243079,1108.9,598.8,1122.8,478.3,1115.85,538.55,0
65,2155,2243080,1108.9,599.0,1122.9,478.6,1115.9,538.8,0
65,2156,2243081,1108.9,599.1,1123.0,478.8,1115.95,538.95,0
65,2157,2243082,1108.9,599.2,1123.1,479.0,1116.0,539.1,0
65,2158,2243083,1108.9,599.3,1123.1,479.1,1116.0,539.2,0
65,2159,2243084,1108.9,599.4,1123.0,479.3,1115.95,539.35,0
65,2160,2243085,1108.7,599.5,1122.8,479.4,1115.75,539.45,0
65,2161,2243086,1108.6,599.6,1122.6,479.4,1115.6,539.5,0
65,2162,2243087,1108.5,599.7,1122.5,479.5,1115.5,539.6,0
65,2163,2243088,1108.4,599.8,1122.4,480.0,1115.4,539.9,0
65,2164,2243089,1108.4,599.9,1122.3,480.5,1115.35,540.2,0
65,2165,2243090,1108.3,600.1,1122.1,481.1,1115.2,540.6,0
65,2166,2243091,1108.3,600.2,1122.1,481.3,1115.2,540.75,0
66,2167,2243092,1108.4,600.2,1122.0,481.5,1115.2,540.85,0
66,2168,2243093,1108.4,600.1,1122.0,481.7,1115.2,540.9,0
66,2169,2243094,1108.2,599.9,1121.5,481.9,1114.85,540.9,0
66,2170,2243095,1108.0,599.6,1121.0,481.6,1114.5,540.6,0
66,2171,2243096,1107.8,599.3,1120.5,481.2,1114.15,540.25,0
66,2172,2243097,1107.5,599.0,1120.0,480.8,1113.75,539.9,0
66,2173,2243098,1107.3,598.9,1119.6,480.6,1113.45,539.75,0
66,2174,2243099,1107.1,598.8,1119.1,480.4,1113.1,539.6,0
66,2175,2243100,1106.9,598.9,1118.6,480.2,1112.75,539.55,0
66,2176,2243101,1106.9,599.1,1118.5,480.0,1112.7,539.55,0
66,2177,2243102,1106.8,599.3,1118.4,479.9,1112.6,539.6,0
66,2178,2243103,1106.9,599.5,1118.4,479.7,1112.65,539.6,0
66,2179,2243104,1107.0,599.7,1118.4,479.6,1112.7,539.65,0
66,2180,2243105,1107.2,599.8,1118.5,479.3,1112.85,539.55,0
66,2181,2243106,1107.3,599.9,1118.6,479.1,1112.95,539.5,0
66,2182,2243107,1107.3,600.0,1118.8,478.8,1113.05,539.4,0
66,2183,2243108,1107.1,600.2,1118.9,478.5,1113.0,539.35,0
66,2184,2243109,1106.9,600.2,1119.0,478.2,1112.95,539.2,0
66,2185,2243110,1106.7,600.3,1119.1,477.9,1112.9,539.1,0
66,2186,2243111,1106.5,600.5,1119.2,477.8,1112.85,539.15,0
66,2187,2243112,1106.3,600.6,1119.3,477.8,1112.8,539.2,0
66,2188,2243113,1106.1,600.8,1119.3,477.9,1112.7,539.35,0
66,2189,2243114,1106.2,601.0,1119.4,478.0,1112.8,539.5,0
66,2190,2243115,1106.4,601.2,1119.5,478.3,1112.95,539.75,0
66,2191,2243116,1106.7,601.5,1119.6,478.5,1113.15,540.0,0
66,2192,2243117,1106.9,601.8,1119.6,478.7,1113.25,540.25,0
66,2193,2243118,1107.0,602.1,1119.6,478.9,1113.3,540.5,0
66,2194,2243119,1107.1,602.5,1119.6,479.3,1113.35,540.9,0
66,2195,2243120,1107.1,603.2,1119.6,480.0,1113.35,541.6,0
66,2196,2243121,1107.0,603.9,1119.4,480.7,1113.2,542.3,0
66,2197,2243122,1106.9,604.7,1119.3,481.2,1113.1,542.95,0
66,2198,2243123,1106.7,605.6,1119.1,481.8,1112.9,543.7,0
66,2199,2243124,1106.5,606.4,1119.0,482.4,1112.75,544.4,0
66,2200,2243125,1106.4,607.1,1118.9,483.0,1112.65,545.05,0
67,2201,2243126,1106.2,607.7,1118.8,483.7,1112.5,545.7,0
67,2202,2243127,1106.1,608.1,1118.9,484.2,1112.5,546.15,0
67,2203,2243128,1105.9,608.5,1118.9,484.8,1112.4,546.65,0
67,2204,2243129,1105.8,608.9,1119.0,485.6,1112.4,547.25,0
67,2205,2243130,1105.7,609.3,1118.9,486.5,1112.3,547.9,0
67,2206,2243131,1105.6,609.8,1118.8,488.4,1112.2,549.1,0
67,2207,2243132,1105.5,610.2,1118.7,490.5,1112.1,550.35,0
67,2208,2243133,1105.5,610.6,1118.6,492.4,1112.05,551.5,0
67,2209,2243134,1105.4,611.1,1118.4,494.3,1111.9,552.7,0
67,2210,2243135,1105.4,611.8,1118.1,496.1,1111.75,553.95,0
67,2211,2243136,1105.4,613.0,1117.7,497.7,1111.55,555.35,0
67,2212,2243137,1105.4,614.1,1117.4,499.4,1111.4,556.75,0
67,2213,2243138,1105.4,615.2,1117.1,500.6,1111.25,557.9,0
67,2214,2243139,1105.4,616.2,1116.8,501.7,1111.1,558.95,0
67,2215,2243140,1105.3,617.2,1116.0,502.6,1110.65,559.9,0
67,2216,2243141,1105.2,618.2,1115.2,503.6,1110.2,560.9,0
67,2217,2243142,1105.1,618.9,1114.6,504.5,1109.85,561.7,0
67,2218,2243143,1104.8,619.0,1114.0,505.4,1109.4,562.2,0
67,2219,2243144,1104.6,619.1,1113.4,506.1,1109.0,562.6,0
67,2220,2243145,1104.4,619.3,1112.8,506.3,1108.6,562.8,0
67,2221,2243146,1104.3,619.4,1112.2,506.4,1108.25,562.9,0
67,2222,2243147,1104.1,619.8,1112.2,506.4,1108.15,563.1,0
67,2223,2243148,1103.9,620.4,1112.1,506.6,1108.0,563.5,0
67,2224,2243149,1103.9,621.0,1112.0,506.7,1107.95,563.85,0
67,2225,2243150,1103.9,621.7,1112.0,506.8,1107.95,564.25,0
67,2226,2243151,1104.0,622.3,1111.7,506.9,1107.85,564.6,0
67,2227,2243152,1104.0,622.9,1111.5,507.0,1107.75,564.95,0
67,2228,2243153,1104.1,623.5,1111.3,507.0,1107.7,565.25,0
67,2229,2243154,1104.2,623.7,1111.1,507.0,1107.65,565.35,0
67,2230,2243155,1104.2,623.7,1110.9,506.9,1107.55,565.3,0
67,2231,2243156,1104.0,623.6,1110.7,506.6,1107.35,565.1,0
67,2232,2243157,1103.8,623.5,1110.5,506.3,1107.15,564.9,0
67,2233,2243158,1103.5,623.2,1110.5,505.9,1107.0,564.55,0
68,2234,2243159,1103.2,623.0,1110.5,505.4,1106.85,564.2,0
68,2235,2243160,1103.1,622.7,1110.6,504.7,1106.85,563.7,0
68,2236,2243161,1102.9,622.5,1110.9,504.0,1106.9,563.25,0
68,2237,2243162,1102.9,622.4,1111.3,503.4,1107.1,562.9,0
68,2238,2243163,1103.0,622.2,1111.7,502.9,1107.35,562.55,0
68,2239,2243164,1103.2,621.9,1111.9,502.4,1107.55,562.15,0
68,2240,2243165,1103.3,621.6,1112.2,501.4,1107.75,561.5,0
68,2241,2243166,1103.5,621.3,1112.5,500.5,1108.0,560.9,0
68,2242,2243167,1103.7,620.9,1112.7,499.5,1108.2,560.2,0
68,2243,2243168,1103.8,620.4,1112.8,498.6,1108.3,559.5,0
68,2244,2243169,1103.9,619.9,1113.0,497.6,1108.45,558.75,0
68,2245,2243170,1103.9,619.4,1113.2,496.6,1108.55,558.0,0
68,2246,2243171,1103.9,619.1,1113.5,495.7,1108.7,557.4,0
68,2247,2243172,1103.9,618.8,1113.8,495.2,1108.85,557.0,0
68,2248,2243173,1103.9,618.5,1114.1,494.6,1109.0,556.55,0
68,2249,2243174,1103.8,618.2,1114.2,493.8,1109.0,556.0,0
68,2250,2243175,1103.8,618.1,1114.3,493.1,1109.05,555.6,0
68,2251,2243176,1103.7,617.9,1114.3,491.7,1109.0,554.8,0
68,2252,2243177,1103.7,617.6,1114.3,490.3,1109.0,553.95,0
68,2253,2243178,1103.7,617.2,1114.3,488.9,1109.0,553.05,0
68,2254,2243179,1103.5,616.9,1114.3,487.5,1108.9,552.2,0
68,2255,2243180,1103.3,616.7,1114.3,486.2,1108.8,551.45,0
68,2256,2243181,1103.1,616.4,1114.3,485.5,1108.7,550.95,0
68,2257,2243182,1102.9,616.1,1114.3,484.8,1108.6,550.45,0
68,2258,2243183,1102.7,616.0,1114.3,484.8,1108.5,550.4,0
68,2259,2243184,1102.5,615.9,1114.3,484.7,1108.4,550.3,0
68,2260,2243185,1102.3,615.8,1114.3,484.5,1108.3,550.15,0
68,2261,2243186,1102.2,615.7,1114.3,484.4,1108.25,550.05,0
68,2262,2243187,1102.2,615.4,1114.2,484.3,1108.2,549.85,0
68,2263,2243188,1102.0,615.0,1113.9,484.7,1107.95,549.85,0
68,2264,2243189,1101.7,614.7,1113.7,485.0,1107.7,549.85,0
68,2265,2243190,1101.4,614.4,1113.4,485.3,1107.4,549.85,0
68,2266,2243191,1101.0,614.0,1113.1,485.7,1107.05,549.85,0
69,2267,2243192,1100.6,613.8,1112.9,486.2,1106.75,550.0,0
69,2268,2243193,1100.1,613.6,1112.6,486.8,1106.35,550.2,0
69,2269,2243194,1099.7,613.4,1112.4,487.5,1106.05,550.45,0
69,2270,2243195,1099.6,613.1,1112.3,487.8,1105.95,550.45,0
69,2271,2243196,1099.5,612.9,1112.3,488.1,1105.9,550.5,0
69,2272,2243197,1099.4,612.6,1112.2,488.4,1105.8,550.5,0
69,2273,2243198,1099.3,612.3,1112.2,488.7,1105.75,550.5,0
69,2274,2243199,1099.3,611.9,1112.1,489.0,1105.7,550.45,0
69,2275,2243200,1099.3,611.6,1112.0,489.4,1105.65,550.5,0
69,2276,2243201,1099.3,611.6,1111.9,489.6,1105.6,550.6,0
69,2277,2243202,1099.1,611.7,1111.7,489.8,1105.4,550.75,0
69,2278,2243203,1098.9,611.8,1111.5,490.3,1105.2,551.05,0
69,2279,2243204,1098.6,612.0,1111.3,490.8,1104.95,551.4,0
69,2280,2243205,1098.4,612.3,1111.1,491.3,1104.75,551.8,0
69,2281,2243206,1098.3,612.6,1110.9,491.5,1104.6,552.05,0
69,2282,2243207,1098.2,612.9,1110.8,491.7,1104.5,552.3,0
69,2283,2243208,1098.1,613.2,1110.7,491.9,1104.4,552.55,0
69,2284,2243209,1098.0,613.3,1110.6,492.3,1104.3,552.8,0
69,2285,2243210,1097.9,613.3,1110.5,492.7,1104.2,553.0,0
69,2286,2243211,1097.9,613.3,1110.4,493.1,1104.15,553.2,0
69,2287,2243212,1097.8,613.2,1110.1,493.4,1103.95,553.3,0
69,2288,2243213,1097.8,613.1,1109.9,494.1,1103.85,553.6,0
69,2289,2243214,1097.7,613.0,1109.6,494.8,1103.65,553.9,0
69,2290,2243215,1097.8,613.0,1109.3,495.5,1103.55,554.25,0
69,2291,2243216,1097.8,613.0,1109.1,496.0,1103.45,554.5,0
69,2292,2243217,1097.9,613.1,1109.0,496.5,1103.45,554.8,0
69,2293,2243218,1097.9,613.2,1108.8,497.4,1103.35,555.3,0
69,2294,2243219,1098.0,613.5,1108.8,498.4,1103.4,555.95,0
69,2295,2243220,1098.0,613.7,1108.6,499.3,1103.3,556.5,0
69,2296,2243221,1098.0,613.9,1108.0,500.3,1103.0,557.1,0
69,2297,2243222,1098.0,613.9,1107.4,501.2,1102.7,557.55,0
69,2298,2243223,1097.9,613.8,1106.9,502.2,1102.4,558.0,0
69,2299,2243224,1097.9,613.7,1106.4,503.0,1102.15,558.35,0
69,2300,2243225,1097.8,613.7,1106.0,503.3,1101.9,558.5,0
70,2301,2243226,1097.7,613.6,1105.5,503.7,1101.6,558.65,0
70,2302,2243227,1097.5,613.6,1105.1,504.1,1101.3,558.85,0
70,2303,2243228,1097.4,613.5,1105.1,504.5,1101.25,559.0,0
70,2304,2243229,1097.2,613.6,1105.0,504.9,1101.1,559.25,0
70,2305,2243230,1097.2,613.8,1104.6,505.1,1100.9,559.45,0
70,2306,2243231,1097.3,614.1,1104.1,505.3,1100.7,559.7,0
70,2307,2243232,1097.4,614.3,1103.6,505.4,1100.5,559.85,0
70,2308,2243233,1097.5,614.8,1103.0,505.5,1100.25,560.15,0
70,2309,2243234,1097.6,615.3,1102.4,505.5,1100.0,560.4,0
70,2310,2243235,1097.6,615.7,1101.8,505.5,1099.7,560.6,0
70,2311,2243236,1097.6,616.0,1101.5,505.4,1099.55,560.7,0
70,2312,2243237,1097.4,616.3,1101.3,505.1,1099.35,560.7,0
70,2313,2243238,1097.1,616.4,1101.2,504.9,1099.15,560.65,0
70,2314,2243239,1096.9,616.5,1101.0,504.6,1098.95,560.55,0
70,2315,2243240,1096.6,616.5,1101.1,504.3,1098.85,560.4,0
70,2316,2243241,1096.4,616.5,1101.1,503.9,1098.75,560.2,0
70,2317,2243242,1096.4,616.5,1101.1,503.5,1098.75,560.0,0
70,2318,2243243,1096.4,616.6,1101.0,503.2,1098.7,559.9,0
70,2319,2243244,1096.4,616.8,1100.7,502.9,1098.55,559.85,0
70,2320,2243245,1096.5,617.1,1100.5,502.7,1098.5,559.9,0
70,2321,2243246,1096.5,617.5,1100.2,502.5,1098.35,560.0,0
70,2322,2243247,1096.4,617.7,1100.0,502.2,1098.2,559.95,0
70,2323,2243248,1096.3,618.0,1099.8,501.7,1098.05,559.85,0
70,2324,2243249,1096.1,618.1,1099.6,501.3,1097.85,559.7,0
70,2325,2243250,1095.9,618.3,1099.4,500.9,1097.65,559.6,0
70,2326,2243251,1095.7,618.3,1099.4,500.7,1097.55,559.5,0
70,2327,2243252,1095.5,618.3,1099.5,500.4,1097.5,559.35,0
70,2328,2243253,1095.4,618.3,1099.5,500.2,1097.45,559.25,0
70,2329,2243254,1095.3,618.4,1099.6,500.2,1097.45,559.3,0
70,2330,2243255,1095.3,618.5,1099.6,500.2,1097.45,559.35,0
70,2331,2243256,1095.3,618.7,1100.1,500.1,1097.7,559.4,0
70,2332,2243257,1095.3,618.9,1100.7,499.7,1098.0,559.3,0
70,2333,2243258,1095.3,619.1,1101.2,499.4,1098.25,559.25,0
71,2334,2243259,1095.3,619.4,1101.8,499.2,1098.55,559.3,0
71,2335,2243260,1095.2,619.6,1102.3,498.9,1098.75,559.25,0
71,2336,2243261,1095.2,619.7,1102.8,498.6,1099.0,559.15,0
71,2337,2243262,1095.1,619.8,1103.3,498.4,1099.2,559.1,0
71,2338,2243263,1095.1,620.0,1103.3,498.3,1099.2,559.15,0
71,2339,2243264,1095.0,620.2,1103.2,498.4,1099.1,559.3,0
71,2340,2243265,1095.0,620.4,1103.2,498.4,1099.1,559.4,0
71,2341,2243266,1095.0,620.7,1103.1,498.4,1099.05,559.55,0
71,2342,2243267,1095.0,620.9,1103.0,498.3,1099.0,559.6,0
71,2343,2243268,1095.1,621.2,1102.7,498.3,1098.9,559.75,0
71,2344,2243269,1095.1,621.4,1102.4,498.3,1098.75,559.85,0
71,2345,2243270,1095.2,621.6,1102.2,498.3,1098.7,559.95,0
71,2346,2243271,1095.3,621.7,1102.0,498.2,1098.65,559.95,0
71,2347,2243272,1095.0,621.8,1101.7,498.2,1098.35,560.0,0
71,2348,2243273,1094.7,621.8,1101.4,498.0,1098.05,559.9,0
71,2349,2243274,1094.1,621.8,1100.9,497.9,1097.5,559.85,0
71,2350,2243275,1093.5,621.8,1100.5,497.8,1097.0,559.8,0
71,2351,2243276,1092.9,621.8,1100.1,497.8,1096.5,559.8,0
71,2352,2243277,1092.4,621.8,1099.6,497.7,1096.0,559.75,0
71,2353,2243278,1091.8,622.0,1099.2,497.8,1095.5,559.9,0
71,2354,2243279,1091.6,622.2,1098.6,497.9,1095.1,560.05,0
71,2355,2243280,1091.4,622.5,1097.9,498.1,1094.65,560.3,0
71,2356,2243281,1091.6,622.9,1097.4,498.3,1094.5,560.6,0
71,2357,2243282,1091.7,623.5,1096.9,498.6,1094.3,561.05,0
71,2358,2243283,1091.9,624.2,1096.5,498.9,1094.2,561.55,0
71,2359,2243284,1092.0,625.1,1096.1,499.3,1094.05,562.2,0
71,2360,2243285,1092.2,625.8,1095.7,499.8,1093.95,562.8,0
71,2361,2243286,1092.2,626.6,1095.5,500.3,1093.85,563.45,0
71,2362,2243287,1092.3,627.6,1095.4,500.8,1093.85,564.2,0
71,2363,2243288,1092.3,628.6,1095.3,501.2,1093.8,564.9,0
71,2364,2243289,1092.4,629.3,1095.3,501.5,1093.85,565.4,0
71,2365,2243290,1092.6,630.0,1095.3,501.8,1093.95,565.9,0
71,2366,2243291,1092.9,630.6,1095.3,502.0,1094.1,566.3,0
72,2367,2243292,1093.2,631.1,1095.4,501.9,1094.3,566.5,0
72,2368,2243293,1093.6,631.4,1095.4,501.5,1094.5,566.45,0
72,2369,2243294,1094.0,631.5,1095.5,501.1,1094.75,566.3,0
72,2370,2243295,1094.3,631.6,1095.5,500.8,1094.9,566.2,0
72,2371,2243296,1094.6,631.7,1095.6,500.6,1095.1,566.15,0
72,2372,2243297,1094.4,631.7,1095.8,500.4,1095.1,566.05,0
72,2373,2243298,1094.2,631.9,1096.1,500.3,1095.15,566.1,0
72,2374,2243299,1094.0,632.2,1096.4,500.1,1095.2,566.15,0
72,2375,2243300,1093.7,632.4,1096.7,500.2,1095.2,566.3,0
72,2376,2243301,1093.4,632.7,1097.0,500.3,1095.2,566.5,0
72,2377,2243302,1093.2,633.0,1097.2,500.3,1095.2,566.65,0
72,2378,2243303,1092.7,633.3,1097.4,500.3,1095.05,566.8,0
72,2379,2243304,1092.2,633.8,1097.6,500.3,1094.9,567.05,0
72,2380,2243305,1091.7,634.2,1097.5,500.4,1094.6,567.3,0
72,2381,2243306,1091.2,634.5,1097.4,500.7,1094.3,567.6,0
72,2382,2243307,1090.7,634.9,1097.2,500.9,1093.95,567.9,0
72,2383,2243308,1090.1,635.4,1097.0,501.2,1093.55,568.3,0
72,2384,2243309,1089.6,636.1,1096.8,501.4,1093.2,568.75,0
72,2385,2243310,1089.2,636.8,1096.7,501.6,1092.95,569.2,0
72,2386,2243311,1089.0,637.3,1096.5,502.0,1092.75,569.65,0
72,2387,2243312,1088.7,637.8,1096.2,502.2,1092.45,570.0,0
72,2388,2243313,1088.6,638.4,1095.9,502.5,1092.25,570.45,0
72,2389,2243314,1088.4,638.9,1095.6,502.9,1092.0,570.9,0
72,2390,2243315,1088.4,639.1,1095.3,503.2,1091.85,571.15,0
72,2391,2243316,1088.5,639.1,1095.0,503.4,1091.75,571.25,0
72,2392,2243317,1088.8,638.9,1094.7,503.6,1091.75,571.25,0
72,2393,2243318,1089.0,638.7,1094.4,503.7,1091.7,571.2,0
72,2394,2243319,1089.3,638.5,1094.1,503.7,1091.7,571.1,0
72,2395,2243320,1089.5,638.3,1093.9,503.7,1091.7,571.0,0
72,2396,2243321,1089.6,638.1,1093.7,503.9,1091.65,571.0,0
72,2397,2243322,1089.7,637.9,1093.5,504.3,1091.6,571.1,0
72,2398,2243323,1089.6,637.7,1093.2,504.7,1091.4,571.2,0
72,2399,2243324,1089.6,637.6,1092.9,505.1,1091.25,571.35,0
72,2400,2243325,1089.5,637.5,1092.6,505.5,1091.05,571.5,0
73,2401,2243326,1089.5,637.4,1092.3,505.9,1090.9,571.65,0
73,2402,2243327,1089.5,637.4,1091.9,506.4,1090.7,571.9,0
73,2403,2243328,1089.4,637.4,1091.4,506.6,1090.4,572.0,0
73,2404,2243329,1089.3,637.5,1090.8,507.0,1090.05,572.25,0
73,2405,2243330,1089.1,637.5,1090.1,507.3,1089.6,572.4,0
73,2406,2243331,1088.9,637.5,1089.4,507.7,1089.15,572.6,0
73,2407,2243332,1088.7,637.5,1088.7,508.1,1088.7,572.8,0
73,2408,2243333,1088.5,637.5,1088.3,508.5,1088.4,573.0,0
73,2409,2243334,1088.4,637.6,1087.7,508.9,1088.05,573.25,0
73,2410,2243335,1088.3,637.6,1087.2,509.2,1087.75,573.4,0
73,2411,2243336,1088.2,637.7,1086.8,509.6,1087.5,573.65,0
73,2412,2243337,1088.0,637.8,1086.6,509.9,1087.3,573.85,0
73,2413,2243338,1087.9,638.3,1086.3,510.3,1087.1,574.3,0
73,2414,2243339,1087.8,638.7,1086.1,510.6,1086.95,574.65,0
73,2415,2243340,1087.4,639.1,1085.7,510.9,1086.55,575.0,0
73,2416,2243341,1086.9,639.5,1085.5,511.0,1086.2,575.25,0
73,2417,2243342,1086.6,639.8,1085.4,511.1,1086.0,575.45,0
73,2418,2243343,1086.3,640.1,1085.3,510.9,1085.8,575.5,0
73,2419,2243344,1086.1,640.3,1085.2,510.8,1085.65,575.55,0
73,2420,2243345,1085.8,640.2,1085.1,510.7,1085.45,575.45,0
73,2421,2243346,1085.6,640.2,1085.0,510.8,1085.3,575.5,0
73,2422,2243347,1085.7,640.2,1085.0,511.0,1085.35,575.6,0
73,2423,2243348,1085.7,640.3,1085.0,511.2,1085.35,575.75,0
73,2424,2243349,1085.8,640.5,1085.0,511.4,1085.4,575.95,0
73,2425,2243350,1085.8,640.7,1084.9,511.7,1085.35,576.2,0
73,2426,2243351,1085.9,641.2,1084.7,512.0,1085.3,576.6,0
73,2427,2243352,1085.9,641.9,1084.6,512.2,1085.25,577.05,0
73,2428,2243353,1086.0,642.4,1084.5,512.2,1085.25,577.3,0
73,2429,2243354,1086.1,643.0,1084.4,512.2,1085.25,577.6,0
73,2430,2243355,1086.1,643.4,1084.4,512.1,1085.25,577.75,0
73,2431,2243356,1086.2,643.7,1084.3,512.1,1085.25,577.9,0
73,2432,2243357,1085.9,644.0,1084.3,512.0,1085.1,578.0,0
73,2433,2243358,1085.5,644.1,1084.3,512.0,1084.9,578.05,0
74,2434,2243359,1085.1,644.0,1084.3,512.0,1084.7,578.0,0
74,2435,2243360,1084.7,643.9,1084.3,512.1,1084.5,578.0,0
74,2436,2243361,1084.4,643.8,1084.4,512.1,1084.4,577.95,0
74,2437,2243362,1084.2,643.8,1084.4,512.1,1084.3,577.95,0
74,2438,2243363,1084.0,643.7,1084.1,512.2,1084.05,577.95,0
74,2439,2243364,1084.2,643.6,1083.8,512.2,1084.0,577.9,0
74,2440,2243365,1084.4,643.6,1083.5,512.2,1083.95,577.9,0
74,2441,2243366,1084.5,643.5,1083.3,512.1,1083.9,577.8,0
74,2442,2243367,1084.7,643.6,1083.0,512.0,1083.85,577.8,0
74,2443,2243368,1084.8,643.8,1082.8,511.8,1083.8,577.8,0
74,2444,2243369,1084.6,644.0,1082.7,511.6,1083.65,577.8,0
74,2445,2243370,1084.5,644.3,1083.0,511.5,1083.75,577.9,0
74,2446,2243371,1084.1,644.5,1083.2,511.5,1083.65,578.0,0
74,2447,2243372,1083.8,644.8,1083.5,511.6,1083.65,578.2,0
74,2448,2243373,1083.5,644.9,1083.7,511.6,1083.6,578.25,0
74,2449,2243374,1083.3,644.9,1084.0,511.7,1083.65,578.3,0
74,2450,2243375,1083.2,644.5,1084.2,511.8,1083.7,578.15,0
74,2451,2243376,1083.2,644.1,1084.2,511.9,1083.7,578.0,0
74,2452,2243377,1083.2,643.8,1084.1,511.9,1083.65,577.85,0
74,2453,2243378,1083.4,643.6,1084.0,511.9,1083.7,577.75,0
74,2454,2243379,1083.5,643.4,1083.9,511.8,1083.7,577.6,0
74,2455,2243380,1083.4,643.3,1083.8,511.8,1083.6,577.55,0
74,2456,2243381,1083.3,643.3,1083.6,511.7,1083.45,577.5,0
74,2457,2243382,1083.1,643.7,1083.4,511.6,1083.25,577.65,0
74,2458,2243383,1083.0,644.1,1083.2,511.6,1083.1,577.85,0
74,2459,2243384,1082.8,644.5,1083.0,511.6,1082.9,578.05,0
74,2460,2243385,1082.7,644.7,1082.8,511.6,1082.75,578.15,0
74,2461,2243386,1082.6,644.9,1082.6,511.6,1082.6,578.25,0
74,2462,2243387,1082.5,645.1,1082.4,511.6,1082.45,578.35,0
74,2463,2243388,1082.5,645.1,1082.2,511.7,1082.35,578.4,0
74,2464,2243389,1082.4,645.1,1082.1,511.8,1082.25,578.45,0
74,2465,2243390,1082.3,645.2,1082.0,511.9,1082.15,578.55,0
74,2466,2243391,1082.2,645.4,1081.9,511.9,1082.05,578.65,0
75,2467,2243392,1082.0,645.6,1081.5,511.9,1081.75,578.75,0
75,2468,2243393,1081.8,645.7,1081.2,511.9,1081.5,578.8,0
75,2469,2243394,1081.6,645.9,1080.8,511.9,1081.2,578.9,0
75,2470,2243395,1081.4,646.1,1080.5,511.9,1080.95,579.0,0
75,2471,2243396,1081.2,646.2,1080.1,512.0,1080.65,579.1,0
75,2472,2243397,1081.0,646.3,1079.8,512.1,1080.4,579.2,0
75,2473,2243398,1080.8,646.4,1079.5,512.2,1080.15,579.3,0
75,2474,2243399,1080.7,646.5,1079.6,512.5,1080.15,579.5,0
75,2475,2243400,1080.6,646.6,1079.6,512.8,1080.1,579.7,0
75,2476,2243401,1080.6,646.6,1079.7,513.0,1080.15,579.8,0
75,2477,2243402,1080.5,646.8,1079.7,513.4,1080.1,580.1,0
75,2478,2243403,1080.5,647.0,1079.9,514.0,1080.2,580.5,0
75,2479,2243404,1080.5,647.1,1080.1,514.8,1080.3,580.95,0
75,2480,2243405,1080.4,647.2,1080.3,515.6,1080.35,581.4,0
75,2481,2243406,1080.3,647.4,1080.5,516.4,1080.4,581.9,0
75,2482,2243407,1080.2,647.5,1080.7,517.1,1080.45,582.3,0
75,2483,2243408,1080.1,647.6,1080.8,517.9,1080.45,582.75,0
75,2484,2243409,1080.1,647.7,1080.7,518.5,1080.4,583.1,0
75,2485,2243410,1080.2,647.8,1080.3,518.9,1080.25,583.35,0
75,2486,2243411,1080.2,647.8,1079.9,519.1,1080.05,583.45,0
75,2487,2243412,1080.2,647.9,1079.4,519.4,1079.8,583.65,0
75,2488,2243413,1080.3,648.0,1079.0,519.7,1079.65,583.85,0
75,2489,2243414,1080.3,648.1,1078.6,520.0,1079.45,584.05,0
75,2490,2243415,1080.3,648.3,1078.2,520.3,1079.25,584.3,0
75,2491,2243416,1080.3,648.5,1078.0,520.6,1079.15,584.55,0
75,2492,2243417,1080.3,648.6,1077.9,520.9,1079.1,584.75,0
75,2493,2243418,1080.3,648.9,1077.8,521.1,1079.05,585.0,0
75,2494,2243419,1080.4,649.3,1077.6,521.5,1079.0,585.4,0
75,2495,2243420,1080.5,649.7,1077.5,521.9,1079.0,585.8,0
75,2496,2243421,1080.5,650.1,1077.3,522.4,1078.9,586.25,0
75,2497,2243422,1080.6,650.5,1077.1,522.8,1078.85,586.65,0
75,2498,2243423,1080.6,650.9,1076.9,523.4,1078.75,587.15,0
75,2499,2243424,1080.6,651.3,1076.7,523.9,1078.65,587.6,0
75,2500,2243425,1080.5,651.8,1076.5,524.3,1078.5,588.05,0
76,2501,2243426,1080.4,652.1,1076.5,524.7,1078.45,588.4,0
76,2502,2243427,1080.2,652.4,1076.3,525.3,1078.25,588.85,0
76,2503,2243428,1080.1,652.7,1076.1,526.1,1078.1,589.4,0
76,2504,2243429,1080.0,652.9,1075.9,526.9,1077.95,589.9,0
76,2505,2243430,1079.9,653.1,1075.8,527.6,1077.85,590.35,0
76,2506,2243431,1079.9,653.6,1075.8,528.4,1077.85,591.0,0
76,2507,2243432,1079.8,653.8,1075.7,529.2,1077.75,591.5,0
76,2508,2243433,1079.6,654.0,1075.7,530.0,1077.65,592.0,0
76,2509,2243434,1079.5,654.4,1075.7,530.5,1077.6,592.45,0
76,2510,2243435,1079.3,654.8,1075.6,531.1,1077.45,592.95,0
76,2511,2243436,1079.2,655.2,1075.4,531.7,1077.3,593.45,0
76,2512,2243437,1079.1,655.6,1075.1,532.3,1077.1,593.95,0
76,2513,2243438,1079.0,655.7,1074.6,532.9,1076.8,594.3,0
76,2514,2243439,1078.9,655.9,1074.1,533.3,1076.5,594.6,0
76,2515,2243440,1078.9,656.0,1073.6,533.7,1076.25,594.85,0
76,2516,2243441,1079.0,655.9,1073.1,534.0,1076.05,594.95,0
76,2517,2243442,1079.0,655.8,1072.6,534.0,1075.8,594.9,0
76,2518,2243443,1079.1,655.6,1072.2,534.0,1075.65,594.8,0
76,2519,2243444,1079.1,655.4,1071.7,534.0,1075.4,594.7,0
76,2520,2243445,1079.2,655.3,1071.3,534.1,1075.25,594.7,0
76,2521,2243446,1079.2,655.2,1070.9,534.4,1075.05,594.8,0
76,2522,2243447,1079.1,655.2,1070.6,535.1,1074.85,595.15,0
76,2523,2243448,1078.9,655.3,1070.2,535.7,1074.55,595.5,0
76,2524,2243449,1078.8,655.6,1070.1,536.2,1074.45,595.9,0
76,2525,2243450,1078.6,655.9,1070.0,536.8,1074.3,596.35,0
76,2526,2243451,1078.3,656.3,1070.1,537.4,1074.2,596.85,0
76,2527,2243452,1078.0,656.6,1070.1,538.0,1074.05,597.3,0
76,2528,2243453,1077.8,656.9,1070.2,538.3,1074.0,597.6,0
76,2529,2243454,1077.6,657.1,1070.1,538.2,1073.85,597.65,0
76,2530,2243455,1077.5,657.2,1070.1,538.2,1073.8,597.7,0
76,2531,2243456,1077.4,657.1,1070.0,538.2,1073.7,597.65,0
76,2532,2243457,1077.4,656.9,1069.9,538.4,1073.65,597.65,0
76,2533,2243458,1077.4,656.8,1069.8,538.6,1073.6,597.7,0
77,2534,2243459,1077.5,656.7,1069.8,538.7,1073.65,597.7,0
77,2535,2243460,1077.5,656.6,1069.8,538.9,1073.65,597.75,0
77,2536,2243461,1077.6,656.4,1069.8,539.2,1073.7,597.8,0
77,2537,2243462,1077.6,656.3,1069.9,539.7,1073.75,598.0,0
77,2538,2243463,1077.6,656.2,1070.0,540.6,1073.8,598.4,0
77,2539,2243464,1077.6,656.1,1070.0,541.4,1073.8,598.75,0
77,2540,2243465,1077.6,655.9,1069.9,542.1,1073.75,599.0,0
77,2541,2243466,1077.5,655.7,1069.6,542.9,1073.55,599.3,0
77,2542,2243467,1077.5,655.6,1069.3,543.6,1073.4,599.6,0
77,2543,2243468,1077.4,655.6,1068.9,544.3,1073.15,599.95,0
77,2544,2243469,1077.3,655.6,1068.6,544.8,1072.95,600.2,0
77,2545,2243470,1077.2,655.7,1068.4,544.8,1072.8,600.25,0
77,2546,2243471,1077.1,656.2,1068.2,544.9,1072.65,600.55,0
77,2547,2243472,1077.0,656.6,1068.0,544.9,1072.5,600.75,0
77,2548,2243473,1076.9,657.0,1068.1,545.0,1072.5,601.0,0
77,2549,2243474,1076.7,657.4,1068.0,545.1,1072.35,601.25,0
77,2550,2243475,1076.6,657.9,1067.9,545.3,1072.25,601.6,0
77,2551,2243476,1076.5,658.2,1067.8,545.7,1072.15,601.95,0
77,2552,2243477,1076.4,658.5,1067.6,546.1,1072.0,602.3,0
77,2553,2243478,1076.3,658.5,1067.4,546.4,1071.85,602.45,0
77,2554,2243479,1076.2,658.4,1067.2,546.7,1071.7,602.55,0
77,2555,2243480,1076.2,658.3,1067.0,547.0,1071.6,602.65,0
77,2556,2243481,1076.2,658.2,1066.9,547.2,1071.55,602.7,0
77,2557,2243482,1076.2,658.0,1066.8,547.3,1071.5,602.65,0
77,2558,2243483,1076.3,657.9,1066.7,547.2,1071.5,602.55,0
77,2559,2243484,1076.2,657.7,1066.6,547.2,1071.4,602.45,0
77,2560,2243485,1076.1,657.6,1066.6,547.1,1071.35,602.35,0
77,2561,2243486,1076.1,657.6,1066.6,547.1,1071.35,602.35,0
77,2562,2243487,1076.0,657.6,1066.5,547.2,1071.25,602.4,0
77,2563,2243488,1075.9,657.6,1066.4,547.2,1071.15,602.4,0
77,2564,2243489,1075.7,657.6,1066.3,547.2,1071.0,602.4,0
77,2565,2243490,1075.6,657.7,1066.2,547.2,1070.9,602.45,0
77,2566,2243491,1075.6,657.9,1066.1,547.1,1070.85,602.5,0
78,2567,2243492,1075.5,658.0,1066.0,547.0,1070.75,602.5,0
78,2568,2243493,1075.4,658.2,1065.8,546.8,1070.6,602.5,0
78,2569,2243494,1075.3,658.6,1065.5,546.6,1070.4,602.6,0
78,2570,2243495,1075.1,659.1,1065.3,546.4,1070.2,602.75,0
78,2571,2243496,1075.0,659.7,1064.8,546.3,1069.9,603.0,0
78,2572,2243497,1074.5,660.6,1064.1,546.6,1069.3,603.6,0
78,2573,2243498,1074.0,661.5,1062.9,547.0,1068.45,604.25,0
78,2574,2243499,1073.3,662.8,1061.7,548.3,1067.5,605.55,0
78,2575,2243500,1072.5,665.1,1060.0,550.1,1066.25,607.6,0
78,2576,2243501,1071.5,667.3,1057.8,552.5,1064.65,609.9,0
78,2577,2243502,1070.0,670.2,1055.1,556.1,1062.55,613.15,0
78,2578,2243503,1068.0,673.2,1052.4,560.0,1060.2,616.6,0
78,2579,2243504,1066.2,676.2,1049.3,564.9,1057.75,620.55,0
78,2580,2243505,1064.5,679.2,1046.5,570.5,1055.5,624.85,0
78,2581,2243506,1062.9,682.8,1043.9,575.7,1053.4,629.25,0
78,2582,2243507,1061.5,685.8,1041.7,581.9,1051.6,633.85,0
78,2583,2243508,1060.6,688.5,1040.0,588.5,1050.3,638.5,0
78,2584,2243509,1060.6,691.6,1038.8,594.5,1049.7,643.05,0
78,2585,2243510,1061.2,694.4,1038.1,601.3,1049.65,647.85,0
78,2586,2243511,1062.0,697.2,1038.0,607.9,1050.0,652.55,0
78,2587,2243512,1063.1,699.9,1037.9,613.7,1050.5,656.8,0
78,2588,2243513,1064.4,701.8,1038.0,620.0,1051.2,660.9,0
78,2589,2243514,1065.7,704.0,1038.3,624.7,1052.0,664.35,0
78,2590,2243515,1067.2,706.1,1038.6,628.5,1052.9,667.3,0
78,2591,2243516,1068.3,707.2,1039.0,631.8,1053.65,669.5,0
78,2592,2243517,1069.4,708.0,1039.3,633.7,1054.35,670.85,0
78,2593,2243518,1070.3,708.4,1039.6,634.6,1054.95,671.5,0
78,2594,2243519,1070.9,708.7,1039.9,635.2,1055.4,671.95,0
78,2595,2243520,1071.1,708.3,1040.3,634.9,1055.7,671.6,0
78,2596,2243521,1070.8,707.2,1040.6,634.5,1055.7,670.85,0
78,2597,2243522,1070.2,706.1,1041.2,634.0,1055.7,670.05,0
78,2598,2243523,1069.5,704.8,1041.6,633.5,1055.55,669.15,0
78,2599,2243524,1068.7,703.9,1042.1,632.4,1055.4,668.15,0
78,2600,2243525,1067.9,703.0,1042.5,631.1,1055.2,667.05,0
79,2601,2243526,1067.0,702.3,1043.1,629.4,1055.05,665.85,0
79,2602,2243527,1066.3,702.0,1043.4,628.0,1054.85,665.0,0
79,2603,2243528,1066.0,701.7,1043.7,626.6,1054.85,664.15,0
79,2604,2243529,1065.6,701.4,1043.8,625.3,1054.7,663.35,0
79,2605,2243530,1065.3,701.0,1043.8,624.0,1054.55,662.5,0
79,2606,2243531,1065.2,700.7,1043.9,623.4,1054.55,662.05,0
79,2607,2243532,1065.2,700.3,1043.8,623.3,1054.5,661.8,0
79,2608,2243533,1065.2,699.9,1043.7,623.7,1054.45,661.8,0
79,2609,2243534,1065.3,699.5,1043.5,624.1,1054.4,661.8,0
79,2610,2243535,1065.5,699.2,1043.4,624.5,1054.45,661.85,0
79,2611,2243536,1065.6,699.0,1042.9,624.9,1054.25,661.95,0
79,2612,2243537,1065.7,699.0,1042.2,625.3,1053.95,662.15,0
79,2613,2243538,1065.8,699.0,1041.6,625.7,1053.7,662.35,0
79,2614,2243539,1065.9,698.9,1041.0,625.9,1053.45,662.4,0
79,2615,2243540,1065.9,698.8,1040.4,625.9,1053.15,662.35,0
79,2616,2243541,1065.8,698.7,1039.6,625.8,1052.7,662.25,0
79,2617,2243542,1065.8,698.7,1038.8,625.3,1052.3,662.0,0
79,2618,2243543,1065.7,698.7,1038.4,624.8,1052.05,661.75,0
79,2619,2243544,1065.5,698.7,1038.1,624.2,1051.8,661.45,0
79,2620,2243545,1065.4,698.7,1037.8,623.7,1051.6,661.2,0
79,2621,2243546,1065.3,698.5,1037.7,623.1,1051.5,660.8,0
79,2622,2243547,1065.1,698.4,1037.5,622.5,1051.3,660.45,0
79,2623,2243548,1065.1,698.3,1037.7,621.9,1051.4,660.1,0
79,2624,2243549,1065.0,698.1,1037.8,621.5,1051.4,659.8,0
79,2625,2243550,1064.9,697.8,1038.1,621.1,1051.5,659.45,0
79,2626,2243551,1064.8,697.5,1038.3,620.7,1051.55,659.1,0
79,2627,2243552,1064.8,697.4,1038.6,620.3,1051.7,658.85,0
79,2628,2243553,1064.7,697.3,1038.8,620.1,1051.75,658.7,0
79,2629,2243554,1064.6,697.3,1039.0,620.0,1051.8,658.65,0
79,2630,2243555,1064.5,697.3,1039.2,620.1,1051.85,658.7,0
79,2631,2243556,1064.5,697.3,1039.8,620.2,1052.15,658.75,0
79,2632,2243557,1064.4,697.3,1040.4,620.5,1052.4,658.9,0
79,2633,2243558,1064.3,697.2,1040.9,620.6,1052.6,658.9,0
80,2634,2243559,1064.2,697.1,1041.4,620.7,1052.8,658.9,0
80,2635,2243560,1064.1,697.0,1041.8,620.5,1052.95,658.75,0
80,2636,2243561,1063.9,696.9,1042.1,620.4,1053.0,658.65,0
80,2637,2243562,1063.8,696.7,1042.3,620.2,1053.05,658.45,0
80,2638,2243563,1063.6,696.5,1042.1,620.0,1052.85,658.25,0
80,2639,2243564,1063.4,696.3,1041.6,619.6,1052.5,657.95,0
80,2640,2243565,1063.1,696.1,1041.1,619.1,1052.1,657.6,0
80,2641,2243566,1062.9,695.9,1040.6,618.5,1051.75,657.2,0
80,2642,2243567,1062.9,695.7,1040.1,618.0,1051.5,656.85,0
80,2643,2243568,1062.9,695.5,1039.6,617.5,1051.25,656.5,0
80,2644,2243569,1062.9,695.4,1039.1,617.1,1051.0,656.25,0
80,2645,2243570,1063.0,695.4,1038.5,616.7,1050.75,656.05,0
80,2646,2243571,1063.3,695.3,1037.9,616.5,1050.6,655.9,0
80,2647,2243572,1063.5,695.2,1037.3,616.4,1050.4,655.8,0
80,2648,2243573,1063.7,695.1,1036.6,616.5,1050.15,655.8,0
80,2649,2243574,1063.8,695.2,1036.0,616.5,1049.9,655.85,0
80,2650,2243575,1063.9,695.2,1035.3,616.6,1049.6,655.9,0
80,2651,2243576,1064.0,695.2,1034.7,616.7,1049.35,655.95,0
80,2652,2243577,1063.9,695.3,1034.3,616.8,1049.1,656.05,0
80,2653,2243578,1063.8,695.4,1034.3,617.0,1049.05,656.2,0
80,2654,2243579,1063.6,695.5,1034.3,617.2,1048.95,656.35,0
80,2655,2243580,1063.4,695.6,1034.6,617.3,1049.0,656.45,0
80,2656,2243581,1063.2,695.7,1035.0,617.4,1049.1,656.55,0
80,2657,2243582,1062.9,695.8,1035.4,617.6,1049.15,656.7,0
80,2658,2243583,1062.8,695.8,1035.8,617.8,1049.3,656.8,0
80,2659,2243584,1062.7,695.9,1036.2,617.9,1049.45,656.9,0
80,2660,2243585,1062.8,695.9,1036.5,617.9,1049.65,656.9,0
80,2661,2243586,1062.9,696.1,1036.8,617.9,1049.85,657.0,0
80,2662,2243587,1063.0,696.2,1036.9,617.4,1049.95,656.8,0
80,2663,2243588,1063.1,696.3,1036.8,616.9,1049.95,656.6,0
80,2664,2243589,1063.3,696.5,1036.8,616.2,1050.05,656.35,0
80,2665,2243590,1063.4,696.6,1036.7,615.5,1050.05,656.05,0
80,2666,2243591,1063.4,696.7,1036.7,614.9,1050.05,655.8,0
81,2667,2243592,1063.4,696.8,1036.6,614.4,1050.0,655.6,0
81,2668,2243593,1063.1,696.8,1036.6,613.8,1049.85,655.3,0
81,2669,2243594,1062.9,696.9,1036.6,613.7,1049.75,655.3,0
81,2670,2243595,1062.6,696.9,1036.7,613.5,1049.65,655.2,0
81,2671,2243596,1062.3,697.0,1036.7,613.4,1049.5,655.2,0
81,2672,2243597,1062.1,697.1,1036.7,613.2,1049.4,655.15,0
81,2673,2243598,1061.9,697.2,1036.6,613.1,1049.25,655.15,0
81,2674,2243599,1061.7,697.4,1036.4,613.2,1049.05,655.3,0
81,2675,2243600,1061.7,697.5,1036.1,613.3,1048.9,655.4,0
81,2676,2243601,1061.7,697.5,1035.6,613.3,1048.65,655.4,0
81,2677,2243602,1061.7,697.5,1035.1,613.4,1048.4,655.45,0
81,2678,2243603,1061.5,697.3,1034.7,613.6,1048.1,655.45,0
81,2679,2243604,1061.4,697.2,1034.2,613.8,1047.8,655.5,0
81,2680,2243605,1061.2,697.0,1033.7,614.2,1047.45,655.6,0
81,2681,2243606,1061.0,696.8,1033.2,614.9,1047.1,655.85,0
81,2682,2243607,1060.8,696.7,1032.7,615.6,1046.75,656.15,0
81,2683,2243608,1060.7,696.6,1032.3,616.2,1046.5,656.4,0
81,2684,2243609,1060.5,696.5,1032.0,617.3,1046.25,656.9,0
81,2685,2243610,1060.5,696.7,1031.7,618.3,1046.1,657.5,0
81,2686,2243611,1060.5,696.7,1031.4,619.3,1045.95,658.0,0
81,2687,2243612,1060.5,696.7,1031.2,620.1,1045.85,658.4,0
81,2688,2243613,1060.5,696.5,1031.1,620.5,1045.8,658.5,0
81,2689,2243614,1060.6,696.3,1031.0,620.6,1045.8,658.45,0
81,2690,2243615,1060.7,696.1,1030.9,620.8,1045.8,658.45,0
81,2691,2243616,1060.8,695.9,1031.0,620.6,1045.9,658.25,0
81,2692,2243617,1060.8,695.8,1031.1,620.5,1045.95,658.15,0
81,2693,2243618,1060.7,695.8,1031.1,620.6,1045.9,658.2,0
81,2694,2243619,1060.7,695.9,1031.3,620.7,1046.0,658.3,0
81,2695,2243620,1060.6,696.0,1031.4,620.9,1046.0,658.45,0
81,2696,2243621,1060.4,696.4,1031.6,621.4,1046.0,658.9,0
81,2697,2243622,1060.3,696.7,1031.8,621.8,1046.05,659.25,0
81,2698,2243623,1060.2,697.0,1031.9,622.2,1046.05,659.6,0
81,2699,2243624,1060.3,697.2,1032.4,622.5,1046.35,659.85,0
81,2700,2243625,1060.5,697.5,1032.8,622.5,1046.65,660.0,0
82,2701,2243626,1060.6,697.8,1033.2,622.5,1046.9,660.15,0
82,2702,2243627,1060.7,698.2,1033.6,622.5,1047.15,660.35,0
82,2703,2243628,1060.9,698.3,1034.0,622.4,1047.45,660.35,0
82,2704,2243629,1060.8,698.6,1034.4,622.5,1047.6,660.55,0
82,2705,2243630,1060.7,698.8,1034.8,622.8,1047.75,660.8,0
82,2706,2243631,1060.5,699.0,1035.0,623.1,1047.75,661.05,0
82,2707,2243632,1060.3,699.2,1035.1,623.5,1047.7,661.35,0
82,2708,2243633,1060.1,699.3,1035.2,623.7,1047.65,661.5,0
82,2709,2243634,1060.0,699.4,1035.2,623.9,1047.6,661.65,0
82,2710,2243635,1059.9,699.5,1035.3,624.0,1047.6,661.75,0
82,2711,2243636,1060.1,699.5,1035.3,624.0,1047.7,661.75,0
82,2712,2243637,1060.3,699.5,1035.3,623.7,1047.8,661.6,0
82,2713,2243638,1060.6,699.4,1035.2,623.4,1047.9,661.4,0
82,2714,2243639,1060.8,699.4,1035.3,623.1,1048.05,661.25,0
82,2715,2243640,1061.0,699.3,1035.4,622.8,1048.2,661.05,0
82,2716,2243641,1061.2,699.3,1035.4,622.6,1048.3,660.95,0
82,2717,2243642,1061.4,699.2,1035.3,622.4,1048.35,660.8,0
82,2718,2243643,1061.4,699.2,1035.3,622.3,1048.35,660.75,0
82,2719,2243644,1061.4,699.3,1035.2,622.2,1048.3,660.75,0
82,2720,2243645,1061.5,699.3,1035.2,622.2,1048.35,660.75,0
82,2721,2243646,1061.7,699.3,1035.2,622.3,1048.45,660.8,0
82,2722,2243647,1061.8,699.4,1035.2,622.3,1048.5,660.85,0
82,2723,2243648,1062.1,699.4,1035.3,622.4,1048.7,660.9,0
82,2724,2243649,1062.4,699.5,1035.4,622.5,1048.9,661.0,0
82,2725,2243650,1062.6,699.6,1035.5,622.8,1049.05,661.2,0
82,2726,2243651,1062.8,699.7,1035.5,623.2,1049.15,661.45,0
82,2727,2243652,1063.0,699.8,1035.5,623.6,1049.25,661.7,0
82,2728,2243653,1063.1,700.0,1035.3,624.1,1049.2,662.05,0
82,2729,2243654,1063.2,700.2,1035.1,624.7,1049.15,662.45,0
82,2730,2243655,1063.0,700.3,1035.0,625.3,1049.0,662.8,0
82,2731,2243656,1062.8,700.4,1034.9,625.9,1048.85,663.15,0
82,2732,2243657,1062.6,700.4,1034.9,626.4,1048.75,663.4,0
82,2733,2243658,1062.5,700.3,1034.9,626.8,1048.7,663.55,0
83,2734,2243659,1062.3,700.2,1034.9,627.1,1048.6,663.65,0
83,2735,2243660,1062.1,700.1,1034.9,627.5,1048.5,663.8,0
83,2736,2243661,1062.0,700.0,1034.8,627.6,1048.4,663.8,0
83,2737,2243662,1062.0,699.9,1034.7,627.7,1048.35,663.8,0
83,2738,2243663,1062.2,699.9,1034.6,627.6,1048.4,663.75,0
83,2739,2243664,1062.4,699.8,1034.5,627.4,1048.45,663.6,0
83,2740,2243665,1062.5,699.7,1034.4,627.1,1048.45,663.4,0
83,2741,2243666,1062.7,699.6,1034.3,626.7,1048.5,663.15,0
83,2742,2243667,1062.9,699.4,1034.3,626.4,1048.6,662.9,0
83,2743,2243668,1063.0,699.2,1034.3,626.2,1048.65,662.7,0
83,2744,2243669,1063.1,699.0,1034.3,626.1,1048.7,662.55,0
83,2745,2243670,1063.0,698.8,1034.2,626.2,1048.6,662.5,0
83,2746,2243671,1063.0,698.7,1034.2,626.2,1048.6,662.45,0
83,2747,2243672,1062.9,698.6,1034.2,626.4,1048.55,662.5,0
83,2748,2243673,1062.9,698.7,1034.2,626.6,1048.55,662.65,0
83,2749,2243674,1062.8,698.7,1034.2,626.9,1048.5,662.8,0
83,2750,2243675,1062.8,698.8,1034.1,627.5,1048.45,663.15,0
83,2751,2243676,1062.7,698.8,1034.2,627.9,1048.45,663.35,0
83,2752,2243677,1062.6,698.8,1034.2,628.4,1048.4,663.6,0
83,2753,2243678,1062.5,698.8,1034.3,628.9,1048.4,663.85,0
83,2754,2243679,1062.5,698.8,1034.3,629.5,1048.4,664.15,0
83,2755,2243680,1062.4,698.8,1034.4,629.9,1048.4,664.35,0
83,2756,2243681,1062.3,698.8,1034.5,630.3,1048.4,664.55,0
83,2757,2243682,1062.2,698.8,1034.6,630.2,1048.4,664.5,0
83,2758,2243683,1062.2,698.7,1034.6,630.0,1048.4,664.35,0
83,2759,2243684,1062.2,698.7,1034.7,629.6,1048.45,664.15,0
83,2760,2243685,1062.2,698.7,1034.7,629.2,1048.45,663.95,0
83,2761,2243686,1062.2,698.6,1034.7,628.8,1048.45,663.7,0
83,2762,2243687,1062.3,698.5,1034.7,628.3,1048.5,663.4,0
83,2763,2243688,1062.3,698.4,1034.7,627.7,1048.5,663.05,0
83,2764,2243689,1062.3,698.3,1034.7,627.2,1048.5,662.75,0
83,2765,2243690,1062.4,698.3,1034.7,626.8,1048.55,662.55,0
83,2766,2243691,1062.5,698.4,1034.7,626.7,1048.6,662.55,0
84,2767,2243692,1062.5,698.6,1034.7,626.7,1048.6,662.65,0
84,2768,2243693,1062.6,698.8,1034.8,626.7,1048.7,662.75,0
84,2769,2243694,1062.8,699.0,1034.9,627.0,1048.85,663.0,0
84,2770,2243695,1062.9,699.2,1035.0,627.3,1048.95,663.25,0
84,2771,2243696,1063.1,699.3,1035.2,627.7,1049.15,663.5,0
84,2772,2243697,1063.2,699.4,1035.5,628.0,1049.35,663.7,0
84,2773,2243698,1063.3,699.3,1035.8,628.3,1049.55,663.8,0
84,2774,2243699,1063.4,699.2,1036.1,628.6,1049.75,663.9,0
84,2775,2243700,1063.5,699.1,1036.3,628.8,1049.9,663.95,0
84,2776,2243701,1063.5,699.0,1036.5,628.9,1050.0,663.95,0
84,2777,2243702,1063.4,698.9,1036.7,629.1,1050.05,664.0,0
84,2778,2243703,1063.4,698.8,1036.8,629.3,1050.1,664.05,0
84,2779,2243704,1063.5,698.8,1036.8,629.9,1050.15,664.35,0
84,2780,2243705,1063.5,698.9,1036.8,630.5,1050.15,664.7,0
84,2781,2243706,1063.6,698.8,1036.8,631.0,1050.2,664.9,0
84,2782,2243707,1063.7,698.6,1036.8,631.6,1050.25,665.1,0
84,2783,2243708,1063.8,698.5,1036.8,632.2,1050.3,665.35,0
84,2784,2243709,1063.9,698.3,1036.8,632.8,1050.35,665.55,0
84,2785,2243710,1064.1,698.2,1036.9,633.4,1050.5,665.8,0
84,2786,2243711,1064.2,698.0,1037.1,633.6,1050.65,665.8,0
84,2787,2243712,1064.3,697.8,1037.2,633.8,1050.75,665.8,0
84,2788,2243713,1064.5,697.7,1037.4,634.0,1050.95,665.85,0
84,2789,2243714,1064.6,697.6,1037.6,634.3,1051.1,665.95,0
84,2790,2243715,1065.1,697.6,1037.8,634.5,1051.45,666.05,0
84,2791,2243716,1065.5,697.6,1038.0,634.7,1051.75,666.15,0
84,2792,2243717,1065.8,697.6,1038.0,634.9,1051.9,666.25,0
84,2793,2243718,1066.2,697.6,1038.0,635.2,1052.1,666.4,0
84,2794,2243719,1066.5,697.6,1038.1,635.8,1052.3,666.7,0
84,2795,2243720,1066.7,697.6,1038.1,636.4,1052.4,667.0,0
84,2796,2243721,1067.0,697.5,1038.1,636.8,1052.55,667.15,0
84,2797,2243722,1066.9,697.3,1038.2,637.5,1052.55,667.4,0
84,2798,2243723,1066.7,697.2,1038.2,638.1,1052.45,667.65,0
84,2799,2243724,1066.5,697.0,1038.1,638.8,1052.3,667.9,0
84,2800,2243725,1066.4,696.9,1038.0,639.4,1052.2,668.15,0
85,2801,2243726,1066.2,696.9,1037.9,639.7,1052.05,668.3,0
85,2802,2243727,1066.1,697.0,1037.7,640.1,1051.9,668.55,0
85,2803,2243728,1066.0,697.1,1037.5,640.7,1051.75,668.9,0
85,2804,2243729,1065.9,697.4,1037.3,641.2,1051.6,669.3,0
85,2805,2243730,1065.9,697.7,1037.1,641.8,1051.5,669.75,0
85,2806,2243731,1065.9,697.9,1037.1,642.3,1051.5,670.1,0
85,2807,2243732,1066.0,698.0,1037.2,642.6,1051.6,670.3,0
85,2808,2243733,1066.1,697.9,1037.2,642.9,1051.65,670.4,0
85,2809,2243734,1066.2,697.8,1037.3,643.0,1051.75,670.4,0
85,2810,2243735,1066.3,697.7,1037.3,642.8,1051.8,670.25,0
85,2811,2243736,1066.4,697.5,1037.3,642.5,1051.85,670.0,0
85,2812,2243737,1066.5,697.3,1037.4,642.2,1051.95,669.75,0
85,2813,2243738,1066.6,697.2,1037.4,641.8,1052.0,669.5,0
85,2814,2243739,1066.7,697.3,1037.4,641.5,1052.05,669.4,0
85,2815,2243740,1066.8,697.5,1037.4,641.3,1052.1,669.4,0
85,2816,2243741,1066.8,697.7,1037.4,641.3,1052.1,669.5,0
85,2817,2243742,1066.9,698.0,1037.4,641.3,1052.15,669.65,0
85,2818,2243743,1067.0,698.4,1037.5,641.4,1052.25,669.9,0
85,2819,2243744,1067.1,698.8,1037.6,641.4,1052.35,670.1,0
85,2820,2243745,1067.1,699.3,1037.8,641.5,1052.45,670.4,0
85,2821,2243746,1067.1,699.6,1037.9,641.5,1052.5,670.55,0
85,2822,2243747,1067.1,699.9,1038.1,641.5,1052.6,670.7,0
85,2823,2243748,1067.1,700.2,1038.2,641.6,1052.65,670.9,0
85,2824,2243749,1067.1,700.4,1038.3,641.6,1052.7,671.0,0
85,2825,2243750,1067.1,700.7,1038.4,641.7,1052.75,671.2,0
85,2826,2243751,1067.1,700.9,1038.3,641.8,1052.7,671.35,0
85,2827,2243752,1067.1,701.1,1038.0,642.0,1052.55,671.55,0
85,2828,2243753,1067.1,701.3,1037.8,642.1,1052.45,671.7,0
85,2829,2243754,1067.1,701.5,1037.7,642.2,1052.4,671.85,0
85,2830,2243755,1067.1,701.6,1037.5,642.2,1052.3,671.9,0
85,2831,2243756,1067.0,701.9,1037.4,642.3,1052.2,672.1,0
85,2832,2243757,1066.9,702.1,1037.2,642.4,1052.05,672.25,0
85,2833,2243758,1066.6,702.4,1037.2,642.3,1051.9,672.35,0
86,2834,2243759,1066.2,702.7,1037.3,642.2,1051.75,672.45,0
86,2835,2243760,1065.9,703.1,1037.4,641.9,1051.65,672.5,0
86,2836,2243761,1065.6,703.5,1037.5,641.4,1051.55,672.45,0
86,2837,2243762,1065.4,703.9,1037.5,640.9,1051.45,672.4,0
86,2838,2243763,1065.2,704.1,1037.7,640.5,1051.45,672.3,0
86,2839,2243764,1065.0,704.4,1037.8,640.1,1051.4,672.25,0
86,2840,2243765,1065.4,704.6,1037.9,639.7,1051.65,672.15,0
86,2841,2243766,1065.7,704.9,1038.0,639.4,1051.85,672.15,0
86,2842,2243767,1065.9,705.2,1038.1,639.4,1052.0,672.3,0
86,2843,2243768,1066.2,705.5,1038.4,639.5,1052.3,672.5,0
86,2844,2243769,1066.4,705.7,1038.6,639.6,1052.5,672.65,0
86,2845,2243770,1066.6,705.9,1038.9,639.6,1052.75,672.75,0
86,2846,2243771,1066.7,706.2,1039.1,639.7,1052.9,672.95,0
86,2847,2243772,1066.6,706.6,1039.3,639.7,1052.95,673.15,0
86,2848,2243773,1066.6,706.9,1039.4,639.6,1053.0,673.25,0
86,2849,2243774,1066.6,707.2,1039.4,639.5,1053.0,673.35,0
86,2850,2243775,1066.6,707.8,1039.2,639.4,1052.9,673.6,0
86,2851,2243776,1066.6,708.4,1039.0,639.0,1052.8,673.7,0
86,2852,2243777,1066.7,709.0,1038.8,638.6,1052.75,673.8,0
86,2853,2243778,1066.9,709.3,1038.6,638.2,1052.75,673.75,0
86,2854,2243779,1067.2,709.7,1038.5,637.4,1052.85,673.55,0
86,2855,2243780,1067.4,710.0,1038.4,636.7,1052.9,673.35,0
86,2856,2243781,1067.7,710.3,1038.5,636.1,1053.1,673.2,0
86,2857,2243782,1067.9,710.4,1038.8,635.2,1053.35,672.8,0
86,2858,2243783,1068.2,710.6,1039.0,634.5,1053.6,672.55,0
86,2859,2243784,1068.4,710.8,1039.2,633.8,1053.8,672.3,0
86,2860,2243785,1068.6,711.0,1039.4,633.2,1054.0,672.1,0
86,2861,2243786,1068.7,711.3,1039.6,632.9,1054.15,672.1,0
86,2862,2243787,1068.9,711.7,1039.8,632.6,1054.35,672.15,0
86,2863,2243788,1069.1,712.1,1039.9,632.2,1054.5,672.15,0
86,2864,2243789,1069.3,712.4,1040.1,632.0,1054.7,672.2,0
86,2865,2243790,1069.5,712.6,1040.3,631.8,1054.9,672.2,0
86,2866,2243791,1069.6,712.9,1040.6,631.6,1055.1,672.25,0
87,2867,2243792,1069.7,713.1,1041.0,631.4,1055.35,672.25,0
87,2868,2243793,1069.9,713.6,1041.4,631.1,1055.65,672.35,0
87,2869,2243794,1069.9,713.9,1041.7,630.9,1055.8,672.4,0
87,2870,2243795,1070.0,714.2,1042.0,630.7,1056.0,672.45,0
87,2871,2243796,1070.0,714.5,1042.1,630.5,1056.05,672.5,0
87,2872,2243797,1070.1,714.8,1042.0,630.5,1056.05,672.65,0
87,2873,2243798,1070.1,715.1,1041.7,630.6,1055.9,672.85,0
87,2874,2243799,1070.2,715.4,1041.5,630.7,1055.85,673.05,0
87,2875,2243800,1070.2,715.4,1041.2,630.8,1055.7,673.1,0
87,2876,2243801,1070.3,715.5,1041.0,630.9,1055.65,673.2,0
87,2877,2243802,1070.4,715.6,1040.9,631.0,1055.65,673.3,0
87,2878,2243803,1070.5,715.7,1040.9,631.1,1055.7,673.4,0
87,2879,2243804,1070.6,715.8,1041.1,631.1,1055.85,673.45,0
87,2880,2243805,1070.8,715.9,1041.2,631.4,1056.0,673.65,0
87,2881,2243806,1070.9,716.1,1041.3,631.7,1056.1,673.9,0
87,2882,2243807,1071.0,716.3,1041.3,632.1,1056.15,674.2,0
87,2883,2243808,1071.1,716.6,1041.4,632.4,1056.25,674.5,0
87,2884,2243809,1071.1,716.9,1041.6,632.8,1056.35,674.85,0
87,2885,2243810,1071.1,717.1,1041.7,633.3,1056.4,675.2,0
87,2886,2243811,1071.0,717.4,1041.8,633.8,1056.4,675.6,0
87,2887,2243812,1071.0,717.6,1041.9,634.0,1056.45,675.8,0
87,2888,2243813,1070.9,717.8,1042.1,634.2,1056.5,676.0,0
87,2889,2243814,1070.8,717.9,1042.1,634.4,1056.45,676.15,0
87,2890,2243815,1070.7,717.6,1042.1,634.6,1056.4,676.1,0
87,2891,2243816,1070.6,717.2,1042.1,634.8,1056.35,676.0,0
87,2892,2243817,1070.6,716.9,1042.0,635.0,1056.3,675.95,0
87,2893,2243818,1070.6,716.6,1041.9,635.1,1056.25,675.85,0
87,2894,2243819,1070.6,716.2,1041.8,635.1,1056.2,675.65,0
87,2895,2243820,1070.6,715.8,1041.8,635.2,1056.2,675.5,0
87,2896,2243821,1070.6,715.5,1041.7,635.2,1056.15,675.35,0
87,2897,2243822,1070.8,715.5,1042.2,635.1,1056.5,675.3,0
87,2898,2243823,1071.4,715.5,1042.7,635.1,1057.05,675.3,0
87,2899,2243824,1072.5,715.5,1044.4,635.1,1058.45,675.3,0
87,2900,2243825,1073.9,715.9,1046.2,635.5,1060.05,675.7,0
88,2901,2243826,1075.9,716.3,1048.6,636.0,1062.25,676.15,0
88,2902,2243827,1078.4,716.6,1051.5,637.2,1064.95,676.9,0
88,2903,2243828,1081.6,716.9,1054.9,638.4,1068.25,677.65,0
88,2904,2243829,1084.7,717.7,1058.4,639.7,1071.55,678.7,0
88,2905,2243830,1088.1,718.6,1062.6,640.9,1075.35,679.75,0
88,2906,2243831,1091.2,719.5,1065.7,642.1,1078.45,680.8,0
88,2907,2243832,1094.0,720.3,1068.8,643.0,1081.4,681.65,0
88,2908,2243833,1096.2,721.1,1071.4,643.9,1083.8,682.5,0
88,2909,2243834,1097.8,722.1,1073.5,644.0,1085.65,683.05,0
88,2910,2243835,1098.7,723.3,1074.9,644.1,1086.8,683.7,0
88,2911,2243836,1099.5,724.9,1075.5,644.6,1087.5,684.75,0
88,2912,2243837,1099.2,726.4,1074.5,645.1,1086.85,685.75,0
88,2913,2243838,1098.6,728.0,1073.2,645.5,1085.9,686.75,0
88,2914,2243839,1097.3,729.4,1071.5,646.0,1084.4,687.7,0
88,2915,2243840,1095.9,730.8,1069.8,646.8,1082.85,688.8,0
88,2916,2243841,1094.5,732.1,1067.5,647.6,1081.0,689.85,0
88,2917,2243842,1093.1,733.2,1065.3,648.4,1079.2,690.8,0
88,2918,2243843,1091.6,733.2,1063.5,648.9,1077.55,691.05,0
88,2919,2243844,1090.2,733.1,1062.5,649.3,1076.35,691.2,0
88,2920,2243845,1089.1,732.9,1061.9,649.8,1075.5,691.35,0
88,2921,2243846,1088.6,732.6,1061.4,650.1,1075.0,691.35,0
88,2922,2243847,1088.2,732.3,1061.7,650.3,1074.95,691.3,0
88,2923,2243848,1087.9,731.9,1062.5,650.6,1075.2,691.25,0
88,2924,2243849,1087.6,731.4,1063.2,650.9,1075.4,691.15,0
88,2925,2243850,1087.7,731.0,1063.9,651.1,1075.8,691.05,0
88,2926,2243851,1087.8,730.6,1064.5,651.4,1076.15,691.0,0
88,2927,2243852,1087.9,730.1,1065.1,651.0,1076.5,690.55,0
88,2928,2243853,1088.1,729.7,1065.8,650.7,1076.95,690.2,0
88,2929,2243854,1088.4,729.2,1066.1,650.2,1077.25,689.7,0
88,2930,2243855,1088.8,728.7,1066.4,649.7,1077.6,689.2,0
88,2931,2243856,1089.1,728.1,1066.6,649.3,1077.85,688.7,0
88,2932,2243857,1089.5,727.6,1067.0,649.3,1078.25,688.45,0
88,2933,2243858,1089.8,727.2,1067.3,649.4,1078.55,688.3,0
89,2934,2243859,1090.1,726.7,1067.5,650.1,1078.8,688.4,0
89,2935,2243860,1090.4,726.3,1067.7,650.8,1079.05,688.55,0
89,2936,2243861,1090.6,725.9,1067.7,651.6,1079.15,688.75,0
89,2937,2243862,1090.7,725.6,1067.6,652.4,1079.15,689.0,0
89,2938,2243863,1090.8,725.4,1067.3,653.1,1079.05,689.25,0
89,2939,2243864,1091.0,725.1,1067.1,653.5,1079.05,689.3,0
89,2940,2243865,1091.2,725.0,1066.7,653.7,1078.95,689.35,0
89,2941,2243866,1091.4,724.9,1066.4,653.8,1078.9,689.35,0
89,2942,2243867,1091.6,724.4,1066.0,654.0,1078.8,689.2,0
89,2943,2243868,1091.7,723.9,1065.7,653.9,1078.7,688.9,0
89,2944,2243869,1091.8,723.3,1065.4,653.9,1078.6,688.6,0
89,2945,2243870,1092.0,722.8,1065.3,653.7,1078.65,688.25,0
89,2946,2243871,1091.9,722.3,1065.1,653.7,1078.5,688.0,0
89,2947,2243872,1091.9,721.9,1065.0,653.7,1078.45,687.8,0
89,2948,2243873,1091.8,721.5,1065.0,653.8,1078.4,687.65,0
89,2949,2243874,1091.8,721.5,1065.0,653.9,1078.4,687.7,0
89,2950,2243875,1091.7,721.4,1065.0,654.1,1078.35,687.75,0
89,2951,2243876,1091.6,721.5,1065.0,654.4,1078.3,687.95,0
89,2952,2243877,1091.6,721.5,1065.0,654.7,1078.3,688.1,0
89,2953,2243878,1091.4,721.6,1065.1,654.9,1078.25,688.25,0
89,2954,2243879,1091.3,721.7,1065.3,655.1,1078.3,688.4,0
89,2955,2243880,1091.1,721.7,1065.5,655.2,1078.3,688.45,0
89,2956,2243881,1091.0,721.7,1065.7,655.3,1078.35,688.5,0
89,2957,2243882,1090.9,721.6,1065.9,655.3,1078.4,688.45,0
89,2958,2243883,1090.8,721.4,1066.4,655.3,1078.6,688.35,0
89,2959,2243884,1090.8,721.2,1066.9,655.3,1078.85,688.25,0
89,2960,2243885,1090.9,720.9,1067.3,655.3,1079.1,688.1,0
89,2961,2243886,1090.9,720.6,1067.7,655.5,1079.3,688.05,0
89,2962,2243887,1090.9,720.3,1068.1,655.6,1079.5,687.95,0
89,2963,2243888,1090.9,720.0,1068.6,655.7,1079.75,687.85,0
89,2964,2243889,1090.9,719.9,1069.1,655.5,1080.0,687.7,0
89,2965,2243890,1090.8,719.8,1069.3,655.2,1080.05,687.5,0
89,2966,2243891,1090.8,719.9,1069.5,655.1,1080.15,687.5,0
90,2967,2243892,1090.7,719.9,1069.6,654.9,1080.15,687.4,0
90,2968,2243893,1090.7,719.8,1069.7,654.7,1080.2,687.25,0
90,2969,2243894,1090.6,719.7,1069.8,654.5,1080.2,687.1,0
90,2970,2243895,1090.6,719.5,1069.8,654.3,1080.2,686.9,0
90,2971,2243896,1090.6,719.1,1069.8,654.5,1080.2,686.8,0
90,2972,2243897,1090.7,718.7,1069.8,654.7,1080.25,686.7,0
90,2973,2243898,1090.8,718.2,1069.8,654.9,1080.3,686.55,0
90,2974,2243899,1090.9,717.7,1069.8,655.0,1080.35,686.35,0
90,2975,2243900,1091.0,717.4,1070.0,655.2,1080.5,686.3,0
90,2976,2243901,1091.3,717.1,1070.2,655.2,1080.75,686.15,0
90,2977,2243902,1091.5,716.8,1070.4,655.2,1080.95,686.0,0
90,2978,2243903,1091.9,716.8,1070.7,655.1,1081.3,685.95,0
90,2979,2243904,1092.2,716.8,1070.9,654.9,1081.55,685.85,0
90,2980,2243905,1092.6,716.9,1071.1,654.6,1081.85,685.75,0
90,2981,2243906,1092.9,716.9,1071.2,654.4,1082.05,685.65,0
90,2982,2243907,1093.4,717.0,1071.2,654.1,1082.3,685.55,0
90,2983,2243908,1093.8,717.2,1071.1,653.9,1082.45,685.55,0
90,2984,2243909,1094.2,717.3,1071.0,653.5,1082.6,685.4,0
90,2985,2243910,1094.5,717.3,1071.0,653.0,1082.75,685.15,0
90,2986,2243911,1094.8,717.3,1070.9,652.7,1082.85,685.0,0
90,2987,2243912,1095.2,717.2,1070.8,652.4,1083.0,684.8,0
90,2988,2243913,1095.5,717.0,1070.6,652.1,1083.05,684.55,0
90,2989,2243914,1095.4,716.9,1070.5,651.8,1082.95,684.35,0
90,2990,2243915,1095.3,716.8,1070.3,651.6,1082.8,684.2,0
90,2991,2243916,1095.1,716.4,1070.2,651.5,1082.65,683.95,0
90,2992,2243917,1094.8,716.1,1070.0,651.5,1082.4,683.8,0
90,2993,2243918,1094.5,715.7,1069.8,651.5,1082.15,683.6,0
90,2994,2243919,1094.1,715.5,1069.6,651.4,1081.85,683.45,0
90,2995,2243920,1093.7,715.3,1069.2,651.3,1081.45,683.3,0
90,2996,2243921,1093.5,715.0,1068.9,650.8,1081.2,682.9,0
90,2997,2243922,1093.3,714.7,1068.6,650.4,1080.95,682.55,0
90,2998,2243923,1093.2,714.6,1068.4,649.9,1080.8,682.25,0
90,2999,2243924,1093.1,714.6,1068.2,649.4,1080.65,682.0,0
90,3000,2243925,1093.0,714.5,1068.0,649.0,1080.5,681.75,0
91,3001,2243926,1092.9,714.4,1067.9,648.5,1080.4,681.45,0
91,3002,2243927,1092.9,714.3,1068.0,648.1,1080.45,681.2,0
91,3003,2243928,1092.8,714.2,1068.1,647.9,1080.45,681.05,0
91,3004,2243929,1092.8,714.1,1068.2,647.7,1080.5,680.9,0
91,3005,2243930,1092.8,714.1,1068.3,647.2,1080.55,680.65,0
91,3006,2243931,1092.8,714.1,1068.4,646.8,1080.6,680.45,0
91,3007,2243932,1092.8,714.0,1068.6,646.3,1080.7,680.15,0
91,3008,2243933,1092.8,714.0,1068.9,645.8,1080.85,679.9,0
91,3009,2243934,1092.7,713.9,1069.2,645.2,1080.95,679.55,0
91,3010,2243935,1092.6,713.9,1069.7,644.7,1081.15,679.3,0
91,3011,2243936,1092.6,713.7,1070.2,644.3,1081.4,679.0,0
91,3012,2243937,1092.5,713.6,1070.8,643.8,1081.65,678.7,0
91,3013,2243938,1092.4,713.4,1071.2,643.4,1081.8,678.4,0
91,3014,2243939,1092.3,713.2,1071.8,642.9,1082.05,678.05,0
91,3015,2243940,1092.3,713.0,1072.3,642.5,1082.3,677.75,0
91,3016,2243941,1092.2,712.9,1072.8,642.1,1082.5,677.5,0
91,3017,2243942,1092.0,712.7,1073.0,641.6,1082.5,677.15,0
91,3018,2243943,1091.6,712.7,1073.2,641.2,1082.4,676.95,0
91,3019,2243944,1091.2,712.6,1073.4,641.1,1082.3,676.85,0
91,3020,2243945,1090.9,712.5,1073.5,641.2,1082.2,676.85,0
91,3021,2243946,1090.7,712.4,1073.4,641.3,1082.05,676.85,0
91,3022,2243947,1090.5,712.2,1073.4,641.3,1081.95,676.75,0
91,3023,2243948,1090.3,712.0,1073.3,641.4,1081.8,676.7,0
91,3024,2243949,1090.2,711.8,1073.3,641.5,1081.75,676.65,0
91,3025,2243950,1090.4,711.7,1073.4,641.7,1081.9,676.7,0
91,3026,2243951,1090.5,711.5,1073.4,641.6,1081.95,676.55,0
91,3027,2243952,1090.6,711.2,1073.5,641.4,1082.05,676.3,0
91,3028,2243953,1090.6,710.9,1073.7,641.3,1082.15,676.1,0
91,3029,2243954,1090.8,710.8,1073.9,641.2,1082.35,676.0,0
91,3030,2243955,1090.9,710.7,1074.1,641.1,1082.5,675.9,0
91,3031,2243956,1091.0,710.5,1074.2,641.0,1082.6,675.75,0
91,3032,2243957,1091.3,710.4,1074.3,641.1,1082.8,675.75,0
91,3033,2243958,1091.5,710.5,1074.4,641.5,1082.95,676.0,0
92,3034,2243959,1091.6,710.5,1074.5,641.7,1083.05,676.1,0
92,3035,2243960,1091.9,710.7,1074.5,641.9,1083.2,676.3,0
92,3036,2243961,1092.2,710.9,1074.4,642.1,1083.3,676.5,0
92,3037,2243962,1092.4,711.1,1074.4,642.4,1083.4,676.75,0
92,3038,2243963,1092.6,711.4,1074.4,642.5,1083.5,676.95,0
92,3039,2243964,1092.8,711.7,1074.4,642.4,1083.6,677.05,0
92,3040,2243965,1092.9,711.9,1074.4,642.2,1083.65,677.05,0
92,3041,2243966,1093.1,712.1,1074.3,641.6,1083.7,676.85,0
92,3042,2243967,1093.2,712.2,1074.2,641.1,1083.7,676.65,0
92,3043,2243968,1093.1,712.3,1074.2,640.5,1083.65,676.4,0
92,3044,2243969,1093.1,712.2,1074.2,639.8,1083.65,676.0,0
92,3045,2243970,1093.2,712.2,1074.3,639.1,1083.75,675.65,0
92,3046,2243971,1093.3,712.0,1074.5,638.4,1083.9,675.2,0
92,3047,2243972,1093.4,711.6,1074.9,637.9,1084.15,674.75,0
92,3048,2243973,1093.6,711.2,1075.3,637.7,1084.45,674.45,0
92,3049,2243974,1093.8,710.9,1075.7,637.6,1084.75,674.25,0
92,3050,2243975,1094.0,710.6,1076.1,637.6,1085.05,674.1,0
92,3051,2243976,1094.3,710.3,1076.4,637.6,1085.35,673.95,0
92,3052,2243977,1094.5,710.1,1076.6,637.7,1085.55,673.9,0
92,3053,2243978,1094.7,709.9,1076.9,637.7,1085.8,673.8,0
92,3054,2243979,1094.7,709.9,1076.9,637.8,1085.8,673.85,0
92,3055,2243980,1094.8,709.9,1077.1,637.8,1085.95,673.85,0
92,3056,2243981,1094.8,709.9,1077.2,637.9,1086.0,673.9,0
92,3057,2243982,1094.8,709.9,1077.4,638.0,1086.1,673.95,0
92,3058,2243983,1094.8,709.8,1077.6,638.1,1086.2,673.95,0
92,3059,2243984,1094.8,709.7,1077.7,638.2,1086.25,673.95,0
92,3060,2243985,1094.9,709.7,1077.9,638.1,1086.4,673.9,0
92,3061,2243986,1095.0,709.7,1078.0,638.1,1086.5,673.9,0
92,3062,2243987,1095.1,709.7,1078.0,638.1,1086.55,673.9,0
92,3063,2243988,1095.3,709.8,1078.0,638.1,1086.65,673.95,0
92,3064,2243989,1095.4,709.9,1077.7,638.0,1086.55,673.95,0
92,3065,2243990,1095.6,709.9,1077.4,637.9,1086.5,673.9,0
92,3066,2243991,1095.7,709.9,1077.2,637.9,1086.45,673.9,0
93,3067,2243992,1095.8,709.9,1076.9,637.8,1086.35,673.85,0
93,3068,2243993,1095.8,709.7,1076.6,637.7,1086.2,673.7,0
93,3069,2243994,1095.9,709.6,1076.3,637.5,1086.1,673.55,0
93,3070,2243995,1095.9,709.5,1076.0,637.2,1085.95,673.35,0
93,3071,2243996,1095.9,709.3,1076.0,636.8,1085.95,673.05,0
93,3072,2243997,1095.9,709.2,1075.9,636.5,1085.9,672.85,0
93,3073,2243998,1095.8,709.0,1075.9,636.2,1085.85,672.6,0
93,3074,2243999,1095.6,708.9,1075.8,635.9,1085.7,672.4,0
93,3075,2244000,1095.4,708.9,1075.5,635.6,1085.45,672.25,0
93,3076,2244001,1095.2,708.9,1075.2,635.4,1085.2,672.15,0
93,3077,2244002,1095.0,708.9,1074.8,635.3,1084.9,672.1,0
93,3078,2244003,1094.8,708.9,1074.4,635.1,1084.6,672.0,0
93,3079,2244004,1094.5,709.0,1074.0,634.9,1084.25,671.95,0
93,3080,2244005,1094.4,709.1,1073.6,634.7,1084.0,671.9,0
93,3081,2244006,1094.3,709.1,1073.3,634.6,1083.8,671.85,0
93,3082,2244007,1094.2,708.9,1073.1,634.4,1083.65,671.65,0
93,3083,2244008,1094.1,708.8,1073.0,634.3,1083.55,671.55,0
93,3084,2244009,1094.0,708.6,1072.9,634.2,1083.45,671.4,0
93,3085,2244010,1093.9,708.4,1072.8,634.1,1083.35,671.25,0
93,3086,2244011,1093.8,708.2,1072.8,634.1,1083.3,671.15,0
93,3087,2244012,1093.7,707.8,1072.8,634.0,1083.25,670.9,0
93,3088,2244013,1093.8,707.5,1072.8,634.0,1083.3,670.75,0
93,3089,2244014,1093.9,707.3,1072.8,633.9,1083.35,670.6,0
93,3090,2244015,1094.1,707.1,1073.0,633.9,1083.55,670.5,0
93,3091,2244016,1094.1,706.9,1073.2,633.8,1083.65,670.35,0
93,3092,2244017,1094.1,706.7,1073.4,633.7,1083.75,670.2,0
93,3093,2244018,1094.1,706.6,1073.7,634.1,1083.9,670.35,0
93,3094,2244019,1094.1,706.7,1074.0,634.4,1084.05,670.55,0
93,3095,2244020,1093.9,706.7,1074.2,634.8,1084.05,670.75,0
93,3096,2244021,1093.7,706.8,1074.4,635.3,1084.05,671.05,0
93,3097,2244022,1093.5,706.9,1074.4,635.7,1083.95,671.3,0
93,3098,2244023,1093.4,706.9,1074.3,636.2,1083.85,671.55,0
93,3099,2244024,1093.3,707.0,1074.2,636.6,1083.75,671.8,0
93,3100,2244025,1093.2,707.1,1074.1,636.8,1083.65,671.95,0
94,3101,2244026,1093.2,707.1,1073.9,636.9,1083.55,672.0,0
94,3102,2244027,1093.1,707.3,1073.8,637.0,1083.45,672.15,0
94,3103,2244028,1093.0,707.4,1073.8,637.1,1083.4,672.25,0
94,3104,2244029,1093.1,707.5,1073.8,637.3,1083.45,672.4,0
94,3105,2244030,1093.2,707.6,1073.8,637.5,1083.5,672.55,0
94,3106,2244031,1093.2,707.6,1073.9,637.7,1083.55,672.65,0
94,3107,2244032,1093.4,707.6,1074.0,637.9,1083.7,672.75,0
94,3108,2244033,1093.6,707.6,1074.1,638.1,1083.85,672.85,0
94,3109,2244034,1093.9,707.5,1074.2,638.4,1084.05,672.95,0
94,3110,2244035,1094.1,707.5,1074.4,638.7,1084.25,673.1,0
94,3111,2244036,1094.4,707.5,1074.5,639.0,1084.45,673.25,0
94,3112,2244037,1094.5,707.6,1074.6,639.1,1084.55,673.35,0
94,3113,2244038,1094.7,707.7,1074.7,639.3,1084.7,673.5,0
94,3114,2244039,1094.8,707.8,1074.9,639.5,1084.85,673.65,0
94,3115,2244040,1094.8,707.9,1074.9,639.6,1084.85,673.75,0
94,3116,2244041,1094.8,707.9,1075.0,639.7,1084.9,673.8,0
94,3117,2244042,1094.8,707.9,1075.1,639.8,1084.95,673.85,0
94,3118,2244043,1094.8,707.9,1075.3,639.8,1085.05,673.85,0
94,3119,2244044,1094.7,707.9,1075.4,639.9,1085.05,673.9,0
94,3120,2244045,1094.6,707.8,1075.5,640.0,1085.05,673.9,0
94,3121,2244046,1094.6,707.8,1075.6,640.2,1085.1,674.0,0
94,3122,2244047,1094.5,707.8,1075.6,640.3,1085.05,674.05,0
94,3123,2244048,1094.5,707.8,1075.7,640.4,1085.1,674.1,0
94,3124,2244049,1094.5,707.8,1075.8,640.5,1085.15,674.15,0
94,3125,2244050,1094.4,707.8,1076.0,640.7,1085.2,674.25,0
94,3126,2244051,1094.5,707.8,1076.3,641.1,1085.4,674.45,0
94,3127,2244052,1094.5,707.8,1076.6,641.5,1085.55,674.65,0
94,3128,2244053,1094.6,707.9,1076.8,641.7,1085.7,674.8,0
94,3129,2244054,1094.6,707.9,1076.8,642.0,1085.7,674.95,0
94,3130,2244055,1094.7,707.9,1076.8,642.2,1085.75,675.05,0
94,3131,2244056,1094.6,707.8,1076.7,642.4,1085.65,675.1,0
94,3132,2244057,1094.5,707.7,1076.4,642.5,1085.45,675.1,0
94,3133,2244058,1094.3,707.7,1076.1,642.5,1085.2,675.1,0
95,3134,2244059,1094.1,707.6,1075.7,642.4,1084.9,675.0,0
95,3135,2244060,1093.9,707.6,1075.2,642.3,1084.55,674.95,0
95,3136,2244061,1093.6,707.5,1074.8,642.2,1084.2,674.85,0
95,3137,2244062,1093.4,707.5,1074.5,642.0,1083.95,674.75,0
95,3138,2244063,1093.3,707.5,1074.0,641.7,1083.65,674.6,0
95,3139,2244064,1093.3,707.5,1073.6,641.5,1083.45,674.5,0
95,3140,2244065,1093.4,707.5,1073.1,641.3,1083.25,674.4,0
95,3141,2244066,1093.4,707.5,1072.7,641.1,1083.05,674.3,0
95,3142,2244067,1093.4,707.5,1072.4,640.8,1082.9,674.15,0
95,3143,2244068,1093.4,707.5,1072.1,640.8,1082.75,674.15,0
95,3144,2244069,1093.3,707.5,1071.6,640.9,1082.45,674.2,0
95,3145,2244070,1093.1,707.4,1071.1,641.1,1082.1,674.25,0
95,3146,2244071,1092.9,707.5,1070.5,641.3,1081.7,674.4,0
95,3147,2244072,1092.6,707.6,1070.1,641.8,1081.35,674.7,0
95,3148,2244073,1092.4,707.7,1069.5,642.2,1080.95,674.95,0
95,3149,2244074,1092.0,707.8,1068.9,642.6,1080.45,675.2,0
95,3150,2244075,1091.6,707.9,1068.4,643.0,1080.0,675.45,0
95,3151,2244076,1091.2,708.0,1068.1,643.4,1079.65,675.7,0
95,3152,2244077,1090.8,708.1,1068.3,643.8,1079.55,675.95,0
95,3153,2244078,1090.5,708.1,1068.5,644.2,1079.5,676.15,0
95,3154,2244079,1090.3,708.1,1068.7,644.4,1079.5,676.25,0
95,3155,2244080,1090.1,708.0,1069.0,644.6,1079.55,676.3,0
95,3156,2244081,1089.9,708.0,1069.4,644.8,1079.65,676.4,0
95,3157,2244082,1090.0,707.8,1069.7,645.1,1079.85,676.45,0
95,3158,2244083,1090.1,707.5,1070.0,645.4,1080.05,676.45,0
95,3159,2244084,1090.2,707.3,1070.1,645.7,1080.15,676.5,0
95,3160,2244085,1090.2,707.1,1070.1,645.9,1080.15,676.5,0
95,3161,2244086,1090.3,706.8,1070.1,646.3,1080.2,676.55,0
95,3162,2244087,1090.4,706.5,1070.1,646.6,1080.25,676.55,0
95,3163,2244088,1090.4,706.2,1070.2,647.3,1080.3,676.75,0
95,3164,2244089,1090.5,706.2,1070.2,648.0,1080.35,677.1,0
95,3165,2244090,1090.5,706.1,1070.5,648.6,1080.5,677.35,0
95,3166,2244091,1090.6,706.1,1070.8,649.2,1080.7,677.65,0
96,3167,2244092,1090.7,706.1,1071.0,649.7,1080.85,677.9,0
96,3168,2244093,1090.8,706.1,1071.3,650.1,1081.05,678.1,0
96,3169,2244094,1090.9,706.2,1071.5,650.6,1081.2,678.4,0
96,3170,2244095,1090.9,706.4,1071.8,650.8,1081.35,678.6,0
96,3171,2244096,1090.9,706.6,1072.1,651.3,1081.5,678.95,0
96,3172,2244097,1091.0,706.8,1072.1,651.9,1081.55,679.35,0
96,3173,2244098,1091.1,706.9,1072.1,652.5,1081.6,679.7,0
96,3174,2244099,1091.3,707.1,1072.0,653.0,1081.65,680.05,0
96,3175,2244100,1091.4,707.3,1072.0,653.6,1081.7,680.45,0
96,3176,2244101,1091.7,707.4,1071.9,654.0,1081.8,680.7,0
96,3177,2244102,1092.0,707.6,1071.9,654.3,1081.95,680.95,0
96,3178,2244103,1092.3,707.8,1071.8,654.0,1082.05,680.9,0
96,3179,2244104,1092.6,708.0,1071.7,653.8,1082.15,680.9,0
96,3180,2244105,1092.8,708.4,1071.8,653.4,1082.3,680.9,0
96,3181,2244106,1093.1,708.8,1072.1,653.0,1082.6,680.9,0
96,3182,2244107,1093.3,709.5,1072.3,652.6,1082.8,681.05,0
96,3183,2244108,1093.3,710.3,1072.5,652.2,1082.9,681.25,0
96,3184,2244109,1093.4,711.0,1072.7,651.8,1083.05,681.4,0
96,3185,2244110,1093.7,711.7,1072.9,651.4,1083.3,681.55,0
96,3186,2244111,1093.9,712.3,1073.1,651.0,1083.5,681.65,0
96,3187,2244112,1094.0,712.9,1073.1,650.6,1083.55,681.75,0
96,3188,2244113,1093.8,713.3,1073.1,650.3,1083.45,681.8,0
96,3189,2244114,1093.4,713.6,1073.1,650.0,1083.25,681.8,0
96,3190,2244115,1093.0,713.6,1073.2,649.7,1083.1,681.65,0
96,3191,2244116,1092.6,713.9,1073.3,649.5,1082.95,681.7,0
96,3192,2244117,1092.0,714.3,1073.3,648.8,1082.65,681.55,0
96,3193,2244118,1091.6,714.7,1073.3,648.1,1082.45,681.4,0
96,3194,2244119,1091.3,715.1,1073.3,647.0,1082.3,681.05,0
96,3195,2244120,1091.2,715.5,1073.3,646.0,1082.25,680.75,0
96,3196,2244121,1091.3,716.2,1073.4,645.1,1082.35,680.65,0
96,3197,2244122,1091.5,716.9,1073.5,644.1,1082.5,680.5,0
96,3198,2244123,1091.6,717.3,1073.5,643.1,1082.55,680.2,0
96,3199,2244124,1091.8,717.6,1073.5,642.6,1082.65,680.1,0
96,3200,2244125,1091.8,717.9,1073.6,642.2,1082.7,680.05,0
97,3201,2244126,1091.8,718.2,1073.7,642.0,1082.75,680.1,0
97,3202,2244127,1091.6,718.1,1073.8,641.8,1082.7,679.95,0
97,3203,2244128,1091.4,717.7,1073.8,641.6,1082.6,679.65,0
97,3204,2244129,1091.1,717.3,1073.9,641.0,1082.5,679.15,0
97,3205,2244130,1090.8,716.8,1074.0,640.5,1082.4,678.65,0
97,3206,2244131,1090.6,716.4,1074.2,640.0,1082.4,678.2,0
97,3207,2244132,1090.3,716.0,1074.3,639.3,1082.3,677.65,0
97,3208,2244133,1090.1,715.6,1074.4,638.6,1082.25,677.1,0
97,3209,2244134,1090.0,715.4,1074.5,637.9,1082.25,676.65,0
97,3210,2244135,1089.9,715.2,1074.6,636.8,1082.25,676.0,0
97,3211,2244136,1089.8,715.1,1074.6,636.1,1082.2,675.6,0
97,3212,2244137,1089.5,715.0,1074.7,635.3,1082.1,675.15,0
97,3213,2244138,1089.1,714.7,1074.7,634.6,1081.9,674.65,0
97,3214,2244139,1088.8,714.4,1074.7,634.1,1081.75,674.25,0
97,3215,2244140,1088.4,713.9,1074.7,633.1,1081.55,673.5,0
97,3216,2244141,1088.0,713.6,1074.8,632.2,1081.4,672.9,0
97,3217,2244142,1087.7,712.9,1075.0,631.7,1081.35,672.3,0
97,3218,2244143,1087.3,712.0,1075.3,631.1,1081.3,671.55,0
97,3219,2244144,1087.0,711.0,1075.8,630.4,1081.4,670.7,0
97,3220,2244145,1086.8,709.9,1076.7,629.7,1081.75,669.8,0
97,3221,2244146,1086.5,708.9,1077.8,629.1,1082.15,669.0,0
97,3222,2244147,1085.8,707.9,1078.9,628.8,1082.35,668.35,0
97,3223,2244148,1085.2,706.9,1080.0,628.3,1082.6,667.6,0
97,3224,2244149,1084.5,706.3,1081.0,627.8,1082.75,667.05,0
97,3225,2244150,1083.8,705.8,1081.7,627.4,1082.75,666.6,0
97,3226,2244151,1083.3,705.4,1082.2,627.3,1082.75,666.35,0
97,3227,2244152,1082.8,705.2,1082.2,627.2,1082.5,666.2,0
97,3228,2244153,1082.1,705.0,1082.0,627.2,1082.05,666.1,0
97,3229,2244154,1081.5,705.0,1081.6,627.1,1081.55,666.05,0
97,3230,2244155,1080.8,705.0,1080.7,627.5,1080.75,666.25,0
97,3231,2244156,1080.1,705.1,1079.8,627.8,1079.95,666.45,0
97,3232,2244157,1079.5,705.3,1078.9,628.2,1079.2,666.75,0
97,3233,2244158,1078.9,705.7,1077.7,628.7,1078.3,667.2,0
98,3234,2244159,1078.4,706.3,1076.1,629.4,1077.25,667.85,0
98,3235,2244160,1078.1,706.8,1074.3,630.3,1076.2,668.55,0
98,3236,2244161,1078.3,707.7,1072.2,631.5,1075.25,669.6,0
98,3237,2244162,1078.7,708.9,1070.5,633.1,1074.6,671.0,0
98,3238,2244163,1079.0,710.0,1068.7,634.9,1073.85,672.45,0
98,3239,2244164,1079.6,711.5,1066.9,637.4,1073.25,674.45,0
98,3240,2244165,1080.2,713.0,1065.4,640.0,1072.8,676.5,0
98,3241,2244166,1080.8,714.4,1064.3,643.2,1072.55,678.8,0
98,3242,2244167,1081.3,716.2,1063.4,646.4,1072.35,681.3,0
98,3243,2244168,1081.6,718.1,1062.5,649.3,1072.05,683.7,0
98,3244,2244169,1081.7,719.8,1061.0,652.3,1071.35,686.05,0
98,3245,2244170,1081.7,722.2,1059.3,656.1,1070.5,689.15,0
98,3246,2244171,1081.5,724.6,1056.9,659.1,1069.2,691.85,0
98,3247,2244172,1081.2,727.6,1054.1,662.4,1067.65,695.0,0
98,3248,2244173,1081.0,730.5,1050.6,665.5,1065.8,698.0,0
98,3249,2244174,1080.7,733.0,1046.7,669.1,1063.7,701.05,0
98,3250,2244175,1080.4,735.7,1043.1,673.8,1061.75,704.75,0
98,3251,2244176,1080.4,739.1,1040.4,678.2,1060.4,708.65,0
98,3252,2244177,1080.3,743.0,1038.0,682.7,1059.15,712.85,0
98,3253,2244178,1079.9,747.1,1035.8,687.4,1057.85,717.25,0
98,3254,2244179,1079.4,750.9,1034.2,691.9,1056.8,721.4,0
98,3255,2244180,1079.0,755.7,1032.6,696.2,1055.8,725.95,0
98,3256,2244181,1078.7,760.7,1031.1,699.7,1054.9,730.2,0
98,3257,2244182,1078.4,766.1,1029.3,702.0,1053.85,734.05,0
98,3258,2244183,1078.1,770.9,1027.0,704.0,1052.55,737.45,0
98,3259,2244184,1077.9,774.5,1024.3,703.4,1051.1,738.95,0
98,3260,2244185,1078.1,777.6,1022.1,702.4,1050.1,740.0,0
98,3261,2244186,1078.2,780.3,1019.8,700.8,1049.0,740.55,0
98,3262,2244187,1078.5,782.1,1018.1,698.7,1048.3,740.4,0
98,3263,2244188,1078.7,785.5,1016.7,696.6,1047.7,741.05,0
98,3264,2244189,1079.0,788.7,1015.7,695.0,1047.35,741.85,0
98,3265,2244190,1079.4,794.9,1015.3,697.1,1047.35,746.0,0
98,3266,2244191,1081.1,806.7,1015.1,703.6,1048.1,755.15,0
99,3267,2244192,1082.9,826.0,1014.7,722.3,1048.8,774.15,0
99,3268,2244193,1084.8,860.4,1014.1,750.6,1049.45,805.5,0
99,3269,2244194,1086.7,901.6,1013.4,789.6,1050.05,845.6,0
99,3270,2244195,1088.4,947.8,1012.1,843.8,1050.25,895.8,0
99,3271,2244196,1085.0,1000.2,1014.9,904.1,1049.95,952.15,0
99,3272,2244197,1080.8,1057.9,1018.0,968.2,1049.4,1013.05,0
99,3273,2244198,1074.0,1119.7,1021.0,1028.8,1047.5,1074.25,0
99,3274,2244199,1010.3,1177.1,1024.5,1076.8,1017.4,1126.95,0
99,3275,2244200,884.6,1227.0,951.0,1144.1,917.8,1185.55,0
99,3276,2244201,699.4,1313.3,873.0,1200.2,786.2,1256.75,0
99,3277,2244202,440.5,1417.4,862.4,1251.7,651.45,1334.55,0
99,3278,2244203,-55.7,1552.3,920.8,1292.3,432.55,1422.3,0
99,3279,2244204,-671.2,1719.6,1270.4,1365.6,299.6,1542.6,0
99,3280,2244205,NaN,NaN,1632.2,1407.1,1632.2,1407.1,0
99,3281,2244206,NaN,NaN,1995.8,1392.3,1995.8,1392.3,0
99,3282,2244207,NaN,NaN,2399.5,1277.7,2399.5,1277.7,0
99,3283,2244208,NaN,NaN,2665.8,1136.9,2665.8,1136.9,0
99,3284,2244209,NaN,NaN,2919.0,925.8,2919.0,925.8,0
99,3285,2244210,NaN,NaN,3177.1,595.7,3177.1,595.7,0
99,3286,2244211,NaN,NaN,3201.1,578.6,3201.1,578.6,0
99,3287,2244212,NaN,NaN,3201.2,578.4,3201.2,578.4,0
99,3288,2244213,NaN,NaN,3201.3,578.3,3201.3,578.3,0
99,3289,2244214,NaN,NaN,NaN,NaN,NaN,NaN,0
99,3290,2244215,NaN,NaN,NaN,NaN,NaN,NaN,0
99,3291,2244216,NaN,NaN,NaN,NaN,NaN,NaN,0
99,3292,2244217,NaN,NaN,NaN,NaN,NaN,NaN,0
99,3293,2244218,NaN,NaN,NaN,NaN,NaN,NaN,0
99,3294,2244219,NaN,NaN,NaN,NaN,NaN,NaN,0
99,3295,2244220,NaN,NaN,NaN,NaN,NaN,NaN,0
99,3296,2244221,NaN,NaN,NaN,NaN,NaN,NaN,0
99,3297,2244222,NaN,NaN,NaN,NaN,NaN,NaN,0
99,3298,2244223,NaN,NaN,NaN,NaN,NaN,NaN,0
99,3299,2244224,NaN,NaN,NaN,NaN,NaN,NaN,0
99,3300,2244225,NaN,NaN,NaN,NaN,NaN,NaN,0
100,3301,2244226,NaN,NaN,NaN,NaN,NaN,NaN,0
100,3302,2244227,NaN,NaN,NaN,NaN,NaN,NaN,0
100,3303,2244228,NaN,NaN,NaN,NaN,NaN,NaN,0
100,3304,2244229,NaN,NaN,NaN,NaN,NaN,NaN,0
100,3305,2244230,NaN,NaN,NaN,NaN,NaN,NaN,0
100,3306,2244231,NaN,NaN,NaN,NaN,NaN,NaN,0
100,3307,2244232,NaN,NaN,NaN,NaN,NaN,NaN,0
100,3308,2244233,NaN,NaN,NaN,NaN,NaN,NaN,0
100,3309,2244234,NaN,NaN,NaN,NaN,NaN,NaN,0
100,3310,2244235,NaN,NaN,NaN,NaN,NaN,NaN,0
100,3311,2244236,NaN,NaN,NaN,NaN,NaN,NaN,0
100,3312,2244237,NaN,NaN,NaN,NaN,NaN,NaN,0
100,3313,2244238,NaN,NaN,NaN,NaN,NaN,NaN,0
100,3314,2244239,NaN,NaN,NaN,NaN,NaN,NaN,0
100,3315,2244240,NaN,NaN,NaN,NaN,NaN,NaN,0
100,3316,2244241,NaN,NaN,NaN,NaN,NaN,NaN,0
100,3317,2244242,NaN,NaN,NaN,NaN,NaN,NaN,0
100,3318,2244243,NaN,NaN,NaN,NaN,NaN,NaN,0
100,3319,2244244,NaN,NaN,NaN,NaN,NaN,NaN,0
100,3320,2244245,NaN,NaN,NaN,NaN,NaN,NaN,0
100,3321,2244246,NaN,NaN,NaN,NaN,NaN,NaN,0
100,3322,2244247,NaN,NaN,NaN,NaN,NaN,NaN,0
100,3323,2244248,NaN,NaN,NaN,NaN,NaN,NaN,0
100,3324,2244249,NaN,NaN,NaN,NaN,NaN,NaN,0
100,3325,2244250,NaN,NaN,NaN,NaN,NaN,NaN,0
100,3326,2244251,NaN,NaN,NaN,NaN,NaN,NaN,0
100,3327,2244252,NaN,NaN,NaN,NaN,NaN,NaN,0
100,3328,2244253,NaN,NaN,NaN,NaN,NaN,NaN,0
100,3329,2244254,NaN,NaN,NaN,NaN,NaN,NaN,0
100,3330,2244255,NaN,NaN,NaN,NaN,NaN,NaN,0
100,3331,2244256,NaN,NaN,NaN,NaN,NaN,NaN,0
100,3332,2244257,NaN,NaN,NaN,NaN,NaN,NaN,0
100,3333,2244258,NaN,NaN,NaN,NaN,NaN,NaN,0
101,3334,2244259,NaN,NaN,NaN,NaN,NaN,NaN,0
101,3335,2244260,NaN,NaN,NaN,NaN,NaN,NaN,0
101,3336,2244261,NaN,NaN,NaN,NaN,NaN,NaN,0
101,3337,2244262,NaN,NaN,NaN,NaN,NaN,NaN,0
101,3338,2244263,NaN,NaN,NaN,NaN,NaN,NaN,0
101,3339,2244264,NaN,NaN,NaN,NaN,NaN,NaN,0
101,3340,2244265,NaN,NaN,NaN,NaN,NaN,NaN,0
101,3341,2244266,NaN,NaN,NaN,NaN,NaN,NaN,0
101,3342,2244267,NaN,NaN,NaN,NaN,NaN,NaN,0
101,3343,2244268,NaN,NaN,NaN,NaN,NaN,NaN,0
101,3344,2244269,NaN,NaN,NaN,NaN,NaN,NaN,0
101,3345,2244270,NaN,NaN,NaN,NaN,NaN,NaN,0
101,3346,2244271,-1149.2,1626.3,NaN,NaN,-1149.2,1626.3,0
101,3347,2244272,-431.5,1471.2,NaN,NaN,-431.5,1471.2,0
101,3348,2244273,86.2,1349.5,NaN,NaN,86.2,1349.5,0
101,3349,2244274,445.8,1310.8,NaN,NaN,445.8,1310.8,0
101,3350,2244275,739.1,1275.5,NaN,NaN,739.1,1275.5,0
101,3351,2244276,819.4,1249.8,NaN,NaN,819.4,1249.8,0
101,3352,2244277,904.1,1220.9,NaN,NaN,904.1,1220.9,0
101,3353,2244278,985.4,1193.4,NaN,NaN,985.4,1193.4,0
101,3354,2244279,1036.3,1170.6,NaN,NaN,1036.3,1170.6,0
101,3355,2244280,1059.3,1147.4,NaN,NaN,1059.3,1147.4,0
101,3356,2244281,1072.7,1123.6,NaN,NaN,1072.7,1123.6,0
101,3357,2244282,1082.0,1101.8,NaN,NaN,1082.0,1101.8,0
101,3358,2244283,1089.9,1080.9,NaN,NaN,1089.9,1080.9,0
101,3359,2244284,1091.9,1062.8,NaN,NaN,1091.9,1062.8,0
101,3360,2244285,1093.7,1046.8,NaN,NaN,1093.7,1046.8,0
101,3361,2244286,1095.6,1031.3,NaN,NaN,1095.6,1031.3,0
101,3362,2244287,1096.6,1016.4,700.0,1058.9,898.3,1037.65,0
101,3363,2244288,1097.1,1001.6,917.7,883.7,1007.4,942.65,0
101,3364,2244289,1097.6,986.8,1106.9,709.3,1102.25,848.05,0
101,3365,2244290,1098.0,972.8,1106.9,709.3,1102.45,841.05,0
101,3366,2244291,1098.5,945.5,1107.0,705.8,1102.75,825.65,0
102,3367,2244292,1098.9,918.8,1107.0,703.2,1102.95,811.0,0
102,3368,2244293,1099.1,891.2,1107.0,701.1,1103.05,796.15,0
102,3369,2244294,1099.4,862.9,1107.1,692.3,1103.25,777.6,0
102,3370,2244295,1099.4,832.3,1106.6,683.1,1103.0,757.7,0
102,3371,2244296,1099.4,803.4,1106.1,673.5,1102.75,738.45,0
102,3372,2244297,1099.2,776.6,1105.1,659.9,1102.15,718.25,0
102,3373,2244298,1099.0,764.1,1103.9,645.4,1101.45,704.75,0
102,3374,2244299,1098.8,751.0,1102.7,631.0,1100.75,691.0,0
102,3375,2244300,1098.6,738.2,1100.8,616.5,1099.7,677.35,0
102,3376,2244301,1098.4,728.9,1098.7,606.6,1098.55,667.75,0
102,3377,2244302,1098.3,720.8,1096.8,597.1,1097.55,658.95,0
102,3378,2244303,1098.0,712.0,1094.9,587.9,1096.45,649.95,0
102,3379,2244304,1097.7,703.4,1093.5,582.3,1095.6,642.85,0
102,3380,2244305,1097.1,694.6,1092.0,579.7,1094.55,637.15,0
102,3381,2244306,1096.6,686.2,1090.6,576.2,1093.6,631.2,0
102,3382,2244307,1096.0,680.1,1089.7,572.9,1092.85,626.5,0
102,3383,2244308,1095.4,673.8,1088.8,570.8,1092.1,622.3,0
102,3384,2244309,1095.0,671.2,1088.2,568.6,1091.6,619.9,0
102,3385,2244310,1094.6,669.4,1087.6,566.4,1091.1,617.9,0
102,3386,2244311,1094.3,667.5,1086.5,564.4,1090.4,615.95,0
102,3387,2244312,1093.8,666.4,1085.7,562.7,1089.75,614.55,0
102,3388,2244313,1093.1,665.5,1084.8,562.3,1088.95,613.9,0
102,3389,2244314,1092.7,664.4,1083.9,561.9,1088.3,613.15,0
102,3390,2244315,1092.3,663.5,1083.3,561.5,1087.8,612.5,0
102,3391,2244316,1091.7,662.7,1082.7,561.3,1087.2,612.0,0
102,3392,2244317,1091.1,662.1,1082.2,561.3,1086.65,611.7,0
102,3393,2244318,1090.4,661.6,1082.2,561.4,1086.3,611.5,0
102,3394,2244319,1090.1,661.4,1082.2,561.5,1086.15,611.45,0
102,3395,2244320,1089.7,661.3,1082.3,562.1,1086.0,611.7,0
102,3396,2244321,1089.3,661.6,1082.6,562.7,1085.95,612.15,0
102,3397,2244322,1088.9,661.8,1082.8,563.3,1085.85,612.55,0
102,3398,2244323,1088.6,662.0,1083.0,563.9,1085.8,612.95,0
102,3399,2244324,1088.4,662.3,1083.0,564.3,1085.7,613.3,0
102,3400,2244325,1088.1,662.7,1082.9,565.8,1085.5,614.25,0
103,3401,2244326,1087.9,663.2,1082.7,567.3,1085.3,615.25,0
103,3402,2244327,1087.7,663.6,1082.4,568.6,1085.05,616.1,0
103,3403,2244328,1087.5,664.2,1082.0,569.9,1084.75,617.05,0
103,3404,2244329,1087.4,664.9,1081.6,571.0,1084.5,617.95,0
103,3405,2244330,1087.5,665.7,1081.0,572.1,1084.25,618.9,0
103,3406,2244331,1087.6,666.4,1080.6,573.3,1084.1,619.85,0
103,3407,2244332,1087.8,667.3,1080.2,573.4,1084.0,620.35,0
103,3408,2244333,1088.0,667.8,1079.8,573.4,1083.9,620.6,0
103,3409,2244334,1088.4,668.2,1079.5,573.3,1083.95,620.75,0
103,3410,2244335,1088.7,668.3,1079.3,573.2,1084.0,620.75,0
103,3411,2244336,1089.0,668.3,1079.2,573.3,1084.1,620.8,0
103,3412,2244337,1089.3,668.3,1079.3,573.4,1084.3,620.85,0
103,3413,2244338,1089.5,668.3,1079.4,573.5,1084.45,620.9,0
103,3414,2244339,1089.8,668.2,1079.5,573.6,1084.65,620.9,0
103,3415,2244340,1090.0,668.0,1079.6,573.7,1084.8,620.85,0
103,3416,2244341,1090.2,667.8,1079.7,573.8,1084.95,620.8,0
103,3417,2244342,1090.4,667.8,1079.7,574.0,1085.05,620.9,0
103,3418,2244343,1090.6,667.4,1079.6,573.9,1085.1,620.65,0
103,3419,2244344,1090.9,666.9,1079.5,573.9,1085.2,620.4,0
103,3420,2244345,1091.2,666.4,1079.4,574.4,1085.3,620.4,0
103,3421,2244346,1091.5,665.8,1079.4,575.0,1085.45,620.4,0
103,3422,2244347,1091.8,665.2,1079.4,575.7,1085.6,620.45,0
103,3423,2244348,1092.0,664.7,1079.4,576.4,1085.7,620.55,0
103,3424,2244349,1092.3,664.2,1079.6,577.1,1085.95,620.65,0
103,3425,2244350,1092.5,664.1,1079.7,577.8,1086.1,620.95,0
103,3426,2244351,1092.6,664.0,1079.7,578.5,1086.15,621.25,0
103,3427,2244352,1092.7,663.8,1079.8,578.6,1086.25,621.2,0
103,3428,2244353,1092.8,663.8,1079.5,578.8,1086.15,621.3,0
103,3429,2244354,1092.9,663.8,1079.2,578.8,1086.05,621.3,0
103,3430,2244355,1093.0,663.8,1078.9,578.9,1085.95,621.35,0
103,3431,2244356,1093.1,663.7,1078.7,579.0,1085.9,621.35,0
103,3432,2244357,1093.2,663.2,1078.3,579.0,1085.75,621.1,0
103,3433,2244358,1093.3,662.8,1077.9,579.1,1085.6,620.95,0
104,3434,2244359,1093.3,662.4,1077.5,579.1,1085.4,620.75,0
104,3435,2244360,1093.4,662.2,1077.4,579.3,1085.4,620.75,0
104,3436,2244361,1093.6,662.3,1076.8,579.5,1085.2,620.9,0
104,3437,2244362,1093.8,662.4,1076.2,579.7,1085.0,621.05,0
104,3438,2244363,1094.1,662.6,1075.6,579.9,1084.85,621.25,0
104,3439,2244364,1094.3,663.1,1075.0,580.2,1084.65,621.65,0
104,3440,2244365,1094.5,663.5,1074.6,580.7,1084.55,622.1,0
104,3441,2244366,1094.8,664.0,1074.2,581.3,1084.5,622.65,0
104,3442,2244367,1095.0,664.2,1074.1,581.9,1084.55,623.05,0
104,3443,2244368,1095.2,664.2,1074.5,582.5,1084.85,623.35,0
104,3444,2244369,1095.4,664.2,1074.9,583.1,1085.15,623.65,0
104,3445,2244370,1095.6,664.1,1075.3,583.6,1085.45,623.85,0
104,3446,2244371,1095.8,664.1,1075.7,583.7,1085.75,623.9,0
104,3447,2244372,1096.1,664.1,1076.0,583.7,1086.05,623.9,0
104,3448,2244373,1096.3,664.1,1076.1,583.6,1086.2,623.85,0
104,3449,2244374,1096.5,664.1,1075.9,583.4,1086.2,623.75,0
104,3450,2244375,1096.7,664.1,1075.6,583.1,1086.15,623.6,0
104,3451,2244376,1097.0,664.5,1075.2,583.0,1086.1,623.75,0
104,3452,2244377,1097.1,665.0,1074.8,582.9,1085.95,623.95,0
104,3453,2244378,1097.2,665.4,1074.5,583.0,1085.85,624.2,0
104,3454,2244379,1097.3,665.8,1074.3,583.3,1085.8,624.55,0
104,3455,2244380,1097.4,666.2,1074.0,583.6,1085.7,624.9,0
104,3456,2244381,1097.5,666.6,1073.9,584.4,1085.7,625.5,0
104,3457,2244382,1097.5,666.9,1073.8,585.0,1085.65,625.95,0
104,3458,2244383,1097.5,666.6,1073.6,585.6,1085.55,626.1,0
104,3459,2244384,1097.5,666.2,1073.5,586.1,1085.5,626.15,0
104,3460,2244385,1097.6,665.8,1073.4,586.6,1085.5,626.2,0
104,3461,2244386,1097.7,665.2,1073.3,586.8,1085.5,626.0,0
104,3462,2244387,1097.8,664.7,1073.3,587.1,1085.55,625.9,0
104,3463,2244388,1097.9,664.2,1073.4,586.9,1085.65,625.55,0
104,3464,2244389,1098.0,663.8,1073.6,586.6,1085.8,625.2,0
104,3465,2244390,1098.0,663.4,1073.7,586.4,1085.85,624.9,0
104,3466,2244391,1098.0,663.0,1073.8,586.1,1085.9,624.55,0
105,3467,2244392,1098.0,662.7,1074.0,585.7,1086.0,624.2,0
105,3468,2244393,1098.0,662.4,1074.0,584.8,1086.0,623.6,0
105,3469,2244394,1098.0,662.2,1073.9,583.9,1085.95,623.05,0
105,3470,2244395,1098.0,661.9,1073.9,583.0,1085.95,622.45,0
105,3471,2244396,1098.1,661.7,1073.8,582.1,1085.95,621.9,0
105,3472,2244397,1098.1,661.5,1073.7,581.2,1085.9,621.35,0
105,3473,2244398,1098.1,661.4,1073.5,580.5,1085.8,620.95,0
105,3474,2244399,1098.1,661.2,1073.4,579.7,1085.75,620.45,0
105,3475,2244400,1098.2,661.1,1073.3,579.4,1085.75,620.25,0
105,3476,2244401,1098.3,660.8,1073.2,579.0,1085.75,619.9,0
105,3477,2244402,1098.3,660.4,1073.1,578.5,1085.7,619.45,0
105,3478,2244403,1098.4,660.1,1072.9,577.8,1085.65,618.95,0
105,3479,2244404,1098.4,659.9,1072.8,577.0,1085.6,618.45,0
105,3480,2244405,1098.4,659.7,1072.6,575.7,1085.5,617.7,0
105,3481,2244406,1098.3,659.5,1072.4,574.5,1085.35,617.0,0
105,3482,2244407,1098.2,659.3,1072.2,573.3,1085.2,616.3,0
105,3483,2244408,1098.1,659.2,1072.0,572.0,1085.05,615.6,0
105,3484,2244409,1098.0,659.1,1071.9,570.8,1084.95,614.95,0
105,3485,2244410,1097.9,659.0,1071.8,569.5,1084.85,614.25,0
105,3486,2244411,1098.0,658.8,1071.8,568.1,1084.9,613.45,0
105,3487,2244412,1098.0,658.6,1071.8,567.1,1084.9,612.85,0
105,3488,2244413,1098.1,658.4,1071.8,566.1,1084.95,612.25,0
105,3489,2244414,1098.1,658.3,1071.9,565.1,1085.0,611.7,0
105,3490,2244415,1098.2,658.2,1072.0,564.3,1085.1,611.25,0
105,3491,2244416,1098.3,658.2,1072.1,563.5,1085.2,610.85,0
105,3492,2244417,1098.3,658.2,1072.3,563.2,1085.3,610.7,0
105,3493,2244418,1098.3,658.3,1072.4,562.9,1085.35,610.6,0
105,3494,2244419,1098.3,658.6,1072.4,563.1,1085.35,610.85,0
105,3495,2244420,1098.2,659.1,1072.5,563.3,1085.35,611.2,0
105,3496,2244421,1098.1,659.5,1072.2,563.5,1085.15,611.5,0
105,3497,2244422,1097.8,660.0,1071.9,563.7,1084.85,611.85,0
105,3498,2244423,1097.6,660.6,1071.4,563.9,1084.5,612.25,0
105,3499,2244424,1097.4,661.2,1071.0,564.1,1084.2,612.65,0
105,3500,2244425,1097.1,661.8,1070.5,564.2,1083.8,613.0,0
106,3501,2244426,1096.9,662.3,1070.0,564.3,1083.45,613.3,0
106,3502,2244427,1096.8,662.7,1069.5,564.3,1083.15,613.5,0
106,3503,2244428,1096.8,663.1,1069.4,564.3,1083.1,613.7,0
106,3504,2244429,1096.8,663.5,1069.2,564.4,1083.0,613.95,0
106,3505,2244430,1096.9,663.7,1069.6,564.4,1083.25,614.05,0
106,3506,2244431,1096.9,664.1,1070.1,564.4,1083.5,614.25,0
106,3507,2244432,1096.9,664.7,1070.6,564.5,1083.75,614.6,0
106,3508,2244433,1096.8,665.1,1071.1,564.7,1083.95,614.9,0
106,3509,2244434,1096.7,665.6,1071.5,565.2,1084.1,615.4,0
106,3510,2244435,1096.6,666.1,1072.0,565.6,1084.3,615.85,0
106,3511,2244436,1096.3,666.6,1072.4,566.0,1084.35,616.3,0
106,3512,2244437,1096.1,667.1,1072.4,566.7,1084.25,616.9,0
106,3513,2244438,1095.9,667.4,1072.4,567.6,1084.15,617.5,0
106,3514,2244439,1095.7,667.5,1072.4,568.5,1084.05,618.0,0
106,3515,2244440,1095.5,667.5,1072.4,569.2,1083.95,618.35,0
106,3516,2244441,1095.4,667.4,1072.4,570.1,1083.9,618.75,0
106,3517,2244442,1095.3,667.3,1072.4,571.1,1083.85,619.2,0
106,3518,2244443,1095.3,667.0,1072.4,572.1,1083.85,619.55,0
106,3519,2244444,1095.3,666.7,1072.5,572.8,1083.9,619.75,0
106,3520,2244445,1095.3,666.4,1072.6,573.3,1083.95,619.85,0
106,3521,2244446,1095.3,666.1,1072.9,574.2,1084.1,620.15,0
106,3522,2244447,1095.3,666.0,1073.1,575.2,1084.2,620.6,0
106,3523,2244448,1095.3,665.8,1073.4,575.8,1084.35,620.8,0
106,3524,2244449,1095.3,665.8,1073.6,576.3,1084.45,621.05,0
106,3525,2244450,1095.3,665.9,1073.9,576.8,1084.6,621.35,0
106,3526,2244451,1095.3,666.0,1074.1,577.3,1084.7,621.65,0
106,3527,2244452,1095.3,666.2,1074.2,577.7,1084.75,621.95,0
106,3528,2244453,1095.3,666.5,1074.3,577.7,1084.8,622.1,0
106,3529,2244454,1095.2,666.7,1074.3,577.6,1084.75,622.15,0
106,3530,2244455,1095.1,667.0,1074.2,577.5,1084.65,622.25,0
106,3531,2244456,1095.0,667.2,1074.2,577.4,1084.6,622.3,0
106,3532,2244457,1094.8,667.3,1074.1,577.3,1084.45,622.3,0
106,3533,2244458,1094.7,667.5,1074.1,577.4,1084.4,622.45,0
107,3534,2244459,1094.6,667.5,1074.1,577.4,1084.35,622.45,0
107,3535,2244460,1094.5,667.5,1074.1,577.5,1084.3,622.5,0
107,3536,2244461,1094.4,667.5,1073.9,577.6,1084.15,622.55,0
107,3537,2244462,1094.5,667.4,1073.6,577.7,1084.05,622.55,0
107,3538,2244463,1094.6,667.4,1073.3,577.8,1083.95,622.6,0
107,3539,2244464,1094.7,667.4,1072.9,577.9,1083.8,622.65,0
107,3540,2244465,1094.7,667.3,1072.2,577.9,1083.45,622.6,0
107,3541,2244466,1094.4,667.2,1071.4,578.0,1082.9,622.6,0
107,3542,2244467,1094.1,667.2,1070.8,578.2,1082.45,622.7,0
107,3543,2244468,1093.7,667.3,1070.1,578.3,1081.9,622.8,0
107,3544,2244469,1093.3,667.3,1069.7,578.6,1081.5,622.95,0
107,3545,2244470,1092.9,667.4,1069.4,578.7,1081.15,623.05,0
107,3546,2244471,1092.4,667.4,1069.0,578.9,1080.7,623.15,0
107,3547,2244472,1092.0,667.5,1068.9,579.0,1080.45,623.25,0
107,3548,2244473,1091.8,667.5,1068.8,579.0,1080.3,623.25,0
107,3549,2244474,1091.6,667.4,1068.6,578.9,1080.1,623.15,0
107,3550,2244475,1091.0,667.2,1068.5,578.8,1079.75,623.0,0
107,3551,2244476,1090.5,667.0,1068.3,578.7,1079.4,622.85,0
107,3552,2244477,1089.9,666.7,1067.9,578.6,1078.9,622.65,0
107,3553,2244478,1089.5,666.6,1067.6,578.6,1078.55,622.6,0
107,3554,2244479,1089.1,666.3,1067.2,578.6,1078.15,622.45,0
107,3555,2244480,1088.7,666.0,1066.9,578.7,1077.8,622.35,0
107,3556,2244481,1088.3,665.7,1066.5,578.8,1077.4,622.25,0
107,3557,2244482,1088.3,665.4,1066.2,578.9,1077.25,622.15,0
107,3558,2244483,1088.2,665.1,1066.0,579.0,1077.1,622.05,0
107,3559,2244484,1088.2,664.8,1066.1,579.0,1077.15,621.9,0
107,3560,2244485,1088.1,664.4,1066.2,579.1,1077.15,621.75,0
107,3561,2244486,1088.0,664.2,1066.4,579.1,1077.2,621.65,0
107,3562,2244487,1087.9,664.0,1066.5,579.0,1077.2,621.5,0
107,3563,2244488,1087.8,663.7,1066.4,578.7,1077.1,621.2,0
107,3564,2244489,1087.8,663.1,1066.2,578.4,1077.0,620.75,0
107,3565,2244490,1087.7,662.6,1066.0,578.0,1076.85,620.3,0
107,3566,2244491,1087.5,662.1,1065.7,577.8,1076.6,619.95,0
108,3567,2244492,1087.4,661.6,1065.3,577.7,1076.35,619.65,0
108,3568,2244493,1087.2,660.9,1065.0,577.5,1076.1,619.2,0
108,3569,2244494,1087.1,660.4,1064.6,577.4,1075.85,618.9,0
108,3570,2244495,1086.9,659.9,1064.4,577.5,1075.65,618.7,0
108,3571,2244496,1086.8,659.7,1064.2,577.7,1075.5,618.7,0
108,3572,2244497,1086.7,659.5,1064.0,577.2,1075.35,618.35,0
108,3573,2244498,1086.6,659.3,1063.8,576.5,1075.2,617.9,0
108,3574,2244499,1086.7,659.2,1063.5,575.9,1075.1,617.55,0
108,3575,2244500,1086.7,659.2,1063.2,575.2,1074.95,617.2,0
108,3576,2244501,1086.8,659.2,1063.0,574.4,1074.9,616.8,0
108,3577,2244502,1086.8,659.1,1062.8,573.7,1074.8,616.4,0
108,3578,2244503,1086.9,659.1,1062.6,572.6,1074.75,615.85,0
108,3579,2244504,1086.9,659.0,1062.4,572.1,1074.65,615.55,0
108,3580,2244505,1086.9,658.9,1062.1,571.7,1074.5,615.3,0
108,3581,2244506,1086.9,658.9,1062.0,571.2,1074.45,615.05,0
108,3582,2244507,1086.8,658.9,1061.8,570.8,1074.3,614.85,0
108,3583,2244508,1086.7,658.9,1061.6,570.3,1074.15,614.6,0
108,3584,2244509,1086.6,658.9,1061.5,570.1,1074.05,614.5,0
108,3585,2244510,1086.4,658.9,1061.3,570.3,1073.85,614.6,0
108,3586,2244511,1086.3,658.9,1061.0,570.8,1073.65,614.85,0
108,3587,2244512,1086.1,659.0,1060.6,571.8,1073.35,615.4,0
108,3588,2244513,1085.9,659.2,1060.3,572.9,1073.1,616.05,0
108,3589,2244514,1085.8,659.5,1059.9,574.2,1072.85,616.85,0
108,3590,2244515,1085.7,659.8,1059.6,575.5,1072.65,617.65,0
108,3591,2244516,1085.6,660.1,1059.3,576.6,1072.45,618.35,0
108,3592,2244517,1085.5,660.4,1059.1,577.3,1072.3,618.85,0
108,3593,2244518,1085.4,660.8,1059.1,577.8,1072.25,619.3,0
108,3594,2244519,1085.3,661.2,1059.1,577.7,1072.2,619.45,0
108,3595,2244520,1085.3,661.6,1059.2,577.6,1072.25,619.6,0
108,3596,2244521,1085.3,662.1,1059.3,577.7,1072.3,619.9,0
108,3597,2244522,1085.3,662.5,1059.5,577.8,1072.4,620.15,0
108,3598,2244523,1085.3,662.5,1059.6,577.9,1072.45,620.2,0
108,3599,2244524,1085.3,662.4,1059.9,578.3,1072.6,620.35,0
108,3600,2244525,1085.3,662.3,1060.0,578.8,1072.65,620.55,0
109,3601,2244526,1085.2,662.3,1060.2,579.5,1072.7,620.9,0
109,3602,2244527,1085.1,662.1,1060.3,580.3,1072.7,621.2,0
109,3603,2244528,1085.0,661.9,1060.4,581.1,1072.7,621.5,0
109,3604,2244529,1085.0,661.8,1060.3,582.0,1072.65,621.9,0
109,3605,2244530,1085.0,662.2,1060.2,583.0,1072.6,622.6,0
109,3606,2244531,1085.1,662.6,1060.0,584.0,1072.55,623.3,0
109,3607,2244532,1085.3,663.1,1059.8,585.0,1072.55,624.05,0
109,3608,2244533,1085.6,663.6,1059.6,585.6,1072.6,624.6,0
109,3609,2244534,1085.8,664.0,1059.4,586.3,1072.6,625.15,0
109,3610,2244535,1086.1,664.3,1059.3,586.8,1072.7,625.55,0
109,3611,2244536,1086.4,664.5,1059.3,587.4,1072.85,625.95,0
109,3612,2244537,1086.7,664.8,1059.3,588.0,1073.0,626.4,0
109,3613,2244538,1087.1,665.0,1059.5,588.7,1073.3,626.85,0
109,3614,2244539,1087.3,665.4,1059.8,589.2,1073.55,627.3,0
109,3615,2244540,1087.6,665.9,1060.0,589.8,1073.8,627.85,0
109,3616,2244541,1087.8,666.4,1060.3,590.4,1074.05,628.4,0
109,3617,2244542,1088.1,666.9,1060.6,590.7,1074.35,628.8,0
109,3618,2244543,1088.3,667.5,1060.9,591.3,1074.6,629.4,0
109,3619,2244544,1088.4,668.0,1061.2,591.8,1074.8,629.9,0
109,3620,2244545,1088.4,668.5,1061.2,592.5,1074.8,630.5,0
109,3621,2244546,1088.4,668.9,1061.3,594.0,1074.85,631.45,0
109,3622,2244547,1088.6,669.0,1061.3,595.5,1074.95,632.25,0
109,3623,2244548,1088.7,669.0,1061.4,597.0,1075.05,633.0,0
109,3624,2244549,1088.8,669.3,1061.4,598.4,1075.1,633.85,0
109,3625,2244550,1088.9,669.5,1061.4,599.6,1075.15,634.55,0
109,3626,2244551,1089.0,669.9,1061.4,600.7,1075.2,635.3,0
109,3627,2244552,1089.1,670.2,1061.4,601.6,1075.25,635.9,0
109,3628,2244553,1089.0,670.6,1061.4,601.6,1075.2,636.1,0
109,3629,2244554,1088.9,671.1,1061.3,601.6,1075.1,636.35,0
109,3630,2244555,1088.7,671.5,1061.2,601.5,1074.95,636.5,0
109,3631,2244556,1088.4,671.7,1061.1,601.5,1074.75,636.6,0
109,3632,2244557,1088.1,672.0,1061.0,601.5,1074.55,636.75,0
109,3633,2244558,1087.8,672.2,1061.0,601.5,1074.4,636.85,0
110,3634,2244559,1087.5,672.4,1061.0,601.6,1074.25,637.0,0
110,3635,2244560,1087.2,672.6,1061.0,601.8,1074.1,637.2,0
110,3636,2244561,1087.0,672.7,1061.1,602.0,1074.05,637.35,0
110,3637,2244562,1086.6,672.9,1061.1,602.1,1073.85,637.5,0
110,3638,2244563,1086.2,673.1,1061.1,601.9,1073.65,637.5,0
110,3639,2244564,1085.9,673.4,1061.0,601.6,1073.45,637.5,0
110,3640,2244565,1085.7,674.0,1060.9,601.2,1073.3,637.6,0
110,3641,2244566,1085.6,674.7,1060.8,600.8,1073.2,637.75,0
110,3642,2244567,1085.4,675.3,1060.7,600.2,1073.05,637.75,0
110,3643,2244568,1085.3,675.9,1060.7,599.3,1073.0,637.6,0
110,3644,2244569,1085.4,676.5,1060.6,598.4,1073.0,637.45,0
110,3645,2244570,1085.5,677.2,1060.7,597.3,1073.1,637.25,0
110,3646,2244571,1085.6,677.6,1060.9,596.2,1073.25,636.9,0
110,3647,2244572,1085.6,677.7,1061.1,595.1,1073.35,636.4,0
110,3648,2244573,1085.6,677.7,1061.5,594.1,1073.55,635.9,0
110,3649,2244574,1085.6,677.7,1061.8,593.2,1073.7,635.45,0
110,3650,2244575,1085.6,677.7,1062.1,592.6,1073.85,635.15,0
110,3651,2244576,1085.6,677.4,1062.3,592.0,1073.95,634.7,0
110,3652,2244577,1085.6,677.1,1062.4,591.9,1074.0,634.5,0
110,3653,2244578,1085.6,676.8,1062.5,591.8,1074.05,634.3,0
110,3654,2244579,1085.6,676.5,1062.6,591.7,1074.1,634.1,0
110,3655,2244580,1085.8,676.2,1062.4,591.1,1074.1,633.65,0
110,3656,2244581,1086.1,675.9,1062.1,590.3,1074.1,633.1,0
110,3657,2244582,1086.3,675.6,1061.9,589.6,1074.1,632.6,0
110,3658,2244583,1086.6,675.3,1061.6,588.5,1074.1,631.9,0
110,3659,2244584,1086.8,674.9,1061.4,587.6,1074.1,631.25,0
110,3660,2244585,1086.9,674.4,1061.2,586.2,1074.05,630.3,0
110,3661,2244586,1086.9,674.0,1061.0,584.9,1073.95,629.45,0
110,3662,2244587,1086.4,673.0,1060.9,584.0,1073.65,628.5,0
110,3663,2244588,1085.6,672.0,1060.8,583.2,1073.2,627.6,0
110,3664,2244589,1084.7,671.1,1060.7,581.8,1072.7,626.45,0
110,3665,2244590,1083.8,670.3,1060.7,580.6,1072.25,625.45,0
110,3666,2244591,1083.0,669.7,1060.7,579.5,1071.85,624.6,0
111,3667,2244592,1082.3,669.1,1060.7,578.7,1071.5,623.9,0
111,3668,2244593,1081.5,668.1,1060.7,578.0,1071.1,623.05,0
111,3669,2244594,1081.0,667.6,1060.8,577.2,1070.9,622.4,0
111,3670,2244595,1080.9,666.9,1060.8,576.3,1070.85,621.6,0
111,3671,2244596,1080.8,666.0,1060.9,576.2,1070.85,621.1,0
111,3672,2244597,1080.8,665.2,1061.0,576.0,1070.9,620.6,0
111,3673,2244598,1080.8,664.5,1061.0,575.9,1070.9,620.2,0
111,3674,2244599,1080.8,663.4,1061.1,575.7,1070.95,619.55,0
111,3675,2244600,1080.8,662.8,1061.2,575.5,1071.0,619.15,0
111,3676,2244601,1080.9,662.2,1061.3,575.1,1071.1,618.65,0
111,3677,2244602,1081.0,661.8,1061.4,574.8,1071.2,618.3,0
111,3678,2244603,1081.2,661.3,1061.5,574.2,1071.35,617.75,0
111,3679,2244604,1081.3,660.6,1061.5,573.5,1071.4,617.05,0
111,3680,2244605,1081.4,659.8,1061.5,572.9,1071.45,616.35,0
111,3681,2244606,1081.6,659.3,1061.3,572.2,1071.45,615.75,0
111,3682,2244607,1081.7,658.6,1061.1,571.5,1071.4,615.05,0
111,3683,2244608,1081.9,658.0,1060.9,571.0,1071.4,614.5,0
111,3684,2244609,1082.0,657.3,1060.7,570.5,1071.35,613.9,0
111,3685,2244610,1082.1,656.7,1060.4,570.3,1071.25,613.5,0
111,3686,2244611,1082.0,656.3,1060.3,570.3,1071.15,613.3,0
111,3687,2244612,1081.9,656.1,1060.1,570.3,1071.0,613.2,0
111,3688,2244613,1081.8,655.8,1060.1,570.4,1070.95,613.1,0
111,3689,2244614,1081.6,655.5,1060.1,570.5,1070.85,613.0,0
111,3690,2244615,1081.5,655.1,1060.1,570.7,1070.8,612.9,0
111,3691,2244616,1081.3,654.8,1060.0,571.3,1070.65,613.05,0
111,3692,2244617,1081.2,654.5,1060.0,571.9,1070.6,613.2,0
111,3693,2244618,1081.1,654.2,1059.8,572.7,1070.45,613.45,0
111,3694,2244619,1080.9,653.8,1059.7,573.6,1070.3,613.7,0
111,3695,2244620,1080.7,653.6,1059.6,574.5,1070.15,614.05,0
111,3696,2244621,1080.3,653.4,1059.4,576.1,1069.85,614.75,0
111,3697,2244622,1080.0,653.3,1059.1,577.9,1069.55,615.6,0
111,3698,2244623,1079.8,653.1,1058.7,579.5,1069.25,616.3,0
111,3699,2244624,1079.5,653.0,1058.3,581.1,1068.9,617.05,0
111,3700,2244625,1079.2,653.0,1057.8,583.3,1068.5,618.15,0
112,3701,2244626,1079.0,653.0,1057.1,585.5,1068.05,619.25,0
112,3702,2244627,1079.0,653.4,1056.4,587.6,1067.7,620.5,0
112,3703,2244628,1079.0,653.7,1055.7,589.1,1067.35,621.4,0
112,3704,2244629,1079.0,654.1,1055.2,590.5,1067.1,622.3,0
112,3705,2244630,1079.0,654.5,1054.7,591.8,1066.85,623.15,0
112,3706,2244631,1079.0,654.8,1054.1,593.2,1066.55,624.0,0
112,3707,2244632,1079.0,655.1,1053.3,594.1,1066.15,624.6,0
112,3708,2244633,1079.0,655.3,1052.8,594.9,1065.9,625.1,0
112,3709,2244634,1078.9,655.2,1052.3,596.0,1065.6,625.6,0
112,3710,2244635,1078.9,655.2,1051.8,598.0,1065.35,626.6,0
112,3711,2244636,1078.9,655.2,1051.4,600.1,1065.15,627.65,0
112,3712,2244637,1078.8,655.2,1051.0,602.0,1064.9,628.6,0
112,3713,2244638,1078.6,655.2,1050.8,603.9,1064.7,629.55,0
112,3714,2244639,1078.4,655.3,1050.8,605.4,1064.6,630.35,0
112,3715,2244640,1078.2,655.4,1050.9,606.8,1064.55,631.1,0
112,3716,2244641,1077.9,655.4,1050.9,608.1,1064.4,631.75,0
112,3717,2244642,1077.7,655.5,1051.0,608.4,1064.35,631.95,0
112,3718,2244643,1077.4,655.5,1051.2,608.6,1064.3,632.05,0
112,3719,2244644,1077.2,655.5,1051.3,608.8,1064.25,632.15,0
112,3720,2244645,1077.2,655.6,1051.4,609.3,1064.3,632.45,0
112,3721,2244646,1077.2,655.7,1051.5,609.8,1064.35,632.75,0
112,3722,2244647,1077.3,655.9,1051.6,610.3,1064.45,633.1,0
112,3723,2244648,1077.4,656.3,1051.8,610.8,1064.6,633.55,0
112,3724,2244649,1077.5,656.6,1051.9,611.2,1064.7,633.9,0
112,3725,2244650,1077.7,657.2,1051.9,611.6,1064.8,634.4,0
112,3726,2244651,1077.9,657.9,1051.8,611.8,1064.85,634.85,0
112,3727,2244652,1078.0,658.5,1051.7,611.5,1064.85,635.0,0
112,3728,2244653,1077.9,659.0,1051.6,611.2,1064.75,635.1,0
112,3729,2244654,1077.9,659.6,1051.4,610.9,1064.65,635.25,0
112,3730,2244655,1077.7,659.9,1051.2,610.6,1064.45,635.25,0
112,3731,2244656,1077.6,660.2,1051.0,610.2,1064.3,635.2,0
112,3732,2244657,1077.5,660.4,1050.6,609.9,1064.05,635.15,0
112,3733,2244658,1077.5,660.7,1050.4,609.8,1063.95,635.25,0
113,3734,2244659,1077.5,660.9,1050.1,609.7,1063.8,635.3,0
113,3735,2244660,1077.6,661.4,1050.0,609.6,1063.8,635.5,0
113,3736,2244661,1077.7,662.1,1049.8,609.4,1063.75,635.75,0
113,3737,2244662,1078.0,662.8,1049.8,609.3,1063.9,636.05,0
113,3738,2244663,1078.2,663.5,1049.8,609.1,1064.0,636.3,0
113,3739,2244664,1078.3,664.0,1050.0,608.9,1064.15,636.45,0
113,3740,2244665,1078.4,664.3,1050.2,608.7,1064.3,636.5,0
113,3741,2244666,1078.5,664.6,1050.5,608.5,1064.5,636.55,0
113,3742,2244667,1078.5,664.6,1050.8,608.2,1064.65,636.4,0
113,3743,2244668,1078.5,664.3,1051.2,607.9,1064.85,636.1,0
113,3744,2244669,1078.5,664.1,1051.4,607.6,1064.95,635.85,0
113,3745,2244670,1078.4,664.1,1051.6,607.4,1065.0,635.75,0
113,3746,2244671,1078.3,664.2,1051.9,607.2,1065.1,635.7,0
113,3747,2244672,1078.3,664.4,1052.1,607.0,1065.2,635.7,0
113,3748,2244673,1078.1,664.7,1052.4,606.7,1065.25,635.7,0
113,3749,2244674,1078.0,665.1,1052.4,606.3,1065.2,635.7,0
113,3750,2244675,1077.9,665.5,1052.5,606.0,1065.2,635.75,0
113,3751,2244676,1077.9,666.0,1052.5,605.7,1065.2,635.85,0
113,3752,2244677,1077.8,666.1,1052.6,605.3,1065.2,635.7,0
113,3753,2244678,1077.8,666.3,1052.7,604.9,1065.25,635.6,0
113,3754,2244679,1077.8,666.5,1052.7,604.5,1065.25,635.5,0
113,3755,2244680,1077.8,666.6,1052.6,604.2,1065.2,635.4,0
113,3756,2244681,1077.6,666.6,1052.3,603.9,1064.95,635.25,0
113,3757,2244682,1077.5,666.7,1052.0,603.6,1064.75,635.15,0
113,3758,2244683,1077.2,666.7,1051.6,603.4,1064.4,635.05,0
113,3759,2244684,1077.0,666.8,1051.3,603.1,1064.15,634.95,0
113,3760,2244685,1076.9,666.9,1051.0,602.9,1063.95,634.9,0
113,3761,2244686,1076.8,667.1,1050.7,602.8,1063.75,634.95,0
113,3762,2244687,1076.8,667.3,1050.5,602.7,1063.65,635.0,0
113,3763,2244688,1076.8,667.5,1050.4,602.5,1063.6,635.0,0
113,3764,2244689,1076.7,667.9,1050.3,602.2,1063.5,635.05,0
113,3765,2244690,1076.7,668.3,1050.2,601.9,1063.45,635.1,0
113,3766,2244691,1076.6,668.7,1050.1,601.6,1063.35,635.15,0
114,3767,2244692,1076.4,669.2,1050.0,601.2,1063.2,635.2,0
114,3768,2244693,1076.3,669.6,1049.9,600.9,1063.1,635.25,0
114,3769,2244694,1076.2,670.0,1049.8,600.6,1063.0,635.3,0
114,3770,2244695,1076.2,670.3,1049.8,600.8,1063.0,635.55,0
114,3771,2244696,1076.2,670.4,1049.8,601.1,1063.0,635.75,0
114,3772,2244697,1076.1,670.4,1049.8,601.4,1062.95,635.9,0
114,3773,2244698,1076.1,670.5,1049.7,601.7,1062.9,636.1,0
114,3774,2244699,1076.0,670.4,1049.7,601.9,1062.85,636.15,0
114,3775,2244700,1075.9,670.5,1049.7,601.7,1062.8,636.1,0
114,3776,2244701,1075.7,670.5,1049.6,601.4,1062.65,635.95,0
114,3777,2244702,1075.6,670.6,1049.6,600.7,1062.6,635.65,0
114,3778,2244703,1075.4,670.6,1049.5,600.0,1062.45,635.3,0
114,3779,2244704,1075.3,670.7,1049.5,599.2,1062.4,634.95,0
114,3780,2244705,1075.3,670.7,1049.6,598.6,1062.45,634.65,0
114,3781,2244706,1075.3,670.8,1049.6,597.9,1062.45,634.35,0
114,3782,2244707,1075.2,670.9,1049.7,597.8,1062.45,634.35,0
114,3783,2244708,1075.2,670.9,1049.7,597.7,1062.45,634.3,0
114,3784,2244709,1075.2,671.1,1049.8,597.8,1062.5,634.45,0
114,3785,2244710,1075.2,671.2,1049.8,598.0,1062.5,634.6,0
114,3786,2244711,1075.2,671.3,1049.8,598.3,1062.5,634.8,0
114,3787,2244712,1075.1,671.5,1049.7,598.7,1062.4,635.1,0
114,3788,2244713,1075.0,671.6,1049.6,599.0,1062.3,635.3,0
114,3789,2244714,1074.9,671.6,1049.4,599.4,1062.15,635.5,0
114,3790,2244715,1074.7,671.8,1049.3,599.7,1062.0,635.75,0
114,3791,2244716,1074.7,671.9,1049.2,599.8,1061.95,635.85,0
114,3792,2244717,1074.7,672.1,1049.1,599.8,1061.9,635.95,0
114,3793,2244718,1074.8,672.3,1049.1,599.8,1061.95,636.05,0
114,3794,2244719,1075.0,672.5,1049.4,599.7,1062.2,636.1,0
114,3795,2244720,1075.1,672.8,1049.7,599.6,1062.4,636.2,0
114,3796,2244721,1075.3,673.0,1050.1,599.3,1062.7,636.15,0
114,3797,2244722,1075.3,673.1,1050.5,599.2,1062.9,636.15,0
114,3798,2244723,1075.4,673.2,1050.9,599.1,1063.15,636.15,0
114,3799,2244724,1075.3,673.2,1051.4,598.9,1063.35,636.05,0
114,3800,2244725,1075.2,673.1,1051.8,598.8,1063.5,635.95,0
115,3801,2244726,1075.1,672.9,1051.9,598.7,1063.5,635.8,0
115,3802,2244727,1075.0,672.7,1051.9,598.6,1063.45,635.65,0
115,3803,2244728,1074.9,672.6,1051.8,598.6,1063.35,635.6,0
115,3804,2244729,1074.8,672.4,1051.7,598.8,1063.25,635.6,0
115,3805,2244730,1074.8,672.1,1051.6,599.0,1063.2,635.55,0
115,3806,2244731,1074.8,671.8,1051.5,599.2,1063.15,635.5,0
115,3807,2244732,1074.8,671.6,1051.5,599.4,1063.15,635.5,0
115,3808,2244733,1074.8,671.4,1051.4,599.5,1063.1,635.45,0
115,3809,2244734,1074.8,671.2,1051.5,599.7,1063.15,635.45,0
115,3810,2244735,1074.7,671.0,1051.6,599.8,1063.15,635.4,0
115,3811,2244736,1074.2,670.8,1051.2,599.8,1062.7,635.3,0
115,3812,2244737,1073.7,670.7,1050.4,599.9,1062.05,635.3,0
115,3813,2244738,1072.4,670.7,1048.8,600.3,1060.6,635.5,0
115,3814,2244739,1070.3,670.8,1046.6,600.8,1058.45,635.8,0
115,3815,2244740,1067.5,671.3,1043.7,601.2,1055.6,636.25,0
115,3816,2244741,1064.0,671.8,1040.2,601.9,1052.1,636.85,0
115,3817,2244742,1059.9,672.4,1036.5,602.7,1048.2,637.55,0
115,3818,2244743,1056.0,673.0,1032.2,603.8,1044.1,638.4,0
115,3819,2244744,1051.1,673.6,1027.4,604.8,1039.25,639.2,0
115,3820,2244745,1046.5,674.8,1022.7,605.5,1034.6,640.15,0
115,3821,2244746,1042.7,675.9,1018.6,606.1,1030.65,641.0,0
115,3822,2244747,1039.5,676.7,1015.1,606.8,1027.3,641.75,0
115,3823,2244748,1037.1,677.3,1012.2,607.2,1024.65,642.25,0
115,3824,2244749,1035.4,677.6,1009.7,607.5,1022.55,642.55,0
115,3825,2244750,1034.0,677.9,1008.5,607.5,1021.25,642.7,0
115,3826,2244751,1034.2,678.0,1008.4,607.4,1021.3,642.7,0
115,3827,2244752,1035.2,677.3,1009.6,607.4,1022.4,642.35,0
115,3828,2244753,1036.5,676.4,1011.7,607.4,1024.1,641.9,0
115,3829,2244754,1038.8,675.4,1013.9,607.5,1026.35,641.45,0
115,3830,2244755,1041.1,674.5,1016.4,607.6,1028.75,641.05,0
115,3831,2244756,1043.8,673.8,1019.1,607.7,1031.45,640.75,0
115,3832,2244757,1046.2,673.2,1021.5,607.8,1033.85,640.5,0
115,3833,2244758,1048.3,672.6,1023.9,607.9,1036.1,640.25,0
116,3834,2244759,1050.0,672.3,1025.5,608.0,1037.75,640.15,0
116,3835,2244760,1051.3,672.2,1026.3,608.1,1038.8,640.15,0
116,3836,2244761,1051.8,672.3,1027.0,608.1,1039.4,640.2,0
116,3837,2244762,1052.1,672.3,1027.3,608.2,1039.7,640.25,0
116,3838,2244763,1052.0,672.3,1027.4,608.2,1039.7,640.25,0
116,3839,2244764,1051.9,672.3,1027.4,608.2,1039.65,640.25,0
116,3840,2244765,1051.8,672.4,1027.4,608.6,1039.6,640.5,0
116,3841,2244766,1051.7,672.4,1027.2,609.6,1039.45,641.0,0
116,3842,2244767,1051.8,672.5,1027.1,610.5,1039.45,641.5,0
116,3843,2244768,1051.8,672.5,1027.0,611.5,1039.4,642.0,0
116,3844,2244769,1051.9,672.6,1027.3,612.5,1039.6,642.55,0
116,3845,2244770,1052.0,672.6,1027.4,613.5,1039.7,643.05,0
116,3846,2244771,1052.1,672.7,1027.6,614.6,1039.85,643.65,0
116,3847,2244772,1052.3,672.8,1027.8,615.3,1040.05,644.05,0
116,3848,2244773,1052.4,672.9,1028.1,615.4,1040.25,644.15,0
116,3849,2244774,1052.4,673.0,1028.4,615.6,1040.4,644.3,0
116,3850,2244775,1052.4,673.0,1028.6,615.8,1040.5,644.4,0
116,3851,2244776,1052.5,673.1,1028.6,616.0,1040.55,644.55,0
116,3852,2244777,1052.4,673.2,1028.5,616.2,1040.45,644.7,0
116,3853,2244778,1052.4,673.2,1028.4,616.5,1040.4,644.85,0
116,3854,2244779,1052.3,673.3,1028.3,616.6,1040.3,644.95,0
116,3855,2244780,1052.2,673.3,1028.1,616.5,1040.15,644.9,0
116,3856,2244781,1052.0,673.4,1027.7,616.5,1039.85,644.95,0
116,3857,2244782,1051.9,673.4,1027.4,616.4,1039.65,644.9,0
116,3858,2244783,1051.6,673.5,1027.1,616.3,1039.35,644.9,0
116,3859,2244784,1051.5,673.5,1026.9,616.2,1039.2,644.85,0
116,3860,2244785,1051.3,673.5,1026.7,616.1,1039.0,644.8,0
116,3861,2244786,1051.1,673.6,1026.5,616.1,1038.8,644.85,0
116,3862,2244787,1051.0,673.7,1026.5,616.1,1038.75,644.9,0
116,3863,2244788,1050.8,673.9,1026.8,616.2,1038.8,645.05,0
116,3864,2244789,1050.6,674.0,1027.1,616.2,1038.85,645.1,0
116,3865,2244790,1050.5,674.2,1027.3,616.1,1038.9,645.15,0
116,3866,2244791,1050.4,674.3,1027.5,615.8,1038.95,645.05,0
117,3867,2244792,1050.3,674.5,1027.8,615.4,1039.05,644.95,0
117,3868,2244793,1050.2,674.6,1028.0,615.0,1039.1,644.8,0
117,3869,2244794,1050.1,674.5,1028.0,614.6,1039.05,644.55,0
117,3870,2244795,1049.8,674.5,1028.0,614.2,1038.9,644.35,0
117,3871,2244796,1049.5,674.4,1028.0,613.9,1038.75,644.15,0
117,3872,2244797,1049.3,674.1,1028.0,613.7,1038.65,643.9,0
117,3873,2244798,1049.0,673.9,1028.1,613.9,1038.55,643.9,0
117,3874,2244799,1048.9,673.8,1028.1,614.1,1038.5,643.95,0
117,3875,2244800,1048.8,673.6,1028.3,614.3,1038.55,643.95,0
117,3876,2244801,1048.8,673.5,1028.5,614.5,1038.65,644.0,0
117,3877,2244802,1048.9,673.6,1028.7,614.7,1038.8,644.15,0
117,3878,2244803,1049.1,673.6,1029.0,614.8,1039.05,644.2,0
117,3879,2244804,1049.3,673.8,1029.2,614.9,1039.25,644.35,0
117,3880,2244805,1049.5,674.0,1029.4,614.8,1039.45,644.4,0
117,3881,2244806,1049.7,674.3,1029.5,614.7,1039.6,644.5,0
117,3882,2244807,1049.7,674.6,1029.5,614.7,1039.6,644.65,0
117,3883,2244808,1049.7,674.9,1029.4,614.8,1039.55,644.85,0
117,3884,2244809,1049.6,675.2,1029.3,614.9,1039.45,645.05,0
117,3885,2244810,1049.4,675.5,1029.0,615.0,1039.2,645.25,0
117,3886,2244811,1049.2,675.7,1028.8,615.1,1039.0,645.4,0
117,3887,2244812,1048.9,675.9,1028.6,615.2,1038.75,645.55,0
117,3888,2244813,1048.7,676.2,1028.3,615.3,1038.5,645.75,0
117,3889,2244814,1048.7,676.5,1028.1,615.3,1038.4,645.9,0
117,3890,2244815,1048.7,676.8,1028.0,615.3,1038.35,646.05,0
117,3891,2244816,1049.0,677.0,1027.8,615.3,1038.4,646.15,0
117,3892,2244817,1049.2,676.8,1027.7,615.3,1038.45,646.05,0
117,3893,2244818,1049.5,676.6,1027.7,615.3,1038.6,645.95,0
117,3894,2244819,1049.8,676.4,1027.7,615.5,1038.75,645.95,0
117,3895,2244820,1050.1,676.3,1027.7,615.6,1038.9,645.95,0
117,3896,2244821,1050.2,676.0,1027.7,615.6,1038.95,645.8,0
117,3897,2244822,1050.1,675.6,1027.8,615.6,1038.95,645.6,0
117,3898,2244823,1050.0,675.1,1027.9,615.6,1038.95,645.35,0
117,3899,2244824,1049.8,675.1,1028.2,615.6,1039.0,645.35,0
117,3900,2244825,1049.5,674.9,1028.3,615.7,1038.9,645.3,0
118,3901,2244826,1049.2,674.7,1028.5,615.7,1038.85,645.2,0
118,3902,2244827,1049.0,674.5,1028.6,615.7,1038.8,645.1,0
118,3903,2244828,1048.8,674.2,1028.8,615.9,1038.8,645.05,0
118,3904,2244829,1048.7,674.1,1028.8,616.0,1038.75,645.05,0
118,3905,2244830,1048.7,674.0,1028.9,616.2,1038.8,645.1,0
118,3906,2244831,1048.7,674.1,1028.8,616.3,1038.75,645.2,0
118,3907,2244832,1048.9,674.4,1028.7,616.4,1038.8,645.4,0
118,3908,2244833,1049.0,674.6,1028.6,616.4,1038.8,645.5,0
118,3909,2244834,1049.2,674.8,1028.6,616.4,1038.9,645.6,0
118,3910,2244835,1049.3,675.0,1028.6,616.3,1038.95,645.65,0
118,3911,2244836,1049.3,675.2,1028.6,616.1,1038.95,645.65,0
118,3912,2244837,1049.3,675.3,1028.6,615.8,1038.95,645.55,0
118,3913,2244838,1049.4,675.1,1028.5,615.6,1038.95,645.35,0
118,3914,2244839,1049.4,675.0,1028.5,615.3,1038.95,645.15,0
118,3915,2244840,1049.4,674.9,1028.5,615.1,1038.95,645.0,0
118,3916,2244841,1049.4,674.8,1028.5,614.8,1038.95,644.8,0
118,3917,2244842,1049.5,674.7,1028.7,614.7,1039.1,644.7,0
118,3918,2244843,1049.5,674.4,1028.8,614.6,1039.15,644.5,0
118,3919,2244844,1049.6,674.3,1028.9,614.8,1039.25,644.55,0
118,3920,2244845,1049.6,674.1,1029.0,614.9,1039.3,644.5,0
118,3921,2244846,1049.6,674.0,1029.1,615.2,1039.35,644.6,0
118,3922,2244847,1049.6,673.6,1029.1,615.4,1039.35,644.5,0
118,3923,2244848,1049.5,673.2,1028.9,615.6,1039.2,644.4,0
118,3924,2244849,1049.4,672.8,1028.6,615.8,1039.0,644.3,0
118,3925,2244850,1049.3,672.6,1028.3,616.1,1038.8,644.35,0
118,3926,2244851,1049.3,672.3,1027.9,616.2,1038.6,644.25,0
118,3927,2244852,1049.2,672.0,1027.7,616.4,1038.45,644.2,0
118,3928,2244853,1049.4,671.8,1027.5,616.6,1038.45,644.2,0
118,3929,2244854,1049.5,671.7,1027.3,616.8,1038.4,644.25,0
118,3930,2244855,1049.6,671.6,1027.3,616.9,1038.45,644.25,0
118,3931,2244856,1049.7,671.5,1027.4,617.1,1038.55,644.3,0
118,3932,2244857,1049.8,671.0,1027.4,617.0,1038.6,644.0,0
118,3933,2244858,1049.8,670.6,1027.5,616.9,1038.65,643.75,0
119,3934,2244859,1049.9,670.1,1027.6,616.8,1038.75,643.45,0
119,3935,2244860,1049.8,669.6,1027.6,616.7,1038.7,643.15,0
119,3936,2244861,1049.8,669.1,1027.6,616.6,1038.7,642.85,0
119,3937,2244862,1049.7,668.6,1027.4,616.4,1038.55,642.5,0
119,3938,2244863,1049.7,668.2,1027.2,616.2,1038.45,642.2,0
119,3939,2244864,1049.7,668.1,1027.1,616.1,1038.4,642.1,0
119,3940,2244865,1049.6,668.0,1026.9,616.0,1038.25,642.0,0
119,3941,2244866,1049.6,668.0,1026.7,615.8,1038.15,641.9,0
119,3942,2244867,1049.6,668.0,1026.6,615.4,1038.1,641.7,0
119,3943,2244868,1049.5,668.0,1026.6,615.1,1038.05,641.55,0
119,3944,2244869,1049.5,667.9,1026.6,614.7,1038.05,641.3,0
119,3945,2244870,1049.4,667.7,1026.7,614.5,1038.05,641.1,0
119,3946,2244871,1049.4,667.6,1026.7,614.2,1038.05,640.9,0
119,3947,2244872,1049.4,667.5,1026.7,614.1,1038.05,640.8,0
119,3948,2244873,1049.3,667.3,1026.7,613.9,1038.0,640.6,0
119,3949,2244874,1049.2,666.7,1026.7,613.9,1037.95,640.3,0
119,3950,2244875,1049.1,666.1,1026.8,613.8,1037.95,639.95,0
119,3951,2244876,1049.0,665.8,1026.9,613.7,1037.95,639.75,0
119,3952,2244877,1049.0,665.5,1027.0,613.6,1038.0,639.55,0
119,3953,2244878,1048.9,665.1,1027.1,613.6,1038.0,639.35,0
119,3954,2244879,1048.8,664.7,1027.2,613.5,1038.0,639.1,0
119,3955,2244880,1048.7,664.1,1027.3,613.5,1038.0,638.8,0
119,3956,2244881,1048.6,663.9,1027.3,613.6,1037.95,638.75,0
119,3957,2244882,1048.5,663.7,1027.3,613.7,1037.9,638.7,0
119,3958,2244883,1048.3,663.6,1027.3,614.0,1037.8,638.8,0
119,3959,2244884,1048.2,663.4,1027.2,614.1,1037.7,638.75,0
119,3960,2244885,1048.0,663.3,1027.2,614.1,1037.6,638.7,0
119,3961,2244886,1047.8,663.2,1027.0,614.0,1037.4,638.6,0
119,3962,2244887,1047.7,663.2,1026.7,613.8,1037.2,638.5,0
119,3963,2244888,1047.5,663.3,1026.4,613.4,1036.95,638.35,0
119,3964,2244889,1047.3,663.3,1026.2,612.9,1036.75,638.1,0
119,3965,2244890,1047.1,663.2,1025.9,612.4,1036.5,637.8,0
119,3966,2244891,1047.0,663.2,1025.5,612.0,1036.25,637.6,0
120,3967,2244892,1046.9,663.1,1025.0,611.7,1035.95,637.4,0
120,3968,2244893,1046.7,663.1,1024.6,611.5,1035.65,637.3,0
120,3969,2244894,1046.6,663.0,1024.3,611.3,1035.45,637.15,0
120,3970,2244895,1046.6,663.0,1024.0,611.3,1035.3,637.15,0
120,3971,2244896,1046.5,663.0,1023.1,611.2,1034.8,637.1,0
120,3972,2244897,1046.5,663.0,1022.4,611.2,1034.45,637.1,0
120,3973,2244898,1046.4,663.1,1021.6,611.2,1034.0,637.15,0
120,3974,2244899,1046.4,663.1,1021.1,611.2,1033.75,637.15,0
120,3975,2244900,1046.3,663.1,1020.6,611.2,1033.45,637.15,0
120,3976,2244901,1046.3,663.1,1020.2,611.2,1033.25,637.15,0
120,3977,2244902,1046.3,662.8,1020.1,611.2,1033.2,637.0,0
120,3978,2244903,1046.4,662.5,1020.5,611.1,1033.45,636.8,0
120,3979,2244904,1046.4,662.2,1020.9,610.9,1033.65,636.55,0
120,3980,2244905,1046.5,661.8,1021.2,610.8,1033.85,636.3,0
120,3981,2244906,1046.5,661.5,1021.4,610.5,1033.95,636.0,0
120,3982,2244907,1046.6,661.1,1021.6,610.2,1034.1,635.65,0
120,3983,2244908,1046.7,660.8,1021.8,609.9,1034.25,635.35,0
120,3984,2244909,1046.8,660.7,1021.7,609.6,1034.25,635.15,0
120,3985,2244910,1046.9,660.6,1021.7,609.4,1034.3,635.0,0
120,3986,2244911,1047.0,660.6,1021.7,609.3,1034.35,634.95,0
120,3987,2244912,1047.0,660.6,1021.8,609.1,1034.4,634.85,0
120,3988,2244913,1047.1,660.6,1022.0,609.0,1034.55,634.8,0
120,3989,2244914,1047.1,660.5,1022.2,608.9,1034.65,634.7,0
120,3990,2244915,1047.0,660.5,1022.5,608.7,1034.75,634.6,0
120,3991,2244916,1046.9,660.4,1022.7,608.6,1034.8,634.5,0
120,3992,2244917,1046.8,660.3,1022.8,608.3,1034.8,634.3,0
120,3993,2244918,1046.7,660.1,1023.0,608.0,1034.85,634.05,0
120,3994,2244919,1046.5,659.9,1023.2,607.6,1034.85,633.75,0
120,3995,2244920,1046.4,659.6,1023.2,607.3,1034.8,633.45,0
120,3996,2244921,1046.2,659.3,1023.3,606.8,1034.75,633.05,0
120,3997,2244922,1046.1,659.0,1023.3,606.4,1034.7,632.7,0
120,3998,2244923,1046.0,658.7,1023.3,606.0,1034.65,632.35,0
120,3999,2244924,1045.8,658.3,1023.3,605.6,1034.55,631.95,0
120,4000,2244925,1045.8,657.9,1023.3,605.2,1034.55,631.55,0
121,4001,2244926,1045.7,657.6,1023.3,604.9,1034.5,631.25,0
121,4002,2244927,1045.7,657.3,1023.2,604.4,1034.45,630.85,0
121,4003,2244928,1045.7,657.1,1023.2,603.8,1034.45,630.45,0
121,4004,2244929,1045.8,656.9,1023.2,603.2,1034.5,630.05,0
121,4005,2244930,1045.9,656.7,1023.2,602.7,1034.55,629.7,0
121,4006,2244931,1045.9,656.7,1023.2,602.3,1034.55,629.5,0
121,4007,2244932,1046.0,656.6,1023.3,602.0,1034.65,629.3,0
121,4008,2244933,1046.1,656.5,1023.3,601.7,1034.7,629.1,0
121,4009,2244934,1046.1,656.4,1023.4,601.6,1034.75,629.0,0
121,4010,2244935,1046.1,656.4,1023.4,601.5,1034.75,628.95,0
121,4011,2244936,1046.1,656.3,1023.3,601.4,1034.7,628.85,0
121,4012,2244937,1046.1,656.3,1023.3,601.2,1034.7,628.75,0
121,4013,2244938,1046.0,656.4,1023.2,600.6,1034.6,628.5,0
121,4014,2244939,1046.1,656.5,1023.1,600.0,1034.6,628.25,0
121,4015,2244940,1046.1,656.6,1023.0,599.5,1034.55,628.05,0
121,4016,2244941,1046.1,656.4,1023.1,598.9,1034.6,627.65,0
121,4017,2244942,1046.2,656.3,1023.2,598.6,1034.7,627.45,0
121,4018,2244943,1046.3,656.1,1023.3,598.4,1034.8,627.25,0
121,4019,2244944,1046.4,655.9,1023.4,598.2,1034.9,627.05,0
121,4020,2244945,1046.6,655.6,1023.6,598.3,1035.1,626.95,0
121,4021,2244946,1046.6,655.3,1023.7,598.3,1035.15,626.8,0
121,4022,2244947,1046.7,655.0,1023.8,598.4,1035.25,626.7,0
121,4023,2244948,1046.6,655.0,1023.9,598.4,1035.25,626.7,0
121,4024,2244949,1046.6,654.9,1024.0,598.2,1035.3,626.55,0
121,4025,2244950,1046.4,654.9,1024.1,598.0,1035.25,626.45,0
121,4026,2244951,1046.2,654.9,1024.3,597.8,1035.25,626.35,0
121,4027,2244952,1046.1,654.9,1024.4,597.5,1035.25,626.2,0
121,4028,2244953,1045.9,654.9,1024.5,597.3,1035.2,626.1,0
121,4029,2244954,1045.8,655.0,1024.5,597.1,1035.15,626.05,0
121,4030,2244955,1045.8,655.1,1024.4,596.8,1035.1,625.95,0
121,4031,2244956,1045.8,655.2,1024.2,596.8,1035.0,626.0,0
121,4032,2244957,1045.8,655.4,1024.0,596.7,1034.9,626.05,0
121,4033,2244958,1045.8,655.6,1023.9,596.6,1034.85,626.1,0
122,4034,2244959,1045.7,655.7,1023.8,596.5,1034.75,626.1,0
122,4035,2244960,1045.7,655.8,1023.7,596.4,1034.7,626.1,0
122,4036,2244961,1045.7,655.7,1023.6,596.3,1034.65,626.0,0
122,4037,2244962,1045.7,655.6,1023.7,595.8,1034.7,625.7,0
122,4038,2244963,1045.7,655.5,1023.8,595.3,1034.75,625.4,0
122,4039,2244964,1045.7,655.4,1023.8,595.0,1034.75,625.2,0
122,4040,2244965,1045.8,655.3,1023.8,594.5,1034.8,624.9,0
122,4041,2244966,1046.0,655.2,1023.7,594.0,1034.85,624.6,0
122,4042,2244967,1046.1,655.3,1023.7,593.5,1034.9,624.4,0
122,4043,2244968,1046.2,655.4,1023.7,593.0,1034.95,624.2,0
122,4044,2244969,1046.2,655.5,1023.6,592.9,1034.9,624.2,0
122,4045,2244970,1046.2,655.7,1023.6,592.7,1034.9,624.2,0
122,4046,2244971,1046.1,655.9,1023.6,592.5,1034.85,624.2,0
122,4047,2244972,1046.0,656.1,1023.7,591.8,1034.85,623.95,0
122,4048,2244973,1045.9,656.3,1023.9,591.2,1034.9,623.75,0
122,4049,2244974,1045.8,656.5,1024.1,590.6,1034.95,623.55,0
122,4050,2244975,1045.8,656.7,1024.3,590.0,1035.05,623.35,0
122,4051,2244976,1045.8,656.8,1024.5,589.4,1035.15,623.1,0
122,4052,2244977,1045.8,657.1,1024.7,588.8,1035.25,622.95,0
122,4053,2244978,1046.2,657.2,1024.9,588.2,1035.55,622.7,0
122,4054,2244979,1046.5,657.3,1025.1,588.1,1035.8,622.7,0
122,4055,2244980,1046.8,657.4,1025.1,587.9,1035.95,622.65,0
122,4056,2244981,1047.1,657.5,1025.2,587.7,1036.15,622.6,0
122,4057,2244982,1047.4,657.6,1025.2,587.6,1036.3,622.6,0
122,4058,2244983,1047.6,657.8,1025.3,587.5,1036.45,622.65,0
122,4059,2244984,1047.8,658.0,1025.4,587.3,1036.6,622.65,0
122,4060,2244985,1047.8,658.2,1025.4,587.2,1036.6,622.7,0
122,4061,2244986,1047.7,658.4,1025.4,587.1,1036.55,622.75,0
122,4062,2244987,1047.7,658.5,1025.4,587.0,1036.55,622.75,0
122,4063,2244988,1047.7,658.5,1025.3,587.0,1036.5,622.75,0
122,4064,2244989,1047.7,658.3,1025.1,587.2,1036.4,622.75,0
122,4065,2244990,1047.7,658.0,1025.0,587.5,1036.35,622.75,0
122,4066,2244991,1047.8,657.7,1024.8,587.7,1036.3,622.7,0
123,4067,2244992,1047.9,657.5,1024.6,587.9,1036.25,622.7,0
123,4068,2244993,1048.0,657.3,1024.4,587.8,1036.2,622.55,0
123,4069,2244994,1048.0,657.1,1024.4,587.7,1036.2,622.4,0
123,4070,2244995,1048.0,657.2,1024.7,587.6,1036.35,622.4,0
123,4071,2244996,1048.0,657.5,1025.0,587.2,1036.5,622.35,0
123,4072,2244997,1048.0,657.9,1025.4,586.7,1036.7,622.3,0
123,4073,2244998,1047.9,658.3,1025.7,586.2,1036.8,622.25,0
123,4074,2244999,1047.8,658.6,1026.2,585.7,1037.0,622.15,0
123,4075,2245000,1047.7,658.9,1026.6,585.4,1037.15,622.15,0
123,4076,2245001,1047.7,659.1,1027.1,585.2,1037.4,622.15,0
123,4077,2245002,1047.7,659.2,1027.3,584.9,1037.5,622.05,0
123,4078,2245003,1047.7,659.4,1027.5,584.7,1037.6,622.05,0
123,4079,2245004,1047.8,659.2,1027.7,584.6,1037.75,621.9,0
123,4080,2245005,1047.8,659.1,1027.9,584.4,1037.85,621.75,0
123,4081,2245006,1047.8,659.0,1028.0,584.3,1037.9,621.65,0
123,4082,2245007,1047.8,658.9,1028.2,584.0,1038.0,621.45,0
123,4083,2245008,1047.8,658.9,1028.3,583.7,1038.05,621.3,0
123,4084,2245009,1047.7,658.9,1028.4,583.3,1038.05,621.1,0
123,4085,2245010,1047.7,658.9,1028.7,583.0,1038.2,620.95,0
123,4086,2245011,1047.7,659.1,1029.1,582.8,1038.4,620.95,0
123,4087,2245012,1047.6,659.4,1029.6,582.5,1038.6,620.95,0
123,4088,2245013,1047.6,659.6,1030.1,582.4,1038.85,621.0,0
123,4089,2245014,1047.5,660.0,1030.5,582.3,1039.0,621.15,0
123,4090,2245015,1047.2,660.4,1031.0,582.4,1039.1,621.4,0
123,4091,2245016,1047.0,660.9,1031.4,582.4,1039.2,621.65,0
123,4092,2245017,1046.7,661.3,1031.6,582.3,1039.15,621.8,0
123,4093,2245018,1046.3,661.7,1031.7,582.1,1039.0,621.9,0
123,4094,2245019,1046.0,662.0,1031.7,581.9,1038.85,621.95,0
123,4095,2245020,1045.7,662.3,1031.7,581.8,1038.7,622.05,0
123,4096,2245021,1045.5,662.6,1031.7,581.7,1038.6,622.15,0
123,4097,2245022,1045.4,663.1,1031.9,581.6,1038.65,622.35,0
123,4098,2245023,1045.4,663.5,1032.1,581.5,1038.75,622.5,0
123,4099,2245024,1045.4,663.9,1032.3,581.2,1038.85,622.55,0
123,4100,2245025,1045.4,664.4,1032.5,581.0,1038.95,622.7,0
124,4101,2245026,1045.5,664.8,1032.7,580.7,1039.1,622.75,0
124,4102,2245027,1045.5,665.2,1032.9,580.4,1039.2,622.8,0
124,4103,2245028,1045.5,665.7,1033.0,580.1,1039.25,622.9,0
124,4104,2245029,1045.7,665.9,1033.0,579.7,1039.35,622.8,0
124,4105,2245030,1045.8,666.1,1033.0,579.4,1039.4,622.75,0
124,4106,2245031,1046.2,666.5,1033.1,579.1,1039.65,622.8,0
124,4107,2245032,1046.5,666.9,1033.1,578.8,1039.8,622.85,0
124,4108,2245033,1046.8,667.2,1033.1,578.6,1039.95,622.9,0
124,4109,2245034,1047.2,667.5,1033.2,578.3,1040.2,622.9,0
124,4110,2245035,1047.5,667.9,1033.2,578.1,1040.35,623.0,0
124,4111,2245036,1047.7,668.3,1033.4,578.4,1040.55,623.35,0
124,4112,2245037,1047.9,668.9,1033.6,578.6,1040.75,623.75,0
124,4113,2245038,1047.8,669.4,1033.7,579.0,1040.75,624.2,0
124,4114,2245039,1047.8,669.8,1033.8,579.3,1040.8,624.55,0
124,4115,2245040,1047.8,670.2,1033.9,579.7,1040.85,624.95,0
124,4116,2245041,1047.8,670.7,1034.0,580.1,1040.9,625.4,0
124,4117,2245042,1047.9,671.1,1034.2,580.5,1041.05,625.8,0
124,4118,2245043,1047.9,671.7,1034.3,580.4,1041.1,626.05,0
124,4119,2245044,1047.9,672.0,1034.7,580.4,1041.3,626.2,0
124,4120,2245045,1048.0,672.5,1035.0,580.6,1041.5,626.55,0
124,4121,2245046,1048.1,672.9,1035.4,580.7,1041.75,626.8,0
124,4122,2245047,1048.2,673.4,1035.9,580.9,1042.05,627.15,0
124,4123,2245048,1048.3,673.9,1036.3,581.1,1042.3,627.5,0
124,4124,2245049,1048.3,674.4,1036.8,581.3,1042.55,627.85,0
124,4125,2245050,1048.5,674.7,1037.1,581.3,1042.8,628.0,0
124,4126,2245051,1048.7,675.0,1037.3,581.3,1043.0,628.15,0
124,4127,2245052,1048.8,675.1,1037.4,581.3,1043.1,628.2,0
124,4128,2245053,1049.0,675.3,1037.5,581.3,1043.25,628.3,0
124,4129,2245054,1049.2,675.5,1037.5,581.2,1043.35,628.35,0
124,4130,2245055,1049.3,675.6,1037.6,581.1,1043.45,628.35,0
124,4131,2245056,1049.2,675.6,1037.6,581.2,1043.4,628.4,0
124,4132,2245057,1049.1,675.7,1037.7,581.2,1043.4,628.45,0
124,4133,2245058,1048.9,675.7,1037.7,581.2,1043.3,628.45,0
125,4134,2245059,1048.7,675.8,1037.7,581.2,1043.2,628.5,0
125,4135,2245060,1048.5,676.0,1037.8,581.2,1043.15,628.6,0
125,4136,2245061,1048.3,676.2,1037.7,581.1,1043.0,628.65,0
125,4137,2245062,1048.1,676.3,1037.6,581.0,1042.85,628.65,0
125,4138,2245063,1048.0,676.5,1037.5,580.7,1042.75,628.6,0
125,4139,2245064,1047.9,676.6,1037.3,580.4,1042.6,628.5,0
125,4140,2245065,1047.8,676.7,1037.0,580.1,1042.4,628.4,0
125,4141,2245066,1047.7,676.8,1036.6,579.8,1042.15,628.3,0
125,4142,2245067,1047.6,676.6,1036.3,579.5,1041.95,628.05,0
125,4143,2245068,1047.5,676.2,1036.2,579.3,1041.85,627.75,0
125,4144,2245069,1047.5,675.9,1036.2,579.1,1041.85,627.5,0
125,4145,2245070,1047.5,675.6,1036.2,579.1,1041.85,627.35,0
125,4146,2245071,1047.6,675.7,1036.3,579.1,1041.95,627.4,0
125,4147,2245072,1047.8,675.8,1036.6,579.2,1042.2,627.5,0
125,4148,2245073,1047.9,676.0,1036.9,579.2,1042.4,627.6,0
125,4149,2245074,1048.1,676.3,1037.1,579.2,1042.6,627.75,0
125,4150,2245075,1048.3,676.8,1037.2,579.3,1042.75,628.05,0
125,4151,2245076,1048.5,677.3,1037.2,579.3,1042.85,628.3,0
125,4152,2245077,1048.6,677.7,1037.3,579.4,1042.95,628.55,0
125,4153,2245078,1048.5,677.9,1037.4,579.4,1042.95,628.65,0
125,4154,2245079,1048.4,678.1,1037.7,579.5,1043.05,628.8,0
125,4155,2245080,1048.3,678.2,1038.0,579.5,1043.15,628.85,0
125,4156,2245081,1048.3,678.3,1038.4,579.6,1043.35,628.95,0
125,4157,2245082,1048.3,678.4,1038.8,579.6,1043.55,629.0,0
125,4158,2245083,1048.3,678.4,1039.3,579.5,1043.8,628.95,0
125,4159,2245084,1048.5,678.3,1039.6,579.2,1044.05,628.75,0
125,4160,2245085,1048.9,678.1,1040.0,578.8,1044.45,628.45,0
125,4161,2245086,1049.3,677.9,1040.1,578.3,1044.7,628.1,0
125,4162,2245087,1049.6,677.8,1040.4,577.8,1045.0,627.8,0
125,4163,2245088,1049.8,677.7,1040.6,577.4,1045.2,627.55,0
125,4164,2245089,1050.0,677.7,1040.8,577.1,1045.4,627.4,0
125,4165,2245090,1050.0,677.8,1041.0,576.8,1045.5,627.3,0
125,4166,2245091,1049.9,678.0,1041.2,576.6,1045.55,627.3,0
126,4167,2245092,1049.7,678.2,1041.5,576.7,1045.6,627.45,0
126,4168,2245093,1049.7,678.3,1042.1,576.8,1045.9,627.55,0
126,4169,2245094,1049.6,678.5,1042.6,576.8,1046.1,627.65,0
126,4170,2245095,1049.5,678.6,1043.1,576.7,1046.3,627.65,0
126,4171,2245096,1049.3,678.6,1043.6,576.5,1046.45,627.55,0
126,4172,2245097,1049.3,678.5,1044.1,576.3,1046.7,627.4,0
126,4173,2245098,1049.3,678.5,1044.5,576.1,1046.9,627.3,0
126,4174,2245099,1049.2,678.5,1044.8,575.9,1047.0,627.2,0
126,4175,2245100,1049.2,678.6,1044.5,575.7,1046.85,627.15,0
126,4176,2245101,1049.5,678.7,1044.1,575.5,1046.8,627.1,0
126,4177,2245102,1049.7,678.3,1043.8,575.6,1046.75,626.95,0
126,4178,2245103,1050.1,678.1,1043.4,575.8,1046.75,626.95,0
126,4179,2245104,1050.4,677.8,1042.9,576.1,1046.65,626.95,0
126,4180,2245105,1050.7,677.5,1042.5,576.5,1046.6,627.0,0
126,4181,2245106,1051.0,677.2,1042.1,576.8,1046.55,627.0,0
126,4182,2245107,1051.3,676.9,1042.0,577.1,1046.65,627.0,0
126,4183,2245108,1051.4,676.6,1041.9,577.4,1046.65,627.0,0
126,4184,2245109,1051.4,676.7,1041.8,577.7,1046.6,627.2,0
126,4185,2245110,1051.5,676.7,1041.7,577.9,1046.6,627.3,0
126,4186,2245111,1051.6,676.7,1041.7,577.9,1046.65,627.3,0
126,4187,2245112,1051.7,676.7,1042.0,577.7,1046.85,627.2,0
126,4188,2245113,1051.8,676.6,1042.3,577.5,1047.05,627.05,0
126,4189,2245114,1051.9,676.5,1042.8,577.3,1047.35,626.9,0
126,4190,2245115,1052.0,676.4,1043.2,576.9,1047.6,626.65,0
126,4191,2245116,1052.2,676.3,1043.6,576.5,1047.9,626.4,0
126,4192,2245117,1052.5,676.3,1044.1,576.2,1048.3,626.25,0
126,4193,2245118,1052.8,676.2,1044.6,576.1,1048.7,626.15,0
126,4194,2245119,1053.0,676.2,1045.0,576.4,1049.0,626.3,0
126,4195,2245120,1053.3,676.2,1045.4,576.8,1049.35,626.5,0
126,4196,2245121,1053.6,676.1,1045.7,577.0,1049.65,626.55,0
126,4197,2245122,1053.9,676.0,1046.2,577.4,1050.05,626.7,0
126,4198,2245123,1054.2,675.9,1046.6,577.8,1050.4,626.85,0
126,4199,2245124,1054.3,675.7,1047.0,578.2,1050.65,626.95,0
126,4200,2245125,1054.4,675.6,1047.3,578.5,1050.85,627.05,0
127,4201,2245126,1054.6,675.5,1047.5,578.6,1051.05,627.05,0
127,4202,2245127,1054.7,675.3,1047.7,578.7,1051.2,627.0,0
127,4203,2245128,1054.8,675.3,1047.9,578.8,1051.35,627.05,0
127,4204,2245129,1054.9,675.1,1047.9,579.1,1051.4,627.1,0
127,4205,2245130,1055.0,675.0,1048.0,579.3,1051.5,627.15,0
127,4206,2245131,1055.1,674.9,1048.1,579.4,1051.6,627.15,0
127,4207,2245132,1055.1,674.6,1048.3,579.4,1051.7,627.0,0
127,4208,2245133,1055.2,674.4,1048.5,579.3,1051.85,626.85,0
127,4209,2245134,1055.3,674.2,1048.7,579.2,1052.0,626.7,0
127,4210,2245135,1055.4,673.8,1048.9,579.1,1052.15,626.45,0
127,4211,2245136,1055.6,673.6,1049.1,579.1,1052.35,626.35,0
127,4212,2245137,1055.9,673.3,1049.6,579.1,1052.75,626.2,0
127,4213,2245138,1056.2,673.0,1050.0,579.5,1053.1,626.25,0
127,4214,2245139,1056.4,672.7,1050.3,579.9,1053.35,626.3,0
127,4215,2245140,1056.7,672.5,1050.6,580.3,1053.65,626.4,0
127,4216,2245141,1057.0,672.2,1050.9,580.8,1053.95,626.5,0
127,4217,2245142,1057.3,672.1,1051.1,581.2,1054.2,626.65,0
127,4218,2245143,1057.7,672.0,1051.4,581.6,1054.55,626.8,0
127,4219,2245144,1058.1,671.9,1051.4,581.9,1054.75,626.9,0
127,4220,2245145,1058.3,671.9,1051.4,581.8,1054.85,626.85,0
127,4221,2245146,1058.5,671.8,1051.3,581.8,1054.9,626.8,0
127,4222,2245147,1058.7,671.6,1051.2,581.7,1054.95,626.65,0
127,4223,2245148,1058.9,671.1,1051.0,581.5,1054.95,626.3,0
127,4224,2245149,1059.0,670.6,1050.8,581.4,1054.9,626.0,0
127,4225,2245150,1058.9,670.1,1050.7,581.2,1054.8,625.65,0
127,4226,2245151,1059.0,669.6,1050.5,580.7,1054.75,625.15,0
127,4227,2245152,1059.2,669.1,1050.4,580.3,1054.8,624.7,0
127,4228,2245153,1059.5,668.7,1050.4,579.8,1054.95,624.25,0
127,4229,2245154,1059.8,668.3,1050.5,579.3,1055.15,623.8,0
127,4230,2245155,1060.1,668.3,1050.6,578.8,1055.35,623.55,0
127,4231,2245156,1060.5,668.3,1050.8,578.3,1055.65,623.3,0
127,4232,2245157,1060.7,668.4,1051.0,578.0,1055.85,623.2,0
127,4233,2245158,1060.9,668.4,1051.2,577.8,1056.05,623.1,0
128,4234,2245159,1060.9,668.4,1051.3,577.6,1056.1,623.0,0
128,4235,2245160,1060.7,668.5,1051.3,577.4,1056.0,622.95,0
128,4236,2245161,1060.6,668.5,1051.3,577.3,1055.95,622.9,0
128,4237,2245162,1060.3,668.5,1051.2,577.0,1055.75,622.75,0
128,4238,2245163,1060.1,668.5,1051.2,576.7,1055.65,622.6,0
128,4239,2245164,1059.9,668.4,1051.2,576.5,1055.55,622.45,0
128,4240,2245165,1059.7,668.4,1051.2,576.3,1055.45,622.35,0
128,4241,2245166,1059.5,668.3,1051.2,576.3,1055.35,622.3,0
128,4242,2245167,1059.5,668.3,1051.3,576.3,1055.4,622.3,0
128,4243,2245168,1059.4,668.3,1051.4,576.5,1055.4,622.4,0
128,4244,2245169,1059.4,668.4,1051.5,576.8,1055.45,622.6,0
128,4245,2245170,1059.3,668.4,1051.5,577.0,1055.4,622.7,0
128,4246,2245171,1059.3,668.4,1052.0,577.3,1055.65,622.85,0
128,4247,2245172,1059.2,668.3,1052.6,577.6,1055.9,622.95,0
128,4248,2245173,1059.1,668.1,1053.1,577.9,1056.1,623.0,0
128,4249,2245174,1059.0,668.0,1053.5,578.2,1056.25,623.1,0
128,4250,2245175,1059.0,667.8,1054.0,578.5,1056.5,623.15,0
128,4251,2245176,1059.0,667.6,1054.5,578.8,1056.75,623.2,0
128,4252,2245177,1059.0,667.4,1054.9,579.0,1056.95,623.2,0
128,4253,2245178,1059.0,667.4,1054.9,579.3,1056.95,623.35,0
128,4254,2245179,1059.3,667.5,1054.9,579.5,1057.1,623.5,0
128,4255,2245180,1059.5,667.5,1055.0,579.7,1057.25,623.6,0
128,4256,2245181,1059.6,667.5,1055.2,579.8,1057.4,623.65,0
128,4257,2245182,1059.8,667.6,1055.5,579.9,1057.65,623.75,0
128,4258,2245183,1059.9,667.8,1055.8,580.0,1057.85,623.9,0
128,4259,2245184,1060.1,668.0,1056.1,580.1,1058.1,624.05,0
128,4260,2245185,1060.3,668.1,1056.5,580.2,1058.4,624.15,0
128,4261,2245186,1060.4,668.3,1056.7,580.3,1058.55,624.3,0
128,4262,2245187,1060.5,668.5,1057.0,580.5,1058.75,624.5,0
128,4263,2245188,1060.7,668.7,1057.1,580.6,1058.9,624.65,0
128,4264,2245189,1060.8,668.8,1056.7,580.7,1058.75,624.75,0
128,4265,2245190,1061.1,668.7,1056.4,580.8,1058.75,624.75,0
128,4266,2245191,1061.5,668.7,1055.9,580.9,1058.7,624.8,0
129,4267,2245192,1061.8,668.6,1055.4,581.0,1058.6,624.8,0
129,4268,2245193,1062.2,668.5,1054.9,580.9,1058.55,624.7,0
129,4269,2245194,1062.5,668.4,1054.4,580.6,1058.45,624.5,0
129,4270,2245195,1062.8,668.1,1054.0,580.1,1058.4,624.1,0
129,4271,2245196,1063.2,667.7,1053.9,579.6,1058.55,623.65,0
129,4272,2245197,1063.4,667.4,1053.9,579.1,1058.65,623.25,0
129,4273,2245198,1063.5,667.0,1053.9,578.4,1058.7,622.7,0
129,4274,2245199,1063.7,666.7,1054.1,577.9,1058.9,622.3,0
129,4275,2245200,1063.9,666.3,1054.2,577.4,1059.05,621.85,0
129,4276,2245201,1064.1,666.0,1054.3,577.4,1059.2,621.7,0
129,4277,2245202,1064.3,665.8,1054.5,577.5,1059.4,621.65,0
129,4278,2245203,1064.7,665.8,1054.6,577.9,1059.65,621.85,0
129,4279,2245204,1065.0,665.8,1054.7,578.3,1059.85,622.05,0
129,4280,2245205,1065.4,665.9,1054.8,578.8,1060.1,622.35,0
129,4281,2245206,1065.7,665.9,1054.7,579.3,1060.2,622.6,0
129,4282,2245207,1066.0,666.0,1054.8,579.8,1060.4,622.9,0
129,4283,2245208,1066.3,666.1,1054.8,580.7,1060.55,623.4,0
129,4284,2245209,1066.5,666.1,1054.9,581.4,1060.7,623.75,0
129,4285,2245210,1066.6,666.1,1055.1,581.7,1060.85,623.9,0
129,4286,2245211,1066.6,666.0,1055.2,582.1,1060.9,624.05,0
129,4287,2245212,1066.6,665.9,1055.4,582.5,1061.0,624.2,0
129,4288,2245213,1066.5,665.7,1055.7,582.9,1061.1,624.3,0
129,4289,2245214,1066.5,665.5,1056.0,583.4,1061.25,624.45,0
129,4290,2245215,1066.5,665.3,1056.2,583.5,1061.35,624.4,0
129,4291,2245216,1066.5,665.2,1056.3,583.6,1061.4,624.4,0
129,4292,2245217,1066.5,665.2,1056.4,583.7,1061.45,624.45,0
129,4293,2245218,1066.5,665.2,1056.5,583.8,1061.5,624.5,0
129,4294,2245219,1066.6,665.3,1056.5,584.0,1061.55,624.65,0
129,4295,2245220,1066.6,665.4,1056.4,584.5,1061.5,624.95,0
129,4296,2245221,1066.6,665.6,1056.4,585.0,1061.5,625.3,0
129,4297,2245222,1066.6,665.3,1056.3,585.5,1061.45,625.4,0
129,4298,2245223,1066.7,665.1,1056.2,586.0,1061.45,625.55,0
129,4299,2245224,1066.6,664.5,1056.1,586.4,1061.35,625.45,0
129,4300,2245225,1066.6,664.0,1056.1,587.0,1061.35,625.5,0
130,4301,2245226,1066.5,663.4,1056.5,587.9,1061.5,625.65,0
130,4302,2245227,1066.3,662.8,1056.9,588.2,1061.6,625.5,0
130,4303,2245228,1066.2,662.3,1057.3,588.7,1061.75,625.5,0
130,4304,2245229,1066.0,662.0,1057.7,589.3,1061.85,625.65,0
130,4305,2245230,1065.9,661.8,1058.0,589.7,1061.95,625.75,0
130,4306,2245231,1065.9,661.7,1058.3,590.1,1062.1,625.9,0
130,4307,2245232,1066.2,661.6,1058.5,590.4,1062.35,626.0,0
130,4308,2245233,1066.4,661.4,1058.1,590.4,1062.25,625.9,0
130,4309,2245234,1066.8,661.3,1057.7,590.3,1062.25,625.8,0
130,4310,2245235,1067.1,661.2,1057.3,590.3,1062.2,625.75,0
130,4311,2245236,1067.5,661.3,1056.9,589.9,1062.2,625.6,0
130,4312,2245237,1068.1,661.5,1056.5,589.5,1062.3,625.5,0
130,4313,2245238,1068.5,661.8,1056.3,589.2,1062.4,625.5,0
130,4314,2245239,1068.8,662.0,1056.2,589.0,1062.5,625.5,0
130,4315,2245240,1069.0,662.1,1056.2,588.7,1062.6,625.4,0
130,4316,2245241,1069.2,662.3,1056.3,588.6,1062.75,625.45,0
130,4317,2245242,1069.5,662.4,1056.4,588.6,1062.95,625.5,0
130,4318,2245243,1069.7,662.2,1056.7,588.7,1063.2,625.45,0
130,4319,2245244,1069.8,661.9,1056.9,588.9,1063.35,625.4,0
130,4320,2245245,1069.8,661.6,1057.3,589.1,1063.55,625.35,0
130,4321,2245246,1069.9,661.8,1057.6,589.7,1063.75,625.75,0
130,4322,2245247,1070.0,662.0,1057.9,590.6,1063.95,626.3,0
130,4323,2245248,1070.1,662.3,1058.2,591.5,1064.15,626.9,0
130,4324,2245249,1070.2,662.6,1058.5,592.4,1064.35,627.5,0
130,4325,2245250,1070.2,662.9,1058.7,593.3,1064.45,628.1,0
130,4326,2245251,1070.2,663.3,1059.0,594.1,1064.6,628.7,0
130,4327,2245252,1070.2,663.6,1059.5,595.0,1064.85,629.3,0
130,4328,2245253,1070.2,663.4,1059.9,595.5,1065.05,629.45,0
130,4329,2245254,1070.3,662.9,1060.3,595.7,1065.3,629.3,0
130,4330,2245255,1070.3,662.4,1060.7,595.8,1065.5,629.1,0
130,4331,2245256,1070.3,661.9,1061.0,595.9,1065.65,628.9,0
130,4332,2245257,1070.4,661.4,1061.2,596.0,1065.8,628.7,0
130,4333,2245258,1070.4,660.8,1061.3,596.2,1065.85,628.5,0
131,4334,2245259,1070.4,660.3,1061.0,596.3,1065.7,628.3,0
131,4335,2245260,1070.3,659.9,1060.5,596.5,1065.4,628.2,0
131,4336,2245261,1070.3,659.8,1060.0,596.6,1065.15,628.2,0
131,4337,2245262,1070.2,659.7,1059.6,596.7,1064.9,628.2,0
131,4338,2245263,1070.1,659.7,1059.2,596.9,1064.65,628.3,0
131,4339,2245264,1070.1,659.7,1059.0,597.2,1064.55,628.45,0
131,4340,2245265,1070.1,660.1,1058.8,597.4,1064.45,628.75,0
131,4341,2245266,1070.2,660.4,1058.6,597.8,1064.4,629.1,0
131,4342,2245267,1070.3,660.6,1058.6,598.4,1064.45,629.5,0
131,4343,2245268,1070.4,660.8,1058.6,599.0,1064.5,629.9,0
131,4344,2245269,1070.7,660.9,1058.4,599.6,1064.55,630.25,0
131,4345,2245270,1070.9,661.0,1058.2,600.1,1064.55,630.55,0
131,4346,2245271,1071.0,661.1,1057.9,600.4,1064.45,630.75,0
131,4347,2245272,1071.2,660.8,1057.3,600.6,1064.25,630.7,0
131,4348,2245273,1071.3,660.5,1056.7,600.7,1064.0,630.6,0
131,4349,2245274,1071.4,660.3,1056.1,600.6,1063.75,630.45,0
131,4350,2245275,1071.5,660.2,1055.5,600.5,1063.5,630.35,0
131,4351,2245276,1071.6,660.2,1055.0,600.5,1063.3,630.35,0
131,4352,2245277,1071.6,660.2,1054.7,600.4,1063.15,630.3,0
131,4353,2245278,1071.7,660.2,1054.4,600.4,1063.05,630.3,0
131,4354,2245279,1071.8,660.3,1054.4,600.4,1063.1,630.35,0
131,4355,2245280,1071.8,660.4,1054.4,600.4,1063.1,630.4,0
131,4356,2245281,1071.8,660.5,1054.4,600.4,1063.1,630.45,0
131,4357,2245282,1071.9,660.7,1054.5,600.0,1063.2,630.35,0
131,4358,2245283,1071.9,660.7,1054.9,599.5,1063.4,630.1,0
131,4359,2245284,1072.0,660.8,1055.2,599.1,1063.6,629.95,0
131,4360,2245285,1072.1,660.9,1055.5,598.6,1063.8,629.75,0
131,4361,2245286,1072.2,660.9,1055.8,598.2,1064.0,629.55,0
131,4362,2245287,1072.3,660.9,1056.2,597.7,1064.25,629.3,0
131,4363,2245288,1072.5,660.9,1056.6,597.1,1064.55,629.0,0
131,4364,2245289,1072.7,661.0,1057.4,596.8,1065.05,628.9,0
131,4365,2245290,1072.8,661.0,1058.1,595.5,1065.45,628.25,0
131,4366,2245291,1073.2,661.0,1058.7,594.3,1065.95,627.65,0
132,4367,2245292,1073.5,661.0,1059.4,593.1,1066.45,627.05,0
132,4368,2245293,1073.8,661.0,1060.0,591.9,1066.9,626.45,0
132,4369,2245294,1074.1,661.2,1061.0,590.8,1067.55,626.0,0
132,4370,2245295,1074.3,661.3,1061.9,589.6,1068.1,625.45,0
132,4371,2245296,1074.5,661.4,1062.4,588.3,1068.45,624.85,0
132,4372,2245297,1074.6,661.6,1063.2,587.7,1068.9,624.65,0
132,4373,2245298,1074.6,661.8,1063.9,587.0,1069.25,624.4,0
132,4374,2245299,1074.6,662.0,1064.6,586.2,1069.6,624.1,0
132,4375,2245300,1074.5,662.1,1065.2,585.4,1069.85,623.75,0
132,4376,2245301,1074.5,662.1,1065.5,584.4,1070.0,623.25,0
132,4377,2245302,1074.4,662.1,1065.7,583.5,1070.05,622.8,0
132,4378,2245303,1074.4,662.0,1066.1,582.9,1070.25,622.45,0
132,4379,2245304,1074.4,662.0,1066.3,582.3,1070.35,622.15,0
132,4380,2245305,1074.5,662.1,1066.5,581.7,1070.5,621.9,0
132,4381,2245306,1074.6,662.3,1066.8,580.7,1070.7,621.5,0
132,4382,2245307,1074.7,662.4,1067.0,579.4,1070.85,620.9,0
132,4383,2245308,1074.8,662.7,1067.2,578.3,1071.0,620.5,0
132,4384,2245309,1075.0,662.9,1067.1,577.1,1071.05,620.0,0
132,4385,2245310,1075.4,663.3,1067.1,575.9,1071.25,619.6,0
132,4386,2245311,1075.7,663.7,1066.7,575.0,1071.2,619.35,0
132,4387,2245312,1076.0,664.0,1066.3,574.1,1071.15,619.05,0
132,4388,2245313,1076.3,664.3,1065.9,573.0,1071.1,618.65,0
132,4389,2245314,1076.6,664.6,1065.5,572.4,1071.05,618.5,0
132,4390,2245315,1076.9,665.1,1065.2,571.8,1071.05,618.45,0
132,4391,2245316,1077.1,665.5,1065.0,571.1,1071.05,618.3,0
132,4392,2245317,1077.3,665.9,1064.9,570.5,1071.1,618.2,0
132,4393,2245318,1077.4,666.2,1065.0,569.9,1071.2,618.05,0
132,4394,2245319,1077.6,666.5,1065.0,568.9,1071.3,617.7,0
132,4395,2245320,1077.8,666.9,1065.0,568.5,1071.4,617.7,0
132,4396,2245321,1078.0,667.4,1064.9,568.0,1071.45,617.7,0
132,4397,2245322,1078.2,667.5,1064.9,567.5,1071.55,617.5,0
132,4398,2245323,1078.4,667.8,1064.8,567.1,1071.6,617.45,0
132,4399,2245324,1078.4,668.0,1064.7,566.6,1071.55,617.3,0
132,4400,2245325,1078.4,668.2,1064.6,566.3,1071.5,617.25,0
133,4401,2245326,1078.5,668.3,1064.5,566.3,1071.5,617.3,0
133,4402,2245327,1078.6,668.3,1064.4,566.7,1071.5,617.5,0
133,4403,2245328,1078.7,668.3,1064.3,567.1,1071.5,617.7,0
133,4404,2245329,1079.0,668.4,1064.2,567.4,1071.6,617.9,0
133,4405,2245330,1079.4,668.3,1064.0,567.8,1071.7,618.05,0
133,4406,2245331,1079.9,668.3,1063.9,568.2,1071.9,618.25,0
133,4407,2245332,1080.3,668.3,1063.8,568.6,1072.05,618.45,0
133,4408,2245333,1080.7,668.7,1063.8,568.9,1072.25,618.8,0
133,4409,2245334,1081.1,669.1,1063.7,569.0,1072.4,619.05,0
133,4410,2245335,1081.5,669.5,1063.6,569.1,1072.55,619.3,0
133,4411,2245336,1081.6,670.1,1063.6,569.4,1072.6,619.75,0
133,4412,2245337,1081.8,670.6,1063.7,570.3,1072.75,620.45,0
133,4413,2245338,1081.8,671.1,1063.7,571.2,1072.75,621.15,0
133,4414,2245339,1081.8,671.5,1063.8,572.2,1072.8,621.85,0
133,4415,2245340,1081.8,671.8,1063.9,573.4,1072.85,622.6,0
133,4416,2245341,1081.8,672.0,1064.1,574.6,1072.95,623.3,0
133,4417,2245342,1081.8,672.1,1064.3,575.8,1073.05,623.95,0
133,4418,2245343,1081.8,672.2,1064.4,576.7,1073.1,624.45,0
133,4419,2245344,1081.7,672.3,1064.5,577.0,1073.1,624.65,0
133,4420,2245345,1081.6,672.3,1064.6,577.2,1073.1,624.75,0
133,4421,2245346,1081.5,672.4,1064.6,577.4,1073.05,624.9,0
133,4422,2245347,1081.4,672.4,1064.6,577.2,1073.0,624.8,0
133,4423,2245348,1081.3,672.2,1064.6,577.1,1072.95,624.65,0
133,4424,2245349,1081.1,671.9,1064.5,576.9,1072.8,624.4,0
133,4425,2245350,1081.0,671.6,1064.5,576.8,1072.75,624.2,0
133,4426,2245351,1081.0,671.4,1064.4,576.5,1072.7,623.95,0
133,4427,2245352,1081.0,671.2,1064.3,576.3,1072.65,623.75,0
133,4428,2245353,1081.0,670.9,1064.1,576.1,1072.55,623.5,0
133,4429,2245354,1081.0,670.6,1064.0,576.0,1072.5,623.3,0
133,4430,2245355,1081.0,670.6,1063.8,575.9,1072.4,623.25,0
133,4431,2245356,1081.1,670.6,1063.7,575.8,1072.4,623.2,0
133,4432,2245357,1081.1,670.6,1063.6,575.8,1072.35,623.2,0
133,4433,2245358,1081.1,670.8,1063.4,576.2,1072.25,623.5,0
134,4434,2245359,1081.0,671.2,1063.3,576.6,1072.15,623.9,0
134,4435,2245360,1081.0,671.6,1063.3,577.1,1072.15,624.35,0
134,4436,2245361,1081.2,672.1,1063.5,577.6,1072.35,624.85,0
134,4437,2245362,1081.3,672.5,1063.6,578.2,1072.45,625.35,0
134,4438,2245363,1081.4,672.8,1063.8,578.7,1072.6,625.75,0
134,4439,2245364,1081.5,673.0,1064.0,579.0,1072.75,626.0,0
134,4440,2245365,1081.7,673.0,1064.3,579.2,1073.0,626.1,0
134,4441,2245366,1081.9,672.8,1064.5,579.4,1073.2,626.1,0
134,4442,2245367,1082.1,672.5,1064.6,579.6,1073.35,626.05,0
134,4443,2245368,1082.4,672.3,1064.6,579.6,1073.5,625.95,0
134,4444,2245369,1082.6,672.1,1064.5,579.7,1073.55,625.9,0
134,4445,2245370,1082.9,672.0,1064.4,579.8,1073.65,625.9,0
134,4446,2245371,1083.2,672.1,1064.2,580.1,1073.7,626.1,0
134,4447,2245372,1083.4,672.4,1064.1,580.2,1073.75,626.3,0
134,4448,2245373,1083.5,672.7,1064.0,580.3,1073.75,626.5,0
134,4449,2245374,1083.6,672.9,1064.0,580.4,1073.8,626.65,0
134,4450,2245375,1083.5,673.1,1064.0,580.4,1073.75,626.75,0
134,4451,2245376,1083.3,673.2,1064.2,580.5,1073.75,626.85,0
134,4452,2245377,1083.2,673.2,1064.3,580.7,1073.75,626.95,0
134,4453,2245378,1082.9,672.9,1064.5,580.9,1073.7,626.9,0
134,4454,2245379,1082.8,672.4,1064.8,581.2,1073.8,626.8,0
134,4455,2245380,1082.6,671.8,1065.0,581.6,1073.8,626.7,0
134,4456,2245381,1082.7,671.4,1065.2,582.0,1073.95,626.7,0
134,4457,2245382,1082.9,671.0,1065.3,582.3,1074.1,626.65,0
134,4458,2245383,1083.0,670.9,1065.5,582.8,1074.25,626.85,0
134,4459,2245384,1083.2,670.8,1065.6,583.3,1074.4,627.05,0
134,4460,2245385,1083.5,671.0,1065.7,583.7,1074.6,627.35,0
134,4461,2245386,1083.9,671.3,1065.8,584.2,1074.85,627.75,0
134,4462,2245387,1084.3,671.6,1065.8,584.8,1075.05,628.2,0
134,4463,2245388,1084.5,671.8,1065.9,585.4,1075.2,628.6,0
134,4464,2245389,1084.7,672.0,1066.0,586.0,1075.35,629.0,0
134,4465,2245390,1084.9,672.1,1066.3,586.6,1075.6,629.35,0
134,4466,2245391,1085.1,672.1,1066.6,586.9,1075.85,629.5,0
135,4467,2245392,1085.2,672.0,1066.8,587.2,1076.0,629.6,0
135,4468,2245393,1085.2,672.0,1067.2,587.4,1076.2,629.7,0
135,4469,2245394,1085.1,671.9,1067.6,587.4,1076.35,629.65,0
135,4470,2245395,1085.1,671.8,1067.9,587.5,1076.5,629.65,0
135,4471,2245396,1085.1,671.7,1068.1,587.5,1076.6,629.6,0
135,4472,2245397,1085.1,671.6,1068.2,587.6,1076.65,629.6,0
135,4473,2245398,1085.1,671.3,1068.4,587.6,1076.75,629.45,0
135,4474,2245399,1085.1,671.1,1068.5,587.7,1076.8,629.4,0
135,4475,2245400,1085.1,670.9,1068.4,587.8,1076.75,629.35,0
135,4476,2245401,1085.3,670.7,1068.4,587.8,1076.85,629.25,0
135,4477,2245402,1085.4,670.5,1068.4,587.8,1076.9,629.15,0
135,4478,2245403,1085.5,670.5,1068.4,587.7,1076.95,629.1,0
135,4479,2245404,1085.6,670.4,1068.5,587.7,1077.05,629.05,0
135,4480,2245405,1085.7,670.7,1068.5,587.6,1077.1,629.15,0
135,4481,2245406,1085.9,670.9,1068.6,587.5,1077.25,629.2,0
135,4482,2245407,1086.0,671.2,1068.4,588.5,1077.2,629.85,0
135,4483,2245408,1086.0,671.4,1067.9,589.4,1076.95,630.4,0
135,4484,2245409,1085.8,671.7,1067.3,590.6,1076.55,631.15,0
135,4485,2245410,1084.9,672.4,1065.8,593.1,1075.35,632.75,0
135,4486,2245411,1083.5,674.0,1062.9,597.4,1073.2,635.7,0
135,4487,2245412,1081.2,675.7,1058.2,602.6,1069.7,639.15,0
135,4488,2245413,1077.2,678.5,1052.3,609.5,1064.75,644.0,0
135,4489,2245414,1072.2,682.2,1045.0,617.1,1058.6,649.65,0
135,4490,2245415,1065.7,687.9,1035.9,627.5,1050.8,657.7,0
135,4491,2245416,1057.5,695.4,1023.9,639.0,1040.7,667.2,0
135,4492,2245417,1048.4,705.0,1011.0,651.7,1029.7,678.35,0
135,4493,2245418,1037.5,715.4,998.0,663.9,1017.75,689.65,0
135,4494,2245419,1025.5,727.6,984.7,676.6,1005.1,702.1,0
135,4495,2245420,1013.1,741.0,970.9,687.5,992.0,714.25,0
135,4496,2245421,1000.7,754.7,957.2,698.4,978.95,726.55,0
135,4497,2245422,988.6,768.1,943.2,709.0,965.9,738.55,0
135,4498,2245423,977.9,781.1,930.8,718.6,954.35,749.85,0
135,4499,2245424,967.5,792.6,918.8,727.5,943.15,760.05,0
135,4500,2245425,959.4,802.9,908.0,735.7,933.7,769.3,0
136,4501,2245426,953.1,812.0,899.2,743.2,926.15,777.6,0
136,4502,2245427,948.7,819.2,892.1,751.3,920.4,785.25,0
136,4503,2245428,945.6,825.5,886.7,758.5,916.15,792.0,0
136,4504,2245429,943.7,830.1,884.3,763.2,914.0,796.65,0
136,4505,2245430,942.4,833.4,883.6,767.7,913.0,800.55,0
136,4506,2245431,943.2,835.8,884.5,770.5,913.85,803.15,0
136,4507,2245432,944.3,837.5,886.6,772.6,915.45,805.05,0
136,4508,2245433,945.6,838.4,889.1,774.1,917.35,806.25,0
136,4509,2245434,947.1,838.7,891.7,774.8,919.4,806.75,0
136,4510,2245435,948.6,838.5,894.6,773.7,921.6,806.1,0
136,4511,2245436,949.9,838.2,897.2,772.3,923.55,805.25,0
136,4512,2245437,951.2,837.0,899.5,770.0,925.35,803.5,0
136,4513,2245438,951.7,835.9,901.8,767.6,926.75,801.75,0
136,4514,2245439,952.0,834.1,903.7,764.8,927.85,799.45,0
136,4515,2245440,952.3,832.3,905.4,762.2,928.85,797.25,0
136,4516,2245441,952.4,830.1,907.1,759.7,929.75,794.9,0
136,4517,2245442,952.5,828.2,908.6,758.0,930.55,793.1,0
136,4518,2245443,952.7,825.9,909.7,756.6,931.2,791.25,0
136,4519,2245444,952.8,824.1,911.0,756.0,931.9,790.05,0
136,4520,2245445,952.9,822.3,912.0,755.5,932.45,788.9,0
136,4521,2245446,953.0,821.2,912.7,755.4,932.85,788.3,0
136,4522,2245447,953.1,820.2,913.1,755.5,933.1,787.85,0
136,4523,2245448,953.3,819.7,913.2,755.6,933.25,787.65,0
136,4524,2245449,953.4,819.3,913.3,755.9,933.35,787.6,0
136,4525,2245450,953.5,819.5,913.4,756.1,933.45,787.8,0
136,4526,2245451,953.7,819.8,913.2,756.4,933.45,788.1,0
136,4527,2245452,953.9,820.1,913.0,756.5,933.45,788.3,0
136,4528,2245453,954.1,820.6,912.7,756.6,933.4,788.6,0
136,4529,2245454,954.3,821.0,912.4,756.5,933.35,788.75,0
136,4530,2245455,954.6,821.4,912.2,756.5,933.4,788.95,0
136,4531,2245456,954.8,821.7,912.0,756.5,933.4,789.1,0
136,4532,2245457,955.1,821.5,911.8,756.3,933.45,788.9,0
136,4533,2245458,955.3,821.4,911.6,756.1,933.45,788.75,0
137,4534,2245459,955.5,821.3,911.5,755.9,933.5,788.6,0
137,4535,2245460,955.6,821.2,911.4,755.8,933.5,788.5,0
137,4536,2245461,955.6,821.2,911.3,755.6,933.45,788.4,0
137,4537,2245462,955.6,821.2,911.2,755.4,933.4,788.3,0
137,4538,2245463,955.4,821.3,911.0,755.2,933.2,788.25,0
137,4539,2245464,955.3,821.7,910.7,755.2,933.0,788.45,0
137,4540,2245465,955.1,822.0,910.5,755.3,932.8,788.65,0
137,4541,2245466,955.0,822.3,910.2,755.4,932.6,788.85,0
137,4542,2245467,954.9,822.6,910.0,755.5,932.45,789.05,0
137,4543,2245468,954.9,822.8,909.8,755.5,932.35,789.15,0
137,4544,2245469,954.9,823.0,909.6,755.6,932.25,789.3,0
137,4545,2245470,954.9,822.9,909.6,755.7,932.25,789.3,0
137,4546,2245471,955.1,822.9,909.6,755.8,932.35,789.35,0
137,4547,2245472,955.2,822.9,909.6,756.0,932.4,789.45,0
137,4548,2245473,955.4,822.8,909.6,756.0,932.5,789.4,0
137,4549,2245474,955.5,822.7,909.8,756.1,932.65,789.4,0
137,4550,2245475,955.3,822.6,910.0,756.1,932.65,789.35,0
137,4551,2245476,955.0,822.5,910.2,756.0,932.6,789.25,0
137,4552,2245477,954.7,822.4,910.5,755.3,932.6,788.85,0
137,4553,2245478,954.4,822.3,910.7,754.5,932.55,788.4,0
137,4554,2245479,954.0,822.4,910.9,753.6,932.45,788.0,0
137,4555,2245480,953.8,822.5,911.1,752.9,932.45,787.7,0
137,4556,2245481,953.6,822.6,911.2,752.2,932.4,787.4,0
137,4557,2245482,953.7,822.6,911.3,751.6,932.5,787.1,0
137,4558,2245483,953.8,822.7,911.5,751.1,932.65,786.9,0
137,4559,2245484,953.9,822.7,911.5,751.4,932.7,787.05,0
137,4560,2245485,954.1,822.6,911.5,751.8,932.8,787.2,0
137,4561,2245486,954.2,822.5,911.4,752.2,932.8,787.35,0
137,4562,2245487,954.1,822.3,911.3,752.4,932.7,787.35,0
137,4563,2245488,954.1,822.0,910.9,752.6,932.5,787.3,0
137,4564,2245489,954.1,821.4,910.5,752.6,932.3,787.0,0
137,4565,2245490,954.1,820.9,910.0,752.6,932.05,786.75,0
137,4566,2245491,954.1,820.4,909.5,752.4,931.8,786.4,0
138,4567,2245492,954.1,819.9,909.0,752.2,931.55,786.05,0
138,4568,2245493,954.1,819.4,908.5,752.0,931.3,785.7,0
138,4569,2245494,954.1,819.0,908.1,752.0,931.1,785.5,0
138,4570,2245495,954.1,818.7,907.8,752.1,930.95,785.4,0
138,4571,2245496,954.1,818.9,907.8,752.4,930.95,785.65,0
138,4572,2245497,954.1,819.1,907.9,752.8,931.0,785.95,0
138,4573,2245498,954.1,819.4,908.0,753.2,931.05,786.3,0
138,4574,2245499,954.1,819.6,908.1,753.5,931.1,786.55,0
138,4575,2245500,954.1,819.8,908.2,753.8,931.15,786.8,0
138,4576,2245501,954.2,820.0,908.3,753.8,931.25,786.9,0
138,4577,2245502,954.3,820.2,908.3,753.7,931.3,786.95,0
138,4578,2245503,954.4,820.0,907.9,753.7,931.15,786.85,0
138,4579,2245504,954.5,819.9,907.4,753.6,930.95,786.75,0
138,4580,2245505,954.6,819.7,907.0,753.7,930.8,786.7,0
138,4581,2245506,954.6,819.5,906.6,753.8,930.6,786.65,0
138,4582,2245507,954.7,819.2,906.3,753.9,930.5,786.55,0
138,4583,2245508,954.7,818.9,906.0,754.1,930.35,786.5,0
138,4584,2245509,954.7,818.6,905.9,754.4,930.3,786.5,0
138,4585,2245510,954.6,818.4,905.8,754.8,930.2,786.6,0
138,4586,2245511,954.7,818.3,905.7,755.4,930.2,786.85,0
138,4587,2245512,954.7,818.2,905.7,755.8,930.2,787.0,0
138,4588,2245513,954.8,818.0,905.7,756.3,930.25,787.15,0
138,4589,2245514,954.8,818.1,905.7,756.8,930.25,787.45,0
138,4590,2245515,954.7,818.0,905.3,757.2,930.0,787.6,0
138,4591,2245516,954.7,817.9,905.0,757.5,929.85,787.7,0
138,4592,2245517,954.7,817.8,904.6,757.7,929.65,787.75,0
138,4593,2245518,954.9,817.7,904.3,757.7,929.6,787.7,0
138,4594,2245519,955.0,817.5,903.9,757.8,929.45,787.65,0
138,4595,2245520,955.2,817.4,903.6,757.8,929.4,787.6,0
138,4596,2245521,955.4,817.3,903.2,757.9,929.3,787.6,0
138,4597,2245522,955.6,817.0,903.1,758.0,929.35,787.5,0
138,4598,2245523,955.7,816.9,903.1,758.1,929.4,787.5,0
138,4599,2245524,955.7,816.7,902.9,758.2,929.3,787.45,0
138,4600,2245525,955.6,816.3,902.8,758.4,929.2,787.35,0
139,4601,2245526,955.5,815.8,902.5,758.7,929.0,787.25,0
139,4602,2245527,955.5,815.3,902.2,759.0,928.85,787.15,0
139,4603,2245528,955.5,814.6,902.1,759.2,928.8,786.9,0
139,4604,2245529,955.5,814.0,901.9,759.5,928.7,786.75,0
139,4605,2245530,955.6,813.5,901.8,760.0,928.7,786.75,0
139,4606,2245531,955.6,812.9,901.7,760.6,928.65,786.75,0
139,4607,2245532,955.7,812.6,901.7,761.2,928.7,786.9,0
139,4608,2245533,955.8,812.2,901.8,761.7,928.8,786.95,0
139,4609,2245534,955.8,811.8,901.8,762.1,928.8,786.95,0
139,4610,2245535,955.8,811.7,901.9,762.5,928.85,787.1,0
139,4611,2245536,955.8,811.5,901.7,762.6,928.75,787.05,0
139,4612,2245537,955.8,811.2,901.5,762.4,928.65,786.8,0
139,4613,2245538,955.8,810.9,901.2,762.2,928.5,786.55,0
139,4614,2245539,955.9,810.8,901.1,761.8,928.5,786.3,0
139,4615,2245540,955.9,810.7,901.1,761.5,928.5,786.1,0
139,4616,2245541,955.8,810.5,901.1,761.4,928.45,785.95,0
139,4617,2245542,955.8,810.4,901.2,761.4,928.5,785.9,0
139,4618,2245543,955.8,810.3,901.4,761.6,928.6,785.95,0
139,4619,2245544,955.7,810.3,901.7,761.9,928.7,786.1,0
139,4620,2245545,955.6,810.5,902.0,762.2,928.8,786.35,0
139,4621,2245546,955.5,810.6,902.1,762.5,928.8,786.55,0
139,4622,2245547,955.4,810.7,902.2,762.8,928.8,786.75,0
139,4623,2245548,955.3,810.8,902.3,763.5,928.8,787.15,0
139,4624,2245549,955.2,810.8,902.4,763.9,928.8,787.35,0
139,4625,2245550,955.2,810.8,902.5,764.4,928.85,787.6,0
139,4626,2245551,955.1,810.6,902.3,764.9,928.7,787.75,0
139,4627,2245552,955.0,810.3,902.1,765.4,928.55,787.85,0
139,4628,2245553,955.0,810.1,901.9,765.9,928.45,788.0,0
139,4629,2245554,954.9,809.9,901.8,766.2,928.35,788.05,0
139,4630,2245555,954.9,809.8,901.7,766.1,928.3,787.95,0
139,4631,2245556,954.8,809.8,901.6,766.1,928.2,787.95,0
139,4632,2245557,954.8,809.8,901.6,766.1,928.2,787.95,0
139,4633,2245558,954.8,809.7,902.0,766.0,928.4,787.85,0
140,4634,2245559,954.9,809.6,902.3,765.9,928.6,787.75,0
140,4635,2245560,955.0,809.5,902.7,765.8,928.85,787.65,0
140,4636,2245561,955.1,809.3,903.0,765.7,929.05,787.5,0
140,4637,2245562,955.2,809.2,903.3,765.6,929.25,787.4,0
140,4638,2245563,955.3,809.1,903.5,765.7,929.4,787.4,0
140,4639,2245564,955.3,809.0,903.7,765.6,929.5,787.3,0
140,4640,2245565,955.3,809.1,903.9,765.6,929.6,787.35,0
140,4641,2245566,955.3,809.3,904.1,765.6,929.7,787.45,0
140,4642,2245567,955.3,809.4,904.4,765.8,929.85,787.6,0
140,4643,2245568,955.2,809.5,904.6,766.3,929.9,787.9,0
140,4644,2245569,955.2,809.6,904.9,766.6,930.05,788.1,0
140,4645,2245570,955.2,809.7,905.2,766.9,930.2,788.3,0
140,4646,2245571,955.3,809.8,905.6,767.2,930.45,788.5,0
140,4647,2245572,955.4,809.8,906.0,767.7,930.7,788.75,0
140,4648,2245573,955.6,809.8,906.3,768.1,930.95,788.95,0
140,4649,2245574,955.8,809.8,906.6,768.5,931.2,789.15,0
140,4650,2245575,956.0,809.9,907.0,768.7,931.5,789.3,0
140,4651,2245576,956.1,809.9,907.4,768.9,931.75,789.4,0
140,4652,2245577,956.2,809.9,907.7,769.2,931.95,789.55,0
140,4653,2245578,956.3,810.0,907.9,769.5,932.1,789.75,0
140,4654,2245579,956.4,810.0,908.0,769.7,932.2,789.85,0
140,4655,2245580,956.5,810.1,908.2,769.9,932.35,790.0,0
140,4656,2245581,956.6,810.2,908.4,770.1,932.5,790.15,0
140,4657,2245582,956.8,810.3,908.6,770.3,932.7,790.3,0
140,4658,2245583,956.9,810.3,908.9,770.4,932.9,790.35,0
140,4659,2245584,957.0,810.4,909.2,770.6,933.1,790.5,0
140,4660,2245585,957.1,810.6,909.5,770.7,933.3,790.65,0
140,4661,2245586,957.1,810.8,909.8,770.7,933.45,790.75,0
140,4662,2245587,957.1,811.1,910.1,770.6,933.6,790.85,0
140,4663,2245588,957.0,811.4,910.4,770.5,933.7,790.95,0
140,4664,2245589,957.0,811.9,910.6,770.4,933.8,791.15,0
140,4665,2245590,956.9,812.3,910.7,770.3,933.8,791.3,0
140,4666,2245591,956.7,812.5,910.9,770.1,933.8,791.3,0
141,4667,2245592,956.5,812.7,911.1,770.1,933.8,791.4,0
141,4668,2245593,956.3,812.7,911.3,770.2,933.8,791.45,0
141,4669,2245594,956.2,812.6,911.6,770.3,933.9,791.45,0
141,4670,2245595,956.1,812.5,911.8,770.4,933.95,791.45,0
141,4671,2245596,955.9,812.2,912.0,770.5,933.95,791.35,0
141,4672,2245597,955.9,812.0,912.1,770.6,934.0,791.3,0
141,4673,2245598,955.9,811.8,912.3,770.7,934.1,791.25,0
141,4674,2245599,955.9,811.7,912.7,770.8,934.3,791.25,0
141,4675,2245600,956.0,811.6,913.1,770.9,934.55,791.25,0
141,4676,2245601,956.0,811.6,913.5,771.0,934.75,791.3,0
141,4677,2245602,956.0,811.8,913.8,771.1,934.9,791.45,0
141,4678,2245603,956.1,812.1,914.0,771.3,935.05,791.7,0
141,4679,2245604,956.1,812.3,914.3,771.5,935.2,791.9,0
141,4680,2245605,956.1,812.6,914.5,771.8,935.3,792.2,0
141,4681,2245606,956.1,812.9,914.5,772.3,935.3,792.6,0
141,4682,2245607,956.1,813.1,914.4,772.6,935.25,792.85,0
141,4683,2245608,956.2,813.3,914.3,773.3,935.25,793.3,0
141,4684,2245609,956.2,813.4,914.2,773.9,935.2,793.65,0
141,4685,2245610,956.2,813.4,914.1,774.5,935.15,793.95,0
141,4686,2245611,956.2,813.3,914.0,775.0,935.1,794.15,0
141,4687,2245612,956.3,813.2,913.8,775.5,935.05,794.35,0
141,4688,2245613,956.3,813.2,913.7,775.9,935.0,794.55,0
141,4689,2245614,956.4,813.1,913.6,776.5,935.0,794.8,0
141,4690,2245615,956.4,813.1,913.5,776.9,934.95,795.0,0
141,4691,2245616,956.4,813.2,913.4,777.7,934.9,795.45,0
141,4692,2245617,956.4,813.4,913.7,778.5,935.05,795.95,0
141,4693,2245618,956.4,813.5,913.9,779.3,935.15,796.4,0
141,4694,2245619,956.4,813.6,914.1,780.0,935.25,796.8,0
141,4695,2245620,956.4,813.8,914.3,780.7,935.35,797.25,0
141,4696,2245621,956.4,814.0,914.5,781.4,935.45,797.7,0
141,4697,2245622,956.3,814.2,914.7,782.0,935.5,798.1,0
141,4698,2245623,956.4,814.3,914.9,782.6,935.65,798.45,0
141,4699,2245624,956.4,814.4,914.7,783.1,935.55,798.75,0
141,4700,2245625,956.4,814.5,914.5,783.6,935.45,799.05,0
142,4701,2245626,956.5,814.7,914.4,784.1,935.45,799.4,0
142,4702,2245627,956.7,814.8,914.2,784.6,935.45,799.7,0
142,4703,2245628,956.9,814.9,914.0,785.0,935.45,799.95,0
142,4704,2245629,957.0,815.0,913.9,785.2,935.45,800.1,0
142,4705,2245630,957.2,815.1,913.8,785.4,935.5,800.25,0
142,4706,2245631,957.3,815.3,913.8,785.6,935.55,800.45,0
142,4707,2245632,957.6,815.4,913.8,785.9,935.7,800.65,0
142,4708,2245633,957.8,815.5,913.8,786.2,935.8,800.85,0
142,4709,2245634,958.1,815.6,914.0,786.4,936.05,801.0,0
142,4710,2245635,958.3,815.7,914.1,786.5,936.2,801.1,0
142,4711,2245636,958.4,815.8,914.2,786.7,936.3,801.25,0
142,4712,2245637,958.3,815.9,914.1,786.7,936.2,801.3,0
142,4713,2245638,958.2,816.0,914.1,786.6,936.15,801.3,0
142,4714,2245639,958.0,816.2,914.1,786.7,936.05,801.45,0
142,4715,2245640,957.7,816.4,914.1,786.9,935.9,801.65,0
142,4716,2245641,957.5,816.6,914.0,787.2,935.75,801.9,0
142,4717,2245642,957.4,816.9,914.1,787.5,935.75,802.2,0
142,4718,2245643,957.6,817.0,914.4,787.9,936.0,802.45,0
142,4719,2245644,957.9,817.2,914.7,788.2,936.3,802.7,0
142,4720,2245645,958.3,817.3,915.1,788.6,936.7,802.95,0
142,4721,2245646,958.6,817.4,915.3,788.9,936.95,803.15,0
142,4722,2245647,958.9,817.5,915.6,789.1,937.25,803.3,0
142,4723,2245648,958.9,818.0,915.7,789.3,937.3,803.65,0
142,4724,2245649,958.7,818.7,915.6,789.5,937.15,804.1,0
142,4725,2245650,958.2,819.8,915.4,790.1,936.8,804.95,0
142,4726,2245651,956.9,820.9,915.1,791.1,936.0,806.0,0
142,4727,2245652,955.4,822.1,914.3,792.1,934.85,807.1,0
142,4728,2245653,953.2,824.1,912.9,793.5,933.05,808.8,0
142,4729,2245654,950.7,827.1,910.9,795.5,930.8,811.3,0
142,4730,2245655,947.5,830.7,907.8,798.2,927.65,814.45,0
142,4731,2245656,943.6,835.0,903.4,801.1,923.5,818.05,0
142,4732,2245657,939.2,839.9,898.2,804.9,918.7,822.4,0
142,4733,2245658,934.5,845.2,892.1,809.2,913.3,827.2,0
143,4734,2245659,929.1,851.5,885.7,814.5,907.4,833.0,0
143,4735,2245660,923.7,858.1,879.8,820.0,901.75,839.05,0
143,4736,2245661,918.7,863.9,874.2,826.2,896.45,845.05,0
143,4737,2245662,914.3,870.0,869.8,832.1,892.05,851.05,0
143,4738,2245663,910.8,875.4,866.6,839.3,888.7,857.35,0
143,4739,2245664,907.9,880.9,864.1,846.2,886.0,863.55,0
143,4740,2245665,906.0,885.8,862.7,852.2,884.35,869.0,0
143,4741,2245666,905.6,889.7,862.1,857.2,883.85,873.45,0
143,4742,2245667,906.0,892.8,862.8,861.7,884.4,877.25,0
143,4743,2245668,906.8,895.5,863.9,864.8,885.35,880.15,0
143,4744,2245669,908.3,896.9,865.1,867.4,886.7,882.15,0
143,4745,2245670,909.8,897.7,866.8,868.2,888.3,882.95,0
143,4746,2245671,911.4,897.6,868.5,867.9,889.95,882.75,0
143,4747,2245672,913.1,896.8,870.4,866.9,891.75,881.85,0
143,4748,2245673,914.2,895.8,872.2,864.9,893.2,880.35,0
143,4749,2245674,915.1,894.6,873.0,862.6,894.05,878.6,0
143,4750,2245675,915.6,892.7,873.6,859.5,894.6,876.1,0
143,4751,2245676,915.6,890.8,874.2,856.4,894.9,873.6,0
143,4752,2245677,915.5,889.1,874.4,853.8,894.95,871.45,0
143,4753,2245678,915.2,887.2,874.7,850.2,894.95,868.7,0
143,4754,2245679,914.8,885.9,874.9,847.3,894.85,866.6,0
143,4755,2245680,914.3,884.6,875.0,845.3,894.65,864.95,0
143,4756,2245681,913.8,883.6,875.1,844.1,894.45,863.85,0
143,4757,2245682,913.9,883.1,875.1,843.7,894.5,863.4,0
143,4758,2245683,913.9,882.8,875.2,843.5,894.55,863.15,0
143,4759,2245684,914.0,882.4,875.3,843.2,894.65,862.8,0
143,4760,2245685,914.5,882.3,875.3,843.9,894.9,863.1,0
143,4761,2245686,915.1,881.9,875.4,844.7,895.25,863.3,0
143,4762,2245687,915.6,881.5,875.4,845.4,895.5,863.45,0
143,4763,2245688,916.2,880.9,875.6,845.8,895.9,863.35,0
143,4764,2245689,916.5,880.3,875.9,846.2,896.2,863.25,0
143,4765,2245690,916.7,879.7,876.2,846.5,896.45,863.1,0
143,4766,2245691,916.8,879.2,876.5,846.8,896.65,863.0,0
144,4767,2245692,916.8,878.8,876.8,847.0,896.8,862.9,0
144,4768,2245693,916.7,878.7,877.0,847.2,896.85,862.95,0
144,4769,2245694,916.6,878.8,877.1,847.3,896.85,863.05,0
144,4770,2245695,916.5,879.1,877.2,847.3,896.85,863.2,0
144,4771,2245696,916.5,879.3,877.1,847.1,896.8,863.2,0
144,4772,2245697,916.6,879.5,877.0,847.0,896.8,863.25,0
144,4773,2245698,916.8,879.8,876.9,846.8,896.85,863.3,0
144,4774,2245699,917.0,880.1,876.8,846.7,896.9,863.4,0
144,4775,2245700,917.2,880.3,876.9,846.6,897.05,863.45,0
144,4776,2245701,917.5,880.9,877.2,846.6,897.35,863.75,0
144,4777,2245702,917.8,881.5,877.6,846.9,897.7,864.2,0
144,4778,2245703,918.3,882.1,878.0,847.2,898.15,864.65,0
144,4779,2245704,918.6,882.7,878.6,847.6,898.6,865.15,0
144,4780,2245705,919.0,883.3,879.2,848.0,899.1,865.65,0
144,4781,2245706,919.3,883.9,879.8,848.3,899.55,866.1,0
144,4782,2245707,919.5,884.5,880.4,848.7,899.95,866.6,0
144,4783,2245708,919.6,884.5,880.8,849.0,900.2,866.75,0
144,4784,2245709,919.5,884.5,881.2,849.1,900.35,866.8,0
144,4785,2245710,919.3,884.5,881.5,849.2,900.4,866.85,0
144,4786,2245711,919.0,884.5,881.8,849.3,900.4,866.9,0
144,4787,2245712,918.7,884.6,882.0,849.4,900.35,867.0,0
144,4788,2245713,918.5,884.7,882.3,849.7,900.4,867.2,0
144,4789,2245714,918.3,884.8,882.5,849.9,900.4,867.35,0
144,4790,2245715,918.4,884.9,882.7,850.2,900.55,867.55,0
144,4791,2245716,918.7,885.0,882.8,850.4,900.75,867.7,0
144,4792,2245717,918.9,885.1,882.9,851.1,900.9,868.1,0
144,4793,2245718,919.2,885.2,883.0,851.8,901.1,868.5,0
144,4794,2245719,919.5,885.3,883.0,852.6,901.25,868.95,0
144,4795,2245720,919.8,885.4,883.1,853.3,901.45,869.35,0
144,4796,2245721,920.0,885.5,883.1,854.1,901.55,869.8,0
144,4797,2245722,920.2,885.6,883.2,854.8,901.7,870.2,0
144,4798,2245723,920.4,885.7,883.2,855.5,901.8,870.6,0
144,4799,2245724,920.6,885.8,883.3,855.3,901.95,870.55,0
144,4800,2245725,920.7,885.9,883.4,855.2,902.05,870.55,0
145,4801,2245726,921.0,885.9,883.9,854.9,902.45,870.4,0
145,4802,2245727,921.4,886.0,884.3,854.6,902.85,870.3,0
145,4803,2245728,921.9,886.0,884.8,854.3,903.35,870.15,0
145,4804,2245729,922.2,886.1,885.2,853.9,903.7,870.0,0
145,4805,2245730,922.5,886.2,885.5,853.6,904.0,869.9,0
145,4806,2245731,922.8,886.5,885.8,853.7,904.3,870.1,0
145,4807,2245732,923.1,886.7,886.1,854.2,904.6,870.45,0
145,4808,2245733,923.3,886.9,886.0,854.5,904.65,870.7,0
145,4809,2245734,923.5,887.1,885.9,854.8,904.7,870.95,0
145,4810,2245735,923.6,887.3,885.8,855.2,904.7,871.25,0
145,4811,2245736,923.8,887.5,885.9,855.7,904.85,871.6,0
145,4812,2245737,924.0,887.7,885.9,856.1,904.95,871.9,0
145,4813,2245738,924.2,887.8,886.0,856.4,905.1,872.1,0
145,4814,2245739,924.2,888.0,886.1,856.4,905.15,872.2,0
145,4815,2245740,924.2,888.1,886.2,856.4,905.2,872.25,0
145,4816,2245741,924.0,888.7,886.3,856.4,905.15,872.55,0
145,4817,2245742,923.8,889.2,886.4,856.4,905.1,872.8,0
145,4818,2245743,923.6,889.7,886.5,856.4,905.05,873.05,0
145,4819,2245744,923.3,890.2,886.7,856.3,905.0,873.25,0
145,4820,2245745,923.1,890.8,886.9,856.3,905.0,873.55,0
145,4821,2245746,923.0,891.4,887.0,856.2,905.0,873.8,0
145,4822,2245747,923.0,892.1,887.2,855.9,905.1,874.0,0
145,4823,2245748,923.0,892.3,887.4,855.6,905.2,873.95,0
145,4824,2245749,923.0,892.7,887.5,855.3,905.25,874.0,0
145,4825,2245750,923.0,893.1,887.6,854.9,905.3,874.0,0
145,4826,2245751,923.0,893.4,887.5,854.8,905.25,874.1,0
145,4827,2245752,923.1,893.7,887.5,854.7,905.3,874.2,0
145,4828,2245753,923.1,893.9,887.5,854.6,905.3,874.25,0
145,4829,2245754,923.1,894.0,887.5,854.8,905.3,874.4,0
145,4830,2245755,923.1,894.2,887.5,855.0,905.3,874.6,0
145,4831,2245756,923.1,894.2,887.6,855.2,905.35,874.7,0
145,4832,2245757,923.0,894.3,887.8,855.4,905.4,874.85,0
145,4833,2245758,923.0,894.3,888.0,855.4,905.5,874.85,0
146,4834,2245759,922.8,894.3,888.4,855.3,905.6,874.8,0
146,4835,2245760,922.7,894.4,888.8,855.2,905.75,874.8,0
146,4836,2245761,922.5,894.4,889.1,855.2,905.8,874.8,0
146,4837,2245762,922.4,894.4,889.5,855.3,905.95,874.85,0
146,4838,2245763,922.3,894.3,889.8,855.3,906.05,874.8,0
146,4839,2245764,922.4,894.3,890.0,855.4,906.2,874.85,0
146,4840,2245765,922.5,894.3,890.1,855.4,906.3,874.85,0
146,4841,2245766,922.6,894.3,890.0,855.5,906.3,874.9,0
146,4842,2245767,922.7,894.2,890.0,855.5,906.35,874.85,0
146,4843,2245768,922.9,894.2,889.8,855.5,906.35,874.85,0
146,4844,2245769,922.9,894.2,889.6,855.5,906.25,874.85,0
146,4845,2245770,922.9,894.3,889.5,855.5,906.2,874.9,0
146,4846,2245771,922.9,894.4,889.4,855.5,906.15,874.95,0
146,4847,2245772,922.8,894.5,889.3,855.4,906.05,874.95,0
146,4848,2245773,922.7,894.5,889.1,855.4,905.9,874.95,0
146,4849,2245774,922.7,894.5,888.9,855.4,905.8,874.95,0
146,4850,2245775,922.6,894.4,888.8,855.4,905.7,874.9,0
146,4851,2245776,922.6,894.4,888.8,855.3,905.7,874.85,0
146,4852,2245777,922.7,894.3,888.8,855.3,905.75,874.8,0
146,4853,2245778,922.8,894.2,888.9,855.3,905.85,874.75,0
146,4854,2245779,923.0,894.1,888.9,855.4,905.95,874.75,0
146,4855,2245780,923.2,894.0,889.0,855.4,906.1,874.7,0
146,4856,2245781,923.4,893.9,889.1,855.4,906.25,874.65,0
146,4857,2245782,923.5,893.5,889.2,855.3,906.35,874.4,0
146,4858,2245783,923.6,893.0,889.3,855.4,906.45,874.2,0
146,4859,2245784,923.7,892.5,889.5,855.4,906.6,873.95,0
146,4860,2245785,923.7,892.0,889.6,855.5,906.65,873.75,0
146,4861,2245786,923.6,891.5,889.7,855.5,906.65,873.5,0
146,4862,2245787,923.6,890.9,889.8,855.5,906.7,873.2,0
146,4863,2245788,923.7,890.4,890.0,855.6,906.85,873.0,0
146,4864,2245789,923.8,890.1,890.1,855.6,906.95,872.85,0
146,4865,2245790,923.9,889.9,890.3,855.6,907.1,872.75,0
146,4866,2245791,924.0,889.6,890.5,855.5,907.25,872.55,0
147,4867,2245792,924.1,889.4,890.6,855.2,907.35,872.3,0
147,4868,2245793,924.3,888.7,890.8,855.0,907.55,871.85,0
147,4869,2245794,924.5,888.1,891.1,854.8,907.8,871.45,0
147,4870,2245795,924.7,887.5,891.4,854.7,908.05,871.1,0
147,4871,2245796,925.2,886.9,891.8,854.6,908.5,870.75,0
147,4872,2245797,925.7,886.5,892.0,854.6,908.85,870.55,0
147,4873,2245798,926.2,886.0,892.4,854.5,909.3,870.25,0
147,4874,2245799,926.7,885.5,892.8,854.5,909.75,870.0,0
147,4875,2245800,927.2,885.4,893.2,854.5,910.2,869.95,0
147,4876,2245801,927.6,885.2,893.6,854.5,910.6,869.85,0
147,4877,2245802,928.0,885.0,893.9,854.5,910.95,869.75,0
147,4878,2245803,928.1,884.8,894.3,854.5,911.2,869.65,0
147,4879,2245804,928.1,884.7,894.7,854.4,911.4,869.55,0
147,4880,2245805,928.4,884.6,894.9,854.2,911.65,869.4,0
147,4881,2245806,928.7,884.6,895.2,854.0,911.95,869.3,0
147,4882,2245807,929.0,884.6,895.7,853.7,912.35,869.15,0
147,4883,2245808,929.2,884.8,896.2,853.5,912.7,869.15,0
147,4884,2245809,929.4,885.0,896.6,853.2,913.0,869.1,0
147,4885,2245810,929.7,885.2,897.0,852.8,913.35,869.0,0
147,4886,2245811,930.0,885.3,897.5,852.7,913.75,869.0,0
147,4887,2245812,930.0,885.4,898.0,852.6,914.0,869.0,0
147,4888,2245813,930.1,885.4,898.4,852.4,914.25,868.9,0
147,4889,2245814,930.1,885.5,898.6,852.3,914.35,868.9,0
147,4890,2245815,930.3,885.5,898.8,852.2,914.55,868.85,0
147,4891,2245816,930.4,885.5,899.1,852.1,914.75,868.8,0
147,4892,2245817,930.9,885.4,899.7,852.0,915.3,868.7,0
147,4893,2245818,931.3,885.3,900.1,851.8,915.7,868.55,0
147,4894,2245819,931.7,885.2,900.5,851.7,916.1,868.45,0
147,4895,2245820,932.1,885.1,900.9,851.5,916.5,868.3,0
147,4896,2245821,932.5,885.0,901.4,851.3,916.95,868.15,0
147,4897,2245822,932.8,884.9,901.9,851.0,917.35,867.95,0
147,4898,2245823,933.1,884.8,902.3,850.8,917.7,867.8,0
147,4899,2245824,933.1,884.7,902.5,850.7,917.8,867.7,0
147,4900,2245825,933.1,884.5,902.6,850.6,917.85,867.55,0
148,4901,2245826,933.1,884.4,902.8,850.6,917.95,867.5,0
148,4902,2245827,933.1,884.3,903.0,850.7,918.05,867.5,0
148,4903,2245828,933.2,884.2,903.2,850.9,918.2,867.55,0
148,4904,2245829,933.2,884.1,903.8,851.0,918.5,867.55,0
148,4905,2245830,933.3,884.0,904.4,851.2,918.85,867.6,0
148,4906,2245831,933.4,883.9,904.9,851.2,919.15,867.55,0
148,4907,2245832,933.5,883.8,905.5,851.1,919.5,867.45,0
148,4908,2245833,933.6,883.3,906.0,851.0,919.8,867.15,0
148,4909,2245834,933.7,882.8,906.4,850.9,920.05,866.85,0
148,4910,2245835,933.8,882.4,906.8,850.8,920.3,866.6,0
148,4911,2245836,933.9,881.9,906.8,850.7,920.35,866.3,0
148,4912,2245837,934.0,881.5,906.8,850.6,920.4,866.05,0
148,4913,2245838,934.1,881.1,906.7,850.5,920.4,865.8,0
148,4914,2245839,934.3,880.7,906.6,850.4,920.45,865.55,0
148,4915,2245840,934.6,880.7,906.6,850.4,920.6,865.55,0
148,4916,2245841,935.0,880.7,906.5,850.4,920.75,865.55,0
148,4917,2245842,935.4,880.7,906.5,850.4,920.95,865.55,0
148,4918,2245843,935.8,880.6,906.4,850.3,921.1,865.45,0
148,4919,2245844,936.1,880.7,906.3,850.4,921.2,865.55,0
148,4920,2245845,936.5,880.8,906.4,850.3,921.45,865.55,0
148,4921,2245846,936.7,881.0,906.4,850.2,921.55,865.6,0
148,4922,2245847,936.7,881.1,906.4,850.1,921.55,865.6,0
148,4923,2245848,936.9,881.2,906.5,849.5,921.7,865.35,0
148,4924,2245849,937.0,881.1,906.5,848.8,921.75,864.95,0
148,4925,2245850,937.1,881.0,906.6,848.2,921.85,864.6,0
148,4926,2245851,937.3,880.9,906.7,847.7,922.0,864.3,0
148,4927,2245852,937.4,880.7,906.8,847.2,922.1,863.95,0
148,4928,2245853,937.6,880.4,906.9,846.7,922.25,863.55,0
148,4929,2245854,937.8,879.9,906.9,846.5,922.35,863.2,0
148,4930,2245855,938.0,879.5,906.9,846.9,922.45,863.2,0
148,4931,2245856,938.1,879.3,906.7,847.2,922.4,863.25,0
148,4932,2245857,938.3,879.1,906.6,847.5,922.45,863.3,0
148,4933,2245858,938.6,878.8,906.4,847.9,922.5,863.35,0
149,4934,2245859,938.8,878.6,906.0,848.3,922.4,863.45,0
149,4935,2245860,939.0,878.4,905.6,848.7,922.3,863.55,0
149,4936,2245861,939.1,878.3,905.2,848.8,922.15,863.55,0
149,4937,2245862,939.3,878.2,904.9,848.9,922.1,863.55,0
149,4938,2245863,939.4,878.1,904.6,848.9,922.0,863.5,0
149,4939,2245864,939.5,878.1,904.2,848.9,921.85,863.5,0
149,4940,2245865,939.6,878.1,903.8,848.9,921.7,863.5,0
149,4941,2245866,939.7,878.1,903.6,848.8,921.65,863.45,0
149,4942,2245867,939.9,878.1,903.4,848.6,921.65,863.35,0
149,4943,2245868,940.0,878.2,903.1,848.5,921.55,863.35,0
149,4944,2245869,940.2,878.3,902.9,848.4,921.55,863.35,0
149,4945,2245870,940.7,878.3,902.8,848.4,921.75,863.35,0
149,4946,2245871,941.1,878.1,902.7,848.3,921.9,863.2,0
149,4947,2245872,941.3,877.9,902.7,848.3,922.0,863.1,0
149,4948,2245873,941.5,877.7,902.7,848.2,922.1,862.95,0
149,4949,2245874,941.7,877.4,902.7,848.2,922.2,862.8,0
149,4950,2245875,941.9,877.2,902.6,848.3,922.25,862.75,0
149,4951,2245876,942.0,877.0,902.5,848.5,922.25,862.75,0
149,4952,2245877,941.9,876.9,902.4,848.6,922.15,862.75,0
149,4953,2245878,941.8,876.9,902.2,848.4,922.0,862.65,0
149,4954,2245879,941.8,877.0,901.8,848.2,921.8,862.6,0
149,4955,2245880,941.8,877.0,901.6,848.1,921.7,862.55,0
149,4956,2245881,941.9,876.9,901.3,847.9,921.6,862.4,0
149,4957,2245882,941.9,876.7,901.1,847.7,921.5,862.2,0
149,4958,2245883,941.9,876.5,901.0,847.5,921.45,862.0,0
149,4959,2245884,942.0,876.3,900.9,847.2,921.45,861.75,0
149,4960,2245885,942.3,876.1,900.9,847.2,921.6,861.65,0
149,4961,2245886,942.6,876.0,900.8,847.3,921.7,861.65,0
149,4962,2245887,942.9,875.9,900.7,847.2,921.8,861.55,0
149,4963,2245888,943.3,875.9,900.5,847.1,921.9,861.5,0
149,4964,2245889,943.6,875.8,900.4,847.1,922.0,861.45,0
149,4965,2245890,944.0,875.8,900.2,847.1,922.1,861.45,0
149,4966,2245891,944.4,875.7,900.0,847.2,922.2,861.45,0
150,4967,2245892,944.5,875.6,899.9,847.2,922.2,861.4,0
150,4968,2245893,944.6,875.3,899.8,847.2,922.2,861.25,0
150,4969,2245894,944.6,875.1,899.8,847.2,922.2,861.15,0
150,4970,2245895,944.6,874.9,899.7,847.2,922.15,861.05,0
150,4971,2245896,944.6,874.8,899.6,847.2,922.1,861.0,0
150,4972,2245897,944.7,874.9,899.5,846.9,922.1,860.9,0
150,4973,2245898,944.7,874.9,899.4,846.6,922.05,860.75,0
150,4974,2245899,944.7,874.9,899.4,846.1,922.05,860.5,0
150,4975,2245900,944.8,874.9,899.4,845.6,922.1,860.25,0
150,4976,2245901,944.9,874.9,899.4,845.1,922.15,860.0,0
150,4977,2245902,945.0,874.8,899.5,844.5,922.25,859.65,0
150,4978,2245903,945.1,874.7,899.7,843.9,922.4,859.3,0
150,4979,2245904,945.4,874.4,899.9,843.4,922.65,858.9,0
150,4980,2245905,945.6,874.1,900.3,843.0,922.95,858.55,0
150,4981,2245906,945.8,873.8,900.8,842.7,923.3,858.25,0
150,4982,2245907,946.1,873.6,901.1,842.5,923.6,858.05,0
150,4983,2245908,946.2,873.4,901.6,842.4,923.9,857.9,0
150,4984,2245909,946.4,872.9,902.2,842.4,924.3,857.65,0
150,4985,2245910,946.6,872.5,902.7,842.5,924.65,857.5,0
150,4986,2245911,946.7,872.3,903.3,842.8,925.0,857.55,0
150,4987,2245912,946.8,872.1,903.6,843.1,925.2,857.6,0
150,4988,2245913,946.9,871.8,904.0,843.3,925.45,857.55,0
150,4989,2245914,946.9,871.6,904.4,843.3,925.65,857.45,0
150,4990,2245915,947.1,871.5,905.0,843.2,926.05,857.35,0
150,4991,2245916,947.2,871.7,905.5,843.0,926.35,857.35,0
150,4992,2245917,947.3,871.8,906.0,842.4,926.65,857.1,0
150,4993,2245918,947.4,871.7,906.3,841.7,926.85,856.7,0
150,4994,2245919,947.6,871.6,906.7,841.0,927.15,856.3,0
150,4995,2245920,947.7,871.5,907.5,840.3,927.6,855.9,0
150,4996,2245921,947.8,871.3,908.6,839.8,928.2,855.55,0
150,4997,2245922,947.8,871.1,909.4,839.4,928.6,855.25,0
150,4998,2245923,947.9,870.8,910.2,839.0,929.05,854.9,0
150,4999,2245924,948.0,870.7,911.0,839.0,929.5,854.85,0
150,5000,2245925,948.2,870.6,911.8,838.9,930.0,854.75,0
151,5001,2245926,948.4,870.6,912.6,838.8,930.5,854.7,0
151,5002,2245927,948.5,870.6,913.1,838.7,930.8,854.65,0
151,5003,2245928,948.8,870.6,913.2,838.5,931.0,854.55,0
151,5004,2245929,949.1,870.7,913.3,838.4,931.2,854.55,0
151,5005,2245930,949.8,870.7,913.6,838.3,931.7,854.5,0
151,5006,2245931,950.4,870.7,913.8,838.1,932.1,854.4,0
151,5007,2245932,950.9,870.5,914.1,837.5,932.5,854.0,0
151,5008,2245933,951.5,870.4,914.4,836.9,932.95,853.65,0
151,5009,2245934,952.0,870.3,914.7,836.4,933.35,853.35,0
151,5010,2245935,952.5,870.3,915.0,836.0,933.75,853.15,0
151,5011,2245936,952.8,870.2,915.4,835.5,934.1,852.85,0
151,5012,2245937,952.7,870.2,916.0,835.1,934.35,852.65,0
151,5013,2245938,952.6,870.3,916.5,834.7,934.55,852.5,0
151,5014,2245939,952.5,870.4,917.0,834.8,934.75,852.6,0
151,5015,2245940,952.6,870.4,917.4,834.8,935.0,852.6,0
151,5016,2245941,952.6,870.6,917.9,834.9,935.25,852.75,0
151,5017,2245942,952.6,870.8,918.4,834.9,935.5,852.85,0
151,5018,2245943,952.8,870.9,918.7,834.9,935.75,852.9,0
151,5019,2245944,952.9,871.0,918.8,834.9,935.85,852.95,0
151,5020,2245945,953.1,871.2,919.1,834.6,936.1,852.9,0
151,5021,2245946,953.2,871.3,919.5,834.2,936.35,852.75,0
151,5022,2245947,953.2,871.5,919.8,833.8,936.5,852.65,0
151,5023,2245948,953.3,871.6,920.1,833.5,936.7,852.55,0
151,5024,2245949,953.3,871.6,920.4,833.2,936.85,852.4,0
151,5025,2245950,953.3,871.7,920.6,832.9,936.95,852.3,0
151,5026,2245951,953.3,871.8,920.8,832.5,937.05,852.15,0
151,5027,2245952,953.3,871.9,920.3,832.5,936.8,852.2,0
151,5028,2245953,953.2,871.9,919.9,832.5,936.55,852.2,0
151,5029,2245954,953.2,872.0,919.4,832.4,936.3,852.2,0
151,5030,2245955,953.2,872.1,918.8,832.3,936.0,852.2,0
151,5031,2245956,953.2,872.2,918.0,832.2,935.6,852.2,0
151,5032,2245957,953.2,872.2,917.2,832.0,935.2,852.1,0
151,5033,2245958,953.2,872.2,916.2,831.8,934.7,852.0,0
152,5034,2245959,953.2,872.3,915.5,831.6,934.35,851.95,0
152,5035,2245960,953.3,872.3,914.9,831.0,934.1,851.65,0
152,5036,2245961,953.3,872.3,914.3,830.5,933.8,851.4,0
152,5037,2245962,953.4,872.7,913.9,830.1,933.65,851.4,0
152,5038,2245963,953.5,873.0,913.7,829.6,933.6,851.3,0
152,5039,2245964,953.6,873.4,913.7,829.2,933.65,851.3,0
152,5040,2245965,953.8,873.8,914.0,828.8,933.9,851.3,0
152,5041,2245966,954.1,874.2,914.2,828.4,934.15,851.3,0
152,5042,2245967,954.4,874.6,914.4,828.4,934.4,851.5,0
152,5043,2245968,954.7,874.9,914.6,828.4,934.65,851.65,0
152,5044,2245969,955.1,874.9,914.8,828.3,934.95,851.6,0
152,5045,2245970,955.4,874.9,914.9,828.2,935.15,851.55,0
152,5046,2245971,955.8,875.0,914.9,828.1,935.35,851.55,0
152,5047,2245972,956.2,875.0,914.9,828.0,935.55,851.5,0
152,5048,2245973,956.5,875.0,914.9,827.8,935.7,851.4,0
152,5049,2245974,956.8,875.0,915.0,827.5,935.9,851.25,0
152,5050,2245975,957.0,875.1,915.1,827.2,936.05,851.15,0
152,5051,2245976,957.2,875.2,915.1,826.9,936.15,851.05,0
152,5052,2245977,957.4,875.3,915.1,826.7,936.25,851.0,0
152,5053,2245978,957.5,875.4,915.1,826.5,936.3,850.95,0
152,5054,2245979,957.7,875.4,915.2,826.3,936.45,850.85,0
152,5055,2245980,957.7,875.5,915.3,826.2,936.5,850.85,0
152,5056,2245981,957.7,875.6,915.4,826.4,936.55,851.0,0
152,5057,2245982,958.0,875.7,915.7,826.6,936.85,851.15,0
152,5058,2245983,958.2,875.8,916.2,826.9,937.2,851.35,0
152,5059,2245984,958.5,875.9,916.8,827.2,937.65,851.55,0
152,5060,2245985,958.8,875.9,917.4,827.4,938.1,851.65,0
152,5061,2245986,959.1,876.1,917.9,827.7,938.5,851.9,0
152,5062,2245987,959.4,876.3,918.4,828.0,938.9,852.15,0
152,5063,2245988,959.6,876.5,918.7,828.1,939.15,852.3,0
152,5064,2245989,959.7,876.7,918.9,828.1,939.3,852.4,0
152,5065,2245990,959.9,877.0,918.9,828.1,939.4,852.55,0
152,5066,2245991,960.1,877.2,918.8,827.7,939.45,852.45,0
153,5067,2245992,960.4,877.5,918.9,827.3,939.65,852.4,0
153,5068,2245993,960.7,877.7,919.1,826.9,939.9,852.3,0
153,5069,2245994,961.0,877.9,919.4,826.6,940.2,852.25,0
153,5070,2245995,961.2,878.0,920.0,826.4,940.6,852.2,0
153,5071,2245996,961.4,878.1,920.6,826.4,941.0,852.25,0
153,5072,2245997,961.5,878.3,921.2,826.3,941.35,852.3,0
153,5073,2245998,961.5,878.4,921.7,826.7,941.6,852.55,0
153,5074,2245999,961.4,878.5,922.2,827.1,941.8,852.8,0
153,5075,2246000,961.5,878.6,922.8,827.5,942.15,853.05,0
153,5076,2246001,961.6,878.7,923.3,827.9,942.45,853.3,0
153,5077,2246002,961.7,878.7,923.7,828.2,942.7,853.45,0
153,5078,2246003,961.8,878.7,924.1,828.5,942.95,853.6,0
153,5079,2246004,962.0,878.7,924.6,828.8,943.3,853.75,0
153,5080,2246005,962.1,878.7,925.0,829.0,943.55,853.85,0
153,5081,2246006,962.3,878.7,925.4,829.3,943.85,854.0,0
153,5082,2246007,962.4,878.7,925.6,829.5,944.0,854.1,0
153,5083,2246008,962.5,878.7,925.8,829.7,944.15,854.2,0
153,5084,2246009,962.7,878.6,925.9,829.8,944.3,854.2,0
153,5085,2246010,962.8,878.5,926.0,829.6,944.4,854.05,0
153,5086,2246011,963.0,878.2,926.1,829.5,944.55,853.85,0
153,5087,2246012,963.2,877.9,926.1,829.3,944.65,853.6,0
153,5088,2246013,963.4,877.7,926.2,829.0,944.8,853.35,0
153,5089,2246014,963.6,877.5,926.2,828.7,944.9,853.1,0
153,5090,2246015,963.8,877.4,926.2,828.4,945.0,852.9,0
153,5091,2246016,963.9,877.5,926.6,828.3,945.25,852.9,0
153,5092,2246017,964.0,877.5,927.0,828.3,945.5,852.9,0
153,5093,2246018,964.2,877.7,927.4,828.3,945.8,853.0,0
153,5094,2246019,964.3,878.0,927.9,828.4,946.1,853.2,0
153,5095,2246020,964.4,878.2,928.3,828.6,946.35,853.4,0
153,5096,2246021,964.4,878.3,928.6,828.7,946.5,853.5,0
153,5097,2246022,964.5,878.4,929.0,828.8,946.75,853.6,0
153,5098,2246023,964.6,878.4,928.9,828.7,946.75,853.55,0
153,5099,2246024,964.8,878.4,928.8,828.6,946.8,853.5,0
153,5100,2246025,964.9,878.4,929.0,828.4,946.95,853.4,0
154,5101,2246026,965.1,878.5,929.2,828.2,947.15,853.35,0
154,5102,2246027,965.5,878.5,929.4,828.1,947.45,853.3,0
154,5103,2246028,965.9,878.5,929.6,828.0,947.75,853.25,0
154,5104,2246029,966.3,878.5,929.8,828.0,948.05,853.25,0
154,5105,2246030,966.7,878.6,929.9,828.0,948.3,853.3,0
154,5106,2246031,967.1,878.6,930.1,828.1,948.6,853.35,0
154,5107,2246032,967.5,878.5,930.1,828.2,948.8,853.35,0
154,5108,2246033,967.9,878.5,930.1,828.4,949.0,853.45,0
154,5109,2246034,968.1,878.5,930.2,828.6,949.15,853.55,0
154,5110,2246035,968.4,878.5,930.7,828.8,949.55,853.65,0
154,5111,2246036,968.6,878.5,931.2,829.0,949.9,853.75,0
154,5112,2246037,968.8,878.5,931.7,829.2,950.25,853.85,0
154,5113,2246038,968.9,878.4,932.3,829.4,950.6,853.9,0
154,5114,2246039,969.1,878.3,932.7,829.4,950.9,853.85,0
154,5115,2246040,969.2,878.3,933.2,829.3,951.2,853.8,0
154,5116,2246041,969.2,878.2,933.6,829.1,951.4,853.65,0
154,5117,2246042,969.2,878.1,933.5,828.9,951.35,853.5,0
154,5118,2246043,969.1,877.9,933.4,828.6,951.25,853.25,0
154,5119,2246044,969.1,877.8,933.2,828.3,951.15,853.05,0
154,5120,2246045,969.0,877.6,932.9,828.0,950.95,852.8,0
154,5121,2246046,969.0,877.4,932.6,827.6,950.8,852.5,0
154,5122,2246047,969.1,877.2,932.3,827.3,950.7,852.25,0
154,5123,2246048,969.3,877.0,932.2,827.1,950.75,852.05,0
154,5124,2246049,969.6,876.8,932.1,826.8,950.85,851.8,0
154,5125,2246050,969.9,876.6,932.2,826.5,951.05,851.55,0
154,5126,2246051,970.3,876.5,932.3,826.2,951.3,851.35,0
154,5127,2246052,970.6,876.4,932.5,825.9,951.55,851.15,0
154,5128,2246053,971.0,876.3,932.7,825.7,951.85,851.0,0
154,5129,2246054,971.2,876.2,933.0,825.5,952.1,850.85,0
154,5130,2246055,971.3,876.2,933.1,825.3,952.2,850.75,0
154,5131,2246056,971.4,876.2,933.1,825.1,952.25,850.65,0
154,5132,2246057,971.4,876.3,933.2,824.9,952.3,850.6,0
154,5133,2246058,971.5,876.3,933.2,824.8,952.35,850.55,0
155,5134,2246059,971.5,876.3,933.2,824.5,952.35,850.4,0
155,5135,2246060,971.5,876.1,933.1,824.3,952.3,850.2,0
155,5136,2246061,971.6,876.0,933.1,823.5,952.35,849.75,0
155,5137,2246062,971.6,875.8,933.1,822.9,952.35,849.35,0
155,5138,2246063,971.6,875.6,933.2,822.2,952.4,848.9,0
155,5139,2246064,971.6,875.3,933.2,821.8,952.4,848.55,0
155,5140,2246065,971.5,875.1,933.3,821.5,952.4,848.3,0
155,5141,2246066,971.4,875.0,933.4,821.3,952.4,848.15,0
155,5142,2246067,971.2,874.9,933.5,821.1,952.35,848.0,0
155,5143,2246068,971.1,875.0,933.4,821.4,952.25,848.2,0
155,5144,2246069,971.1,875.0,933.4,821.5,952.25,848.25,0
155,5145,2246070,971.1,875.0,933.4,821.5,952.25,848.25,0
155,5146,2246071,971.1,875.0,933.4,821.2,952.25,848.1,0
155,5147,2246072,971.2,874.8,933.4,820.8,952.3,847.8,0
155,5148,2246073,971.3,874.6,933.3,820.1,952.3,847.35,0
155,5149,2246074,971.4,874.4,933.2,819.5,952.3,846.95,0
155,5150,2246075,971.5,874.2,933.1,818.9,952.3,846.55,0
155,5151,2246076,971.6,874.0,933.0,818.4,952.3,846.2,0
155,5152,2246077,971.8,873.7,932.8,818.1,952.3,845.9,0
155,5153,2246078,971.9,873.4,932.7,817.9,952.3,845.65,0
155,5154,2246079,972.1,873.1,932.6,817.8,952.35,845.45,0
155,5155,2246080,972.2,872.7,932.6,817.9,952.4,845.3,0
155,5156,2246081,972.3,872.3,932.6,818.0,952.45,845.15,0
155,5157,2246082,972.4,871.9,932.7,818.1,952.55,845.0,0
155,5158,2246083,972.4,871.6,932.6,818.1,952.5,844.85,0
155,5159,2246084,972.3,871.3,932.5,818.0,952.4,844.65,0
155,5160,2246085,972.3,871.0,932.4,817.9,952.35,844.45,0
155,5161,2246086,972.2,871.0,932.4,817.8,952.3,844.4,0
155,5162,2246087,971.9,871.0,932.3,817.7,952.1,844.35,0
155,5163,2246088,971.7,871.0,932.2,817.5,951.95,844.25,0
155,5164,2246089,971.4,871.0,932.0,817.2,951.7,844.1,0
155,5165,2246090,971.3,870.9,932.1,817.0,951.7,843.95,0
155,5166,2246091,971.2,870.7,932.1,816.6,951.65,843.65,0
156,5167,2246092,971.2,870.5,932.1,816.1,951.65,843.3,0
156,5168,2246093,971.1,870.2,932.0,815.7,951.55,842.95,0
156,5169,2246094,971.2,869.7,932.0,815.4,951.6,842.55,0
156,5170,2246095,971.4,869.1,932.1,815.2,951.75,842.15,0
156,5171,2246096,971.5,868.3,932.4,815.2,951.95,841.75,0
156,5172,2246097,971.6,867.5,932.9,815.2,952.25,841.35,0
156,5173,2246098,971.5,866.7,933.5,815.4,952.5,841.05,0
156,5174,2246099,971.5,865.7,934.1,815.5,952.8,840.6,0
156,5175,2246100,971.6,864.7,934.8,815.6,953.2,840.15,0
156,5176,2246101,971.6,864.1,935.4,815.7,953.5,839.9,0
156,5177,2246102,971.6,863.4,935.9,815.6,953.75,839.5,0
156,5178,2246103,971.6,863.1,936.3,815.5,953.95,839.3,0
156,5179,2246104,971.6,862.8,936.4,815.4,954.0,839.1,0
156,5180,2246105,971.7,862.6,936.5,815.2,954.1,838.9,0
156,5181,2246106,971.7,862.5,936.5,814.8,954.1,838.65,0
156,5182,2246107,971.6,862.5,936.5,814.4,954.05,838.45,0
156,5183,2246108,971.6,862.6,936.6,813.8,954.1,838.2,0
156,5184,2246109,971.5,862.6,936.7,813.1,954.1,837.85,0
156,5185,2246110,971.5,862.5,936.9,812.5,954.2,837.5,0
156,5186,2246111,971.4,862.3,937.3,812.0,954.35,837.15,0
156,5187,2246112,971.4,862.1,937.7,811.9,954.55,837.0,0
156,5188,2246113,971.3,861.9,938.1,812.0,954.7,836.95,0
156,5189,2246114,971.4,861.4,938.9,812.0,955.15,836.7,0
156,5190,2246115,971.4,860.9,939.6,812.2,955.5,836.55,0
156,5191,2246116,971.5,860.3,940.3,812.6,955.9,836.45,0
156,5192,2246117,971.6,859.9,941.0,812.8,956.3,836.35,0
156,5193,2246118,971.7,859.6,941.5,813.0,956.6,836.3,0
156,5194,2246119,971.8,859.3,942.0,812.5,956.9,835.9,0
156,5195,2246120,972.0,858.9,942.4,812.2,957.2,835.55,0
156,5196,2246121,972.1,858.9,942.4,811.9,957.25,835.4,0
156,5197,2246122,972.3,859.0,942.4,811.8,957.35,835.4,0
156,5198,2246123,972.4,859.0,942.3,811.8,957.35,835.4,0
156,5199,2246124,972.5,859.1,942.2,811.8,957.35,835.45,0
156,5200,2246125,972.6,859.1,942.1,811.8,957.35,835.45,0
157,5201,2246126,972.7,859.1,942.0,812.1,957.35,835.6,0
157,5202,2246127,972.7,859.1,941.9,812.3,957.3,835.7,0
157,5203,2246128,972.7,859.0,942.3,812.7,957.5,835.85,0
157,5204,2246129,972.8,859.0,942.8,813.6,957.8,836.3,0
157,5205,2246130,972.9,858.9,943.2,814.2,958.05,836.55,0
157,5206,2246131,972.9,858.7,943.3,814.7,958.1,836.7,0
157,5207,2246132,973.0,858.4,943.3,815.1,958.15,836.75,0
157,5208,2246133,973.0,858.1,943.4,815.4,958.2,836.75,0
157,5209,2246134,973.1,857.8,943.5,815.3,958.3,836.55,0
157,5210,2246135,973.1,857.4,943.1,815.0,958.1,836.2,0
157,5211,2246136,973.0,856.9,942.8,814.1,957.9,835.5,0
157,5212,2246137,973.0,856.5,942.5,813.4,957.75,834.95,0
157,5213,2246138,972.9,856.1,942.5,812.7,957.7,834.4,0
157,5214,2246139,972.8,855.9,942.6,812.2,957.7,834.05,0
157,5215,2246140,972.8,855.6,942.7,811.9,957.75,833.75,0
157,5216,2246141,972.7,855.4,942.7,812.1,957.7,833.75,0
157,5217,2246142,972.7,855.3,942.8,812.3,957.75,833.8,0
157,5218,2246143,972.6,855.2,942.7,812.7,957.65,833.95,0
157,5219,2246144,972.7,855.1,942.7,813.4,957.7,834.25,0
157,5220,2246145,972.7,855.0,942.5,814.2,957.6,834.6,0
157,5221,2246146,972.9,854.9,942.2,815.0,957.55,834.95,0
157,5222,2246147,973.0,854.6,941.8,815.7,957.4,835.15,0
157,5223,2246148,973.2,854.4,941.5,816.2,957.35,835.3,0
157,5224,2246149,973.3,854.0,941.1,816.7,957.2,835.35,0
157,5225,2246150,973.5,853.7,940.9,816.4,957.2,835.05,0
157,5226,2246151,973.6,853.4,940.7,815.7,957.15,834.55,0
157,5227,2246152,973.6,853.1,940.6,815.0,957.1,834.05,0
157,5228,2246153,973.6,852.9,940.5,814.3,957.05,833.6,0
157,5229,2246154,973.5,852.7,940.4,813.5,956.95,833.1,0
157,5230,2246155,973.4,852.6,940.3,812.9,956.85,832.75,0
157,5231,2246156,973.4,852.0,940.1,812.3,956.75,832.15,0
157,5232,2246157,973.3,851.5,939.8,812.6,956.55,832.05,0
157,5233,2246158,973.2,850.9,939.6,812.9,956.4,831.9,0
158,5234,2246159,973.1,850.4,939.3,813.2,956.2,831.8,0
158,5235,2246160,973.0,849.9,939.1,813.6,956.05,831.75,0
158,5236,2246161,973.0,849.5,938.9,813.9,955.95,831.7,0
158,5237,2246162,972.7,849.0,938.6,814.3,955.65,831.65,0
158,5238,2246163,972.4,849.0,938.4,814.6,955.4,831.8,0
158,5239,2246164,972.2,848.9,938.2,814.7,955.2,831.8,0
158,5240,2246165,972.0,848.8,937.9,814.9,954.95,831.85,0
158,5241,2246166,971.7,848.6,937.6,815.0,954.65,831.8,0
158,5242,2246167,971.5,848.5,937.4,815.1,954.45,831.8,0
158,5243,2246168,971.5,848.3,936.7,815.1,954.1,831.7,0
158,5244,2246169,971.7,848.2,936.2,815.1,953.95,831.65,0
158,5245,2246170,971.8,848.0,935.7,815.1,953.75,831.55,0
158,5246,2246171,972.0,847.9,935.3,814.9,953.65,831.4,0
158,5247,2246172,972.1,847.9,934.8,814.6,953.45,831.25,0
158,5248,2246173,972.2,847.8,934.4,814.4,953.3,831.1,0
158,5249,2246174,972.2,847.7,933.9,814.2,953.05,830.95,0
158,5250,2246175,972.1,847.6,933.8,814.0,952.95,830.8,0
158,5251,2246176,971.9,847.5,933.6,814.4,952.75,830.95,0
158,5252,2246177,971.8,847.3,933.3,814.9,952.55,831.1,0
158,5253,2246178,971.6,847.2,933.1,815.4,952.35,831.3,0
158,5254,2246179,971.5,847.0,932.8,816.1,952.15,831.55,0
158,5255,2246180,971.4,846.9,932.6,816.8,952.0,831.85,0
158,5256,2246181,971.3,846.8,932.4,817.4,951.85,832.1,0
158,5257,2246182,971.2,846.7,932.2,818.0,951.7,832.35,0
158,5258,2246183,971.1,846.6,932.1,818.1,951.6,832.35,0
158,5259,2246184,971.0,846.6,931.9,818.1,951.45,832.35,0
158,5260,2246185,971.0,846.5,931.9,818.1,951.45,832.3,0
158,5261,2246186,970.9,846.4,931.9,818.1,951.4,832.25,0
158,5262,2246187,970.9,846.3,932.0,818.1,951.45,832.2,0
158,5263,2246188,970.8,846.3,932.0,818.1,951.4,832.2,0
158,5264,2246189,970.8,846.1,932.1,818.1,951.45,832.1,0
158,5265,2246190,970.8,846.1,932.2,818.1,951.5,832.1,0
158,5266,2246191,970.7,846.0,932.3,818.2,951.5,832.1,0
159,5267,2246192,970.7,845.9,932.4,818.4,951.55,832.15,0
159,5268,2246193,970.8,845.8,932.4,818.4,951.6,832.1,0
159,5269,2246194,970.9,845.6,932.5,818.4,951.7,832.0,0
159,5270,2246195,971.0,845.3,932.6,818.4,951.8,831.85,0
159,5271,2246196,971.1,844.9,932.6,818.4,951.85,831.65,0
159,5272,2246197,971.2,844.6,932.7,818.4,951.95,831.5,0
159,5273,2246198,971.2,844.3,932.8,818.2,952.0,831.25,0
159,5274,2246199,971.3,844.0,933.3,818.0,952.3,831.0,0
159,5275,2246200,971.3,843.9,933.7,818.0,952.5,830.95,0
159,5276,2246201,971.3,843.8,934.1,818.0,952.7,830.9,0
159,5277,2246202,971.3,843.9,934.6,818.1,952.95,831.0,0
159,5278,2246203,971.3,844.1,935.0,818.2,953.15,831.15,0
159,5279,2246204,971.3,844.2,935.5,818.4,953.4,831.3,0
159,5280,2246205,971.3,844.3,936.0,818.5,953.65,831.4,0
159,5281,2246206,971.4,844.7,936.2,818.6,953.8,831.65,0
159,5282,2246207,971.5,845.0,936.5,818.7,954.0,831.85,0
159,5283,2246208,971.7,845.3,936.8,819.2,954.25,832.25,0
159,5284,2246209,971.9,845.6,937.1,819.8,954.5,832.7,0
159,5285,2246210,972.1,845.8,937.4,820.3,954.75,833.05,0
159,5286,2246211,972.3,846.0,937.6,820.9,954.95,833.45,0
159,5287,2246212,972.6,846.1,937.9,821.4,955.25,833.75,0
159,5288,2246213,972.8,846.1,938.2,822.0,955.5,834.05,0
159,5289,2246214,973.1,846.0,938.4,822.1,955.75,834.05,0
159,5290,2246215,973.3,845.9,938.6,821.9,955.95,833.9,0
159,5291,2246216,973.4,845.8,938.7,821.6,956.05,833.7,0
159,5292,2246217,973.6,845.7,938.7,821.3,956.15,833.5,0
159,5293,2246218,973.6,845.6,938.7,821.1,956.15,833.35,0
159,5294,2246219,973.7,845.6,938.5,820.8,956.1,833.2,0
159,5295,2246220,973.7,845.6,938.1,820.6,955.9,833.1,0
159,5296,2246221,973.4,845.7,937.6,820.7,955.5,833.2,0
159,5297,2246222,973.0,845.9,937.0,820.9,955.0,833.4,0
159,5298,2246223,972.6,846.1,936.4,821.0,954.5,833.55,0
159,5299,2246224,972.1,846.3,935.9,821.1,954.0,833.7,0
159,5300,2246225,971.5,846.5,935.3,821.2,953.4,833.85,0
160,5301,2246226,970.8,846.6,934.9,821.3,952.85,833.95,0
160,5302,2246227,970.1,846.7,934.7,821.3,952.4,834.0,0
160,5303,2246228,969.8,846.8,934.4,821.2,952.1,834.0,0
160,5304,2246229,969.4,846.9,934.4,821.2,951.9,834.05,0
160,5305,2246230,968.9,847.0,934.2,821.2,951.55,834.1,0
160,5306,2246231,968.5,847.1,933.9,821.2,951.2,834.15,0
160,5307,2246232,968.2,847.1,933.7,821.1,950.95,834.1,0
160,5308,2246233,967.9,847.3,933.3,821.0,950.6,834.15,0
160,5309,2246234,967.5,847.5,932.8,821.0,950.15,834.25,0
160,5310,2246235,967.0,847.6,932.2,820.9,949.6,834.25,0
160,5311,2246236,966.6,847.6,931.6,820.9,949.1,834.25,0
160,5312,2246237,966.4,847.5,931.1,820.8,948.75,834.15,0
160,5313,2246238,966.1,847.4,930.7,820.8,948.4,834.1,0
160,5314,2246239,965.6,847.3,930.4,820.7,948.0,834.0,0
160,5315,2246240,965.0,847.2,930.2,820.7,947.6,833.95,0
160,5316,2246241,964.6,847.0,930.3,820.7,947.45,833.85,0
160,5317,2246242,964.1,846.8,930.3,820.7,947.2,833.75,0
160,5318,2246243,963.7,846.6,930.4,820.7,947.05,833.65,0
160,5319,2246244,963.3,846.6,930.5,820.8,946.9,833.7,0
160,5320,2246245,962.9,846.7,930.6,820.6,946.75,833.65,0
160,5321,2246246,962.9,846.9,930.7,820.4,946.8,833.65,0
160,5322,2246247,963.1,847.2,930.8,820.0,946.95,833.6,0
160,5323,2246248,963.2,847.4,930.8,819.6,947.0,833.5,0
160,5324,2246249,963.4,847.6,930.8,819.1,947.1,833.35,0
160,5325,2246250,963.6,847.8,930.8,818.6,947.2,833.2,0
160,5326,2246251,963.8,847.8,930.9,818.1,947.35,832.95,0
160,5327,2246252,964.1,847.7,930.9,817.7,947.5,832.7,0
160,5328,2246253,964.2,847.5,930.9,817.4,947.55,832.45,0
160,5329,2246254,964.4,847.0,930.8,817.3,947.6,832.15,0
160,5330,2246255,964.8,846.6,930.7,817.2,947.75,831.9,0
160,5331,2246256,965.1,846.1,930.7,817.2,947.9,831.65,0
160,5332,2246257,965.4,845.8,930.7,817.3,948.05,831.55,0
160,5333,2246258,965.6,845.4,930.6,817.4,948.1,831.4,0
161,5334,2246259,965.9,845.1,930.6,817.6,948.25,831.35,0
161,5335,2246260,966.4,844.7,930.7,817.7,948.55,831.2,0
161,5336,2246261,966.7,844.6,930.9,817.9,948.8,831.25,0
161,5337,2246262,967.0,844.5,931.1,818.1,949.05,831.3,0
161,5338,2246263,967.2,844.4,931.4,818.3,949.3,831.35,0
161,5339,2246264,967.8,844.3,931.6,818.3,949.7,831.3,0
161,5340,2246265,968.4,844.4,931.7,818.2,950.05,831.3,0
161,5341,2246266,969.0,844.4,931.9,818.3,950.45,831.35,0
161,5342,2246267,969.2,844.4,932.0,818.3,950.6,831.35,0
161,5343,2246268,969.4,844.4,931.9,818.3,950.65,831.35,0
161,5344,2246269,969.2,844.5,931.7,818.3,950.45,831.4,0
161,5345,2246270,968.9,844.6,931.4,818.5,950.15,831.55,0
161,5346,2246271,968.3,844.9,931.0,818.7,949.65,831.8,0
161,5347,2246272,967.6,845.1,930.7,818.9,949.15,832.0,0
161,5348,2246273,966.9,845.4,930.1,819.0,948.5,832.2,0
161,5349,2246274,966.2,845.6,929.5,819.2,947.85,832.4,0
161,5350,2246275,965.4,845.8,928.9,819.4,947.15,832.6,0
161,5351,2246276,965.0,846.0,928.4,819.5,946.7,832.75,0
161,5352,2246277,964.5,846.1,928.0,819.7,946.25,832.9,0
161,5353,2246278,964.1,846.1,927.3,819.9,945.7,833.0,0
161,5354,2246279,963.4,846.1,926.6,820.3,945.0,833.2,0
161,5355,2246280,962.9,846.1,926.2,820.6,944.55,833.35,0
161,5356,2246281,962.4,846.1,925.5,821.0,943.95,833.55,0
161,5357,2246282,962.1,846.1,924.9,821.4,943.5,833.75,0
161,5358,2246283,961.9,846.1,924.3,821.8,943.1,833.95,0
161,5359,2246284,961.7,846.0,923.7,822.2,942.7,834.1,0
161,5360,2246285,961.5,845.8,923.4,822.3,942.45,834.05,0
161,5361,2246286,961.5,845.6,923.1,822.2,942.3,833.9,0
161,5362,2246287,961.5,845.3,922.9,821.6,942.2,833.45,0
161,5363,2246288,961.4,845.1,922.9,821.0,942.15,833.05,0
161,5364,2246289,961.4,844.6,922.9,820.3,942.15,832.45,0
161,5365,2246290,961.3,844.2,922.8,819.5,942.05,831.85,0
161,5366,2246291,961.2,843.4,922.8,818.8,942.0,831.1,0
162,5367,2246292,961.0,842.7,922.8,818.1,941.9,830.4,0
162,5368,2246293,960.9,842.0,922.6,817.4,941.75,829.7,0
162,5369,2246294,960.9,841.4,922.4,816.8,941.65,829.1,0
162,5370,2246295,960.9,840.8,922.1,816.3,941.5,828.55,0
162,5371,2246296,961.0,840.6,921.9,815.7,941.45,828.15,0
162,5372,2246297,961.1,840.5,921.6,815.2,941.35,827.85,0
162,5373,2246298,961.5,840.8,921.5,814.9,941.5,827.85,0
162,5374,2246299,962.0,841.0,921.4,814.6,941.7,827.8,0
162,5375,2246300,962.5,841.2,921.4,814.5,941.95,827.85,0
162,5376,2246301,962.9,841.3,921.6,814.6,942.25,827.95,0
162,5377,2246302,963.2,841.4,921.7,814.7,942.45,828.05,0
162,5378,2246303,963.5,841.4,921.8,814.9,942.65,828.15,0
162,5379,2246304,963.7,841.2,922.0,815.2,942.85,828.2,0
162,5380,2246305,963.8,841.5,922.0,815.5,942.9,828.5,0
162,5381,2246306,963.8,841.9,922.2,815.8,943.0,828.85,0
162,5382,2246307,963.8,842.2,922.4,816.0,943.1,829.1,0
162,5383,2246308,963.6,842.7,922.6,816.4,943.1,829.55,0
162,5384,2246309,963.3,843.1,922.7,816.7,943.0,829.9,0
162,5385,2246310,963.0,843.5,923.0,816.5,943.0,830.0,0
162,5386,2246311,962.7,843.9,923.2,815.8,942.95,829.85,0
162,5387,2246312,962.4,843.9,923.6,815.1,943.0,829.5,0
162,5388,2246313,962.0,843.8,923.9,814.4,942.95,829.1,0
162,5389,2246314,961.6,843.9,924.2,813.6,942.9,828.75,0
162,5390,2246315,961.4,844.1,924.3,812.7,942.85,828.4,0
162,5391,2246316,961.3,844.4,924.4,811.9,942.85,828.15,0
162,5392,2246317,960.9,844.7,924.4,811.5,942.65,828.1,0
162,5393,2246318,960.6,845.1,924.4,811.6,942.5,828.35,0
162,5394,2246319,960.4,845.5,924.0,811.6,942.2,828.55,0
162,5395,2246320,960.1,845.8,923.5,811.7,941.8,828.75,0
162,5396,2246321,959.8,846.1,923.1,811.8,941.45,828.95,0
162,5397,2246322,959.5,846.2,922.8,811.8,941.15,829.0,0
162,5398,2246323,959.1,846.0,922.5,812.1,940.8,829.05,0
162,5399,2246324,959.0,845.8,922.2,812.3,940.6,829.05,0
162,5400,2246325,958.8,845.4,921.9,812.5,940.35,828.95,0
163,5401,2246326,958.6,844.9,921.8,812.7,940.2,828.8,0
163,5402,2246327,958.5,844.4,921.6,812.7,940.05,828.55,0
163,5403,2246328,958.4,843.9,921.4,812.7,939.9,828.3,0
163,5404,2246329,958.4,843.4,921.1,812.7,939.75,828.05,0
163,5405,2246330,958.3,843.1,920.8,812.7,939.55,827.9,0
163,5406,2246331,958.3,842.7,920.6,812.8,939.45,827.75,0
163,5407,2246332,958.3,842.4,920.3,813.0,939.3,827.7,0
163,5408,2246333,958.3,842.1,920.1,813.3,939.2,827.7,0
163,5409,2246334,958.2,841.8,919.9,813.8,939.05,827.8,0
163,5410,2246335,958.1,841.5,919.8,814.2,938.95,827.85,0
163,5411,2246336,958.0,841.3,919.9,814.6,938.95,827.95,0
163,5412,2246337,958.0,841.1,920.0,814.9,939.0,828.0,0
163,5413,2246338,958.0,841.2,920.1,814.7,939.05,827.95,0
163,5414,2246339,958.0,841.3,920.2,814.6,939.1,827.95,0
163,5415,2246340,958.1,841.3,920.2,814.4,939.15,827.85,0
163,5416,2246341,958.3,841.5,920.3,814.2,939.3,827.85,0
163,5417,2246342,958.5,841.7,920.2,814.1,939.35,827.9,0
163,5418,2246343,958.7,841.8,920.1,814.0,939.4,827.9,0
163,5419,2246344,959.0,842.0,919.8,814.1,939.4,828.05,0
163,5420,2246345,959.2,842.0,919.5,814.2,939.35,828.1,0
163,5421,2246346,959.4,842.2,919.2,814.3,939.3,828.25,0
163,5422,2246347,959.4,842.4,918.9,814.4,939.15,828.4,0
163,5423,2246348,959.4,842.6,918.7,814.0,939.05,828.3,0
163,5424,2246349,959.3,843.0,918.4,813.6,938.85,828.3,0
163,5425,2246350,958.8,843.4,918.2,813.2,938.5,828.3,0
163,5426,2246351,958.2,843.9,918.1,812.7,938.15,828.3,0
163,5427,2246352,957.7,844.3,918.1,812.2,937.9,828.25,0
163,5428,2246353,957.1,844.7,918.0,811.8,937.55,828.25,0
163,5429,2246354,956.4,845.0,917.9,811.4,937.15,828.2,0
163,5430,2246355,955.7,845.3,917.9,811.4,936.8,828.35,0
163,5431,2246356,955.1,845.4,917.8,811.5,936.45,828.45,0
163,5432,2246357,954.9,845.5,917.8,811.5,936.35,828.5,0
163,5433,2246358,954.6,845.5,917.7,811.5,936.15,828.5,0
164,5434,2246359,954.4,845.5,917.6,811.5,936.0,828.5,0
164,5435,2246360,954.2,845.5,917.5,811.5,935.85,828.5,0
164,5436,2246361,954.0,845.5,917.3,811.2,935.65,828.35,0
164,5437,2246362,953.8,845.1,917.2,811.0,935.5,828.05,0
164,5438,2246363,953.6,844.8,917.0,810.7,935.3,827.75,0
164,5439,2246364,953.3,844.5,916.8,810.5,935.05,827.5,0
164,5440,2246365,953.0,844.3,916.6,810.2,934.8,827.25,0
164,5441,2246366,952.7,844.1,916.4,810.0,934.55,827.05,0
164,5442,2246367,952.5,843.9,916.2,809.8,934.35,826.85,0
164,5443,2246368,952.2,843.8,916.0,809.7,934.1,826.75,0
164,5444,2246369,952.0,843.9,915.8,809.5,933.9,826.7,0
164,5445,2246370,952.0,844.1,915.5,809.2,933.75,826.65,0
164,5446,2246371,951.8,843.9,915.4,808.9,933.6,826.4,0
164,5447,2246372,951.5,843.6,915.3,808.6,933.4,826.1,0
164,5448,2246373,951.3,843.3,915.6,808.3,933.45,825.8,0
164,5449,2246374,951.1,842.5,916.0,808.1,933.55,825.3,0
164,5450,2246375,950.8,841.7,916.4,807.9,933.6,824.8,0
164,5451,2246376,950.6,840.9,916.7,807.7,933.65,824.3,0
164,5452,2246377,950.4,840.1,917.1,807.7,933.75,823.9,0
164,5453,2246378,950.4,839.7,917.4,807.6,933.9,823.65,0
164,5454,2246379,950.4,839.3,917.6,807.4,934.0,823.35,0
164,5455,2246380,950.5,838.9,917.6,807.1,934.05,823.0,0
164,5456,2246381,950.4,839.0,917.2,806.9,933.8,822.95,0
164,5457,2246382,950.3,839.4,916.9,806.6,933.6,823.0,0
164,5458,2246383,950.3,839.8,916.5,806.4,933.4,823.1,0
164,5459,2246384,950.2,840.1,916.2,806.2,933.2,823.15,0
164,5460,2246385,950.1,840.4,915.9,806.0,933.0,823.2,0
164,5461,2246386,950.0,840.6,915.6,805.8,932.8,823.2,0
164,5462,2246387,950.0,841.0,915.1,805.3,932.55,823.15,0
164,5463,2246388,949.9,841.3,915.0,804.8,932.45,823.05,0
164,5464,2246389,949.9,841.7,914.6,804.1,932.25,822.9,0
164,5465,2246390,949.7,842.2,914.3,803.5,932.0,822.85,0
164,5466,2246391,949.4,842.8,913.9,802.9,931.65,822.85,0
165,5467,2246392,949.1,843.5,913.5,802.6,931.3,823.05,0
165,5468,2246393,948.7,844.3,913.2,802.3,930.95,823.3,0
165,5469,2246394,948.4,845.0,912.9,802.5,930.65,823.75,0
165,5470,2246395,948.0,845.6,912.6,802.5,930.3,824.05,0
165,5471,2246396,947.7,846.0,912.3,802.7,930.0,824.35,0
165,5472,2246397,947.5,846.3,912.0,802.8,929.75,824.55,0
165,5473,2246398,947.3,846.4,911.5,802.9,929.4,824.65,0
165,5474,2246399,947.0,846.7,911.1,802.8,929.05,824.75,0
165,5475,2246400,946.8,846.9,910.7,802.6,928.75,824.75,0
165,5476,2246401,946.4,847.1,910.4,802.4,928.4,824.75,0
165,5477,2246402,945.8,847.3,910.1,802.2,927.95,824.75,0
165,5478,2246403,945.2,847.5,909.9,802.0,927.55,824.75,0
165,5479,2246404,944.7,847.7,910.0,801.8,927.35,824.75,0
165,5480,2246405,944.1,847.9,910.2,801.6,927.15,824.75,0
165,5481,2246406,943.8,848.0,910.8,801.5,927.3,824.75,0
165,5482,2246407,943.4,848.1,911.5,801.4,927.45,824.75,0
165,5483,2246408,943.4,848.3,912.1,801.4,927.75,824.85,0
165,5484,2246409,943.6,848.3,912.6,801.5,928.1,824.9,0
165,5485,2246410,944.1,848.3,913.2,801.9,928.65,825.1,0
165,5486,2246411,944.8,848.2,913.7,802.0,929.25,825.1,0
165,5487,2246412,945.6,847.9,914.3,802.1,929.95,825.0,0
165,5488,2246413,946.7,847.6,914.8,801.4,930.75,824.5,0
165,5489,2246414,948.2,847.3,916.2,800.7,932.2,824.0,0
165,5490,2246415,951.0,846.6,918.3,800.0,934.65,823.3,0
165,5491,2246416,954.9,845.5,921.5,798.4,938.2,821.95,0
165,5492,2246417,960.3,844.0,926.0,796.5,943.15,820.25,0
165,5493,2246418,966.8,842.2,932.4,794.2,949.6,818.2,0
165,5494,2246419,975.0,839.0,941.5,789.4,958.25,814.2,0
165,5495,2246420,984.8,834.5,953.5,784.5,969.15,809.5,0
165,5496,2246421,996.8,828.3,967.8,778.9,982.3,803.6,0
165,5497,2246422,1009.5,821.5,984.2,770.4,996.85,795.95,0
165,5498,2246423,1023.1,813.4,1001.9,761.4,1012.5,787.4,0
165,5499,2246424,1037.2,804.8,1020.4,750.8,1028.8,777.8,0
165,5500,2246425,1052.0,795.8,1038.8,738.9,1045.4,767.35,0
166,5501,2246426,1066.2,786.7,1055.9,728.5,1061.05,757.6,0
166,5502,2246427,1079.8,777.6,1071.2,716.6,1075.5,747.1,0
166,5503,2246428,1091.7,768.2,1085.6,704.2,1088.65,736.2,0
166,5504,2246429,1102.5,758.8,1097.8,693.0,1100.15,725.9,0
166,5505,2246430,1112.2,749.2,1108.8,681.6,1110.5,715.4,0
166,5506,2246431,1120.3,739.3,1118.4,670.5,1119.35,704.9,0
166,5507,2246432,1126.8,728.6,1126.5,658.6,1126.65,693.6,0
166,5508,2246433,1132.9,718.2,1133.5,645.7,1133.2,681.95,0
166,5509,2246434,1137.8,708.6,1139.3,632.7,1138.55,670.65,0
166,5510,2246435,1141.7,700.4,1142.9,619.7,1142.3,660.05,0
166,5511,2246436,1144.8,692.4,1145.8,607.5,1145.3,649.95,0
166,5512,2246437,1146.7,685.5,1148.1,595.1,1147.4,640.3,0
166,5513,2246438,1148.1,679.3,1149.6,583.6,1148.85,631.45,0
166,5514,2246439,1148.8,673.8,1151.8,572.7,1150.3,623.25,0
166,5515,2246440,1149.4,669.5,1154.7,563.9,1152.05,616.7,0
166,5516,2246441,1150.4,664.8,1157.9,555.3,1154.15,610.05,0
166,5517,2246442,1151.5,660.7,1161.3,547.4,1156.4,604.05,0
166,5518,2246443,1153.2,657.2,1165.3,540.3,1159.25,598.75,0
166,5519,2246444,1155.1,654.4,1168.9,534.7,1162.0,594.55,0
166,5520,2246445,1157.1,651.8,1173.1,529.8,1165.1,590.8,0
166,5521,2246446,1159.2,650.1,1176.4,526.9,1167.8,588.5,0
166,5522,2246447,1160.7,648.4,1178.6,524.2,1169.65,586.3,0
166,5523,2246448,1161.7,648.6,1180.1,523.6,1170.9,586.1,0
166,5524,2246449,1162.5,648.8,1181.3,523.7,1171.9,586.25,0
166,5525,2246450,1162.7,649.5,1181.4,524.2,1172.05,586.85,0
166,5526,2246451,1162.8,650.4,1181.3,525.1,1172.05,587.75,0
166,5527,2246452,1162.4,652.1,1180.2,526.9,1171.3,589.5,0
166,5528,2246453,1161.9,653.8,1178.7,528.9,1170.3,591.35,0
166,5529,2246454,1161.4,655.9,1177.3,530.9,1169.35,593.4,0
166,5530,2246455,1160.9,657.1,1175.9,532.9,1168.4,595.0,0
166,5531,2246456,1160.4,658.2,1174.4,535.5,1167.4,596.85,0
166,5532,2246457,1159.8,658.9,1173.2,537.7,1166.5,598.3,0
166,5533,2246458,1159.2,659.4,1172.1,539.5,1165.65,599.45,0
167,5534,2246459,1158.9,659.2,1171.3,540.4,1165.1,599.8,0
167,5535,2246460,1158.7,658.6,1170.9,541.3,1164.8,599.95,0
167,5536,2246461,1158.5,657.5,1170.4,542.0,1164.45,599.75,0
167,5537,2246462,1158.5,656.4,1170.0,542.6,1164.25,599.5,0
167,5538,2246463,1158.6,655.1,1169.9,542.6,1164.25,598.85,0
167,5539,2246464,1158.7,654.0,1169.9,542.7,1164.3,598.35,0
167,5540,2246465,1159.0,652.9,1170.0,542.7,1164.5,597.8,0
167,5541,2246466,1159.2,652.3,1170.2,542.7,1164.7,597.5,0
167,5542,2246467,1159.4,652.1,1170.4,542.7,1164.9,597.4,0
167,5543,2246468,1159.7,652.2,1170.7,542.6,1165.2,597.4,0
167,5544,2246469,1159.7,652.3,1170.9,542.7,1165.3,597.5,0
167,5545,2246470,1159.8,652.6,1171.1,542.9,1165.45,597.75,0
167,5546,2246471,1159.6,652.9,1171.4,543.2,1165.5,598.05,0
167,5547,2246472,1159.4,653.2,1171.8,543.6,1165.6,598.4,0
167,5548,2246473,1159.1,653.4,1172.1,544.3,1165.6,598.85,0
167,5549,2246474,1158.9,653.5,1172.4,545.0,1165.65,599.25,0
167,5550,2246475,1158.6,653.5,1172.5,545.6,1165.55,599.55,0
167,5551,2246476,1158.3,654.0,1172.7,546.2,1165.5,600.1,0
167,5552,2246477,1158.0,654.5,1172.8,546.7,1165.4,600.6,0
167,5553,2246478,1157.8,655.0,1172.2,547.1,1165.0,601.05,0
167,5554,2246479,1157.8,655.5,1171.4,547.4,1164.6,601.45,0
167,5555,2246480,1157.8,656.0,1170.6,547.4,1164.2,601.7,0
167,5556,2246481,1157.8,656.6,1169.8,547.5,1163.8,602.05,0
167,5557,2246482,1157.7,657.2,1169.1,547.6,1163.4,602.4,0
167,5558,2246483,1157.7,657.3,1168.4,547.8,1163.05,602.55,0
167,5559,2246484,1157.7,657.5,1167.8,548.4,1162.75,602.95,0
167,5560,2246485,1157.6,657.6,1167.7,549.0,1162.65,603.3,0
167,5561,2246486,1157.6,657.7,1167.7,549.7,1162.65,603.7,0
167,5562,2246487,1157.5,657.8,1167.7,550.3,1162.6,604.05,0
167,5563,2246488,1157.4,657.8,1167.8,550.9,1162.6,604.35,0
167,5564,2246489,1157.3,657.7,1167.8,551.3,1162.55,604.5,0
167,5565,2246490,1157.2,657.5,1167.8,551.8,1162.5,604.65,0
167,5566,2246491,1157.0,657.3,1167.6,551.9,1162.3,604.6,0
168,5567,2246492,1156.9,657.2,1167.3,552.1,1162.1,604.65,0
168,5568,2246493,1156.9,657.0,1167.0,552.2,1161.95,604.6,0
168,5569,2246494,1156.9,656.9,1166.7,552.3,1161.8,604.6,0
168,5570,2246495,1156.9,656.7,1166.2,552.5,1161.55,604.6,0
168,5571,2246496,1157.0,656.6,1165.5,552.5,1161.25,604.55,0
168,5572,2246497,1157.1,656.5,1164.7,552.4,1160.9,604.45,0
168,5573,2246498,1157.2,656.4,1164.2,552.3,1160.7,604.35,0
168,5574,2246499,1157.2,656.3,1163.7,552.0,1160.45,604.15,0
168,5575,2246500,1157.2,656.2,1163.1,551.7,1160.15,603.95,0
168,5576,2246501,1157.1,656.5,1162.6,551.5,1159.85,604.0,0
168,5577,2246502,1157.0,656.8,1162.3,551.5,1159.65,604.15,0
168,5578,2246503,1156.9,657.1,1162.1,551.6,1159.5,604.35,0
168,5579,2246504,1156.9,657.5,1161.7,551.7,1159.3,604.6,0
168,5580,2246505,1156.9,658.0,1161.4,551.8,1159.15,604.9,0
168,5581,2246506,1156.8,658.5,1161.1,552.0,1158.95,605.25,0
168,5582,2246507,1156.7,659.1,1160.8,552.1,1158.75,605.6,0
168,5583,2246508,1156.6,659.2,1160.5,552.3,1158.55,605.75,0
168,5584,2246509,1156.5,659.4,1160.2,552.4,1158.35,605.9,0
168,5585,2246510,1156.5,659.6,1159.5,552.5,1158.0,606.05,0
168,5586,2246511,1156.3,659.8,1159.0,552.5,1157.65,606.15,0
168,5587,2246512,1156.2,660.0,1158.5,552.7,1157.35,606.35,0
168,5588,2246513,1156.1,660.3,1158.0,552.9,1157.05,606.6,0
168,5589,2246514,1156.1,660.6,1157.6,553.5,1156.85,607.05,0
168,5590,2246515,1156.2,661.1,1157.2,553.9,1156.7,607.5,0
168,5591,2246516,1156.2,661.6,1156.8,554.4,1156.5,608.0,0
168,5592,2246517,1156.2,662.2,1156.8,554.8,1156.5,608.5,0
168,5593,2246518,1156.2,662.7,1156.8,555.3,1156.5,609.0,0
168,5594,2246519,1156.3,663.1,1156.8,555.6,1156.55,609.35,0
168,5595,2246520,1156.3,663.4,1156.7,555.8,1156.5,609.6,0
168,5596,2246521,1156.4,663.7,1156.6,555.7,1156.5,609.7,0
168,5597,2246522,1156.4,663.8,1156.2,555.7,1156.3,609.75,0
168,5598,2246523,1156.4,663.7,1155.7,555.6,1156.05,609.65,0
168,5599,2246524,1156.3,663.7,1155.3,555.6,1155.8,609.65,0
168,5600,2246525,1156.2,663.7,1154.8,555.7,1155.5,609.7,0
169,5601,2246526,1156.1,663.6,1154.3,555.8,1155.2,609.7,0
169,5602,2246527,1156.0,663.5,1153.7,556.0,1154.85,609.75,0
169,5603,2246528,1155.8,663.4,1153.0,556.0,1154.4,609.7,0
169,5604,2246529,1155.5,663.3,1152.6,556.0,1154.05,609.65,0
169,5605,2246530,1155.2,663.3,1152.3,555.9,1153.75,609.6,0
169,5606,2246531,1154.9,663.2,1151.9,555.8,1153.4,609.5,0
169,5607,2246532,1154.6,663.2,1151.5,555.8,1153.05,609.5,0
169,5608,2246533,1154.3,663.4,1151.2,555.9,1152.75,609.65,0
169,5609,2246534,1154.0,663.5,1150.9,556.1,1152.45,609.8,0
169,5610,2246535,1153.7,663.6,1150.8,556.3,1152.25,609.95,0
169,5611,2246536,1153.5,663.8,1150.4,556.5,1151.95,610.15,0
169,5612,2246537,1153.4,664.1,1149.9,556.7,1151.65,610.4,0
169,5613,2246538,1153.1,664.3,1149.4,556.9,1151.25,610.6,0
169,5614,2246539,1152.8,664.5,1148.8,557.1,1150.8,610.8,0
169,5615,2246540,1152.6,664.6,1148.3,557.0,1150.45,610.8,0
169,5616,2246541,1152.3,664.6,1147.7,557.0,1150.0,610.8,0
169,5617,2246542,1151.9,664.8,1147.1,556.9,1149.5,610.85,0
169,5618,2246543,1151.6,664.9,1146.7,557.2,1149.15,611.05,0
169,5619,2246544,1151.2,664.9,1146.4,557.5,1148.8,611.2,0
169,5620,2246545,1151.0,664.7,1146.1,557.9,1148.55,611.3,0
169,5621,2246546,1150.8,664.5,1145.9,558.3,1148.35,611.4,0
169,5622,2246547,1150.7,664.3,1145.6,558.7,1148.15,611.5,0
169,5623,2246548,1150.6,664.3,1145.1,559.1,1147.85,611.7,0
169,5624,2246549,1150.6,664.3,1144.5,559.5,1147.55,611.9,0
169,5625,2246550,1150.6,664.2,1144.1,559.5,1147.35,611.85,0
169,5626,2246551,1150.6,664.2,1143.7,559.4,1147.15,611.8,0
169,5627,2246552,1150.5,664.4,1143.3,559.3,1146.9,611.85,0
169,5628,2246553,1150.4,664.9,1142.9,559.3,1146.65,612.1,0
169,5629,2246554,1150.2,665.3,1142.5,559.2,1146.35,612.25,0
169,5630,2246555,1150.1,665.5,1142.4,559.1,1146.25,612.3,0
169,5631,2246556,1149.8,665.8,1142.3,559.0,1146.05,612.4,0
169,5632,2246557,1149.5,666.0,1142.2,559.0,1145.85,612.5,0
169,5633,2246558,1149.2,666.3,1142.1,559.0,1145.65,612.65,0
170,5634,2246559,1148.9,666.5,1142.1,559.0,1145.5,612.75,0
170,5635,2246560,1148.7,666.5,1141.8,558.9,1145.25,612.7,0
170,5636,2246561,1148.5,666.6,1141.6,558.8,1145.05,612.7,0
170,5637,2246562,1148.2,666.7,1141.3,558.6,1144.75,612.65,0
170,5638,2246563,1148.2,666.8,1141.1,558.5,1144.65,612.65,0
170,5639,2246564,1148.1,666.9,1140.7,558.5,1144.4,612.7,0
170,5640,2246565,1148.1,667.0,1140.3,558.4,1144.2,612.7,0
170,5641,2246566,1148.0,667.1,1139.9,558.3,1143.95,612.7,0
170,5642,2246567,1148.0,667.1,1139.8,558.3,1143.9,612.7,0
170,5643,2246568,1147.9,666.9,1139.6,558.3,1143.75,612.6,0
170,5644,2246569,1147.8,666.8,1139.5,558.3,1143.65,612.55,0
170,5645,2246570,1147.7,666.5,1139.4,558.3,1143.55,612.4,0
170,5646,2246571,1147.7,666.3,1139.4,558.3,1143.55,612.3,0
170,5647,2246572,1147.6,666.1,1139.5,558.3,1143.55,612.2,0
170,5648,2246573,1147.4,665.9,1139.6,558.2,1143.5,612.05,0
170,5649,2246574,1147.3,665.8,1139.7,558.1,1143.5,611.95,0
170,5650,2246575,1147.1,665.7,1139.7,558.0,1143.4,611.85,0
170,5651,2246576,1147.0,665.7,1139.7,557.9,1143.35,611.8,0
170,5652,2246577,1146.8,665.6,1139.7,557.9,1143.25,611.75,0
170,5653,2246578,1146.5,665.5,1139.3,558.0,1142.9,611.75,0
170,5654,2246579,1146.3,665.4,1139.0,558.1,1142.65,611.75,0
170,5655,2246580,1146.0,665.3,1138.7,558.3,1142.35,611.8,0
170,5656,2246581,1145.8,665.3,1138.5,558.4,1142.15,611.85,0
170,5657,2246582,1145.6,665.2,1138.3,558.4,1141.95,611.8,0
170,5658,2246583,1145.3,665.1,1138.2,558.3,1141.75,611.7,0
170,5659,2246584,1145.2,665.0,1138.2,558.1,1141.7,611.55,0
170,5660,2246585,1145.1,665.0,1138.3,557.8,1141.7,611.4,0
170,5661,2246586,1145.0,664.9,1138.4,557.5,1141.7,611.2,0
170,5662,2246587,1144.9,664.8,1138.5,557.2,1141.7,611.0,0
170,5663,2246588,1144.8,664.7,1138.4,556.9,1141.6,610.8,0
170,5664,2246589,1144.8,664.6,1138.3,556.8,1141.55,610.7,0
170,5665,2246590,1144.8,664.6,1138.2,556.7,1141.5,610.65,0
170,5666,2246591,1144.8,664.4,1138.1,557.0,1141.45,610.7,0
171,5667,2246592,1144.7,664.2,1138.1,557.3,1141.4,610.75,0
171,5668,2246593,1144.7,664.0,1138.0,557.6,1141.35,610.8,0
171,5669,2246594,1144.7,663.8,1137.9,558.1,1141.3,610.95,0
171,5670,2246595,1144.6,663.6,1137.8,558.5,1141.2,611.05,0
171,5671,2246596,1144.6,663.4,1137.6,558.9,1141.1,611.15,0
171,5672,2246597,1144.6,663.3,1137.4,559.4,1141.0,611.35,0
171,5673,2246598,1144.7,663.4,1137.2,559.5,1140.95,611.45,0
171,5674,2246599,1144.7,663.5,1137.0,559.5,1140.85,611.5,0
171,5675,2246600,1144.6,663.9,1136.6,559.6,1140.6,611.75,0
171,5676,2246601,1144.5,664.3,1136.3,559.6,1140.4,611.95,0
171,5677,2246602,1144.3,664.7,1136.0,559.8,1140.15,612.25,0
171,5678,2246603,1144.2,665.1,1135.9,559.9,1140.05,612.5,0
171,5679,2246604,1144.0,665.5,1135.7,560.0,1139.85,612.75,0
171,5680,2246605,1143.9,665.8,1135.5,560.1,1139.7,612.95,0
171,5681,2246606,1143.9,665.9,1135.4,560.5,1139.65,613.2,0
171,5682,2246607,1143.9,665.8,1135.5,560.8,1139.7,613.3,0
171,5683,2246608,1144.0,665.6,1135.5,561.1,1139.75,613.35,0
171,5684,2246609,1144.1,665.3,1135.6,561.5,1139.85,613.4,0
171,5685,2246610,1144.2,665.1,1135.8,561.9,1140.0,613.5,0
171,5686,2246611,1144.4,665.0,1136.0,562.3,1140.2,613.65,0
171,5687,2246612,1144.5,665.0,1136.1,562.7,1140.3,613.85,0
171,5688,2246613,1144.5,665.0,1136.3,563.0,1140.4,614.0,0
171,5689,2246614,1144.6,665.2,1136.4,563.3,1140.5,614.25,0
171,5690,2246615,1144.6,665.5,1136.4,563.7,1140.5,614.6,0
171,5691,2246616,1144.6,665.8,1136.4,564.0,1140.5,614.9,0
171,5692,2246617,1144.6,666.2,1136.2,564.3,1140.4,615.25,0
171,5693,2246618,1144.8,666.4,1136.1,564.7,1140.45,615.55,0
171,5694,2246619,1144.9,666.5,1136.0,565.1,1140.45,615.8,0
171,5695,2246620,1145.0,666.7,1136.0,565.5,1140.5,616.1,0
171,5696,2246621,1145.1,666.7,1136.0,565.9,1140.55,616.3,0
171,5697,2246622,1145.2,666.5,1136.2,566.4,1140.7,616.45,0
171,5698,2246623,1145.2,665.9,1136.4,566.8,1140.8,616.35,0
171,5699,2246624,1145.0,665.1,1136.6,567.3,1140.8,616.2,0
171,5700,2246625,1144.8,664.4,1136.8,567.7,1140.8,616.05,0
172,5701,2246626,1144.6,663.7,1137.1,568.1,1140.85,615.9,0
172,5702,2246627,1144.3,663.0,1137.3,568.5,1140.8,615.75,0
172,5703,2246628,1144.1,662.3,1137.6,568.9,1140.85,615.6,0
172,5704,2246629,1143.9,661.7,1137.8,569.2,1140.85,615.45,0
172,5705,2246630,1143.7,661.5,1137.9,569.6,1140.8,615.55,0
172,5706,2246631,1143.7,661.3,1138.0,570.1,1140.85,615.7,0
172,5707,2246632,1143.6,661.1,1138.1,570.7,1140.85,615.9,0
172,5708,2246633,1143.6,660.9,1138.1,571.4,1140.85,616.15,0
172,5709,2246634,1143.6,660.7,1138.1,571.9,1140.85,616.3,0
172,5710,2246635,1143.6,660.5,1138.0,572.4,1140.8,616.45,0
172,5711,2246636,1143.6,660.3,1137.8,572.9,1140.7,616.6,0
172,5712,2246637,1143.7,660.3,1137.6,573.2,1140.65,616.75,0
172,5713,2246638,1143.7,660.3,1137.3,573.2,1140.5,616.75,0
172,5714,2246639,1143.6,660.3,1137.1,573.0,1140.35,616.65,0
172,5715,2246640,1143.6,660.2,1137.0,572.9,1140.3,616.55,0
172,5716,2246641,1143.5,660.1,1137.0,572.6,1140.25,616.35,0
172,5717,2246642,1143.4,660.0,1137.0,572.2,1140.2,616.1,0
172,5718,2246643,1143.3,659.7,1137.1,571.7,1140.2,615.7,0
172,5719,2246644,1143.2,659.3,1137.3,571.2,1140.25,615.25,0
172,5720,2246645,1143.1,658.8,1137.6,570.7,1140.35,614.75,0
172,5721,2246646,1143.0,658.4,1137.8,570.1,1140.4,614.25,0
172,5722,2246647,1143.0,657.6,1138.0,569.3,1140.5,613.45,0
172,5723,2246648,1143.1,656.7,1138.2,568.6,1140.65,612.65,0
172,5724,2246649,1143.2,655.9,1138.4,568.1,1140.8,612.0,0
172,5725,2246650,1143.2,655.0,1138.5,567.6,1140.85,611.3,0
172,5726,2246651,1143.4,654.4,1138.7,566.9,1141.05,610.65,0
172,5727,2246652,1143.5,653.8,1138.9,566.4,1141.2,610.1,0
172,5728,2246653,1143.5,653.2,1139.2,565.8,1141.35,609.5,0
172,5729,2246654,1143.6,652.9,1139.5,565.1,1141.55,609.0,0
172,5730,2246655,1143.6,652.8,1139.9,564.6,1141.75,608.7,0
172,5731,2246656,1143.6,652.9,1140.2,563.9,1141.9,608.4,0
172,5732,2246657,1143.6,653.1,1140.5,563.1,1142.05,608.1,0
172,5733,2246658,1143.5,653.4,1140.8,562.6,1142.15,608.0,0
173,5734,2246659,1143.5,653.6,1141.0,562.0,1142.25,607.8,0
173,5735,2246660,1143.6,653.9,1141.0,561.3,1142.3,607.6,0
173,5736,2246661,1143.7,654.1,1141.0,560.7,1142.35,607.4,0
173,5737,2246662,1143.9,654.3,1140.9,559.5,1142.4,606.9,0
173,5738,2246663,1144.1,654.3,1140.9,558.0,1142.5,606.15,0
173,5739,2246664,1144.2,654.4,1140.8,556.6,1142.5,605.5,0
173,5740,2246665,1144.4,654.3,1140.8,555.2,1142.6,604.75,0
173,5741,2246666,1144.5,654.2,1140.8,553.8,1142.65,604.0,0
173,5742,2246667,1144.6,654.2,1140.7,552.8,1142.65,603.5,0
173,5743,2246668,1144.5,654.1,1140.7,551.7,1142.6,602.9,0
173,5744,2246669,1144.3,654.1,1140.7,551.0,1142.5,602.55,0
173,5745,2246670,1144.2,654.1,1140.6,550.7,1142.4,602.4,0
173,5746,2246671,1144.1,654.1,1140.6,550.4,1142.35,602.25,0
173,5747,2246672,1144.1,654.2,1140.7,550.1,1142.4,602.15,0
173,5748,2246673,1144.0,654.1,1140.7,549.3,1142.35,601.7,0
173,5749,2246674,1144.0,654.0,1140.8,548.5,1142.4,601.25,0
173,5750,2246675,1144.0,653.9,1141.0,547.7,1142.5,600.8,0
173,5751,2246676,1144.1,653.8,1141.2,546.9,1142.65,600.35,0
173,5752,2246677,1144.2,653.7,1141.4,546.1,1142.8,599.9,0
173,5753,2246678,1144.3,653.5,1141.7,545.3,1143.0,599.4,0
173,5754,2246679,1144.5,653.3,1142.0,544.0,1143.25,598.65,0
173,5755,2246680,1144.8,653.1,1142.3,543.3,1143.55,598.2,0
173,5756,2246681,1145.1,652.9,1142.5,542.5,1143.8,597.7,0
173,5757,2246682,1145.4,652.7,1142.7,541.7,1144.05,597.2,0
173,5758,2246683,1145.8,652.5,1142.9,541.3,1144.35,596.9,0
173,5759,2246684,1146.0,652.6,1143.1,540.8,1144.55,596.7,0
173,5760,2246685,1146.2,652.7,1143.3,540.7,1144.75,596.7,0
173,5761,2246686,1146.3,652.8,1143.4,540.9,1144.85,596.85,0
173,5762,2246687,1146.3,652.9,1143.5,541.2,1144.9,597.05,0
173,5763,2246688,1146.4,653.0,1143.7,541.5,1145.05,597.25,0
173,5764,2246689,1146.6,653.0,1143.9,541.8,1145.25,597.4,0
173,5765,2246690,1146.8,653.1,1143.9,542.1,1145.35,597.6,0
173,5766,2246691,1147.0,652.9,1143.9,542.2,1145.45,597.55,0
174,5767,2246692,1147.2,652.8,1143.9,542.0,1145.55,597.4,0
174,5768,2246693,1147.3,652.6,1143.9,541.8,1145.6,597.2,0
174,5769,2246694,1147.4,652.5,1143.8,541.6,1145.6,597.05,0
174,5770,2246695,1147.5,652.4,1143.8,541.4,1145.65,596.9,0
174,5771,2246696,1147.3,652.3,1143.7,541.3,1145.5,596.8,0
174,5772,2246697,1147.2,652.3,1143.6,541.1,1145.4,596.7,0
174,5773,2246698,1147.0,652.4,1143.6,541.1,1145.3,596.75,0
174,5774,2246699,1146.9,652.5,1143.5,541.3,1145.2,596.9,0
174,5775,2246700,1146.8,652.8,1143.4,541.6,1145.1,597.2,0
174,5776,2246701,1146.6,653.0,1143.4,542.0,1145.0,597.5,0
174,5777,2246702,1146.5,653.3,1143.5,542.6,1145.0,597.95,0
174,5778,2246703,1146.4,653.6,1143.5,543.4,1144.95,598.5,0
174,5779,2246704,1146.3,653.7,1143.5,544.4,1144.9,599.05,0
174,5780,2246705,1146.1,653.8,1143.5,545.3,1144.8,599.55,0
174,5781,2246706,1146.1,654.0,1143.6,546.2,1144.85,600.1,0
174,5782,2246707,1146.0,653.9,1143.4,547.1,1144.7,600.5,0
174,5783,2246708,1146.1,653.9,1143.2,547.9,1144.65,600.9,0
174,5784,2246709,1146.1,653.8,1142.9,548.3,1144.5,601.05,0
174,5785,2246710,1146.2,653.7,1142.6,548.3,1144.4,601.0,0
174,5786,2246711,1146.2,653.6,1142.4,548.1,1144.3,600.85,0
174,5787,2246712,1146.3,653.6,1142.2,547.8,1144.25,600.7,0
174,5788,2246713,1146.3,653.5,1142.1,547.4,1144.2,600.45,0
174,5789,2246714,1146.4,653.5,1142.2,546.9,1144.3,600.2,0
174,5790,2246715,1146.5,653.5,1142.3,546.5,1144.4,600.0,0
174,5791,2246716,1146.6,653.5,1142.5,546.3,1144.55,599.9,0
174,5792,2246717,1146.7,653.6,1142.7,546.1,1144.7,599.85,0
174,5793,2246718,1146.8,653.6,1143.0,546.1,1144.9,599.85,0
174,5794,2246719,1146.9,653.7,1143.3,546.3,1145.1,600.0,0
174,5795,2246720,1146.9,653.7,1143.5,546.5,1145.2,600.1,0
174,5796,2246721,1147.0,653.8,1143.8,546.8,1145.4,600.3,0
174,5797,2246722,1146.9,653.9,1144.0,547.1,1145.45,600.5,0
174,5798,2246723,1146.8,654.3,1144.1,547.4,1145.45,600.85,0
174,5799,2246724,1146.7,654.7,1144.2,547.6,1145.45,601.15,0
174,5800,2246725,1146.5,655.2,1144.1,547.8,1145.3,601.5,0
175,5801,2246726,1146.5,655.6,1144.1,547.7,1145.3,601.65,0
175,5802,2246727,1146.5,655.9,1144.1,547.7,1145.3,601.8,0
175,5803,2246728,1146.5,655.9,1144.1,547.6,1145.3,601.75,0
175,5804,2246729,1146.6,655.9,1144.1,547.6,1145.35,601.75,0
175,5805,2246730,1146.7,655.5,1144.1,547.6,1145.4,601.55,0
175,5806,2246731,1146.7,655.2,1144.1,547.8,1145.4,601.5,0
175,5807,2246732,1146.7,655.0,1144.0,547.9,1145.35,601.45,0
175,5808,2246733,1146.7,654.9,1144.0,547.9,1145.35,601.4,0
175,5809,2246734,1146.6,654.8,1144.0,548.0,1145.3,601.4,0
175,5810,2246735,1146.5,655.0,1143.9,548.2,1145.2,601.6,0
175,5811,2246736,1146.4,655.1,1143.9,548.3,1145.15,601.7,0
175,5812,2246737,1146.3,655.3,1143.8,548.3,1145.05,601.8,0
175,5813,2246738,1146.3,655.5,1143.8,548.3,1145.05,601.9,0
175,5814,2246739,1146.3,655.5,1143.8,548.4,1145.05,601.95,0
175,5815,2246740,1146.2,655.4,1143.8,548.4,1145.0,601.9,0
175,5816,2246741,1146.2,655.3,1143.8,548.5,1145.0,601.9,0
175,5817,2246742,1146.2,655.2,1143.8,548.5,1145.0,601.85,0
175,5818,2246743,1146.2,655.1,1143.9,548.6,1145.05,601.85,0
175,5819,2246744,1146.2,655.0,1144.1,548.6,1145.15,601.8,0
175,5820,2246745,1146.2,654.9,1144.3,548.6,1145.25,601.75,0
175,5821,2246746,1146.3,654.8,1144.5,548.6,1145.4,601.7,0
175,5822,2246747,1146.4,654.7,1144.7,548.6,1145.55,601.65,0
175,5823,2246748,1146.5,654.5,1144.8,548.5,1145.65,601.5,0
175,5824,2246749,1146.7,654.2,1145.0,548.3,1145.85,601.25,0
175,5825,2246750,1146.7,653.9,1145.0,548.0,1145.85,600.95,0
175,5826,2246751,1146.7,653.5,1145.0,547.8,1145.85,600.65,0
175,5827,2246752,1146.8,653.2,1144.9,547.6,1145.85,600.4,0
175,5828,2246753,1146.6,653.0,1144.8,547.3,1145.7,600.15,0
175,5829,2246754,1146.5,652.7,1144.8,547.1,1145.65,599.9,0
175,5830,2246755,1146.3,652.6,1144.9,547.0,1145.6,599.8,0
175,5831,2246756,1146.2,652.5,1145.0,547.0,1145.6,599.75,0
175,5832,2246757,1146.1,652.5,1145.2,547.1,1145.65,599.8,0
175,5833,2246758,1146.0,652.3,1145.4,547.1,1145.7,599.7,0
176,5834,2246759,1145.9,652.0,1145.6,547.2,1145.75,599.6,0
176,5835,2246760,1145.8,651.7,1145.7,547.2,1145.75,599.45,0
176,5836,2246761,1145.7,651.5,1145.7,547.3,1145.7,599.4,0
176,5837,2246762,1145.7,651.3,1145.6,547.4,1145.65,599.35,0
176,5838,2246763,1145.7,651.1,1145.4,547.4,1145.55,599.25,0
176,5839,2246764,1145.7,651.0,1145.2,547.4,1145.45,599.2,0
176,5840,2246765,1145.8,651.0,1145.1,547.4,1145.45,599.2,0
176,5841,2246766,1145.9,651.1,1144.9,547.4,1145.4,599.25,0
176,5842,2246767,1146.0,651.2,1144.8,547.4,1145.4,599.3,0
176,5843,2246768,1146.1,651.2,1144.7,547.4,1145.4,599.3,0
176,5844,2246769,1146.2,651.2,1144.8,547.3,1145.5,599.25,0
176,5845,2246770,1146.2,651.2,1144.9,547.3,1145.55,599.25,0
176,5846,2246771,1146.0,651.2,1145.1,547.3,1145.55,599.25,0
176,5847,2246772,1145.8,651.1,1145.2,547.3,1145.5,599.2,0
176,5848,2246773,1145.6,651.0,1145.4,547.2,1145.5,599.1,0
176,5849,2246774,1145.3,650.9,1145.6,547.0,1145.45,598.95,0
176,5850,2246775,1145.1,650.9,1145.8,546.9,1145.45,598.9,0
176,5851,2246776,1144.9,650.8,1146.0,546.8,1145.45,598.8,0
176,5852,2246777,1144.8,650.8,1146.1,546.9,1145.45,598.85,0
176,5853,2246778,1144.8,650.9,1146.1,546.9,1145.45,598.9,0
176,5854,2246779,1144.7,650.9,1146.2,546.9,1145.45,598.9,0
176,5855,2246780,1144.6,650.9,1146.2,547.0,1145.4,598.95,0
176,5856,2246781,1144.5,650.9,1146.2,547.1,1145.35,599.0,0
176,5857,2246782,1144.4,651.0,1146.2,547.3,1145.3,599.15,0
176,5858,2246783,1144.3,651.1,1146.1,547.5,1145.2,599.3,0
176,5859,2246784,1144.1,651.1,1146.1,547.6,1145.1,599.35,0
176,5860,2246785,1143.9,651.0,1146.0,547.7,1144.95,599.35,0
176,5861,2246786,1143.8,650.9,1145.9,547.8,1144.85,599.35,0
176,5862,2246787,1143.7,650.8,1145.7,547.9,1144.7,599.35,0
176,5863,2246788,1143.6,650.8,1145.6,548.0,1144.6,599.4,0
176,5864,2246789,1143.5,650.6,1145.5,548.0,1144.5,599.3,0
176,5865,2246790,1143.5,650.3,1145.3,548.1,1144.4,599.2,0
176,5866,2246791,1143.5,650.1,1145.2,548.1,1144.35,599.1,0
177,5867,2246792,1143.5,649.9,1145.0,548.1,1144.25,599.0,0
177,5868,2246793,1143.5,649.7,1144.8,548.2,1144.15,598.95,0
177,5869,2246794,1143.5,649.5,1144.6,548.4,1144.05,598.95,0
177,5870,2246795,1143.6,649.3,1144.4,548.6,1144.0,598.95,0
177,5871,2246796,1143.6,649.3,1144.2,548.9,1143.9,599.1,0
177,5872,2246797,1143.6,649.2,1144.2,549.2,1143.9,599.2,0
177,5873,2246798,1143.6,649.1,1144.4,549.5,1144.0,599.3,0
177,5874,2246799,1143.6,649.1,1144.8,549.8,1144.2,599.45,0
177,5875,2246800,1143.6,649.1,1145.2,549.9,1144.4,599.5,0
177,5876,2246801,1143.7,649.2,1145.7,549.7,1144.7,599.45,0
177,5877,2246802,1143.7,649.2,1146.1,549.3,1144.9,599.25,0
177,5878,2246803,1143.7,649.2,1146.3,548.9,1145.0,599.05,0
177,5879,2246804,1143.8,649.3,1146.3,548.5,1145.05,598.9,0
177,5880,2246805,1143.8,649.3,1146.2,548.1,1145.0,598.7,0
177,5881,2246806,1143.8,649.2,1145.9,547.6,1144.85,598.4,0
177,5882,2246807,1144.0,649.1,1145.6,547.3,1144.8,598.2,0
177,5883,2246808,1144.1,648.9,1145.4,547.2,1144.75,598.05,0
177,5884,2246809,1144.1,648.6,1145.2,547.2,1144.65,597.9,0
177,5885,2246810,1144.2,648.3,1145.2,547.2,1144.7,597.75,0
177,5886,2246811,1144.3,648.0,1145.3,547.2,1144.8,597.6,0
177,5887,2246812,1144.4,648.2,1145.3,547.2,1144.85,597.7,0
177,5888,2246813,1144.5,648.4,1145.4,547.3,1144.95,597.85,0
177,5889,2246814,1144.5,648.6,1145.4,547.3,1144.95,597.95,0
177,5890,2246815,1144.5,648.5,1145.3,547.4,1144.9,597.95,0
177,5891,2246816,1144.6,648.6,1145.1,547.4,1144.85,598.0,0
177,5892,2246817,1144.5,648.6,1144.9,547.4,1144.7,598.0,0
177,5893,2246818,1144.4,648.7,1144.7,547.4,1144.55,598.05,0
177,5894,2246819,1144.3,648.4,1144.5,547.3,1144.4,597.85,0
177,5895,2246820,1144.3,648.0,1144.3,547.1,1144.3,597.55,0
177,5896,2246821,1144.2,647.6,1144.1,546.5,1144.15,597.05,0
177,5897,2246822,1144.2,647.6,1144.0,545.9,1144.1,596.75,0
177,5898,2246823,1144.2,647.6,1144.0,545.2,1144.1,596.4,0
177,5899,2246824,1144.3,647.5,1144.0,544.7,1144.15,596.1,0
177,5900,2246825,1144.4,647.4,1144.0,544.3,1144.2,595.85,0
178,5901,2246826,1144.5,647.3,1144.0,544.1,1144.25,595.7,0
178,5902,2246827,1144.7,647.2,1143.9,543.8,1144.3,595.5,0
178,5903,2246828,1144.8,647.0,1143.8,544.1,1144.3,595.55,0
178,5904,2246829,1144.8,646.9,1143.7,544.4,1144.25,595.65,0
178,5905,2246830,1144.6,646.8,1143.6,544.7,1144.1,595.75,0
178,5906,2246831,1144.2,646.7,1143.5,544.9,1143.85,595.8,0
178,5907,2246832,1143.9,646.7,1143.4,544.9,1143.65,595.8,0
178,5908,2246833,1143.6,646.7,1143.3,545.0,1143.45,595.85,0
178,5909,2246834,1143.3,646.7,1143.3,545.0,1143.3,595.85,0
178,5910,2246835,1143.1,646.9,1143.3,544.5,1143.2,595.7,0
178,5911,2246836,1143.0,647.1,1143.3,544.1,1143.15,595.6,0
178,5912,2246837,1143.0,647.3,1143.3,543.5,1143.15,595.4,0
178,5913,2246838,1143.1,647.4,1143.3,542.9,1143.2,595.15,0
178,5914,2246839,1143.2,647.4,1143.3,542.4,1143.25,594.9,0
178,5915,2246840,1143.3,647.5,1143.4,541.8,1143.35,594.65,0
178,5916,2246841,1143.4,647.5,1143.6,541.2,1143.5,594.35,0
178,5917,2246842,1143.4,647.3,1143.7,541.0,1143.55,594.15,0
178,5918,2246843,1143.4,647.1,1144.0,540.9,1143.7,594.0,0
178,5919,2246844,1143.5,646.9,1144.3,540.9,1143.9,593.9,0
178,5920,2246845,1143.5,646.7,1144.5,540.7,1144.0,593.7,0
178,5921,2246846,1143.6,646.7,1144.8,540.6,1144.2,593.65,0
178,5922,2246847,1143.7,646.6,1145.1,540.5,1144.4,593.55,0
178,5923,2246848,1143.8,646.6,1145.3,540.4,1144.55,593.5,0
178,5924,2246849,1143.8,646.6,1145.5,540.2,1144.65,593.4,0
178,5925,2246850,1143.8,646.5,1145.6,540.0,1144.7,593.25,0
178,5926,2246851,1143.8,646.5,1145.7,539.7,1144.75,593.1,0
178,5927,2246852,1143.8,646.4,1145.8,539.4,1144.8,592.9,0
178,5928,2246853,1144.0,646.4,1145.8,539.1,1144.9,592.75,0
178,5929,2246854,1144.2,646.4,1145.7,538.9,1144.95,592.65,0
178,5930,2246855,1144.4,646.4,1145.6,538.7,1145.0,592.55,0
178,5931,2246856,1144.4,646.5,1145.6,538.5,1145.0,592.5,0
178,5932,2246857,1144.4,646.6,1145.6,538.5,1145.0,592.55,0
178,5933,2246858,1144.3,646.7,1145.5,538.6,1144.9,592.65,0
179,5934,2246859,1144.2,646.7,1145.5,538.7,1144.85,592.7,0
179,5935,2246860,1144.0,646.7,1145.4,538.7,1144.7,592.7,0
179,5936,2246861,1143.7,646.7,1145.4,538.7,1144.55,592.7,0
179,5937,2246862,1143.5,646.7,1145.3,538.7,1144.4,592.7,0
179,5938,2246863,1143.6,646.7,1145.1,538.6,1144.35,592.65,0
179,5939,2246864,1143.6,646.7,1144.9,538.5,1144.25,592.6,0
179,5940,2246865,1143.6,646.6,1144.8,538.4,1144.2,592.5,0
179,5941,2246866,1143.6,646.5,1144.6,538.3,1144.1,592.4,0
179,5942,2246867,1143.6,646.4,1144.4,538.1,1144.0,592.25,0
179,5943,2246868,1143.6,646.2,1144.2,538.1,1143.9,592.15,0
179,5944,2246869,1143.5,646.0,1144.0,538.0,1143.75,592.0,0
179,5945,2246870,1143.4,645.6,1143.8,537.9,1143.6,591.75,0
179,5946,2246871,1143.3,645.3,1143.6,537.8,1143.45,591.55,0
179,5947,2246872,1143.2,645.0,1143.3,537.8,1143.25,591.4,0
179,5948,2246873,1143.1,644.7,1143.0,537.7,1143.05,591.2,0
179,5949,2246874,1143.2,644.5,1142.8,537.7,1143.0,591.1,0
179,5950,2246875,1143.3,644.3,1142.6,537.7,1142.95,591.0,0
179,5951,2246876,1143.4,644.1,1142.4,537.7,1142.9,590.9,0
179,5952,2246877,1143.6,643.9,1142.3,538.3,1142.95,591.1,0
179,5953,2246878,1143.6,643.8,1141.9,538.8,1142.75,591.3,0
179,5954,2246879,1143.6,643.7,1141.6,539.4,1142.6,591.55,0
179,5955,2246880,1143.5,643.6,1141.2,540.0,1142.35,591.8,0
179,5956,2246881,1143.4,643.7,1140.9,540.5,1142.15,592.1,0
179,5957,2246882,1143.3,643.9,1140.4,540.9,1141.85,592.4,0
179,5958,2246883,1143.2,644.0,1139.9,541.3,1141.55,592.65,0
179,5959,2246884,1143.1,644.2,1139.4,541.2,1141.25,592.7,0
179,5960,2246885,1143.1,644.2,1139.2,541.2,1141.15,592.7,0
179,5961,2246886,1143.1,644.2,1139.0,541.2,1141.05,592.7,0
179,5962,2246887,1143.1,644.2,1138.7,541.2,1140.9,592.7,0
179,5963,2246888,1143.0,643.9,1138.3,541.0,1140.65,592.45,0
179,5964,2246889,1143.0,643.7,1138.1,540.9,1140.55,592.3,0
179,5965,2246890,1143.0,643.6,1137.9,540.8,1140.45,592.2,0
179,5966,2246891,1143.0,643.6,1137.7,540.7,1140.35,592.15,0
180,5967,2246892,1142.9,643.6,1137.5,540.6,1140.2,592.1,0
180,5968,2246893,1142.9,643.7,1137.3,540.5,1140.1,592.1,0
180,5969,2246894,1142.9,643.8,1137.1,540.4,1140.0,592.1,0
180,5970,2246895,1142.9,643.9,1137.0,540.8,1139.95,592.35,0
180,5971,2246896,1142.8,643.9,1137.0,541.2,1139.9,592.55,0
180,5972,2246897,1142.7,643.9,1137.0,541.5,1139.85,592.7,0
180,5973,2246898,1142.7,643.8,1136.9,541.7,1139.8,592.75,0
180,5974,2246899,1142.5,643.7,1136.9,541.8,1139.7,592.75,0
180,5975,2246900,1142.4,643.7,1136.8,541.9,1139.6,592.8,0
180,5976,2246901,1142.2,643.8,1136.8,541.9,1139.5,592.85,0
180,5977,2246902,1142.0,643.8,1136.8,541.8,1139.4,592.8,0
180,5978,2246903,1141.9,643.9,1136.8,541.9,1139.35,592.9,0
180,5979,2246904,1141.7,644.1,1136.9,542.0,1139.3,593.05,0
180,5980,2246905,1141.6,644.4,1137.1,542.4,1139.35,593.4,0
180,5981,2246906,1141.5,644.9,1137.3,542.9,1139.4,593.9,0
180,5982,2246907,1141.5,645.4,1137.5,543.4,1139.5,594.4,0
180,5983,2246908,1141.6,645.8,1137.9,543.8,1139.75,594.8,0
180,5984,2246909,1141.7,646.2,1138.2,544.2,1139.95,595.2,0
180,5985,2246910,1141.9,646.4,1138.6,544.5,1140.25,595.45,0
180,5986,2246911,1142.0,646.6,1138.8,544.8,1140.4,595.7,0
180,5987,2246912,1142.2,646.7,1139.1,544.8,1140.65,595.75,0
180,5988,2246913,1142.3,646.5,1139.4,544.8,1140.85,595.65,0
180,5989,2246914,1142.4,646.2,1139.5,544.8,1140.95,595.5,0
180,5990,2246915,1142.3,646.0,1139.6,544.9,1140.95,595.45,0
180,5991,2246916,1142.2,645.8,1139.5,545.0,1140.85,595.4,0
180,5992,2246917,1142.0,645.8,1139.5,545.0,1140.75,595.4,0
180,5993,2246918,1141.8,645.8,1139.2,545.0,1140.5,595.4,0
180,5994,2246919,1141.6,645.7,1139.0,545.1,1140.3,595.4,0
180,5995,2246920,1141.4,645.6,1138.8,545.1,1140.1,595.35,0
180,5996,2246921,1141.2,645.3,1138.7,545.3,1139.95,595.3,0
180,5997,2246922,1141.0,645.0,1138.7,545.4,1139.85,595.2,0
180,5998,2246923,1140.8,644.8,1138.7,545.7,1139.75,595.25,0
180,5999,2246924,1140.7,644.6,1138.8,546.0,1139.75,595.3,0
180,6000,2246925,1140.6,644.5,1138.9,546.2,1139.75,595.35,0
181,6001,2246926,1140.5,644.4,1138.9,546.5,1139.7,595.45,0
181,6002,2246927,1140.5,644.4,1139.0,546.7,1139.75,595.55,0
181,6003,2246928,1140.5,644.6,1139.0,546.8,1139.75,595.7,0
181,6004,2246929,1140.6,644.7,1139.0,546.8,1139.8,595.75,0
181,6005,2246930,1140.7,644.8,1139.0,546.7,1139.85,595.75,0
181,6006,2246931,1140.7,644.8,1139.1,546.5,1139.9,595.65,0
181,6007,2246932,1140.8,644.6,1139.2,546.4,1140.0,595.5,0
181,6008,2246933,1140.8,644.2,1139.4,546.2,1140.1,595.2,0
181,6009,2246934,1140.9,643.8,1139.5,546.1,1140.2,594.95,0
181,6010,2246935,1140.9,643.4,1139.5,546.0,1140.2,594.7,0
181,6011,2246936,1140.9,643.0,1139.5,545.9,1140.2,594.45,0
181,6012,2246937,1140.9,642.6,1139.4,545.8,1140.15,594.2,0
181,6013,2246938,1140.9,642.3,1139.2,545.7,1140.05,594.0,0
181,6014,2246939,1140.9,642.1,1139.0,545.7,1139.95,593.9,0
181,6015,2246940,1141.0,642.3,1138.9,545.6,1139.95,593.95,0
181,6016,2246941,1141.0,642.5,1138.8,545.6,1139.9,594.05,0
181,6017,2246942,1141.1,642.8,1138.9,545.6,1140.0,594.2,0
181,6018,2246943,1141.1,643.2,1138.9,545.7,1140.0,594.45,0
181,6019,2246944,1141.1,643.6,1139.0,545.7,1140.05,594.65,0
181,6020,2246945,1140.8,644.1,1139.1,545.8,1139.95,594.95,0
181,6021,2246946,1140.5,644.5,1139.2,545.7,1139.85,595.1,0
181,6022,2246947,1140.3,644.6,1139.3,545.7,1139.8,595.15,0
181,6023,2246948,1140.1,644.7,1139.4,545.6,1139.75,595.15,0
181,6024,2246949,1139.9,644.7,1139.6,545.5,1139.75,595.1,0
181,6025,2246950,1139.8,644.5,1139.7,545.3,1139.75,594.9,0
181,6026,2246951,1139.8,644.2,1139.9,545.1,1139.85,594.65,0
181,6027,2246952,1140.0,643.8,1140.1,544.9,1140.05,594.35,0
181,6028,2246953,1140.2,643.4,1140.2,544.8,1140.2,594.1,0
181,6029,2246954,1140.4,643.0,1140.3,544.6,1140.35,593.8,0
181,6030,2246955,1140.6,642.7,1140.4,544.4,1140.5,593.55,0
181,6031,2246956,1140.6,642.4,1140.4,544.1,1140.5,593.25,0
181,6032,2246957,1140.6,642.2,1140.1,543.9,1140.35,593.05,0
181,6033,2246958,1140.6,642.1,1139.8,543.6,1140.2,592.85,0
182,6034,2246959,1140.5,642.1,1139.5,543.4,1140.0,592.75,0
182,6035,2246960,1140.4,642.1,1139.2,543.2,1139.8,592.65,0
182,6036,2246961,1140.1,642.2,1138.9,543.1,1139.5,592.65,0
182,6037,2246962,1139.9,642.3,1138.6,543.1,1139.25,592.7,0
182,6038,2246963,1139.7,642.4,1138.3,543.1,1139.0,592.75,0
182,6039,2246964,1139.5,642.4,1138.3,543.0,1138.9,592.7,0
182,6040,2246965,1139.4,642.4,1138.3,542.9,1138.85,592.65,0
182,6041,2246966,1139.2,642.4,1138.2,542.9,1138.7,592.65,0
182,6042,2246967,1139.1,642.4,1138.2,542.8,1138.65,592.6,0
182,6043,2246968,1139.2,642.4,1138.2,542.8,1138.7,592.6,0
182,6044,2246969,1139.2,642.4,1138.2,542.8,1138.7,592.6,0
182,6045,2246970,1139.2,642.3,1138.2,543.2,1138.7,592.75,0
182,6046,2246971,1139.3,642.2,1138.2,543.6,1138.75,592.9,0
182,6047,2246972,1139.3,641.8,1138.1,544.0,1138.7,592.9,0
182,6048,2246973,1139.2,641.3,1138.1,544.4,1138.65,592.85,0
182,6049,2246974,1139.2,640.8,1138.1,544.8,1138.65,592.8,0
182,6050,2246975,1139.2,640.2,1138.0,545.1,1138.6,592.65,0
182,6051,2246976,1139.0,639.6,1137.9,545.6,1138.45,592.6,0
182,6052,2246977,1138.9,639.0,1137.6,545.7,1138.25,592.35,0
182,6053,2246978,1138.6,638.5,1137.3,545.8,1137.95,592.15,0
182,6054,2246979,1138.2,638.3,1137.1,546.0,1137.65,592.15,0
182,6055,2246980,1137.9,638.2,1136.9,546.1,1137.4,592.15,0
182,6056,2246981,1137.6,638.2,1137.0,546.2,1137.3,592.2,0
182,6057,2246982,1137.3,638.2,1137.0,546.2,1137.15,592.2,0
182,6058,2246983,1137.0,638.3,1137.1,545.7,1137.05,592.0,0
182,6059,2246984,1136.7,638.4,1137.7,545.3,1137.2,591.85,0
182,6060,2246985,1136.6,638.4,1138.3,544.9,1137.45,591.65,0
182,6061,2246986,1136.4,638.6,1138.8,544.4,1137.6,591.5,0
182,6062,2246987,1135.9,638.8,1139.4,543.9,1137.65,591.35,0
182,6063,2246988,1135.4,638.9,1139.7,543.6,1137.55,591.25,0
182,6064,2246989,1134.9,639.1,1140.1,543.5,1137.5,591.3,0
182,6065,2246990,1134.3,639.2,1140.4,543.8,1137.35,591.5,0
182,6066,2246991,1133.8,639.2,1140.5,544.1,1137.15,591.65,0
183,6067,2246992,1133.1,639.3,1140.7,544.4,1136.9,591.85,0
183,6068,2246993,1132.3,639.4,1140.7,545.0,1136.5,592.2,0
183,6069,2246994,1131.9,639.4,1140.6,545.6,1136.25,592.5,0
183,6070,2246995,1131.1,639.6,1140.1,546.1,1135.6,592.85,0
183,6071,2246996,1130.4,639.7,1139.6,546.4,1135.0,593.05,0
183,6072,2246997,1129.7,639.8,1139.1,546.7,1134.4,593.25,0
183,6073,2246998,1128.8,640.0,1138.7,547.0,1133.75,593.5,0
183,6074,2246999,1128.1,640.2,1138.3,547.3,1133.2,593.75,0
183,6075,2247000,1127.5,640.3,1138.0,547.5,1132.75,593.9,0
183,6076,2247001,1126.7,640.5,1137.6,548.3,1132.15,594.4,0
183,6077,2247002,1126.4,640.6,1137.5,549.1,1131.95,594.85,0
183,6078,2247003,1126.0,640.7,1137.3,550.4,1131.65,595.55,0
183,6079,2247004,1125.7,641.0,1136.7,551.9,1131.2,596.45,0
183,6080,2247005,1125.5,641.6,1135.9,553.3,1130.7,597.45,0
183,6081,2247006,1125.4,642.5,1134.9,555.5,1130.15,599.0,0
183,6082,2247007,1125.2,643.5,1133.4,557.7,1129.3,600.6,0
183,6083,2247008,1125.1,644.8,1131.8,559.9,1128.45,602.35,0
183,6084,2247009,1125.1,646.4,1130.3,562.1,1127.7,604.25,0
183,6085,2247010,1125.2,648.4,1128.6,563.7,1126.9,606.05,0
183,6086,2247011,1125.2,650.1,1127.3,565.7,1126.25,607.9,0
183,6087,2247012,1125.3,652.7,1125.9,568.4,1125.6,610.55,0
183,6088,2247013,1125.4,655.7,1124.6,570.9,1125.0,613.3,0
183,6089,2247014,1125.6,658.9,1123.6,573.4,1124.6,616.15,0
183,6090,2247015,1125.6,662.1,1122.6,575.1,1124.1,618.6,0
183,6091,2247016,1125.4,666.5,1121.4,577.9,1123.4,622.2,0
183,6092,2247017,1125.2,670.9,1120.4,581.3,1122.8,626.1,0
183,6093,2247018,1124.9,676.3,1118.3,584.6,1121.6,630.45,0
183,6094,2247019,1124.4,680.8,1116.1,587.3,1120.25,634.05,0
183,6095,2247020,1123.9,685.1,1112.9,590.7,1118.4,637.9,0
183,6096,2247021,1123.5,689.1,1109.4,594.4,1116.45,641.75,0
183,6097,2247022,1123.1,692.8,1104.4,598.4,1113.75,645.6,0
183,6098,2247023,1123.0,695.2,1099.4,601.3,1111.2,648.25,0
183,6099,2247024,1122.8,697.0,1094.3,604.1,1108.55,650.55,0
183,6100,2247025,1122.9,698.0,1090.4,607.6,1106.65,652.8,0
184,6101,2247026,1123.2,699.0,1086.5,613.5,1104.85,656.25,0
184,6102,2247027,1123.8,702.1,1083.7,621.1,1103.75,661.6,0
184,6103,2247028,1125.3,710.9,1082.3,635.5,1103.8,673.2,0
184,6104,2247029,1127.9,725.2,1082.2,656.9,1105.05,691.05,0
184,6105,2247030,1131.5,748.7,1082.4,689.4,1106.95,719.05,0
184,6106,2247031,1137.5,788.6,1087.5,746.7,1112.5,767.65,0
184,6107,2247032,1145.1,836.7,1093.1,810.9,1119.1,823.8,0
184,6108,2247033,1156.2,892.2,1085.3,878.9,1120.75,885.55,0
184,6109,2247034,1169.6,954.9,1063.6,943.9,1116.6,949.4,0
184,6110,2247035,1117.6,1022.8,981.6,1030.8,1049.6,1026.8,0
184,6111,2247036,990.9,1098.0,893.5,1109.5,942.2,1103.75,0
184,6112,2247037,799.0,1231.0,799.3,1176.3,799.15,1203.65,0
184,6113,2247038,528.6,1354.2,1114.5,1296.4,821.55,1325.3,0
184,6114,2247039,47.6,1483.9,1444.0,1374.1,745.8,1429.0,0
184,6115,2247040,-563.4,1653.1,1812.8,1400.3,624.7,1526.7,0
184,6116,2247041,NaN,NaN,2195.7,1352.4,2195.7,1352.4,0
184,6117,2247042,NaN,NaN,2591.6,1192.4,2591.6,1192.4,0
184,6118,2247043,NaN,NaN,2874.6,988.5,2874.6,988.5,0
184,6119,2247044,NaN,NaN,3190.2,591.2,3190.2,591.2,0
184,6120,2247045,NaN,NaN,3207.8,572.2,3207.8,572.2,0
184,6121,2247046,NaN,NaN,3236.5,539.7,3236.5,539.7,0
184,6122,2247047,NaN,NaN,3238.0,539.4,3238.0,539.4,0
184,6123,2247048,NaN,NaN,3237.9,539.3,3237.9,539.3,0
184,6124,2247049,NaN,NaN,NaN,NaN,NaN,NaN,0
184,6125,2247050,NaN,NaN,NaN,NaN,NaN,NaN,0
184,6126,2247051,NaN,NaN,NaN,NaN,NaN,NaN,0
184,6127,2247052,NaN,NaN,NaN,NaN,NaN,NaN,0
184,6128,2247053,NaN,NaN,NaN,NaN,NaN,NaN,0
184,6129,2247054,NaN,NaN,NaN,NaN,NaN,NaN,0
184,6130,2247055,NaN,NaN,NaN,NaN,NaN,NaN,0
184,6131,2247056,NaN,NaN,NaN,NaN,NaN,NaN,0
184,6132,2247057,NaN,NaN,NaN,NaN,NaN,NaN,0
184,6133,2247058,NaN,NaN,NaN,NaN,NaN,NaN,0
185,6134,2247059,NaN,NaN,NaN,NaN,NaN,NaN,0
185,6135,2247060,NaN,NaN,NaN,NaN,NaN,NaN,0
185,6136,2247061,NaN,NaN,NaN,NaN,NaN,NaN,0
185,6137,2247062,NaN,NaN,NaN,NaN,NaN,NaN,0
185,6138,2247063,NaN,NaN,NaN,NaN,NaN,NaN,0
185,6139,2247064,NaN,NaN,NaN,NaN,NaN,NaN,0
185,6140,2247065,NaN,NaN,NaN,NaN,NaN,NaN,0
185,6141,2247066,NaN,NaN,NaN,NaN,NaN,NaN,0
185,6142,2247067,NaN,NaN,NaN,NaN,NaN,NaN,0
185,6143,2247068,NaN,NaN,NaN,NaN,NaN,NaN,0
185,6144,2247069,NaN,NaN,NaN,NaN,NaN,NaN,0
185,6145,2247070,NaN,NaN,NaN,NaN,NaN,NaN,0
185,6146,2247071,NaN,NaN,NaN,NaN,NaN,NaN,0
185,6147,2247072,NaN,NaN,NaN,NaN,NaN,NaN,0
185,6148,2247073,NaN,NaN,NaN,NaN,NaN,NaN,0
185,6149,2247074,NaN,NaN,NaN,NaN,NaN,NaN,0
185,6150,2247075,NaN,NaN,NaN,NaN,NaN,NaN,0
185,6151,2247076,NaN,NaN,NaN,NaN,NaN,NaN,0
185,6152,2247077,NaN,NaN,NaN,NaN,NaN,NaN,0
185,6153,2247078,NaN,NaN,NaN,NaN,NaN,NaN,0
185,6154,2247079,NaN,NaN,NaN,NaN,NaN,NaN,0
185,6155,2247080,NaN,NaN,NaN,NaN,NaN,NaN,0
185,6156,2247081,NaN,NaN,NaN,NaN,NaN,NaN,0
185,6157,2247082,NaN,NaN,NaN,NaN,NaN,NaN,0
185,6158,2247083,NaN,NaN,NaN,NaN,NaN,NaN,0
185,6159,2247084,NaN,NaN,NaN,NaN,NaN,NaN,0
185,6160,2247085,NaN,NaN,NaN,NaN,NaN,NaN,0
185,6161,2247086,NaN,NaN,NaN,NaN,NaN,NaN,0
185,6162,2247087,NaN,NaN,NaN,NaN,NaN,NaN,0
185,6163,2247088,NaN,NaN,NaN,NaN,NaN,NaN,0
185,6164,2247089,NaN,NaN,NaN,NaN,NaN,NaN,0
185,6165,2247090,NaN,NaN,NaN,NaN,NaN,NaN,0
185,6166,2247091,NaN,NaN,NaN,NaN,NaN,NaN,0
186,6167,2247092,NaN,NaN,NaN,NaN,NaN,NaN,0
186,6168,2247093,NaN,NaN,NaN,NaN,NaN,NaN,0
186,6169,2247094,NaN,NaN,NaN,NaN,NaN,NaN,0
186,6170,2247095,NaN,NaN,NaN,NaN,NaN,NaN,0
186,6171,2247096,NaN,NaN,NaN,NaN,NaN,NaN,0
186,6172,2247097,NaN,NaN,NaN,NaN,NaN,NaN,0
186,6173,2247098,NaN,NaN,NaN,NaN,NaN,NaN,0
186,6174,2247099,NaN,NaN,NaN,NaN,NaN,NaN,0
186,6175,2247100,NaN,NaN,NaN,NaN,NaN,NaN,0
186,6176,2247101,NaN,NaN,NaN,NaN,NaN,NaN,0
186,6177,2247102,NaN,NaN,NaN,NaN,NaN,NaN,0
186,6178,2247103,NaN,NaN,NaN,NaN,NaN,NaN,0
186,6179,2247104,-486.3,1495.7,NaN,NaN,-486.3,1495.7,0
186,6180,2247105,39.8,1376.3,NaN,NaN,39.8,1376.3,0
186,6181,2247106,396.2,1338.3,NaN,NaN,396.2,1338.3,0
186,6182,2247107,683.4,1307.4,NaN,NaN,683.4,1307.4,0
186,6183,2247108,754.3,1282.6,NaN,NaN,754.3,1282.6,0
186,6184,2247109,830.0,1254.0,NaN,NaN,830.0,1254.0,0
186,6185,2247110,903.3,1223.4,NaN,NaN,903.3,1223.4,0
186,6186,2247111,973.0,1190.2,NaN,NaN,973.0,1190.2,0
186,6187,2247112,993.7,1165.7,NaN,NaN,993.7,1165.7,0
186,6188,2247113,1013.7,1140.8,NaN,NaN,1013.7,1140.8,0
186,6189,2247114,1029.8,1116.7,NaN,NaN,1029.8,1116.7,0
186,6190,2247115,1043.6,1093.6,NaN,NaN,1043.6,1093.6,0
186,6191,2247116,1051.2,1072.0,NaN,NaN,1051.2,1072.0,0
186,6192,2247117,1058.3,1052.6,NaN,NaN,1058.3,1052.6,0
186,6193,2247118,1058.5,1036.2,NaN,NaN,1058.5,1036.2,0
186,6194,2247119,1058.7,1019.1,NaN,NaN,1058.7,1019.1,0
186,6195,2247120,1058.7,1004.0,NaN,NaN,1058.7,1004.0,0
186,6196,2247121,1058.6,988.5,NaN,NaN,1058.6,988.5,0
186,6197,2247122,1058.4,974.5,2294.7,1076.3,1676.55,1025.4,0
186,6198,2247123,1058.8,948.0,1693.4,1015.0,1376.1,981.5,0
186,6199,2247124,1059.4,922.6,1066.1,738.5,1062.75,830.55,0
186,6200,2247125,1060.1,894.6,1066.1,738.6,1063.1,816.6,0
187,6201,2247126,1060.8,865.4,1066.5,738.3,1063.65,801.85,0
187,6202,2247127,1061.4,838.6,1067.0,737.6,1064.2,788.1,0
187,6203,2247128,1062.0,809.9,1068.5,734.4,1065.25,772.15,0
187,6204,2247129,1062.4,778.7,1070.1,730.9,1066.25,754.8,0
187,6205,2247130,1062.7,761.3,1071.7,725.4,1067.2,743.35,0
187,6206,2247131,1062.6,744.3,1073.1,716.6,1067.85,730.45,0
187,6207,2247132,1062.5,730.8,1074.0,703.8,1068.25,717.3,0
187,6208,2247133,1062.2,718.0,1074.6,691.3,1068.4,704.65,0
187,6209,2247134,1061.2,704.2,1074.8,679.2,1068.0,691.7,0
187,6210,2247135,1060.2,694.9,1073.6,667.3,1066.9,681.1,0
187,6211,2247136,1059.3,688.5,1071.8,655.6,1065.55,672.05,0
187,6212,2247137,1058.0,682.6,1070.0,644.0,1064.0,663.3,0
187,6213,2247138,1056.7,677.1,1068.2,635.4,1062.45,656.25,0
187,6214,2247139,1055.0,670.6,1066.6,630.5,1060.8,650.55,0
187,6215,2247140,1053.0,667.0,1064.7,625.4,1058.85,646.2,0
187,6216,2247141,1051.9,663.2,1062.9,619.8,1057.4,641.5,0
187,6217,2247142,1050.7,659.5,1061.5,616.6,1056.1,638.05,0
187,6218,2247143,1049.5,656.8,1060.0,612.3,1054.75,634.55,0
187,6219,2247144,1048.7,654.1,1058.6,609.7,1053.65,631.9,0
187,6220,2247145,1047.9,651.5,1057.1,607.6,1052.5,629.55,0
187,6221,2247146,1047.5,650.3,1055.8,604.9,1051.65,627.6,0
187,6222,2247147,1047.1,649.2,1054.6,602.3,1050.85,625.75,0
187,6223,2247148,1046.7,649.4,1053.4,600.2,1050.05,624.8,0
187,6224,2247149,1046.4,649.5,1052.2,597.8,1049.3,623.65,0
187,6225,2247150,1046.0,649.6,1051.6,596.5,1048.8,623.05,0
187,6226,2247151,1045.6,649.8,1051.2,595.0,1048.4,622.4,0
187,6227,2247152,1045.3,650.2,1050.8,593.5,1048.05,621.85,0
187,6228,2247153,1045.1,650.4,1050.5,592.8,1047.8,621.6,0
187,6229,2247154,1045.2,650.5,1050.2,592.0,1047.7,621.25,0
187,6230,2247155,1045.4,650.8,1049.9,591.3,1047.65,621.05,0
187,6231,2247156,1045.6,651.3,1049.5,590.9,1047.55,621.1,0
187,6232,2247157,1045.9,652.0,1049.1,590.6,1047.5,621.3,0
187,6233,2247158,1046.1,653.1,1048.7,590.5,1047.4,621.8,0
188,6234,2247159,1046.3,654.9,1048.2,590.4,1047.25,622.65,0
188,6235,2247160,1046.4,656.7,1048.0,590.4,1047.2,623.55,0
188,6236,2247161,1046.6,658.4,1047.7,590.3,1047.15,624.35,0
188,6237,2247162,1046.7,660.1,1047.7,590.1,1047.2,625.1,0
188,6238,2247163,1046.9,661.8,1047.7,589.9,1047.3,625.85,0
188,6239,2247164,1047.0,663.2,1048.3,589.6,1047.65,626.4,0
188,6240,2247165,1047.1,664.7,1048.9,589.5,1048.0,627.1,0
188,6241,2247166,1047.2,665.5,1049.6,589.3,1048.4,627.4,0
188,6242,2247167,1047.2,666.4,1050.2,589.2,1048.7,627.8,0
188,6243,2247168,1047.3,667.3,1050.9,589.1,1049.1,628.2,0
188,6244,2247169,1047.2,668.4,1051.5,589.1,1049.35,628.75,0
188,6245,2247170,1047.2,669.7,1052.1,588.0,1049.65,628.85,0
188,6246,2247171,1047.2,671.2,1052.1,586.8,1049.65,629.0,0
188,6247,2247172,1047.2,672.3,1052.1,585.6,1049.65,628.95,0
188,6248,2247173,1047.3,673.5,1052.0,584.0,1049.65,628.75,0
188,6249,2247174,1047.5,674.6,1051.8,582.4,1049.65,628.5,0
188,6250,2247175,1047.6,675.8,1051.6,580.7,1049.6,628.25,0
188,6251,2247176,1047.8,676.6,1051.4,579.0,1049.6,627.8,0
188,6252,2247177,1047.9,676.9,1051.2,578.3,1049.55,627.6,0
188,6253,2247178,1048.1,677.5,1051.0,577.5,1049.55,627.5,0
188,6254,2247179,1048.5,678.1,1050.8,576.7,1049.65,627.4,0
188,6255,2247180,1048.9,678.6,1050.7,575.8,1049.8,627.2,0
188,6256,2247181,1049.3,679.0,1050.7,574.9,1050.0,626.95,0
188,6257,2247182,1049.8,679.5,1050.6,574.0,1050.2,626.75,0
188,6258,2247183,1050.3,680.0,1050.5,573.3,1050.4,626.65,0
188,6259,2247184,1050.9,680.5,1050.4,572.8,1050.65,626.65,0
188,6260,2247185,1051.4,680.8,1050.3,572.3,1050.85,626.55,0
188,6261,2247186,1051.7,681.0,1050.2,571.8,1050.95,626.4,0
188,6262,2247187,1052.0,681.3,1050.0,571.8,1051.0,626.55,0
188,6263,2247188,1052.5,681.6,1049.9,571.6,1051.2,626.6,0
188,6264,2247189,1052.9,681.8,1049.8,571.4,1051.35,626.6,0
188,6265,2247190,1053.2,682.0,1049.7,571.1,1051.45,626.55,0
188,6266,2247191,1053.6,682.1,1049.7,570.6,1051.65,626.35,0
189,6267,2247192,1053.9,682.1,1049.7,570.1,1051.8,626.1,0
189,6268,2247193,1054.1,682.1,1049.8,569.5,1051.95,625.8,0
189,6269,2247194,1054.4,682.1,1049.9,568.7,1052.15,625.4,0
189,6270,2247195,1054.3,682.2,1050.0,568.1,1052.15,625.15,0
189,6271,2247196,1054.1,682.3,1050.1,567.5,1052.1,624.9,0
189,6272,2247197,1054.0,682.4,1050.3,566.9,1052.15,624.65,0
189,6273,2247198,1053.8,682.5,1050.5,566.6,1052.15,624.55,0
189,6274,2247199,1053.6,682.6,1050.8,566.2,1052.2,624.4,0
189,6275,2247200,1053.4,682.6,1051.1,566.0,1052.25,624.3,0
189,6276,2247201,1053.3,682.6,1051.5,566.0,1052.4,624.3,0
189,6277,2247202,1053.3,682.6,1051.9,566.2,1052.6,624.4,0
189,6278,2247203,1053.3,682.6,1052.3,566.6,1052.8,624.6,0
189,6279,2247204,1053.4,682.5,1052.6,567.0,1053.0,624.75,0
189,6280,2247205,1053.5,682.5,1052.8,567.6,1053.15,625.05,0
189,6281,2247206,1053.6,682.5,1053.0,568.1,1053.3,625.3,0
189,6282,2247207,1053.4,682.5,1053.1,568.6,1053.25,625.55,0
189,6283,2247208,1053.3,682.3,1053.0,569.0,1053.15,625.65,0
189,6284,2247209,1053.0,682.0,1053.0,569.4,1053.0,625.7,0
189,6285,2247210,1052.8,681.5,1053.0,569.5,1052.9,625.5,0
189,6286,2247211,1052.4,681.1,1053.0,569.5,1052.7,625.3,0
189,6287,2247212,1052.1,680.6,1052.9,569.6,1052.5,625.1,0
189,6288,2247213,1051.7,680.0,1052.9,569.7,1052.3,624.85,0
189,6289,2247214,1051.6,679.4,1052.7,570.2,1052.15,624.8,0
189,6290,2247215,1051.3,678.8,1052.5,570.7,1051.9,624.75,0
189,6291,2247216,1050.9,678.4,1052.3,571.2,1051.6,624.8,0
189,6292,2247217,1050.6,678.1,1052.0,571.8,1051.3,624.95,0
189,6293,2247218,1050.2,677.6,1051.8,572.3,1051.0,624.95,0
189,6294,2247219,1049.9,676.9,1051.5,572.8,1050.7,624.85,0
189,6295,2247220,1049.7,676.2,1051.3,573.1,1050.5,624.65,0
189,6296,2247221,1049.6,675.6,1051.1,573.0,1050.35,624.3,0
189,6297,2247222,1049.7,675.1,1051.0,573.0,1050.35,624.05,0
189,6298,2247223,1049.9,674.5,1050.3,572.9,1050.1,623.7,0
189,6299,2247224,1050.1,673.9,1049.7,572.8,1049.9,623.35,0
189,6300,2247225,1050.3,673.2,1049.0,572.6,1049.65,622.9,0
190,6301,2247226,1050.5,673.0,1048.3,572.4,1049.4,622.7,0
190,6302,2247227,1050.5,672.8,1047.7,572.1,1049.1,622.45,0
190,6303,2247228,1050.6,672.6,1047.1,571.9,1048.85,622.25,0
190,6304,2247229,1050.6,672.5,1046.5,571.6,1048.55,622.05,0
190,6305,2247230,1050.8,672.4,1046.4,571.2,1048.6,621.8,0
190,6306,2247231,1051.0,672.3,1046.3,570.9,1048.65,621.6,0
190,6307,2247232,1051.1,672.2,1046.3,570.6,1048.7,621.4,0
190,6308,2247233,1051.2,672.0,1046.3,570.3,1048.75,621.15,0
190,6309,2247234,1051.2,671.9,1046.3,570.1,1048.75,621.0,0
190,6310,2247235,1051.2,671.7,1046.2,569.9,1048.7,620.8,0
190,6311,2247236,1051.2,671.4,1046.1,569.6,1048.65,620.5,0
190,6312,2247237,1051.1,671.3,1046.1,569.5,1048.6,620.4,0
190,6313,2247238,1051.0,670.9,1045.7,569.5,1048.35,620.2,0
190,6314,2247239,1050.8,670.6,1045.1,569.5,1047.95,620.05,0
190,6315,2247240,1050.8,670.3,1044.5,569.6,1047.65,619.95,0
190,6316,2247241,1050.7,670.0,1043.8,569.7,1047.25,619.85,0
190,6317,2247242,1050.6,669.6,1043.2,569.8,1046.9,619.7,0
190,6318,2247243,1050.4,669.3,1042.6,569.9,1046.5,619.6,0
190,6319,2247244,1050.1,668.9,1042.0,570.1,1046.05,619.5,0
190,6320,2247245,1049.6,668.4,1041.8,570.2,1045.7,619.3,0
190,6321,2247246,1049.0,667.9,1041.9,570.3,1045.45,619.1,0
190,6322,2247247,1048.3,667.4,1041.9,570.4,1045.1,618.9,0
190,6323,2247248,1047.6,666.9,1042.0,570.5,1044.8,618.7,0
190,6324,2247249,1046.8,666.5,1042.0,570.6,1044.4,618.55,0
190,6325,2247250,1046.1,666.2,1041.9,570.7,1044.0,618.45,0
190,6326,2247251,1045.5,665.8,1041.9,570.9,1043.7,618.35,0
190,6327,2247252,1045.1,665.9,1041.7,571.0,1043.4,618.45,0
190,6328,2247253,1044.6,666.1,1041.4,571.0,1043.0,618.55,0
190,6329,2247254,1044.0,666.3,1040.9,570.9,1042.45,618.6,0
190,6330,2247255,1043.4,666.5,1040.4,570.9,1041.9,618.7,0
190,6331,2247256,1042.8,666.7,1039.9,570.9,1041.35,618.8,0
190,6332,2247257,1042.3,666.8,1039.5,570.9,1040.9,618.85,0
190,6333,2247258,1041.8,667.0,1038.9,570.8,1040.35,618.9,0
191,6334,2247259,1041.4,667.0,1038.2,570.7,1039.8,618.85,0
191,6335,2247260,1041.1,667.0,1037.5,570.6,1039.3,618.8,0
191,6336,2247261,1040.8,666.9,1037.0,570.5,1038.9,618.7,0
191,6337,2247262,1040.7,666.8,1036.5,570.4,1038.6,618.6,0
191,6338,2247263,1040.6,666.7,1036.0,570.4,1038.3,618.55,0
191,6339,2247264,1040.5,666.5,1035.4,570.3,1037.95,618.4,0
191,6340,2247265,1040.4,666.4,1034.8,570.3,1037.6,618.35,0
191,6341,2247266,1040.3,666.3,1034.3,570.2,1037.3,618.25,0
191,6342,2247267,1040.2,666.2,1033.9,570.3,1037.05,618.25,0
191,6343,2247268,1040.1,666.2,1033.5,570.3,1036.8,618.25,0
191,6344,2247269,1040.0,666.1,1032.9,570.4,1036.45,618.25,0
191,6345,2247270,1039.9,665.9,1032.4,570.4,1036.15,618.15,0
191,6346,2247271,1039.8,665.8,1032.0,570.3,1035.9,618.05,0
191,6347,2247272,1039.6,665.7,1031.6,570.3,1035.6,618.0,0
191,6348,2247273,1039.5,665.4,1031.4,570.3,1035.45,617.85,0
191,6349,2247274,1039.4,665.2,1031.2,570.4,1035.3,617.8,0
191,6350,2247275,1039.4,665.1,1030.9,570.4,1035.15,617.75,0
191,6351,2247276,1039.5,665.0,1030.8,570.4,1035.15,617.7,0
191,6352,2247277,1039.5,665.0,1030.6,570.5,1035.05,617.75,0
191,6353,2247278,1039.7,664.9,1030.3,570.5,1035.0,617.7,0
191,6354,2247279,1039.8,664.8,1029.9,570.4,1034.85,617.6,0
191,6355,2247280,1040.3,664.6,1029.4,570.4,1034.85,617.5,0
191,6356,2247281,1040.8,664.5,1028.7,570.3,1034.75,617.4,0
191,6357,2247282,1041.2,664.3,1028.0,570.3,1034.6,617.3,0
191,6358,2247283,1041.6,664.1,1027.3,570.3,1034.45,617.2,0
191,6359,2247284,1042.0,663.9,1026.8,570.3,1034.4,617.1,0
191,6360,2247285,1042.5,663.9,1026.3,570.4,1034.4,617.15,0
191,6361,2247286,1043.1,663.8,1026.0,570.7,1034.55,617.25,0
191,6362,2247287,1043.4,663.7,1025.7,571.0,1034.55,617.35,0
191,6363,2247288,1043.8,663.7,1025.7,571.3,1034.75,617.5,0
191,6364,2247289,1044.2,663.6,1025.7,571.6,1034.95,617.6,0
191,6365,2247290,1044.6,663.4,1025.7,571.8,1035.15,617.6,0
191,6366,2247291,1045.0,663.2,1025.7,572.1,1035.35,617.65,0
192,6367,2247292,1045.2,663.0,1025.7,572.4,1035.45,617.7,0
192,6368,2247293,1045.4,662.8,1025.9,572.7,1035.65,617.75,0
192,6369,2247294,1045.6,662.6,1026.0,573.0,1035.8,617.8,0
192,6370,2247295,1045.8,662.4,1026.2,573.2,1036.0,617.8,0
192,6371,2247296,1046.0,662.2,1026.4,573.3,1036.2,617.75,0
192,6372,2247297,1046.2,661.9,1026.7,573.2,1036.45,617.55,0
192,6373,2247298,1046.4,661.7,1027.0,573.1,1036.7,617.4,0
192,6374,2247299,1046.6,661.5,1027.3,573.0,1036.95,617.25,0
192,6375,2247300,1046.8,661.3,1027.5,572.7,1037.15,617.0,0
192,6376,2247301,1047.0,661.1,1027.6,572.5,1037.3,616.8,0
192,6377,2247302,1047.1,660.9,1027.7,572.3,1037.4,616.6,0
192,6378,2247303,1047.2,660.7,1027.8,572.2,1037.5,616.45,0
192,6379,2247304,1047.5,660.5,1027.8,572.3,1037.65,616.4,0
192,6380,2247305,1047.7,660.4,1027.7,572.4,1037.7,616.4,0
192,6381,2247306,1047.9,660.3,1027.6,572.6,1037.75,616.45,0
192,6382,2247307,1048.2,660.3,1027.5,572.9,1037.85,616.6,0
192,6383,2247308,1048.4,660.3,1027.5,573.3,1037.95,616.8,0
192,6384,2247309,1048.6,660.3,1027.5,574.0,1038.05,617.15,0
192,6385,2247310,1048.7,660.4,1027.3,574.6,1038.0,617.5,0
192,6386,2247311,1048.7,660.4,1027.2,575.3,1037.95,617.85,0
192,6387,2247312,1048.6,660.5,1027.1,576.0,1037.85,618.25,0
192,6388,2247313,1048.6,660.5,1027.0,576.5,1037.8,618.5,0
192,6389,2247314,1048.7,660.5,1026.9,577.0,1037.8,618.75,0
192,6390,2247315,1048.7,660.6,1026.8,577.4,1037.75,619.0,0
192,6391,2247316,1048.7,660.8,1026.7,577.5,1037.7,619.15,0
192,6392,2247317,1048.7,660.9,1026.7,577.8,1037.7,619.35,0
192,6393,2247318,1048.7,661.0,1026.7,578.1,1037.7,619.55,0
192,6394,2247319,1048.7,661.1,1026.7,578.6,1037.7,619.85,0
192,6395,2247320,1048.7,661.1,1026.7,579.3,1037.7,620.2,0
192,6396,2247321,1048.6,661.1,1026.8,579.9,1037.7,620.5,0
192,6397,2247322,1048.5,661.1,1026.9,580.7,1037.7,620.9,0
192,6398,2247323,1048.4,661.0,1026.9,581.5,1037.65,621.25,0
192,6399,2247324,1048.5,660.9,1027.0,582.2,1037.75,621.55,0
192,6400,2247325,1048.5,660.8,1027.1,582.8,1037.8,621.8,0
193,6401,2247326,1048.5,660.7,1027.2,583.2,1037.85,621.95,0
193,6402,2247327,1048.4,660.6,1027.3,583.5,1037.85,622.05,0
193,6403,2247328,1048.2,660.5,1027.4,583.8,1037.8,622.15,0
193,6404,2247329,1048.1,660.5,1027.4,584.0,1037.75,622.25,0
193,6405,2247330,1047.9,660.4,1027.5,584.6,1037.7,622.5,0
193,6406,2247331,1047.5,660.4,1027.6,585.1,1037.55,622.75,0
193,6407,2247332,1047.2,660.4,1027.7,585.6,1037.45,623.0,0
193,6408,2247333,1046.9,660.4,1027.7,586.4,1037.3,623.4,0
193,6409,2247334,1046.7,660.5,1027.8,587.6,1037.25,624.05,0
193,6410,2247335,1046.6,660.5,1028.0,588.7,1037.3,624.6,0
193,6411,2247336,1046.4,660.5,1028.1,589.7,1037.25,625.1,0
193,6412,2247337,1046.4,660.5,1028.3,590.3,1037.35,625.4,0
193,6413,2247338,1046.3,660.4,1028.4,590.8,1037.35,625.6,0
193,6414,2247339,1046.3,660.4,1028.6,591.2,1037.45,625.8,0
193,6415,2247340,1046.4,660.3,1028.9,591.3,1037.65,625.8,0
193,6416,2247341,1046.6,660.2,1029.2,591.2,1037.9,625.7,0
193,6417,2247342,1046.7,660.1,1029.4,591.1,1038.05,625.6,0
193,6418,2247343,1046.9,660.2,1029.6,591.4,1038.25,625.8,0
193,6419,2247344,1046.9,660.3,1029.7,591.9,1038.3,626.1,0
193,6420,2247345,1046.8,660.5,1029.7,592.5,1038.25,626.5,0
193,6421,2247346,1046.8,660.7,1029.7,593.2,1038.25,626.95,0
193,6422,2247347,1046.7,661.0,1029.5,594.0,1038.1,627.5,0
193,6423,2247348,1046.5,661.3,1029.3,594.8,1037.9,628.05,0
193,6424,2247349,1046.3,661.7,1029.2,595.5,1037.75,628.6,0
193,6425,2247350,1046.2,662.2,1029.0,596.2,1037.6,629.2,0
193,6426,2247351,1046.3,662.5,1028.9,596.7,1037.6,629.6,0
193,6427,2247352,1046.5,662.9,1028.6,597.3,1037.55,630.1,0
193,6428,2247353,1046.6,663.1,1028.4,597.9,1037.5,630.5,0
193,6429,2247354,1046.3,663.3,1028.1,598.5,1037.2,630.9,0
193,6430,2247355,1046.0,663.4,1027.9,599.0,1036.95,631.2,0
193,6431,2247356,1045.6,663.4,1027.7,599.3,1036.65,631.35,0
193,6432,2247357,1045.3,663.3,1027.7,599.4,1036.5,631.35,0
193,6433,2247358,1044.8,663.3,1027.7,599.5,1036.25,631.4,0
194,6434,2247359,1044.4,663.4,1027.8,599.5,1036.1,631.45,0
194,6435,2247360,1043.9,663.8,1027.9,599.6,1035.9,631.7,0
194,6436,2247361,1043.9,664.3,1028.1,599.6,1036.0,631.95,0
194,6437,2247362,1044.0,664.8,1028.3,599.6,1036.15,632.2,0
194,6438,2247363,1044.1,665.6,1028.4,599.6,1036.25,632.6,0
194,6439,2247364,1044.2,666.4,1028.4,599.7,1036.3,633.05,0
194,6440,2247365,1044.3,667.2,1028.6,599.7,1036.45,633.45,0
194,6441,2247366,1044.4,667.8,1028.7,599.8,1036.55,633.8,0
194,6442,2247367,1044.4,668.1,1028.8,599.9,1036.6,634.0,0
194,6443,2247368,1044.3,668.4,1028.9,599.8,1036.6,634.1,0
194,6444,2247369,1044.1,668.7,1029.0,599.5,1036.55,634.1,0
194,6445,2247370,1043.8,668.7,1029.1,599.2,1036.45,633.95,0
194,6446,2247371,1043.4,668.7,1029.2,598.8,1036.3,633.75,0
194,6447,2247372,1042.9,668.9,1029.2,598.4,1036.05,633.65,0
194,6448,2247373,1042.5,669.2,1029.1,598.1,1035.8,633.65,0
194,6449,2247374,1042.1,669.4,1029.1,597.7,1035.6,633.55,0
194,6450,2247375,1041.6,669.7,1029.0,597.3,1035.3,633.5,0
194,6451,2247376,1041.2,669.9,1028.9,597.0,1035.05,633.45,0
194,6452,2247377,1040.8,670.1,1028.9,596.4,1034.85,633.25,0
194,6453,2247378,1040.5,670.2,1028.8,595.5,1034.65,632.85,0
194,6454,2247379,1040.2,670.2,1028.7,594.6,1034.45,632.4,0
194,6455,2247380,1039.9,670.4,1028.7,593.7,1034.3,632.05,0
194,6456,2247381,1039.3,670.6,1028.7,592.7,1034.0,631.65,0
194,6457,2247382,1038.9,670.8,1028.7,591.7,1033.8,631.25,0
194,6458,2247383,1038.6,671.0,1028.7,590.8,1033.65,630.9,0
194,6459,2247384,1038.3,671.6,1028.8,590.2,1033.55,630.9,0
194,6460,2247385,1038.0,672.2,1028.9,589.9,1033.45,631.05,0
194,6461,2247386,1037.7,672.8,1028.9,589.5,1033.3,631.15,0
194,6462,2247387,1037.5,673.1,1029.0,589.2,1033.25,631.15,0
194,6463,2247388,1037.4,673.5,1029.0,589.0,1033.2,631.25,0
194,6464,2247389,1037.1,673.8,1029.0,588.7,1033.05,631.25,0
194,6465,2247390,1036.8,674.1,1029.0,588.6,1032.9,631.35,0
194,6466,2247391,1036.5,674.2,1028.9,588.3,1032.7,631.25,0
195,6467,2247392,1036.2,674.4,1028.9,587.9,1032.55,631.15,0
195,6468,2247393,1035.9,674.6,1028.7,587.5,1032.3,631.05,0
195,6469,2247394,1035.7,674.7,1028.4,586.6,1032.05,630.65,0
195,6470,2247395,1035.4,674.9,1028.2,585.7,1031.8,630.3,0
195,6471,2247396,1035.3,675.0,1027.9,584.8,1031.6,629.9,0
195,6472,2247397,1035.2,675.1,1027.7,583.9,1031.45,629.5,0
195,6473,2247398,1035.1,675.2,1027.4,583.0,1031.25,629.1,0
195,6474,2247399,1034.9,675.2,1026.8,582.3,1030.85,628.75,0
195,6475,2247400,1034.6,675.3,1026.4,581.6,1030.5,628.45,0
195,6476,2247401,1034.3,675.5,1026.0,581.4,1030.15,628.45,0
195,6477,2247402,1034.0,675.8,1025.6,581.3,1029.8,628.55,0
195,6478,2247403,1033.7,675.5,1025.3,581.1,1029.5,628.3,0
195,6479,2247404,1033.4,675.3,1024.9,580.9,1029.15,628.1,0
195,6480,2247405,1033.2,675.0,1024.6,580.7,1028.9,627.85,0
195,6481,2247406,1033.1,674.7,1024.6,580.6,1028.85,627.65,0
195,6482,2247407,1033.0,674.3,1024.5,580.4,1028.75,627.35,0
195,6483,2247408,1033.0,673.9,1024.3,580.2,1028.65,627.05,0
195,6484,2247409,1032.9,673.5,1024.0,579.9,1028.45,626.7,0
195,6485,2247410,1032.7,673.6,1023.7,579.8,1028.2,626.7,0
195,6486,2247411,1032.3,673.8,1023.3,579.6,1027.8,626.7,0
195,6487,2247412,1031.9,674.0,1022.9,579.5,1027.4,626.75,0
195,6488,2247413,1031.3,674.2,1022.5,579.4,1026.9,626.8,0
195,6489,2247414,1030.8,674.2,1022.1,579.5,1026.45,626.85,0
195,6490,2247415,1030.3,674.3,1021.6,579.5,1025.95,626.9,0
195,6491,2247416,1029.8,674.3,1021.3,579.6,1025.55,626.95,0
195,6492,2247417,1029.3,674.3,1020.9,579.7,1025.1,627.0,0
195,6493,2247418,1029.0,674.2,1020.5,579.8,1024.75,627.0,0
195,6494,2247419,1028.6,674.1,1020.2,579.8,1024.4,626.95,0
195,6495,2247420,1028.5,674.0,1019.8,580.0,1024.15,627.0,0
195,6496,2247421,1028.2,673.9,1019.5,580.0,1023.85,626.95,0
195,6497,2247422,1027.8,673.9,1019.4,580.1,1023.6,627.0,0
195,6498,2247423,1027.4,673.8,1019.2,580.1,1023.3,626.95,0
195,6499,2247424,1027.0,673.6,1019.0,580.2,1023.0,626.9,0
195,6500,2247425,1026.8,673.3,1018.8,580.3,1022.8,626.8,0
196,6501,2247426,1026.5,673.0,1018.6,580.6,1022.55,626.8,0
196,6502,2247427,1026.2,672.7,1018.5,580.8,1022.35,626.75,0
196,6503,2247428,1026.3,672.4,1018.4,581.1,1022.35,626.75,0
196,6504,2247429,1026.4,672.2,1018.3,581.3,1022.35,626.75,0
196,6505,2247430,1026.6,672.2,1018.2,581.6,1022.4,626.9,0
196,6506,2247431,1026.7,672.1,1018.1,581.8,1022.4,626.95,0
196,6507,2247432,1026.9,672.2,1017.6,581.8,1022.25,627.0,0
196,6508,2247433,1027.0,672.3,1017.2,581.7,1022.1,627.0,0
196,6509,2247434,1027.1,672.4,1016.8,581.5,1021.95,626.95,0
196,6510,2247435,1027.2,672.6,1016.3,581.2,1021.75,626.9,0
196,6511,2247436,1027.2,672.7,1015.8,580.5,1021.5,626.6,0
196,6512,2247437,1027.0,672.8,1015.3,579.8,1021.15,626.3,0
196,6513,2247438,1026.8,672.9,1014.8,579.1,1020.8,626.0,0
196,6514,2247439,1026.6,673.0,1014.7,578.6,1020.65,625.8,0
196,6515,2247440,1026.4,673.3,1014.5,578.1,1020.45,625.7,0
196,6516,2247441,1026.2,673.5,1014.4,577.8,1020.3,625.65,0
196,6517,2247442,1026.0,673.7,1014.3,577.5,1020.15,625.6,0
196,6518,2247443,1025.8,674.0,1014.2,577.6,1020.0,625.8,0
196,6519,2247444,1025.7,674.2,1014.2,577.7,1019.95,625.95,0
196,6520,2247445,1025.6,674.4,1014.2,577.9,1019.9,626.15,0
196,6521,2247446,1025.5,674.6,1014.1,578.0,1019.8,626.3,0
196,6522,2247447,1025.4,674.9,1014.1,578.2,1019.75,626.55,0
196,6523,2247448,1025.4,675.2,1013.9,578.6,1019.65,626.9,0
196,6524,2247449,1025.3,675.4,1013.8,579.1,1019.55,627.25,0
196,6525,2247450,1025.4,675.7,1013.6,579.5,1019.5,627.6,0
196,6526,2247451,1025.5,676.0,1013.4,579.9,1019.45,627.95,0
196,6527,2247452,1025.6,676.2,1013.2,580.3,1019.4,628.25,0
196,6528,2247453,1025.6,676.4,1013.0,580.7,1019.3,628.55,0
196,6529,2247454,1025.7,676.5,1012.8,581.0,1019.25,628.75,0
196,6530,2247455,1025.9,676.6,1012.7,581.0,1019.3,628.8,0
196,6531,2247456,1026.0,676.7,1012.5,581.0,1019.25,628.85,0
196,6532,2247457,1026.1,676.8,1012.4,581.1,1019.25,628.95,0
196,6533,2247458,1026.1,676.9,1012.3,581.1,1019.2,629.0,0
197,6534,2247459,1025.8,677.0,1012.2,581.0,1019.0,629.0,0
197,6535,2247460,1025.5,677.1,1012.0,581.0,1018.75,629.05,0
197,6536,2247461,1024.9,677.7,1011.9,581.0,1018.4,629.35,0
197,6537,2247462,1023.5,678.7,1011.5,580.9,1017.5,629.8,0
197,6538,2247463,1021.4,679.7,1010.0,580.9,1015.7,630.3,0
197,6539,2247464,1017.5,680.9,1006.9,581.9,1012.2,631.4,0
197,6540,2247465,1012.4,682.4,1002.1,582.8,1007.25,632.6,0
197,6541,2247466,1005.3,684.5,994.9,585.3,1000.1,634.9,0
197,6542,2247467,996.3,687.4,985.6,588.6,990.95,638.0,0
197,6543,2247468,984.8,691.0,973.7,593.3,979.25,642.15,0
197,6544,2247469,972.5,695.1,958.7,600.0,965.6,647.55,0
197,6545,2247470,958.2,700.7,941.9,607.8,950.05,654.25,0
197,6546,2247471,943.6,706.7,925.0,615.9,934.3,661.3,0
197,6547,2247472,927.6,714.0,907.1,625.6,917.35,669.8,0
197,6548,2247473,912.3,721.6,889.1,635.5,900.7,678.55,0
197,6549,2247474,896.4,728.8,870.0,646.1,883.2,687.45,0
197,6550,2247475,881.6,736.0,852.0,656.1,866.8,696.05,0
197,6551,2247476,867.5,742.6,835.4,665.2,851.45,703.9,0
197,6552,2247477,855.3,748.7,820.4,673.1,837.85,710.9,0
197,6553,2247478,843.9,754.3,806.1,680.9,825.0,717.6,0
197,6554,2247479,834.1,758.8,794.0,687.5,814.05,723.15,0
197,6555,2247480,824.9,763.1,784.2,693.6,804.55,728.35,0
197,6556,2247481,817.7,766.9,777.1,698.5,797.4,732.7,0
197,6557,2247482,811.7,769.9,771.4,703.5,791.55,736.7,0
197,6558,2247483,806.2,773.6,767.5,708.3,786.85,740.95,0
197,6559,2247484,801.3,776.7,764.6,714.2,782.95,745.45,0
197,6560,2247485,797.8,780.2,762.7,719.5,780.25,749.85,0
197,6561,2247486,795.2,783.5,761.0,724.4,778.1,753.95,0
197,6562,2247487,793.8,787.0,760.3,729.3,777.05,758.15,0
197,6563,2247488,793.3,790.6,759.8,734.5,776.55,762.55,0
197,6564,2247489,793.0,794.7,760.0,738.7,776.5,766.7,0
197,6565,2247490,793.2,797.6,760.4,742.2,776.8,769.9,0
197,6566,2247491,794.2,800.3,761.4,744.5,777.8,772.4,0
198,6567,2247492,795.3,802.3,762.4,746.2,778.85,774.25,0
198,6568,2247493,796.4,804.1,763.4,747.4,779.9,775.75,0
198,6569,2247494,797.5,804.6,764.1,747.6,780.8,776.1,0
198,6570,2247495,798.4,804.3,764.8,747.0,781.6,775.65,0
198,6571,2247496,799.3,803.3,765.0,746.3,782.15,774.8,0
198,6572,2247497,800.2,801.7,765.2,745.1,782.7,773.4,0
198,6573,2247498,800.4,799.6,765.4,743.8,782.9,771.7,0
198,6574,2247499,800.6,797.5,765.3,742.5,782.95,770.0,0
198,6575,2247500,800.8,795.4,765.3,740.8,783.05,768.1,0
198,6576,2247501,800.7,793.1,765.3,739.1,783.0,766.1,0
198,6577,2247502,800.7,791.6,765.3,737.5,783.0,764.55,0
198,6578,2247503,800.6,790.1,765.4,736.1,783.0,763.1,0
198,6579,2247504,800.6,788.9,765.3,735.1,782.95,762.0,0
198,6580,2247505,800.6,788.0,765.2,734.4,782.9,761.2,0
198,6581,2247506,800.8,787.1,765.4,733.7,783.1,760.4,0
198,6582,2247507,801.0,786.2,765.5,733.9,783.25,760.05,0
198,6583,2247508,801.1,785.7,765.5,734.7,783.3,760.2,0
198,6584,2247509,801.1,785.3,765.6,735.5,783.35,760.4,0
198,6585,2247510,801.1,784.9,765.4,736.3,783.25,760.6,0
198,6586,2247511,801.1,784.7,765.2,737.5,783.15,761.1,0
198,6587,2247512,800.8,784.7,765.1,738.5,782.95,761.6,0
198,6588,2247513,800.5,784.9,764.8,739.4,782.65,762.15,0
198,6589,2247514,800.2,785.1,764.2,740.4,782.2,762.75,0
198,6590,2247515,799.7,785.4,763.8,740.7,781.75,763.05,0
198,6591,2247516,799.5,785.6,763.3,740.9,781.4,763.25,0
198,6592,2247517,799.2,785.8,762.9,741.2,781.05,763.5,0
198,6593,2247518,798.9,786.0,762.4,741.1,780.65,763.55,0
198,6594,2247519,798.8,786.2,761.9,740.9,780.35,763.55,0
198,6595,2247520,798.7,786.3,761.5,740.7,780.1,763.5,0
198,6596,2247521,798.6,786.4,761.3,740.4,779.95,763.4,0
198,6597,2247522,798.5,786.6,761.2,740.1,779.85,763.35,0
198,6598,2247523,798.4,786.8,761.0,739.9,779.7,763.35,0
198,6599,2247524,798.4,787.0,760.9,739.6,779.65,763.3,0
198,6600,2247525,798.3,787.2,760.9,739.6,779.6,763.4,0
199,6601,2247526,798.2,787.4,761.0,739.7,779.6,763.55,0
199,6602,2247527,798.2,787.6,761.1,739.9,779.65,763.75,0
199,6603,2247528,798.2,787.5,760.8,740.1,779.5,763.8,0
199,6604,2247529,798.2,787.4,760.5,740.4,779.35,763.9,0
199,6605,2247530,798.2,787.2,760.0,740.7,779.1,763.95,0
199,6606,2247531,797.8,787.1,759.5,740.9,778.65,764.0,0
199,6607,2247532,797.5,786.9,759.0,740.9,778.25,763.9,0
199,6608,2247533,797.1,786.9,758.5,740.8,777.8,763.85,0
199,6609,2247534,796.7,787.0,757.9,740.9,777.3,763.95,0
199,6610,2247535,796.2,787.2,757.7,740.8,776.95,764.0,0
199,6611,2247536,795.8,787.5,757.4,740.8,776.6,764.15,0
199,6612,2247537,795.5,787.8,757.3,740.7,776.4,764.25,0
199,6613,2247538,795.4,788.0,757.1,740.5,776.25,764.25,0
199,6614,2247539,795.3,788.3,756.9,740.3,776.1,764.3,0
199,6615,2247540,795.2,788.4,756.8,739.8,776.0,764.1,0
199,6616,2247541,795.0,788.6,756.6,739.3,775.8,763.95,0
199,6617,2247542,794.8,788.7,756.5,738.8,775.65,763.75,0
199,6618,2247543,794.7,788.8,756.3,738.7,775.5,763.75,0
199,6619,2247544,794.5,788.9,756.1,738.6,775.3,763.75,0
199,6620,2247545,794.3,789.1,755.9,738.7,775.1,763.9,0
199,6621,2247546,794.2,789.4,755.7,738.9,774.95,764.15,0
199,6622,2247547,794.1,789.7,755.5,739.3,774.8,764.5,0
199,6623,2247548,794.0,790.0,755.2,739.7,774.6,764.85,0
199,6624,2247549,794.1,790.2,755.0,740.1,774.55,765.15,0
199,6625,2247550,794.0,790.5,754.9,740.1,774.45,765.3,0
199,6626,2247551,793.9,790.8,754.7,740.2,774.3,765.5,0
199,6627,2247552,793.8,791.0,754.6,740.3,774.2,765.65,0
199,6628,2247553,793.6,791.1,754.4,740.4,774.0,765.75,0
199,6629,2247554,793.1,791.3,754.3,740.4,773.7,765.85,0
199,6630,2247555,792.5,791.5,754.3,740.7,773.4,766.1,0
199,6631,2247556,792.0,791.8,754.3,741.1,773.15,766.45,0
199,6632,2247557,791.6,792.1,754.2,741.4,772.9,766.75,0
199,6633,2247558,791.2,792.3,754.2,741.7,772.7,767.0,0
200,6634,2247559,790.8,792.5,754.0,741.9,772.4,767.2,0
200,6635,2247560,790.6,792.7,753.4,742.2,772.0,767.45,0
200,6636,2247561,790.6,792.9,752.9,742.5,771.75,767.7,0
200,6637,2247562,790.6,793.0,752.3,742.6,771.45,767.8,0
200,6638,2247563,790.6,793.1,751.8,742.7,771.2,767.9,0
200,6639,2247564,790.5,793.2,751.2,742.7,770.85,767.95,0
200,6640,2247565,790.5,793.3,750.6,742.8,770.55,768.05,0
200,6641,2247566,790.5,793.5,750.1,742.9,770.3,768.2,0
200,6642,2247567,790.4,793.6,749.9,742.9,770.15,768.25,0
200,6643,2247568,790.4,793.7,749.7,742.9,770.05,768.3,0
200,6644,2247569,790.3,793.9,749.5,742.6,769.9,768.25,0
200,6645,2247570,790.2,794.1,749.3,742.2,769.75,768.15,0
200,6646,2247571,790.1,794.2,749.1,741.9,769.6,768.05,0
200,6647,2247572,789.8,794.3,749.0,741.5,769.4,767.9,0
200,6648,2247573,789.5,794.4,748.9,741.3,769.2,767.85,0
200,6649,2247574,789.3,794.6,748.8,741.3,769.05,767.95,0
200,6650,2247575,789.0,794.7,748.6,741.6,768.8,768.15,0
200,6651,2247576,788.8,794.9,748.4,742.2,768.6,768.55,0
200,6652,2247577,788.6,795.0,748.3,742.7,768.45,768.85,0
200,6653,2247578,788.4,795.2,748.1,743.2,768.25,769.2,0
200,6654,2247579,788.4,795.4,748.0,743.3,768.2,769.35,0
200,6655,2247580,788.3,795.5,747.9,743.4,768.1,769.45,0
200,6656,2247581,788.1,795.7,748.0,743.2,768.05,769.45,0
200,6657,2247582,787.9,795.8,748.0,742.9,767.95,769.35,0
200,6658,2247583,787.6,795.9,748.2,742.6,767.9,769.25,0
200,6659,2247584,787.4,796.0,748.3,742.4,767.85,769.2,0
200,6660,2247585,787.2,796.0,748.4,742.3,767.8,769.15,0
200,6661,2247586,787.1,796.0,748.5,742.4,767.8,769.2,0
200,6662,2247587,787.1,796.0,748.5,742.4,767.8,769.2,0
200,6663,2247588,787.2,796.0,748.6,742.4,767.9,769.2,0
200,6664,2247589,787.3,796.0,748.6,742.3,767.95,769.15,0
200,6665,2247590,787.4,795.9,748.7,742.3,768.05,769.1,0
200,6666,2247591,787.4,795.9,748.9,742.2,768.15,769.05,0
201,6667,2247592,787.3,795.9,749.0,742.1,768.15,769.0,0
201,6668,2247593,787.1,795.8,749.2,742.0,768.15,768.9,0
201,6669,2247594,787.0,795.7,749.5,741.9,768.25,768.8,0
201,6670,2247595,786.7,795.7,749.8,741.8,768.25,768.75,0
201,6671,2247596,786.6,795.6,750.0,741.6,768.3,768.6,0
201,6672,2247597,786.5,795.5,750.3,741.5,768.4,768.5,0
201,6673,2247598,786.4,795.3,750.4,741.5,768.4,768.4,0
201,6674,2247599,786.2,795.1,750.4,741.4,768.3,768.25,0
201,6675,2247600,786.1,795.0,750.3,741.3,768.2,768.15,0
201,6676,2247601,786.0,794.7,750.0,741.3,768.0,768.0,0
201,6677,2247602,785.8,794.5,749.7,741.4,767.75,767.95,0
201,6678,2247603,785.7,794.3,749.6,741.5,767.65,767.9,0
201,6679,2247604,785.6,794.3,749.6,741.5,767.6,767.9,0
201,6680,2247605,785.7,794.2,749.6,741.5,767.65,767.85,0
201,6681,2247606,785.8,794.2,749.7,741.4,767.75,767.8,0
201,6682,2247607,785.9,794.1,750.0,741.3,767.95,767.7,0
201,6683,2247608,786.0,794.1,750.3,741.2,768.15,767.65,0
201,6684,2247609,786.2,794.1,750.6,741.1,768.4,767.6,0
201,6685,2247610,786.3,794.0,750.7,741.0,768.5,767.5,0
201,6686,2247611,786.5,794.0,750.8,741.0,768.65,767.5,0
201,6687,2247612,786.6,794.0,750.9,741.0,768.75,767.5,0
201,6688,2247613,786.8,794.0,751.0,741.1,768.9,767.55,0
201,6689,2247614,786.8,794.1,751.1,741.3,768.95,767.7,0
201,6690,2247615,786.9,794.2,751.1,741.5,769.0,767.85,0
201,6691,2247616,787.0,794.3,751.1,741.7,769.05,768.0,0
201,6692,2247617,787.0,794.4,751.2,742.0,769.1,768.2,0
201,6693,2247618,786.9,794.5,751.3,742.3,769.1,768.4,0
201,6694,2247619,786.9,794.5,751.5,742.5,769.2,768.5,0
201,6695,2247620,786.7,794.5,751.6,742.7,769.15,768.6,0
201,6696,2247621,786.5,794.6,751.8,742.9,769.15,768.75,0
201,6697,2247622,786.3,794.7,752.1,743.1,769.2,768.9,0
201,6698,2247623,786.3,794.8,752.3,743.1,769.3,768.95,0
201,6699,2247624,786.3,794.8,752.6,743.0,769.45,768.9,0
201,6700,2247625,786.4,794.8,752.8,742.8,769.6,768.8,0
202,6701,2247626,786.5,794.8,753.1,742.6,769.8,768.7,0
202,6702,2247627,786.8,794.8,753.5,742.5,770.15,768.65,0
202,6703,2247628,787.0,794.7,753.8,742.4,770.4,768.55,0
202,6704,2247629,787.1,794.6,754.1,742.3,770.6,768.45,0
202,6705,2247630,787.2,794.5,754.4,742.2,770.8,768.35,0
202,6706,2247631,787.1,794.5,755.0,742.6,771.05,768.55,0
202,6707,2247632,786.9,794.5,755.6,743.1,771.25,768.8,0
202,6708,2247633,786.6,794.6,756.0,743.6,771.3,769.1,0
202,6709,2247634,786.4,794.7,756.6,744.2,771.5,769.45,0
202,6710,2247635,786.2,794.8,757.2,744.6,771.7,769.7,0
202,6711,2247636,786.1,794.8,757.7,745.0,771.9,769.9,0
202,6712,2247637,786.1,794.9,758.2,745.4,772.15,770.15,0
202,6713,2247638,785.9,794.9,758.5,745.5,772.2,770.2,0
202,6714,2247639,785.9,794.9,758.8,745.5,772.35,770.2,0
202,6715,2247640,785.7,794.8,759.0,745.4,772.35,770.1,0
202,6716,2247641,785.4,794.7,759.2,745.2,772.3,769.95,0
202,6717,2247642,785.0,794.6,759.5,745.2,772.25,769.9,0
202,6718,2247643,784.6,794.8,759.8,745.3,772.2,770.05,0
202,6719,2247644,784.1,795.1,760.0,745.5,772.05,770.3,0
202,6720,2247645,783.7,795.4,760.3,745.8,772.0,770.6,0
202,6721,2247646,783.3,795.8,760.5,746.1,771.9,770.95,0
202,6722,2247647,783.1,796.2,760.8,746.5,771.95,771.35,0
202,6723,2247648,783.1,796.5,761.0,746.7,772.05,771.6,0
202,6724,2247649,783.2,796.8,761.2,747.0,772.2,771.9,0
202,6725,2247650,783.3,796.7,761.3,747.3,772.3,772.0,0
202,6726,2247651,783.5,796.6,761.4,747.7,772.45,772.15,0
202,6727,2247652,783.6,796.3,761.8,747.9,772.7,772.1,0
202,6728,2247653,783.6,796.1,762.2,748.3,772.9,772.2,0
202,6729,2247654,783.6,795.9,762.5,748.7,773.05,772.3,0
202,6730,2247655,783.5,795.7,762.9,749.1,773.2,772.4,0
202,6731,2247656,783.4,795.5,763.1,749.4,773.25,772.45,0
202,6732,2247657,782.9,795.3,763.2,749.6,773.05,772.45,0
202,6733,2247658,782.6,795.1,763.4,749.6,773.0,772.35,0
203,6734,2247659,782.2,795.0,763.4,749.5,772.8,772.25,0
203,6735,2247660,782.1,794.9,763.3,749.1,772.7,772.0,0
203,6736,2247661,782.1,794.8,763.3,748.7,772.7,771.75,0
203,6737,2247662,782.1,794.7,763.4,748.4,772.75,771.55,0
203,6738,2247663,782.0,794.7,763.6,748.2,772.8,771.45,0
203,6739,2247664,782.1,794.6,763.7,748.0,772.9,771.3,0
203,6740,2247665,782.2,794.6,763.9,747.9,773.05,771.25,0
203,6741,2247666,782.3,794.4,764.0,747.8,773.15,771.1,0
203,6742,2247667,782.2,794.2,764.1,747.9,773.15,771.05,0
203,6743,2247668,782.4,794.0,764.2,748.1,773.3,771.05,0
203,6744,2247669,782.6,793.8,764.3,748.2,773.45,771.0,0
203,6745,2247670,782.8,793.5,764.4,748.3,773.6,770.9,0
203,6746,2247671,783.1,793.1,764.4,748.2,773.75,770.65,0
203,6747,2247672,783.5,792.7,764.5,748.2,774.0,770.45,0
203,6748,2247673,783.7,792.4,764.7,748.3,774.2,770.35,0
203,6749,2247674,783.8,792.5,764.9,748.6,774.35,770.55,0
203,6750,2247675,783.7,792.6,765.4,748.8,774.55,770.7,0
203,6751,2247676,783.7,792.6,766.0,749.1,774.85,770.85,0
203,6752,2247677,783.4,792.8,766.5,749.4,774.95,771.1,0
203,6753,2247678,783.2,793.0,767.2,749.7,775.2,771.35,0
203,6754,2247679,783.0,793.2,767.8,750.1,775.4,771.65,0
203,6755,2247680,782.9,793.4,768.5,750.4,775.7,771.9,0
203,6756,2247681,782.8,793.4,769.0,750.4,775.9,771.9,0
203,6757,2247682,782.8,793.3,769.3,750.4,776.05,771.85,0
203,6758,2247683,782.8,793.2,769.5,750.4,776.15,771.8,0
203,6759,2247684,782.9,793.2,769.7,750.2,776.3,771.7,0
203,6760,2247685,783.1,793.1,769.8,750.1,776.45,771.6,0
203,6761,2247686,783.2,793.1,770.2,750.1,776.7,771.6,0
203,6762,2247687,783.4,793.0,770.6,750.1,777.0,771.55,0
203,6763,2247688,783.5,792.9,770.9,750.2,777.2,771.55,0
203,6764,2247689,783.7,792.8,771.2,750.2,777.45,771.5,0
203,6765,2247690,783.8,792.7,771.5,750.3,777.65,771.5,0
203,6766,2247691,783.9,792.6,771.8,750.6,777.85,771.6,0
204,6767,2247692,784.1,792.5,772.1,750.9,778.1,771.7,0
204,6768,2247693,784.3,792.4,772.1,751.1,778.2,771.75,0
204,6769,2247694,784.5,792.3,772.1,751.3,778.3,771.8,0
204,6770,2247695,784.8,792.2,772.2,751.4,778.5,771.8,0
204,6771,2247696,785.0,792.2,772.2,751.4,778.6,771.8,0
204,6772,2247697,785.3,792.2,772.3,751.5,778.8,771.85,0
204,6773,2247698,785.7,792.4,772.3,751.4,779.0,771.9,0
204,6774,2247699,786.1,792.5,772.4,751.3,779.25,771.9,0
204,6775,2247700,786.3,792.6,772.5,751.1,779.4,771.85,0
204,6776,2247701,786.6,792.8,772.6,751.3,779.6,772.05,0
204,6777,2247702,786.7,792.9,772.7,751.5,779.7,772.2,0
204,6778,2247703,786.9,793.1,772.8,751.7,779.85,772.4,0
204,6779,2247704,787.1,793.1,772.9,752.0,780.0,772.55,0
204,6780,2247705,787.2,793.1,773.1,752.3,780.15,772.7,0
204,6781,2247706,787.4,793.2,773.2,752.5,780.3,772.85,0
204,6782,2247707,787.7,793.2,773.3,752.6,780.5,772.9,0
204,6783,2247708,788.0,793.2,773.4,752.4,780.7,772.8,0
204,6784,2247709,788.3,793.3,773.5,752.1,780.9,772.7,0
204,6785,2247710,788.7,793.4,773.6,751.8,781.15,772.6,0
204,6786,2247711,789.1,793.4,773.8,751.6,781.45,772.5,0
204,6787,2247712,789.5,793.5,774.2,751.4,781.85,772.45,0
204,6788,2247713,789.9,793.4,774.6,751.3,782.25,772.35,0
204,6789,2247714,790.1,793.4,775.1,751.4,782.6,772.4,0
204,6790,2247715,790.3,793.5,776.0,751.4,783.15,772.45,0
204,6791,2247716,790.5,793.4,777.0,751.6,783.75,772.5,0
204,6792,2247717,790.6,793.4,777.8,751.9,784.2,772.65,0
204,6793,2247718,790.6,793.3,778.7,752.1,784.65,772.7,0
204,6794,2247719,790.5,793.3,779.3,752.3,784.9,772.8,0
204,6795,2247720,790.5,793.4,780.0,752.2,785.25,772.8,0
204,6796,2247721,790.7,793.4,780.6,752.1,785.65,772.75,0
204,6797,2247722,791.0,793.4,781.2,752.1,786.1,772.75,0
204,6798,2247723,791.3,793.5,781.7,752.0,786.5,772.75,0
204,6799,2247724,791.9,793.6,782.4,751.8,787.15,772.7,0
204,6800,2247725,792.4,793.7,783.1,751.7,787.75,772.7,0
205,6801,2247726,792.9,793.8,783.7,751.6,788.3,772.7,0
205,6802,2247727,793.4,794.0,784.3,751.8,788.85,772.9,0
205,6803,2247728,793.8,794.1,784.8,751.8,789.3,772.95,0
205,6804,2247729,794.0,794.1,784.9,751.8,789.45,772.95,0
205,6805,2247730,794.3,794.0,785.1,751.7,789.7,772.85,0
205,6806,2247731,794.4,794.0,785.2,751.6,789.8,772.8,0
205,6807,2247732,795.0,793.9,785.4,751.5,790.2,772.7,0
205,6808,2247733,795.5,793.9,785.7,751.4,790.6,772.65,0
205,6809,2247734,796.0,793.8,786.0,751.0,791.0,772.4,0
205,6810,2247735,796.5,793.9,786.4,750.7,791.45,772.3,0
205,6811,2247736,796.9,794.1,787.2,750.4,792.05,772.25,0
205,6812,2247737,797.3,794.2,787.9,750.1,792.6,772.15,0
205,6813,2247738,797.8,794.3,788.7,749.9,793.25,772.1,0
205,6814,2247739,797.8,794.4,789.3,749.6,793.55,772.0,0
205,6815,2247740,797.9,794.5,789.9,749.4,793.9,771.95,0
205,6816,2247741,798.0,794.2,790.5,749.4,794.25,771.8,0
205,6817,2247742,798.2,793.9,791.0,749.2,794.6,771.55,0
205,6818,2247743,798.4,793.5,791.1,749.1,794.75,771.3,0
205,6819,2247744,798.7,793.2,791.2,748.7,794.95,770.95,0
205,6820,2247745,799.0,792.9,791.5,748.3,795.25,770.6,0
205,6821,2247746,799.3,792.6,791.8,747.9,795.55,770.25,0
205,6822,2247747,799.7,792.4,792.0,747.4,795.85,769.9,0
205,6823,2247748,799.9,792.4,792.3,747.0,796.1,769.7,0
205,6824,2247749,800.2,792.5,792.6,746.3,796.4,769.4,0
205,6825,2247750,800.6,792.4,793.0,745.7,796.8,769.05,0
205,6826,2247751,800.8,792.3,793.3,745.3,797.05,768.8,0
205,6827,2247752,801.0,792.3,793.5,745.0,797.25,768.65,0
205,6828,2247753,801.1,792.1,794.0,745.0,797.55,768.55,0
205,6829,2247754,801.1,792.0,794.4,745.0,797.75,768.5,0
205,6830,2247755,801.1,791.8,794.8,745.1,797.95,768.45,0
205,6831,2247756,801.1,791.8,795.2,745.5,798.15,768.65,0
205,6832,2247757,801.0,791.9,795.5,746.0,798.25,768.95,0
205,6833,2247758,800.8,792.0,795.8,746.4,798.3,769.2,0
206,6834,2247759,800.6,792.1,796.2,746.7,798.4,769.4,0
206,6835,2247760,800.5,792.2,796.3,746.8,798.4,769.5,0
206,6836,2247761,800.5,792.4,796.4,746.9,798.45,769.65,0
206,6837,2247762,800.5,792.6,796.6,746.9,798.55,769.75,0
206,6838,2247763,800.6,793.0,796.8,747.0,798.7,770.0,0
206,6839,2247764,800.8,793.3,796.9,747.0,798.85,770.15,0
206,6840,2247765,801.0,793.6,797.0,747.0,799.0,770.3,0
206,6841,2247766,801.2,794.0,797.0,747.1,799.1,770.55,0
206,6842,2247767,801.4,794.4,797.0,747.4,799.2,770.9,0
206,6843,2247768,801.6,794.8,797.0,747.6,799.3,771.2,0
206,6844,2247769,801.8,795.1,796.7,747.9,799.25,771.5,0
206,6845,2247770,801.9,795.3,796.5,748.1,799.2,771.7,0
206,6846,2247771,802.1,795.4,796.2,748.4,799.15,771.9,0
206,6847,2247772,802.2,795.5,795.6,748.7,798.9,772.1,0
206,6848,2247773,802.3,795.5,795.0,748.9,798.65,772.2,0
206,6849,2247774,802.3,795.6,794.4,749.0,798.35,772.3,0
206,6850,2247775,802.4,795.8,793.9,749.1,798.15,772.45,0
206,6851,2247776,802.4,795.9,793.8,749.2,798.1,772.55,0
206,6852,2247777,802.5,796.1,793.6,749.4,798.05,772.75,0
206,6853,2247778,802.5,796.3,793.6,749.4,798.05,772.85,0
206,6854,2247779,802.6,796.5,794.1,749.3,798.35,772.9,0
206,6855,2247780,802.7,796.8,794.5,749.1,798.6,772.95,0
206,6856,2247781,802.9,797.0,795.1,749.0,799.0,773.0,0
206,6857,2247782,802.9,797.1,795.8,748.8,799.35,772.95,0
206,6858,2247783,803.1,797.2,796.6,748.7,799.85,772.95,0
206,6859,2247784,803.2,797.3,797.5,748.6,800.35,772.95,0
206,6860,2247785,803.3,797.4,798.1,748.5,800.7,772.95,0
206,6861,2247786,803.6,797.4,798.7,748.7,801.15,773.05,0
206,6862,2247787,803.9,797.4,799.3,749.0,801.6,773.2,0
206,6863,2247788,804.3,797.5,799.4,749.4,801.85,773.45,0
206,6864,2247789,804.8,797.6,799.4,749.7,802.1,773.65,0
206,6865,2247790,805.1,797.7,799.1,750.0,802.1,773.85,0
206,6866,2247791,805.6,797.8,798.9,750.2,802.25,774.0,0
207,6867,2247792,806.0,797.9,798.5,750.2,802.25,774.05,0
207,6868,2247793,806.2,798.1,798.2,750.2,802.2,774.15,0
207,6869,2247794,806.4,798.3,798.0,750.1,802.2,774.2,0
207,6870,2247795,806.4,798.4,798.0,749.8,802.2,774.1,0
207,6871,2247796,806.5,798.5,798.1,749.5,802.3,774.0,0
207,6872,2247797,806.7,798.6,798.2,749.3,802.45,773.95,0
207,6873,2247798,806.9,798.8,798.5,749.2,802.7,774.0,0
207,6874,2247799,807.1,798.9,798.8,749.1,802.95,774.0,0
207,6875,2247800,807.2,799.1,799.1,749.0,803.15,774.05,0
207,6876,2247801,807.4,799.2,799.4,748.8,803.4,774.0,0
207,6877,2247802,807.6,799.4,799.7,748.7,803.65,774.05,0
207,6878,2247803,807.7,799.6,800.0,748.4,803.85,774.0,0
207,6879,2247804,808.0,800.0,800.4,748.2,804.2,774.1,0
207,6880,2247805,808.3,800.2,800.6,748.0,804.45,774.1,0
207,6881,2247806,808.7,800.3,800.8,747.7,804.75,774.0,0
207,6882,2247807,809.1,800.4,801.0,747.4,805.05,773.9,0
207,6883,2247808,809.5,800.5,801.2,747.2,805.35,773.85,0
207,6884,2247809,810.0,800.6,801.4,747.0,805.7,773.8,0
207,6885,2247810,810.5,801.1,801.4,746.9,805.95,774.0,0
207,6886,2247811,810.8,801.5,801.5,746.8,806.15,774.15,0
207,6887,2247812,811.3,801.9,801.5,746.6,806.4,774.25,0
207,6888,2247813,811.7,802.4,801.6,746.5,806.65,774.45,0
207,6889,2247814,812.2,803.0,801.6,746.4,806.9,774.7,0
207,6890,2247815,812.8,803.8,801.6,746.4,807.2,775.1,0
207,6891,2247816,813.2,804.4,801.6,746.5,807.4,775.45,0
207,6892,2247817,813.7,804.6,801.6,746.6,807.65,775.6,0
207,6893,2247818,814.2,804.8,801.6,746.9,807.9,775.85,0
207,6894,2247819,814.5,805.2,801.6,747.2,808.05,776.2,0
207,6895,2247820,814.8,805.5,801.6,747.6,808.2,776.55,0
207,6896,2247821,815.0,805.8,801.6,748.0,808.3,776.9,0
207,6897,2247822,815.0,806.2,801.6,748.4,808.3,777.3,0
207,6898,2247823,815.0,807.0,801.7,748.7,808.35,777.85,0
207,6899,2247824,815.0,807.7,801.7,749.0,808.35,778.35,0
207,6900,2247825,815.0,808.3,801.7,749.4,808.35,778.85,0
208,6901,2247826,815.1,808.8,801.8,749.6,808.45,779.2,0
208,6902,2247827,815.2,809.4,801.8,749.8,808.5,779.6,0
208,6903,2247828,815.3,809.7,801.8,749.9,808.55,779.8,0
208,6904,2247829,815.5,809.8,801.9,750.1,808.7,779.95,0
208,6905,2247830,816.0,809.5,802.7,750.2,809.35,779.85,0
208,6906,2247831,816.6,809.2,804.0,750.3,810.3,779.75,0
208,6907,2247832,817.8,808.8,805.3,750.4,811.55,779.6,0
208,6908,2247833,819.6,808.6,807.3,751.6,813.45,780.1,0
208,6909,2247834,822.1,808.5,810.1,753.4,816.1,780.95,0
208,6910,2247835,825.8,808.8,814.3,756.0,820.05,782.4,0
208,6911,2247836,830.8,809.2,819.2,759.1,825.0,784.15,0
208,6912,2247837,836.5,810.1,824.1,762.3,830.3,786.2,0
208,6913,2247838,843.0,811.3,829.9,765.8,836.45,788.55,0
208,6914,2247839,849.3,812.8,836.8,769.3,843.05,791.05,0
208,6915,2247840,855.4,814.1,843.3,771.8,849.35,792.95,0
208,6916,2247841,860.8,815.3,849.2,774.0,855.0,794.65,0
208,6917,2247842,865.1,816.3,853.7,775.4,859.4,795.85,0
208,6918,2247843,868.2,817.5,857.3,776.4,862.75,796.95,0
208,6919,2247844,870.1,818.3,860.0,777.4,865.05,797.85,0
208,6920,2247845,870.9,818.9,861.2,778.0,866.05,798.45,0
208,6921,2247846,871.2,819.3,860.2,778.5,865.7,798.9,0
208,6922,2247847,870.4,819.7,858.6,778.8,864.5,799.25,0
208,6923,2247848,868.9,820.2,856.3,779.2,862.6,799.7,0
208,6924,2247849,867.1,820.7,853.0,779.6,860.05,800.15,0
208,6925,2247850,865.3,821.1,849.4,780.0,857.35,800.55,0
208,6926,2247851,863.4,821.4,845.6,780.4,854.5,800.9,0
208,6927,2247852,861.4,821.6,842.0,780.8,851.7,801.2,0
208,6928,2247853,859.5,821.8,839.4,781.1,849.45,801.45,0
208,6929,2247854,858.2,821.7,837.2,781.5,847.7,801.6,0
208,6930,2247855,857.5,821.5,836.0,781.7,846.75,801.6,0
208,6931,2247856,857.1,821.2,835.9,781.8,846.5,801.5,0
208,6932,2247857,856.7,820.4,836.4,781.6,846.55,801.0,0
208,6933,2247858,856.5,819.7,837.4,781.4,846.95,800.55,0
209,6934,2247859,856.5,818.8,838.7,781.1,847.6,799.95,0
209,6935,2247860,856.5,817.9,840.0,780.9,848.25,799.4,0
209,6936,2247861,856.5,817.3,841.2,780.6,848.85,798.95,0
209,6937,2247862,856.4,816.7,842.1,780.3,849.25,798.5,0
209,6938,2247863,856.4,816.1,842.9,780.1,849.65,798.1,0
209,6939,2247864,856.2,815.8,843.3,780.0,849.75,797.9,0
209,6940,2247865,856.1,815.6,843.7,779.8,849.9,797.7,0
209,6941,2247866,856.1,815.6,843.9,779.7,850.0,797.65,0
209,6942,2247867,856.1,815.9,844.1,780.0,850.1,797.95,0
209,6943,2247868,856.4,816.2,844.1,780.4,850.25,798.3,0
209,6944,2247869,856.7,816.5,844.1,780.8,850.4,798.65,0
209,6945,2247870,857.0,816.7,844.2,781.2,850.6,798.95,0
209,6946,2247871,857.5,816.9,844.3,781.7,850.9,799.3,0
209,6947,2247872,858.0,817.1,844.7,782.1,851.35,799.6,0
209,6948,2247873,858.5,817.2,845.0,782.6,851.75,799.9,0
209,6949,2247874,859.1,817.1,845.4,782.6,852.25,799.85,0
209,6950,2247875,859.4,817.0,845.7,782.6,852.55,799.8,0
209,6951,2247876,859.8,816.9,846.0,782.5,852.9,799.7,0
209,6952,2247877,860.1,816.9,846.3,782.5,853.2,799.7,0
209,6953,2247878,860.3,816.9,846.6,782.4,853.45,799.65,0
209,6954,2247879,860.4,816.9,846.5,782.7,853.45,799.8,0
209,6955,2247880,860.5,816.9,846.3,783.0,853.4,799.95,0
209,6956,2247881,860.5,816.8,845.9,783.3,853.2,800.05,0
209,6957,2247882,860.5,816.8,845.4,783.7,852.95,800.25,0
209,6958,2247883,860.6,816.7,845.0,784.1,852.8,800.4,0
209,6959,2247884,860.7,816.5,844.5,784.5,852.6,800.5,0
209,6960,2247885,860.8,816.4,844.0,784.9,852.4,800.65,0
209,6961,2247886,861.0,816.3,843.6,784.8,852.3,800.55,0
209,6962,2247887,861.3,816.2,843.3,784.7,852.3,800.45,0
209,6963,2247888,861.6,816.0,843.2,784.6,852.4,800.3,0
209,6964,2247889,861.8,815.9,843.1,784.3,852.45,800.1,0
209,6965,2247890,861.9,815.8,843.0,784.0,852.45,799.9,0
209,6966,2247891,862.0,815.7,842.9,783.6,852.45,799.65,0
210,6967,2247892,862.1,815.6,842.9,783.3,852.5,799.45,0
210,6968,2247893,862.2,815.5,842.8,783.1,852.5,799.3,0
210,6969,2247894,862.3,815.4,842.7,783.0,852.5,799.2,0
210,6970,2247895,862.4,815.3,842.5,782.8,852.45,799.05,0
210,6971,2247896,862.6,815.2,842.2,782.5,852.4,798.85,0
210,6972,2247897,862.7,815.1,842.0,782.2,852.35,798.65,0
210,6973,2247898,862.9,815.0,841.7,781.9,852.3,798.45,0
210,6974,2247899,863.3,814.9,841.5,781.6,852.4,798.25,0
210,6975,2247900,863.6,814.9,841.3,781.3,852.45,798.1,0
210,6976,2247901,863.9,814.8,841.0,781.0,852.45,797.9,0
210,6977,2247902,864.2,814.8,840.9,780.8,852.55,797.8,0
210,6978,2247903,864.3,815.0,840.8,780.9,852.55,797.95,0
210,6979,2247904,864.5,815.1,840.8,780.9,852.65,798.0,0
210,6980,2247905,864.7,815.3,840.7,781.0,852.7,798.15,0
210,6981,2247906,864.7,815.5,840.7,781.2,852.7,798.35,0
210,6982,2247907,864.7,815.7,840.6,781.2,852.65,798.45,0
210,6983,2247908,865.1,815.8,840.5,781.2,852.8,798.5,0
210,6984,2247909,865.6,815.9,840.4,781.0,853.0,798.45,0
210,6985,2247910,866.1,815.8,840.4,780.9,853.25,798.35,0
210,6986,2247911,866.6,815.7,840.3,780.7,853.45,798.2,0
210,6987,2247912,867.0,815.4,840.3,780.4,853.65,797.9,0
210,6988,2247913,867.5,815.1,840.3,780.2,853.9,797.65,0
210,6989,2247914,867.9,814.8,840.3,780.0,854.1,797.4,0
210,6990,2247915,868.0,814.5,840.4,779.8,854.2,797.15,0
210,6991,2247916,868.0,814.2,840.5,779.8,854.25,797.0,0
210,6992,2247917,867.9,814.0,840.7,779.7,854.3,796.85,0
210,6993,2247918,867.8,813.8,840.8,779.7,854.3,796.75,0
210,6994,2247919,867.7,813.7,841.0,779.8,854.35,796.75,0
210,6995,2247920,867.6,813.7,841.1,779.8,854.35,796.75,0
210,6996,2247921,867.5,813.7,841.1,779.8,854.3,796.75,0
210,6997,2247922,867.5,813.9,841.2,779.8,854.35,796.85,0
210,6998,2247923,867.4,814.1,841.1,779.8,854.25,796.95,0
210,6999,2247924,867.6,814.4,841.0,779.8,854.3,797.1,0
210,7000,2247925,867.8,814.5,840.9,779.7,854.35,797.1,0
211,7001,2247926,868.0,814.7,840.8,779.8,854.4,797.25,0
211,7002,2247927,868.2,814.6,840.8,779.8,854.5,797.2,0
211,7003,2247928,868.3,814.4,840.8,780.0,854.55,797.2,0
211,7004,2247929,868.4,814.1,840.7,780.2,854.55,797.15,0
211,7005,2247930,868.5,814.1,841.0,780.5,854.75,797.3,0
211,7006,2247931,868.5,814.0,841.3,780.9,854.9,797.45,0
211,7007,2247932,868.6,814.1,841.6,781.2,855.1,797.65,0
211,7008,2247933,868.7,814.1,841.9,781.6,855.3,797.85,0
211,7009,2247934,868.8,814.4,842.1,781.9,855.45,798.15,0
211,7010,2247935,868.9,814.7,842.3,782.0,855.6,798.35,0
211,7011,2247936,869.1,814.8,842.5,782.2,855.8,798.5,0
211,7012,2247937,869.3,814.8,842.5,782.2,855.9,798.5,0
211,7013,2247938,869.5,814.7,842.5,782.1,856.0,798.4,0
211,7014,2247939,869.7,814.4,842.5,782.0,856.1,798.2,0
211,7015,2247940,869.8,814.2,842.5,781.9,856.15,798.05,0
211,7016,2247941,870.0,814.0,842.6,781.8,856.3,797.9,0
211,7017,2247942,870.1,813.9,842.7,781.8,856.4,797.85,0
211,7018,2247943,870.2,813.8,842.8,781.7,856.5,797.75,0
211,7019,2247944,870.3,813.8,842.9,781.5,856.6,797.65,0
211,7020,2247945,870.4,814.2,843.0,781.5,856.7,797.85,0
211,7021,2247946,870.6,814.6,843.1,781.5,856.85,798.05,0
211,7022,2247947,870.7,815.0,843.1,781.5,856.9,798.25,0
211,7023,2247948,871.0,815.4,843.1,781.5,857.05,798.45,0
211,7024,2247949,871.2,815.7,843.0,781.4,857.1,798.55,0
211,7025,2247950,871.5,815.9,842.9,781.6,857.2,798.75,0
211,7026,2247951,871.9,816.1,842.8,781.9,857.35,799.0,0
211,7027,2247952,872.2,815.9,842.8,782.2,857.5,799.05,0
211,7028,2247953,872.5,815.5,842.8,782.5,857.65,799.0,0
211,7029,2247954,872.6,815.2,842.8,782.8,857.7,799.0,0
211,7030,2247955,872.7,815.0,842.8,783.2,857.75,799.1,0
211,7031,2247956,872.7,815.0,842.9,783.6,857.8,799.3,0
211,7032,2247957,872.5,815.0,843.1,783.8,857.8,799.4,0
211,7033,2247958,872.3,815.0,843.2,784.0,857.75,799.5,0
212,7034,2247959,872.0,815.0,843.3,784.2,857.65,799.6,0
212,7035,2247960,872.0,815.2,843.4,784.4,857.7,799.8,0
212,7036,2247961,871.9,815.4,843.4,784.7,857.65,800.05,0
212,7037,2247962,871.9,815.6,843.5,785.0,857.7,800.3,0
212,7038,2247963,872.0,815.7,843.5,785.2,857.75,800.45,0
212,7039,2247964,872.2,815.8,843.6,785.3,857.9,800.55,0
212,7040,2247965,872.3,816.0,843.7,785.2,858.0,800.6,0
212,7041,2247966,872.5,816.1,843.7,785.1,858.1,800.6,0
212,7042,2247967,872.5,816.1,843.9,784.6,858.2,800.35,0
212,7043,2247968,872.6,816.1,844.0,784.0,858.3,800.05,0
212,7044,2247969,872.6,816.1,844.2,783.4,858.4,799.75,0
212,7045,2247970,872.6,816.1,844.4,782.9,858.5,799.5,0
212,7046,2247971,872.6,816.2,844.6,782.4,858.6,799.3,0
212,7047,2247972,872.6,816.3,844.8,782.1,858.7,799.2,0
212,7048,2247973,872.6,816.4,845.0,781.8,858.8,799.1,0
212,7049,2247974,872.6,816.8,845.2,781.8,858.9,799.3,0
212,7050,2247975,872.8,817.3,845.3,782.0,859.05,799.65,0
212,7051,2247976,872.9,817.7,845.4,782.2,859.15,799.95,0
212,7052,2247977,873.1,818.1,845.4,782.6,859.25,800.35,0
212,7053,2247978,873.2,818.3,845.4,783.0,859.3,800.65,0
212,7054,2247979,873.4,818.6,845.3,783.4,859.35,801.0,0
212,7055,2247980,873.6,818.9,845.2,783.7,859.4,801.3,0
212,7056,2247981,873.8,818.8,845.1,783.7,859.45,801.25,0
212,7057,2247982,873.9,818.8,844.9,783.7,859.4,801.25,0
212,7058,2247983,874.0,818.7,844.8,783.7,859.4,801.2,0
212,7059,2247984,874.1,818.6,844.7,783.6,859.4,801.1,0
212,7060,2247985,874.3,818.6,844.7,783.5,859.5,801.05,0
212,7061,2247986,874.6,818.6,844.6,783.4,859.6,801.0,0
212,7062,2247987,874.7,818.6,844.5,783.1,859.6,800.85,0
212,7063,2247988,874.9,818.7,844.4,782.9,859.65,800.8,0
212,7064,2247989,875.1,818.7,844.4,782.7,859.75,800.7,0
212,7065,2247990,875.1,818.7,844.4,782.6,859.75,800.65,0
212,7066,2247991,875.2,818.7,844.6,782.3,859.9,800.5,0
213,7067,2247992,875.1,818.6,844.9,782.0,860.0,800.3,0
213,7068,2247993,875.1,818.4,845.1,781.7,860.1,800.05,0
213,7069,2247994,875.1,818.1,845.3,781.6,860.2,799.85,0
213,7070,2247995,875.0,817.9,845.5,781.5,860.25,799.7,0
213,7071,2247996,875.1,817.5,845.6,781.3,860.35,799.4,0
213,7072,2247997,875.2,817.2,845.7,781.0,860.45,799.1,0
213,7073,2247998,875.3,816.9,845.5,780.8,860.4,798.85,0
213,7074,2247999,875.4,816.7,845.3,780.8,860.35,798.75,0
213,7075,2248000,875.5,816.7,845.1,780.8,860.3,798.75,0
213,7076,2248001,875.5,816.8,844.8,781.3,860.15,799.05,0
213,7077,2248002,875.6,816.8,844.9,781.8,860.25,799.3,0
213,7078,2248003,875.5,817.0,844.9,782.5,860.2,799.75,0
213,7079,2248004,875.4,817.2,844.9,783.1,860.15,800.15,0
213,7080,2248005,875.4,817.4,844.9,783.7,860.15,800.55,0
213,7081,2248006,875.4,817.6,844.7,783.9,860.05,800.75,0
213,7082,2248007,875.3,817.7,844.6,783.9,859.95,800.8,0
213,7083,2248008,875.4,817.9,844.4,783.7,859.9,800.8,0
213,7084,2248009,875.4,818.0,844.1,783.3,859.75,800.65,0
213,7085,2248010,875.4,818.1,843.8,783.0,859.6,800.55,0
213,7086,2248011,875.5,818.1,843.5,782.8,859.5,800.45,0
213,7087,2248012,875.5,818.1,843.3,782.6,859.4,800.35,0
213,7088,2248013,875.5,818.0,843.3,782.6,859.4,800.3,0
213,7089,2248014,875.4,818.0,843.4,782.7,859.4,800.35,0
213,7090,2248015,875.3,818.0,843.5,782.8,859.4,800.4,0
213,7091,2248016,875.2,818.0,843.6,783.1,859.4,800.55,0
213,7092,2248017,875.5,817.9,843.7,783.3,859.6,800.6,0
213,7093,2248018,875.7,817.6,843.8,783.5,859.75,800.55,0
213,7094,2248019,876.0,817.3,843.9,783.7,859.95,800.5,0
213,7095,2248020,876.3,817.0,843.9,783.8,860.1,800.4,0
213,7096,2248021,876.8,816.8,843.8,784.0,860.3,800.4,0
213,7097,2248022,877.1,816.7,843.7,784.0,860.4,800.35,0
213,7098,2248023,877.4,816.6,843.5,783.8,860.45,800.2,0
213,7099,2248024,877.6,816.5,843.5,783.7,860.55,800.1,0
213,7100,2248025,877.7,816.7,843.4,783.5,860.55,800.1,0
214,7101,2248026,877.7,816.9,843.4,783.3,860.55,800.1,0
214,7102,2248027,877.8,817.1,843.5,783.1,860.65,800.1,0
214,7103,2248028,877.9,817.2,843.6,782.8,860.75,800.0,0
214,7104,2248029,878.0,817.1,843.7,782.6,860.85,799.85,0
214,7105,2248030,878.0,817.1,843.8,782.3,860.9,799.7,0
214,7106,2248031,878.0,817.1,843.8,781.9,860.9,799.5,0
214,7107,2248032,877.9,817.1,843.6,781.5,860.75,799.3,0
214,7108,2248033,877.9,817.1,843.4,781.0,860.65,799.05,0
214,7109,2248034,877.8,817.0,843.1,780.3,860.45,798.65,0
214,7110,2248035,877.8,817.0,842.7,779.6,860.25,798.3,0
214,7111,2248036,877.8,817.0,842.4,779.0,860.1,798.0,0
214,7112,2248037,877.8,817.0,842.1,778.4,859.95,797.7,0
214,7113,2248038,877.9,817.0,841.8,777.9,859.85,797.45,0
214,7114,2248039,877.9,817.1,841.6,777.5,859.75,797.3,0
214,7115,2248040,878.0,817.1,841.3,777.1,859.65,797.1,0
214,7116,2248041,878.1,817.1,841.0,776.8,859.55,796.95,0
214,7117,2248042,878.1,817.2,840.8,776.4,859.45,796.8,0
214,7118,2248043,878.1,817.4,840.5,775.6,859.3,796.5,0
214,7119,2248044,878.1,817.7,840.2,774.8,859.15,796.25,0
214,7120,2248045,878.2,817.9,840.0,774.0,859.1,795.95,0
214,7121,2248046,878.2,818.1,839.9,773.2,859.05,795.65,0
214,7122,2248047,878.2,818.4,839.9,772.3,859.05,795.35,0
214,7123,2248048,878.4,818.6,840.0,771.6,859.2,795.1,0
214,7124,2248049,878.5,818.8,840.0,771.1,859.25,794.95,0
214,7125,2248050,878.7,818.9,840.1,771.0,859.4,794.95,0
214,7126,2248051,878.8,818.9,840.0,770.9,859.4,794.9,0
214,7127,2248052,879.0,819.0,840.0,770.8,859.5,794.9,0
214,7128,2248053,879.1,819.0,840.0,770.7,859.55,794.85,0
214,7129,2248054,879.2,819.0,840.0,770.6,859.6,794.8,0
214,7130,2248055,879.3,819.0,839.9,770.2,859.6,794.6,0
214,7131,2248056,879.3,819.0,839.9,769.9,859.6,794.45,0
214,7132,2248057,879.4,819.1,839.9,769.3,859.65,794.2,0
214,7133,2248058,879.4,819.2,840.1,768.7,859.75,793.95,0
215,7134,2248059,879.3,819.4,840.4,768.0,859.85,793.7,0
215,7135,2248060,879.2,819.6,840.7,767.4,859.95,793.5,0
215,7136,2248061,879.1,819.8,840.9,766.9,860.0,793.35,0
215,7137,2248062,878.9,820.1,841.1,766.6,860.0,793.35,0
215,7138,2248063,878.8,820.3,841.3,766.4,860.05,793.35,0
215,7139,2248064,878.7,820.5,841.4,766.7,860.05,793.6,0
215,7140,2248065,878.7,821.0,841.5,766.9,860.1,793.95,0
215,7141,2248066,878.8,821.4,841.7,767.2,860.25,794.3,0
215,7142,2248067,879.0,821.8,842.0,767.4,860.5,794.6,0
215,7143,2248068,879.1,822.1,842.3,767.5,860.7,794.8,0
215,7144,2248069,879.2,822.4,842.5,767.6,860.85,795.0,0
215,7145,2248070,879.4,822.7,842.8,767.8,861.1,795.25,0
215,7146,2248071,879.4,823.1,842.9,767.7,861.15,795.4,0
215,7147,2248072,879.4,823.2,843.1,767.7,861.25,795.45,0
215,7148,2248073,879.4,823.3,843.0,767.6,861.2,795.45,0
215,7149,2248074,879.3,823.3,842.9,767.7,861.1,795.5,0
215,7150,2248075,879.3,823.4,842.9,767.8,861.1,795.6,0
215,7151,2248076,879.3,823.5,842.9,767.9,861.1,795.7,0
215,7152,2248077,879.5,823.6,842.9,768.1,861.2,795.85,0
215,7153,2248078,879.7,823.7,843.0,768.4,861.35,796.05,0
215,7154,2248079,879.9,823.8,843.1,768.8,861.5,796.3,0
215,7155,2248080,880.1,824.0,843.2,769.0,861.65,796.5,0
215,7156,2248081,880.4,824.2,843.4,769.3,861.9,796.75,0
215,7157,2248082,880.6,824.5,843.6,769.4,862.1,796.95,0
215,7158,2248083,880.8,824.7,843.8,769.5,862.3,797.1,0
215,7159,2248084,880.7,824.8,844.1,769.5,862.4,797.15,0
215,7160,2248085,880.7,824.9,844.4,769.4,862.55,797.15,0
215,7161,2248086,880.4,825.0,844.6,769.2,862.5,797.1,0
215,7162,2248087,880.1,825.0,844.9,769.1,862.5,797.05,0
215,7163,2248088,879.9,825.0,845.2,769.1,862.55,797.05,0
215,7164,2248089,879.8,825.0,845.5,769.0,862.65,797.0,0
215,7165,2248090,879.7,825.1,845.6,769.0,862.65,797.05,0
215,7166,2248091,879.6,825.2,845.7,769.0,862.65,797.1,0
216,7167,2248092,879.6,825.4,845.8,769.0,862.7,797.2,0
216,7168,2248093,879.7,825.7,845.9,768.9,862.8,797.3,0
216,7169,2248094,879.8,826.0,846.0,769.0,862.9,797.5,0
216,7170,2248095,879.9,826.5,846.1,769.2,863.0,797.85,0
216,7171,2248096,879.8,827.1,846.2,769.3,863.0,798.2,0
216,7172,2248097,879.6,827.6,846.4,769.4,863.0,798.5,0
216,7173,2248098,879.5,828.2,846.5,769.5,863.0,798.85,0
216,7174,2248099,879.4,828.7,846.7,769.6,863.05,799.15,0
216,7175,2248100,879.3,829.1,846.7,769.7,863.0,799.4,0
216,7176,2248101,879.2,829.5,846.7,769.8,862.95,799.65,0
216,7177,2248102,879.3,829.6,846.8,769.9,863.05,799.75,0
216,7178,2248103,879.3,829.6,846.9,770.0,863.1,799.8,0
216,7179,2248104,879.3,829.5,847.0,770.2,863.15,799.85,0
216,7180,2248105,879.3,829.3,847.1,770.4,863.2,799.85,0
216,7181,2248106,879.2,829.1,847.3,770.6,863.25,799.85,0
216,7182,2248107,879.1,829.1,847.4,770.4,863.25,799.75,0
216,7183,2248108,879.0,829.1,847.6,770.0,863.3,799.55,0
216,7184,2248109,878.9,829.2,847.7,769.7,863.3,799.45,0
216,7185,2248110,878.8,829.3,847.6,769.3,863.2,799.3,0
216,7186,2248111,878.7,829.5,847.6,768.9,863.15,799.2,0
216,7187,2248112,878.6,829.7,847.7,768.5,863.15,799.1,0
216,7188,2248113,878.5,829.9,847.8,768.3,863.15,799.1,0
216,7189,2248114,878.5,830.1,848.2,768.4,863.35,799.25,0
216,7190,2248115,878.5,830.4,848.5,768.6,863.5,799.5,0
216,7191,2248116,878.5,830.7,848.7,768.7,863.6,799.7,0
216,7192,2248117,878.5,831.0,849.0,768.8,863.75,799.9,0
216,7193,2248118,878.5,831.2,849.2,768.9,863.85,800.05,0
216,7194,2248119,878.5,831.3,849.4,768.8,863.95,800.05,0
216,7195,2248120,878.6,831.4,849.6,768.8,864.1,800.1,0
216,7196,2248121,878.5,831.4,849.6,768.6,864.05,800.0,0
216,7197,2248122,878.3,831.2,849.6,768.3,863.95,799.75,0
216,7198,2248123,878.1,831.2,849.7,768.0,863.9,799.6,0
216,7199,2248124,877.8,831.1,849.7,767.7,863.75,799.4,0
216,7200,2248125,877.6,831.1,849.7,767.4,863.65,799.25,0
217,7201,2248126,877.3,831.1,849.7,767.2,863.5,799.15,0
217,7202,2248127,877.1,831.2,849.6,767.0,863.35,799.1,0
217,7203,2248128,877.0,831.2,849.5,766.8,863.25,799.0,0
217,7204,2248129,877.0,831.2,849.3,766.7,863.15,798.95,0
217,7205,2248130,877.0,831.2,849.2,766.7,863.1,798.95,0
217,7206,2248131,877.1,831.2,849.1,766.7,863.1,798.95,0
217,7207,2248132,877.2,831.3,849.0,766.8,863.1,799.05,0
217,7208,2248133,877.3,831.3,848.9,766.9,863.1,799.1,0
217,7209,2248134,877.3,831.3,848.8,767.1,863.05,799.2,0
217,7210,2248135,877.3,831.5,848.8,767.3,863.05,799.4,0
217,7211,2248136,877.1,831.6,848.7,767.5,862.9,799.55,0
217,7212,2248137,876.8,831.8,848.7,767.7,862.75,799.75,0
217,7213,2248138,876.5,832.0,848.7,767.7,862.6,799.85,0
217,7214,2248139,876.3,832.2,848.6,767.6,862.45,799.9,0
217,7215,2248140,876.1,832.5,848.5,767.5,862.3,800.0,0
217,7216,2248141,875.9,832.8,848.4,767.3,862.15,800.05,0
217,7217,2248142,875.9,833.0,848.2,767.1,862.05,800.05,0
217,7218,2248143,876.0,833.1,848.1,766.9,862.05,800.0,0
217,7219,2248144,876.2,833.3,848.0,766.7,862.1,800.0,0
217,7220,2248145,876.3,833.4,847.9,766.7,862.1,800.05,0
217,7221,2248146,876.2,833.4,847.9,766.7,862.05,800.05,0
217,7222,2248147,876.1,833.1,847.8,766.8,861.95,799.95,0
217,7223,2248148,875.9,832.9,847.8,766.8,861.85,799.85,0
217,7224,2248149,875.7,832.7,847.9,766.2,861.8,799.45,0
217,7225,2248150,875.5,832.5,847.9,765.6,861.7,799.05,0
217,7226,2248151,875.3,832.3,847.8,765.1,861.55,798.7,0
217,7227,2248152,875.0,832.1,847.8,764.6,861.4,798.35,0
217,7228,2248153,875.0,832.0,847.7,764.1,861.35,798.05,0
217,7229,2248154,875.0,832.0,847.6,763.6,861.3,797.8,0
217,7230,2248155,875.0,831.9,847.5,763.3,861.25,797.6,0
217,7231,2248156,875.0,831.8,847.4,763.6,861.2,797.7,0
217,7232,2248157,875.0,831.8,847.3,763.7,861.15,797.75,0
217,7233,2248158,875.1,831.5,847.1,763.9,861.1,797.7,0
218,7234,2248159,875.2,831.3,847.0,764.1,861.1,797.7,0
218,7235,2248160,875.3,831.0,846.9,764.5,861.1,797.75,0
218,7236,2248161,875.4,830.7,846.8,765.0,861.1,797.85,0
218,7237,2248162,875.4,830.5,846.8,765.3,861.1,797.9,0
218,7238,2248163,875.2,830.3,846.8,765.5,861.0,797.9,0
218,7239,2248164,875.1,830.0,846.9,765.7,861.0,797.85,0
218,7240,2248165,874.8,830.0,847.0,765.8,860.9,797.9,0
218,7241,2248166,874.5,830.0,847.1,765.8,860.8,797.9,0
218,7242,2248167,874.1,830.0,847.3,765.5,860.7,797.75,0
218,7243,2248168,873.8,830.0,847.3,765.3,860.55,797.65,0
218,7244,2248169,873.6,830.0,847.4,765.3,860.5,797.65,0
218,7245,2248170,873.4,830.1,847.4,765.4,860.4,797.75,0
218,7246,2248171,873.3,830.1,847.3,765.6,860.3,797.85,0
218,7247,2248172,873.3,830.2,847.3,765.9,860.3,798.05,0
218,7248,2248173,873.3,830.3,847.2,766.2,860.25,798.25,0
218,7249,2248174,873.3,830.4,847.1,766.5,860.2,798.45,0
218,7250,2248175,873.4,830.4,847.0,766.8,860.2,798.6,0
218,7251,2248176,873.5,830.3,846.9,766.9,860.2,798.6,0
218,7252,2248177,873.7,830.2,846.8,767.1,860.25,798.65,0
218,7253,2248178,873.7,830.0,846.8,767.2,860.25,798.6,0
218,7254,2248179,873.5,829.7,846.9,767.3,860.2,798.5,0
218,7255,2248180,873.4,829.5,847.0,767.4,860.2,798.45,0
218,7256,2248181,873.1,829.2,847.2,767.4,860.15,798.3,0
218,7257,2248182,872.8,829.0,847.3,767.5,860.05,798.25,0
218,7258,2248183,872.5,828.8,847.4,767.5,859.95,798.15,0
218,7259,2248184,872.1,828.6,847.5,767.6,859.8,798.1,0
218,7260,2248185,871.9,828.4,847.5,767.6,859.7,798.0,0
218,7261,2248186,871.7,828.3,847.6,767.7,859.65,798.0,0
218,7262,2248187,871.5,828.3,847.7,767.8,859.6,798.05,0
218,7263,2248188,871.4,828.2,847.7,767.9,859.55,798.05,0
218,7264,2248189,871.3,828.2,847.7,768.0,859.5,798.1,0
218,7265,2248190,871.1,828.2,847.7,768.0,859.4,798.1,0
218,7266,2248191,870.9,828.2,847.7,768.0,859.3,798.1,0
219,7267,2248192,870.7,828.2,847.7,767.9,859.2,798.05,0
219,7268,2248193,870.5,828.1,847.7,767.8,859.1,797.95,0
219,7269,2248194,870.3,828.0,847.6,767.8,858.95,797.9,0
219,7270,2248195,870.1,827.7,847.5,767.8,858.8,797.75,0
219,7271,2248196,870.2,827.4,847.4,767.9,858.8,797.65,0
219,7272,2248197,870.4,827.1,847.3,768.1,858.85,797.6,0
219,7273,2248198,870.7,826.7,847.1,768.4,858.9,797.55,0
219,7274,2248199,871.0,826.3,847.0,768.8,859.0,797.55,0
219,7275,2248200,871.0,826.0,847.0,769.2,859.0,797.6,0
219,7276,2248201,870.9,825.6,847.1,769.6,859.0,797.6,0
219,7277,2248202,870.8,825.4,847.2,769.8,859.0,797.6,0
219,7278,2248203,870.4,825.2,847.4,770.0,858.9,797.6,0
219,7279,2248204,869.9,825.1,847.7,770.1,858.8,797.6,0
219,7280,2248205,869.5,825.1,848.1,770.1,858.8,797.6,0
219,7281,2248206,869.1,825.0,848.4,770.2,858.75,797.6,0
219,7282,2248207,869.1,825.0,848.6,770.4,858.85,797.7,0
219,7283,2248208,869.1,825.1,848.8,770.6,858.95,797.85,0
219,7284,2248209,869.2,825.2,848.9,770.8,859.05,798.0,0
219,7285,2248210,869.3,824.9,849.1,771.1,859.2,798.0,0
219,7286,2248211,869.4,824.6,849.0,771.4,859.2,798.0,0
219,7287,2248212,869.4,824.3,848.8,771.6,859.1,797.95,0
219,7288,2248213,869.5,824.0,848.7,771.8,859.1,797.9,0
219,7289,2248214,869.4,823.8,848.5,771.9,858.95,797.85,0
219,7290,2248215,869.4,823.5,848.4,772.0,858.9,797.75,0
219,7291,2248216,869.3,823.3,848.3,772.1,858.8,797.7,0
219,7292,2248217,869.2,823.4,848.2,772.2,858.7,797.8,0
219,7293,2248218,869.1,823.5,848.4,772.3,858.75,797.9,0
219,7294,2248219,869.0,823.5,848.7,772.5,858.85,798.0,0
219,7295,2248220,869.0,823.2,848.9,772.7,858.95,797.95,0
219,7296,2248221,869.0,822.9,849.0,773.0,859.0,797.95,0
219,7297,2248222,869.0,822.5,849.1,773.2,859.05,797.85,0
219,7298,2248223,869.1,822.0,849.0,773.5,859.05,797.75,0
219,7299,2248224,869.2,821.4,849.0,773.7,859.1,797.55,0
219,7300,2248225,869.2,820.8,848.8,774.0,859.0,797.4,0
220,7301,2248226,869.1,820.2,848.7,774.2,858.9,797.2,0
220,7302,2248227,869.0,820.0,848.6,774.3,858.8,797.15,0
220,7303,2248228,868.7,819.8,848.9,774.4,858.8,797.1,0
220,7304,2248229,868.5,819.6,849.2,774.3,858.85,796.95,0
220,7305,2248230,868.3,819.7,849.5,774.3,858.9,797.0,0
220,7306,2248231,868.0,819.8,849.7,774.2,858.85,797.0,0
220,7307,2248232,867.8,820.2,849.7,774.2,858.75,797.2,0
220,7308,2248233,867.6,820.5,849.7,774.1,858.65,797.3,0
220,7309,2248234,867.6,820.8,849.6,774.0,858.6,797.4,0
220,7310,2248235,867.6,820.8,849.3,774.0,858.45,797.4,0
220,7311,2248236,867.6,820.7,848.9,774.1,858.25,797.4,0
220,7312,2248237,867.7,820.4,848.6,774.1,858.15,797.25,0
220,7313,2248238,867.7,820.2,848.4,774.2,858.05,797.2,0
220,7314,2248239,867.8,819.7,848.4,774.3,858.1,797.0,0
220,7315,2248240,867.9,819.2,848.4,774.3,858.15,796.75,0
220,7316,2248241,867.8,818.9,848.5,774.3,858.15,796.6,0
220,7317,2248242,867.8,818.8,848.6,774.2,858.2,796.5,0
220,7318,2248243,867.7,818.8,848.7,774.0,858.2,796.4,0
220,7319,2248244,867.6,818.8,848.9,773.8,858.25,796.3,0
220,7320,2248245,867.5,818.9,849.1,773.6,858.3,796.25,0
220,7321,2248246,867.4,818.9,849.2,773.5,858.3,796.2,0
220,7322,2248247,867.3,818.9,849.4,773.6,858.35,796.25,0
220,7323,2248248,867.3,818.8,849.5,773.8,858.4,796.3,0
220,7324,2248249,867.3,818.7,849.6,773.9,858.45,796.3,0
220,7325,2248250,867.4,818.5,849.7,774.1,858.55,796.3,0
220,7326,2248251,867.3,818.4,849.6,774.4,858.45,796.4,0
220,7327,2248252,867.3,818.2,849.5,774.6,858.4,796.4,0
220,7328,2248253,867.3,817.9,849.3,774.7,858.3,796.3,0
220,7329,2248254,867.2,817.6,849.2,774.7,858.2,796.15,0
220,7330,2248255,867.1,817.4,849.1,774.6,858.1,796.0,0
220,7331,2248256,867.0,817.3,848.9,774.5,857.95,795.9,0
220,7332,2248257,866.7,817.1,848.9,774.3,857.8,795.7,0
220,7333,2248258,866.4,816.9,848.8,774.2,857.6,795.55,0
221,7334,2248259,866.2,816.7,848.8,774.0,857.5,795.35,0
221,7335,2248260,865.9,816.6,848.8,773.8,857.35,795.2,0
221,7336,2248261,865.7,816.7,848.7,773.6,857.2,795.15,0
221,7337,2248262,865.5,816.7,848.7,773.5,857.1,795.1,0
221,7338,2248263,865.4,816.8,848.6,773.3,857.0,795.05,0
221,7339,2248264,865.4,816.8,848.6,773.1,857.0,794.95,0
221,7340,2248265,865.3,817.0,848.6,773.0,856.95,795.0,0
221,7341,2248266,865.3,817.1,848.6,772.8,856.95,794.95,0
221,7342,2248267,865.4,817.3,848.6,772.6,857.0,794.95,0
221,7343,2248268,865.4,817.6,848.7,772.6,857.05,795.1,0
221,7344,2248269,865.4,818.0,848.6,772.6,857.0,795.3,0
221,7345,2248270,865.3,818.3,848.6,772.6,856.95,795.45,0
221,7346,2248271,865.3,818.6,848.5,772.6,856.9,795.6,0
221,7347,2248272,865.1,818.9,848.3,772.6,856.7,795.75,0
221,7348,2248273,864.9,818.9,848.2,772.6,856.55,795.75,0
221,7349,2248274,864.7,818.8,847.9,772.6,856.3,795.7,0
221,7350,2248275,864.6,818.5,847.8,772.5,856.2,795.5,0
221,7351,2248276,864.4,818.3,847.7,772.5,856.05,795.4,0
221,7352,2248277,864.3,818.1,847.6,772.6,855.95,795.35,0
221,7353,2248278,864.2,817.9,847.6,772.8,855.9,795.35,0
221,7354,2248279,864.1,817.7,847.6,773.1,855.85,795.4,0
221,7355,2248280,864.0,817.8,847.7,773.1,855.85,795.45,0
221,7356,2248281,863.9,817.8,847.8,773.0,855.85,795.4,0
221,7357,2248282,863.8,817.6,847.9,772.8,855.85,795.2,0
221,7358,2248283,863.8,817.4,847.9,772.7,855.85,795.05,0
221,7359,2248284,863.7,817.0,848.0,772.4,855.85,794.7,0
221,7360,2248285,863.8,816.7,848.0,772.1,855.9,794.4,0
221,7361,2248286,863.9,816.3,848.0,771.8,855.95,794.05,0
221,7362,2248287,863.9,815.9,848.0,771.7,855.95,793.8,0
221,7363,2248288,864.0,815.6,848.0,771.7,856.0,793.65,0
221,7364,2248289,863.9,815.3,847.9,771.6,855.9,793.45,0
221,7365,2248290,863.8,815.3,847.8,771.6,855.8,793.45,0
221,7366,2248291,863.7,815.2,847.7,771.5,855.7,793.35,0
222,7367,2248292,863.5,815.2,847.4,771.4,855.45,793.3,0
222,7368,2248293,863.3,815.3,847.2,771.2,855.25,793.25,0
222,7369,2248294,863.2,815.4,847.0,771.0,855.1,793.2,0
222,7370,2248295,863.1,815.5,846.8,770.9,854.95,793.2,0
222,7371,2248296,863.1,815.6,846.6,770.8,854.85,793.2,0
222,7372,2248297,863.1,815.7,846.5,770.9,854.8,793.3,0
222,7373,2248298,863.2,815.7,846.4,771.0,854.8,793.35,0
222,7374,2248299,863.0,815.7,846.4,771.1,854.7,793.4,0
222,7375,2248300,862.9,815.7,846.4,771.2,854.65,793.45,0
222,7376,2248301,862.7,815.7,846.3,771.4,854.5,793.55,0
222,7377,2248302,862.6,815.6,846.3,771.6,854.45,793.6,0
222,7378,2248303,862.6,815.5,846.1,771.8,854.35,793.65,0
222,7379,2248304,862.7,815.2,845.9,771.7,854.3,793.45,0
222,7380,2248305,862.7,814.9,845.7,771.7,854.2,793.3,0
222,7381,2248306,862.9,814.6,845.4,771.7,854.15,793.15,0
222,7382,2248307,863.1,814.3,845.1,771.6,854.1,792.95,0
222,7383,2248308,863.2,814.0,844.8,771.2,854.0,792.6,0
222,7384,2248309,863.3,813.8,844.5,770.9,853.9,792.35,0
222,7385,2248310,863.3,813.6,844.3,770.6,853.8,792.1,0
222,7386,2248311,863.2,813.7,844.1,770.2,853.65,791.95,0
222,7387,2248312,863.2,813.8,844.0,769.8,853.6,791.8,0
222,7388,2248313,863.1,813.9,844.0,769.1,853.55,791.5,0
222,7389,2248314,863.1,813.9,844.0,768.4,853.55,791.15,0
222,7390,2248315,863.1,813.9,844.0,768.1,853.55,791.0,0
222,7391,2248316,863.1,813.7,844.1,767.8,853.6,790.75,0
222,7392,2248317,863.1,813.5,844.1,767.7,853.6,790.6,0
222,7393,2248318,863.1,813.3,844.2,767.5,853.65,790.4,0
222,7394,2248319,863.1,813.0,844.4,767.4,853.75,790.2,0
222,7395,2248320,863.1,812.8,844.5,767.4,853.8,790.1,0
222,7396,2248321,863.1,812.6,844.8,767.4,853.95,790.0,0
222,7397,2248322,863.1,812.4,845.0,767.3,854.05,789.85,0
222,7398,2248323,863.0,812.3,845.3,767.0,854.15,789.65,0
222,7399,2248324,863.1,812.0,845.6,766.4,854.35,789.2,0
222,7400,2248325,863.2,811.7,845.7,765.9,854.45,788.8,0
223,7401,2248326,863.2,811.3,845.9,765.3,854.55,788.3,0
223,7402,2248327,863.3,810.8,846.1,765.0,854.7,787.9,0
223,7403,2248328,863.5,810.3,846.5,764.8,855.0,787.55,0
223,7404,2248329,863.6,810.0,847.0,764.9,855.3,787.45,0
223,7405,2248330,863.7,809.9,847.6,765.2,855.65,787.55,0
223,7406,2248331,863.7,809.9,848.6,765.5,856.15,787.7,0
223,7407,2248332,863.7,810.0,849.6,765.7,856.65,787.85,0
223,7408,2248333,863.8,810.1,850.5,766.0,857.15,788.05,0
223,7409,2248334,863.8,810.4,851.9,766.2,857.85,788.3,0
223,7410,2248335,863.8,810.6,853.1,766.5,858.45,788.55,0
223,7411,2248336,863.9,810.8,854.2,766.7,859.05,788.75,0
223,7412,2248337,864.1,810.7,855.1,767.4,859.6,789.05,0
223,7413,2248338,864.3,810.6,855.7,768.0,860.0,789.3,0
223,7414,2248339,864.5,810.5,856.3,768.8,860.4,789.65,0
223,7415,2248340,864.7,810.5,856.9,769.6,860.8,790.05,0
223,7416,2248341,865.0,810.4,856.9,770.4,860.95,790.4,0
223,7417,2248342,865.1,810.4,857.0,771.2,861.05,790.8,0
223,7418,2248343,865.2,810.4,857.1,771.8,861.15,791.1,0
223,7419,2248344,865.1,810.6,857.2,772.0,861.15,791.3,0
223,7420,2248345,865.0,810.7,857.3,772.3,861.15,791.5,0
223,7421,2248346,865.0,810.8,857.3,772.5,861.15,791.65,0
223,7422,2248347,864.9,810.9,857.2,772.7,861.05,791.8,0
223,7423,2248348,864.8,811.0,857.1,772.9,860.95,791.95,0
223,7424,2248349,864.7,811.1,857.0,772.8,860.85,791.95,0
223,7425,2248350,864.6,811.1,856.9,772.7,860.75,791.9,0
223,7426,2248351,864.6,811.1,856.7,772.6,860.65,791.85,0
223,7427,2248352,864.6,811.2,856.3,772.3,860.45,791.75,0
223,7428,2248353,864.5,811.2,855.8,772.0,860.15,791.6,0
223,7429,2248354,864.5,811.3,855.4,771.7,859.95,791.5,0
223,7430,2248355,864.5,811.2,855.0,771.4,859.75,791.3,0
223,7431,2248356,864.5,811.1,854.7,771.2,859.6,791.15,0
223,7432,2248357,864.4,811.2,854.2,770.9,859.3,791.05,0
223,7433,2248358,864.2,811.5,853.6,770.8,858.9,791.15,0
224,7434,2248359,864.0,811.8,853.2,770.6,858.6,791.2,0
224,7435,2248360,863.9,812.0,852.7,770.5,858.3,791.25,0
224,7436,2248361,863.8,812.2,852.2,770.3,858.0,791.25,0
224,7437,2248362,863.8,812.3,851.6,770.1,857.7,791.2,0
224,7438,2248363,863.8,812.4,850.6,769.9,857.2,791.15,0
224,7439,2248364,864.1,812.5,849.7,769.8,856.9,791.15,0
224,7440,2248365,864.3,812.5,848.8,769.5,856.55,791.0,0
224,7441,2248366,864.5,812.4,848.1,769.3,856.3,790.85,0
224,7442,2248367,864.7,812.3,847.6,769.1,856.15,790.7,0
224,7443,2248368,864.8,812.2,846.8,769.0,855.8,790.6,0
224,7444,2248369,864.8,812.4,846.1,768.9,855.45,790.65,0
224,7445,2248370,864.8,812.5,845.7,769.0,855.25,790.75,0
224,7446,2248371,864.8,812.6,845.4,769.2,855.1,790.9,0
224,7447,2248372,864.8,812.5,845.1,769.5,854.95,791.0,0
224,7448,2248373,864.9,812.4,845.0,769.7,854.95,791.05,0
224,7449,2248374,864.9,812.4,844.9,770.0,854.9,791.2,0
224,7450,2248375,865.0,812.4,845.1,770.1,855.05,791.25,0
224,7451,2248376,865.1,812.4,845.3,770.3,855.2,791.35,0
224,7452,2248377,865.2,812.5,845.6,770.4,855.4,791.45,0
224,7453,2248378,865.3,812.6,845.9,770.4,855.6,791.5,0
224,7454,2248379,865.4,812.8,846.4,770.2,855.9,791.5,0
224,7455,2248380,865.3,812.9,846.9,770.0,856.1,791.45,0
224,7456,2248381,865.3,813.1,847.7,769.8,856.5,791.45,0
224,7457,2248382,865.2,813.2,848.5,769.3,856.85,791.25,0
224,7458,2248383,865.2,813.4,849.6,768.9,857.4,791.15,0
224,7459,2248384,865.2,813.5,850.6,768.4,857.9,790.95,0
224,7460,2248385,865.2,813.7,851.6,768.1,858.4,790.9,0
224,7461,2248386,865.2,813.8,853.0,767.9,859.1,790.85,0
224,7462,2248387,865.1,814.2,854.3,767.7,859.7,790.95,0
224,7463,2248388,864.9,814.6,855.2,767.5,860.05,791.05,0
224,7464,2248389,864.8,815.0,856.5,767.7,860.65,791.35,0
224,7465,2248390,864.6,815.6,857.6,767.8,861.1,791.7,0
224,7466,2248391,864.4,816.2,858.7,767.9,861.55,792.05,0
225,7467,2248392,864.2,817.2,859.7,767.9,861.95,792.55,0
225,7468,2248393,864.2,818.1,860.2,768.1,862.2,793.1,0
225,7469,2248394,864.3,818.7,860.3,768.3,862.3,793.5,0
225,7470,2248395,864.4,819.3,860.4,768.5,862.4,793.9,0
225,7471,2248396,864.5,819.8,860.1,768.6,862.3,794.2,0
225,7472,2248397,864.6,820.1,859.7,768.7,862.15,794.4,0
225,7473,2248398,864.8,820.3,859.0,768.7,861.9,794.5,0
225,7474,2248399,864.9,820.1,858.3,768.6,861.6,794.35,0
225,7475,2248400,865.0,820.0,857.5,768.4,861.25,794.2,0
225,7476,2248401,865.0,820.0,857.0,768.1,861.0,794.05,0
225,7477,2248402,865.1,820.0,856.5,767.8,860.8,793.9,0
225,7478,2248403,865.2,820.0,856.1,767.5,860.65,793.75,0
225,7479,2248404,865.2,820.2,855.6,767.3,860.4,793.75,0
225,7480,2248405,865.2,820.3,855.4,767.1,860.3,793.7,0
225,7481,2248406,865.1,820.4,855.3,766.9,860.2,793.65,0
225,7482,2248407,865.0,820.4,855.1,766.7,860.05,793.55,0
225,7483,2248408,864.9,820.5,855.0,766.5,859.95,793.5,0
225,7484,2248409,864.7,820.5,854.8,766.5,859.75,793.5,0
225,7485,2248410,864.6,820.6,854.6,766.4,859.6,793.5,0
225,7486,2248411,864.6,820.7,854.4,766.4,859.5,793.55,0
225,7487,2248412,864.6,820.9,854.2,766.5,859.4,793.7,0
225,7488,2248413,864.6,821.0,853.8,766.7,859.2,793.85,0
225,7489,2248414,864.8,821.4,853.6,766.9,859.2,794.15,0
225,7490,2248415,864.9,821.7,853.2,767.1,859.05,794.4,0
225,7491,2248416,865.0,822.2,853.0,767.0,859.0,794.6,0
225,7492,2248417,865.1,822.6,852.6,766.7,858.85,794.65,0
225,7493,2248418,865.2,823.0,852.2,766.4,858.7,794.7,0
225,7494,2248419,865.4,823.3,851.8,766.4,858.6,794.85,0
225,7495,2248420,865.6,823.6,851.5,766.3,858.55,794.95,0
225,7496,2248421,865.7,823.7,851.2,766.3,858.45,795.0,0
225,7497,2248422,865.8,823.8,850.8,766.2,858.3,795.0,0
225,7498,2248423,866.1,823.8,850.5,766.6,858.3,795.2,0
225,7499,2248424,866.3,823.9,850.4,766.9,858.35,795.4,0
225,7500,2248425,866.5,824.1,850.3,767.3,858.4,795.7,0
226,7501,2248426,866.5,824.5,850.3,767.3,858.4,795.9,0
226,7502,2248427,866.5,824.9,850.4,767.2,858.45,796.05,0
226,7503,2248428,866.5,825.3,850.5,767.1,858.5,796.2,0
226,7504,2248429,866.5,825.6,850.8,766.9,858.65,796.25,0
226,7505,2248430,866.3,826.0,851.0,766.3,858.65,796.15,0
226,7506,2248431,866.1,826.3,851.4,765.5,858.75,795.9,0
226,7507,2248432,866.0,826.7,851.7,764.7,858.85,795.7,0
226,7508,2248433,866.1,826.8,852.0,763.8,859.05,795.3,0
226,7509,2248434,866.1,826.9,852.2,763.1,859.15,795.0,0
226,7510,2248435,866.2,827.0,852.5,762.5,859.35,794.75,0
226,7511,2248436,866.3,827.3,852.7,761.8,859.5,794.55,0
226,7512,2248437,866.5,827.4,852.9,761.6,859.7,794.5,0
226,7513,2248438,866.6,827.6,853.1,761.6,859.85,794.6,0
226,7514,2248439,866.8,827.6,853.3,761.5,860.05,794.55,0
226,7515,2248440,867.0,827.7,853.4,761.5,860.2,794.6,0
226,7516,2248441,867.1,827.8,853.7,761.4,860.4,794.6,0
226,7517,2248442,867.3,827.8,853.8,761.3,860.55,794.55,0
226,7518,2248443,867.4,827.9,853.9,761.2,860.65,794.55,0
226,7519,2248444,867.4,828.1,853.9,761.0,860.65,794.55,0
226,7520,2248445,867.4,828.2,854.1,760.8,860.75,794.5,0
226,7521,2248446,867.5,828.4,854.2,760.6,860.85,794.5,0
226,7522,2248447,867.6,828.6,854.4,760.5,861.0,794.55,0
226,7523,2248448,867.7,828.8,854.6,760.4,861.15,794.6,0
226,7524,2248449,867.7,829.0,854.8,760.5,861.25,794.75,0
226,7525,2248450,867.8,829.1,855.1,760.6,861.45,794.85,0
226,7526,2248451,867.9,829.2,855.6,760.9,861.75,795.05,0
226,7527,2248452,868.0,829.3,856.1,761.2,862.05,795.25,0
226,7528,2248453,868.2,829.4,856.6,761.5,862.4,795.45,0
226,7529,2248454,868.2,829.4,857.0,761.8,862.6,795.6,0
226,7530,2248455,868.4,829.2,857.2,762.1,862.8,795.65,0
226,7531,2248456,868.5,829.0,857.5,762.2,863.0,795.6,0
226,7532,2248457,868.6,828.8,857.7,762.3,863.15,795.55,0
226,7533,2248458,868.8,828.6,857.7,762.4,863.25,795.5,0
227,7534,2248459,868.9,828.2,857.6,762.3,863.25,795.25,0
227,7535,2248460,869.0,827.8,857.6,762.0,863.3,794.9,0
227,7536,2248461,869.1,827.3,857.5,761.5,863.3,794.4,0
227,7537,2248462,869.2,827.0,857.5,761.1,863.35,794.05,0
227,7538,2248463,869.3,826.8,857.4,760.6,863.35,793.7,0
227,7539,2248464,869.4,826.5,857.3,760.2,863.35,793.35,0
227,7540,2248465,869.5,826.3,857.2,759.9,863.35,793.1,0
227,7541,2248466,869.6,826.0,857.1,760.2,863.35,793.1,0
227,7542,2248467,869.6,826.0,857.0,760.6,863.3,793.3,0
227,7543,2248468,869.6,825.9,856.8,761.1,863.2,793.5,0
227,7544,2248469,869.6,825.9,856.7,761.5,863.15,793.7,0
227,7545,2248470,869.6,825.8,856.4,761.8,863.0,793.8,0
227,7546,2248471,869.6,825.7,856.2,761.4,862.9,793.55,0
227,7547,2248472,869.6,825.6,855.9,760.8,862.75,793.2,0
227,7548,2248473,869.6,825.5,855.5,759.9,862.55,792.7,0
227,7549,2248474,869.7,825.5,855.2,759.0,862.45,792.25,0
227,7550,2248475,869.7,825.5,854.9,758.1,862.3,791.8,0
227,7551,2248476,869.8,825.6,854.6,757.4,862.2,791.5,0
227,7552,2248477,869.8,825.6,854.4,756.9,862.1,791.25,0
227,7553,2248478,869.8,825.7,854.2,757.0,862.0,791.35,0
227,7554,2248479,869.9,825.7,854.1,757.0,862.0,791.35,0
227,7555,2248480,869.9,825.5,853.9,757.1,861.9,791.3,0
227,7556,2248481,869.9,825.2,853.7,757.3,861.8,791.25,0
227,7557,2248482,870.0,824.8,853.5,757.5,861.75,791.15,0
227,7558,2248483,870.0,824.5,852.8,757.7,861.4,791.1,0
227,7559,2248484,870.0,824.1,852.2,757.9,861.1,791.0,0
227,7560,2248485,870.0,823.7,851.6,758.1,860.8,790.9,0
227,7561,2248486,870.0,823.4,851.0,758.3,860.5,790.85,0
227,7562,2248487,870.0,823.3,850.5,758.4,860.25,790.85,0
227,7563,2248488,870.1,823.2,850.0,758.4,860.05,790.8,0
227,7564,2248489,870.4,823.0,849.7,758.2,860.05,790.6,0
227,7565,2248490,870.8,822.9,849.8,758.1,860.3,790.5,0
227,7566,2248491,871.1,822.8,850.0,757.9,860.55,790.35,0
228,7567,2248492,871.5,822.6,850.2,757.7,860.85,790.15,0
228,7568,2248493,871.8,822.5,850.4,757.6,861.1,790.05,0
228,7569,2248494,871.9,822.4,850.5,757.4,861.2,789.9,0
228,7570,2248495,871.9,822.4,850.7,757.4,861.3,789.9,0
228,7571,2248496,871.8,822.3,850.8,757.3,861.3,789.8,0
228,7572,2248497,871.6,822.3,850.9,757.2,861.25,789.75,0
228,7573,2248498,871.5,822.2,851.0,757.1,861.25,789.65,0
228,7574,2248499,871.5,822.1,851.2,756.9,861.35,789.5,0
228,7575,2248500,871.5,822.0,851.3,756.8,861.4,789.4,0
228,7576,2248501,871.7,821.8,851.3,756.7,861.5,789.25,0
228,7577,2248502,871.9,821.6,851.4,756.5,861.65,789.05,0
228,7578,2248503,872.1,821.4,851.6,756.1,861.85,788.75,0
228,7579,2248504,872.3,821.2,851.7,755.7,862.0,788.45,0
228,7580,2248505,872.5,821.0,851.9,755.4,862.2,788.2,0
228,7581,2248506,872.5,820.8,852.0,755.1,862.25,787.95,0
228,7582,2248507,872.6,820.6,852.2,754.7,862.4,787.65,0
228,7583,2248508,872.5,820.5,852.4,754.4,862.45,787.45,0
228,7584,2248509,872.5,820.4,852.5,754.0,862.5,787.2,0
228,7585,2248510,872.4,820.2,852.6,754.0,862.5,787.1,0
228,7586,2248511,872.3,820.2,852.5,753.8,862.4,787.0,0
228,7587,2248512,872.3,820.1,852.3,753.7,862.3,786.9,0
228,7588,2248513,872.2,820.0,852.1,753.5,862.15,786.75,0
228,7589,2248514,872.3,819.8,851.9,753.3,862.1,786.55,0
228,7590,2248515,872.5,819.5,851.8,753.2,862.15,786.35,0
228,7591,2248516,872.6,819.2,851.6,753.1,862.1,786.15,0
228,7592,2248517,872.8,819.0,851.6,753.1,862.2,786.05,0
228,7593,2248518,872.9,818.7,851.5,753.2,862.2,785.95,0
228,7594,2248519,873.0,818.4,851.5,753.3,862.25,785.85,0
228,7595,2248520,873.1,818.2,851.6,753.4,862.35,785.8,0
228,7596,2248521,873.1,818.3,851.8,753.6,862.45,785.95,0
228,7597,2248522,873.1,818.4,852.0,753.8,862.55,786.1,0
228,7598,2248523,873.2,818.9,852.2,753.9,862.7,786.4,0
228,7599,2248524,873.4,819.4,852.4,753.9,862.9,786.65,0
228,7600,2248525,873.6,819.9,852.7,753.8,863.15,786.85,0
229,7601,2248526,873.8,820.4,852.9,753.7,863.35,787.05,0
229,7602,2248527,874.1,820.8,853.2,753.6,863.65,787.2,0
229,7603,2248528,874.4,821.2,853.3,753.4,863.85,787.3,0
229,7604,2248529,874.6,821.4,853.5,753.1,864.05,787.25,0
229,7605,2248530,874.8,821.3,853.6,752.7,864.2,787.0,0
229,7606,2248531,874.9,821.1,853.6,752.2,864.25,786.65,0
229,7607,2248532,875.1,821.0,853.6,751.8,864.35,786.4,0
229,7608,2248533,875.2,820.7,853.5,751.4,864.35,786.05,0
229,7609,2248534,875.3,820.5,853.3,751.0,864.3,785.75,0
229,7610,2248535,875.3,820.3,853.1,750.7,864.2,785.5,0
229,7611,2248536,875.3,820.2,852.8,750.4,864.05,785.3,0
229,7612,2248537,875.3,820.3,852.6,750.4,863.95,785.35,0
229,7613,2248538,875.4,820.5,852.5,750.3,863.95,785.4,0
229,7614,2248539,875.4,820.9,852.3,750.3,863.85,785.6,0
229,7615,2248540,875.6,821.4,852.2,750.2,863.9,785.8,0
229,7616,2248541,875.8,821.9,852.0,750.2,863.9,786.05,0
229,7617,2248542,876.0,822.4,851.9,750.2,863.95,786.3,0
229,7618,2248543,876.3,822.8,851.7,750.1,864.0,786.45,0
229,7619,2248544,876.6,823.1,851.6,750.2,864.1,786.65,0
229,7620,2248545,877.0,823.3,851.5,750.1,864.25,786.7,0
229,7621,2248546,877.3,823.3,851.4,750.1,864.35,786.7,0
229,7622,2248547,877.5,823.4,851.6,750.1,864.55,786.75,0
229,7623,2248548,877.6,823.6,851.9,750.1,864.75,786.85,0
229,7624,2248549,877.8,823.8,852.2,750.0,865.0,786.9,0
229,7625,2248550,878.2,824.0,852.5,750.0,865.35,787.0,0
229,7626,2248551,878.6,824.3,852.6,750.0,865.6,787.15,0
229,7627,2248552,878.9,824.6,852.6,750.1,865.75,787.35,0
229,7628,2248553,879.3,824.8,852.5,750.1,865.9,787.45,0
229,7629,2248554,879.7,824.9,852.2,750.1,865.95,787.5,0
229,7630,2248555,880.2,824.8,851.9,750.2,866.05,787.5,0
229,7631,2248556,880.6,824.6,851.6,750.2,866.1,787.4,0
229,7632,2248557,880.8,824.4,851.3,750.2,866.05,787.3,0
229,7633,2248558,880.9,824.0,851.3,750.2,866.1,787.1,0
230,7634,2248559,881.1,823.7,851.3,750.2,866.2,786.95,0
230,7635,2248560,881.3,823.3,851.5,750.0,866.4,786.65,0
230,7636,2248561,881.5,823.0,851.7,749.9,866.6,786.45,0
230,7637,2248562,881.7,823.1,851.9,749.7,866.8,786.4,0
230,7638,2248563,881.8,823.1,852.1,749.5,866.95,786.3,0
230,7639,2248564,882.0,823.2,852.2,749.3,867.1,786.25,0
230,7640,2248565,882.2,823.2,852.2,749.1,867.2,786.15,0
230,7641,2248566,882.3,823.3,852.2,748.9,867.25,786.1,0
230,7642,2248567,882.5,823.5,852.3,749.0,867.4,786.25,0
230,7643,2248568,882.5,823.6,852.2,749.0,867.35,786.3,0
230,7644,2248569,882.4,823.6,852.2,749.1,867.3,786.35,0
230,7645,2248570,882.3,823.6,852.3,749.2,867.3,786.4,0
230,7646,2248571,882.2,823.6,852.4,749.4,867.3,786.5,0
230,7647,2248572,882.1,823.7,852.5,749.6,867.3,786.65,0
230,7648,2248573,882.0,823.7,852.5,749.8,867.25,786.75,0
230,7649,2248574,882.0,823.6,852.6,749.8,867.3,786.7,0
230,7650,2248575,882.0,823.6,852.8,749.8,867.4,786.7,0
230,7651,2248576,882.1,823.4,853.1,749.8,867.6,786.6,0
230,7652,2248577,882.3,823.2,853.4,749.8,867.85,786.5,0
230,7653,2248578,882.5,822.9,853.7,749.9,868.1,786.4,0
230,7654,2248579,882.7,822.7,854.0,750.0,868.35,786.35,0
230,7655,2248580,883.0,822.5,854.3,750.1,868.65,786.3,0
230,7656,2248581,883.2,822.1,854.7,750.4,868.95,786.25,0
230,7657,2248582,883.4,821.8,854.9,750.6,869.15,786.2,0
230,7658,2248583,883.7,821.5,855.0,750.9,869.35,786.2,0
230,7659,2248584,884.1,821.2,855.3,751.1,869.7,786.15,0
230,7660,2248585,884.5,820.9,855.5,751.2,870.0,786.05,0
230,7661,2248586,884.8,820.5,855.9,751.4,870.35,785.95,0
230,7662,2248587,885.2,820.3,856.3,751.8,870.75,786.05,0
230,7663,2248588,885.6,820.2,856.6,752.3,871.1,786.25,0
230,7664,2248589,886.1,820.1,856.8,752.7,871.45,786.4,0
230,7665,2248590,886.4,820.0,857.1,753.0,871.75,786.5,0
230,7666,2248591,886.6,820.0,857.3,753.4,871.95,786.7,0
231,7667,2248592,886.8,820.0,857.4,753.7,872.1,786.85,0
231,7668,2248593,887.0,820.0,857.4,753.9,872.2,786.95,0
231,7669,2248594,887.3,819.9,857.6,753.7,872.45,786.8,0
231,7670,2248595,887.5,819.7,857.8,753.3,872.65,786.5,0
231,7671,2248596,887.7,819.5,858.0,752.8,872.85,786.15,0
231,7672,2248597,887.8,819.2,858.2,752.4,873.0,785.8,0
231,7673,2248598,887.9,818.8,858.4,752.1,873.15,785.45,0
231,7674,2248599,888.1,818.4,858.6,751.9,873.35,785.15,0
231,7675,2248600,888.2,818.0,858.8,751.8,873.5,784.9,0
231,7676,2248601,888.4,817.7,859.2,751.8,873.8,784.75,0
231,7677,2248602,888.7,817.5,859.5,752.0,874.1,784.75,0
231,7678,2248603,889.0,817.1,860.1,752.4,874.55,784.75,0
231,7679,2248604,889.3,816.6,860.6,752.8,874.95,784.7,0
231,7680,2248605,889.6,816.3,861.1,753.0,875.35,784.65,0
231,7681,2248606,889.9,816.0,861.5,753.3,875.7,784.65,0
231,7682,2248607,890.2,815.6,861.9,753.5,876.05,784.55,0
231,7683,2248608,890.3,815.2,862.1,753.7,876.2,784.45,0
231,7684,2248609,890.3,814.6,862.2,753.8,876.25,784.2,0
231,7685,2248610,890.3,814.2,862.2,753.9,876.25,784.05,0
231,7686,2248611,890.3,813.8,862.2,754.0,876.25,783.9,0
231,7687,2248612,890.5,813.5,862.3,754.1,876.4,783.8,0
231,7688,2248613,890.8,813.5,862.4,754.1,876.6,783.8,0
231,7689,2248614,891.0,813.3,862.6,753.8,876.8,783.55,0
231,7690,2248615,891.2,813.2,862.7,753.6,876.95,783.4,0
231,7691,2248616,891.5,813.3,862.8,753.1,877.15,783.2,0
231,7692,2248617,891.8,813.4,862.9,752.7,877.35,783.05,0
231,7693,2248618,892.1,813.4,862.8,752.2,877.45,782.8,0
231,7694,2248619,892.2,813.5,862.8,751.8,877.5,782.65,0
231,7695,2248620,892.2,813.6,862.7,751.5,877.45,782.55,0
231,7696,2248621,892.2,813.7,862.6,751.4,877.4,782.55,0
231,7697,2248622,892.3,813.9,862.5,751.5,877.4,782.7,0
231,7698,2248623,892.4,814.0,862.4,751.7,877.4,782.85,0
231,7699,2248624,892.5,814.1,862.2,751.9,877.35,783.0,0
231,7700,2248625,892.6,814.2,862.2,752.0,877.4,783.1,0
232,7701,2248626,892.6,814.3,862.1,752.2,877.35,783.25,0
232,7702,2248627,892.8,814.2,862.1,752.4,877.45,783.3,0
232,7703,2248628,892.8,814.2,862.1,752.4,877.45,783.3,0
232,7704,2248629,892.9,814.2,862.1,752.2,877.5,783.2,0
232,7705,2248630,893.0,814.2,862.4,752.0,877.7,783.1,0
232,7706,2248631,893.1,814.2,862.7,751.9,877.9,783.05,0
232,7707,2248632,893.3,814.3,863.0,751.8,878.15,783.05,0
232,7708,2248633,893.4,814.4,863.4,751.8,878.4,783.1,0
232,7709,2248634,893.6,814.6,863.7,751.9,878.65,783.25,0
232,7710,2248635,893.8,814.7,864.0,751.9,878.9,783.3,0
232,7711,2248636,893.9,815.0,864.2,752.0,879.05,783.5,0
232,7712,2248637,893.9,815.2,864.0,752.1,878.95,783.65,0
232,7713,2248638,894.0,815.5,863.7,752.1,878.85,783.8,0
232,7714,2248639,894.1,815.6,863.5,752.0,878.8,783.8,0
232,7715,2248640,894.3,815.8,863.2,752.0,878.75,783.9,0
232,7716,2248641,894.4,816.0,862.9,751.9,878.65,783.95,0
232,7717,2248642,894.6,816.1,862.6,751.8,878.6,783.95,0
232,7718,2248643,894.8,816.2,862.3,751.9,878.55,784.05,0
232,7719,2248644,894.9,816.3,862.3,751.9,878.6,784.1,0
232,7720,2248645,895.0,816.5,862.3,751.9,878.65,784.2,0
232,7721,2248646,895.1,816.6,862.5,752.0,878.8,784.3,0
232,7722,2248647,895.1,816.8,862.8,752.0,878.95,784.4,0
232,7723,2248648,895.0,816.9,863.1,751.9,879.05,784.4,0
232,7724,2248649,894.9,817.0,863.4,751.5,879.15,784.25,0
232,7725,2248650,894.9,817.1,863.6,751.2,879.25,784.15,0
232,7726,2248651,894.9,817.0,863.9,750.9,879.4,783.95,0
232,7727,2248652,894.9,817.0,864.1,750.7,879.5,783.85,0
232,7728,2248653,894.9,816.9,864.1,750.5,879.5,783.7,0
232,7729,2248654,894.9,816.8,864.0,750.4,879.45,783.6,0
232,7730,2248655,895.0,816.6,863.9,750.4,879.45,783.5,0
232,7731,2248656,895.2,816.5,863.8,750.7,879.5,783.6,0
232,7732,2248657,895.4,816.6,863.7,751.0,879.55,783.8,0
232,7733,2248658,895.5,816.8,863.6,751.1,879.55,783.95,0
233,7734,2248659,895.6,817.1,863.5,751.1,879.55,784.1,0
233,7735,2248660,895.7,817.4,863.2,750.8,879.45,784.1,0
233,7736,2248661,895.8,817.7,862.9,750.6,879.35,784.15,0
233,7737,2248662,895.9,817.9,862.6,750.3,879.25,784.1,0
233,7738,2248663,895.9,818.1,862.3,749.9,879.1,784.0,0
233,7739,2248664,896.1,818.1,862.0,749.5,879.05,783.8,0
233,7740,2248665,896.3,818.0,861.7,749.1,879.0,783.55,0
233,7741,2248666,896.4,817.9,861.2,748.7,878.8,783.3,0
233,7742,2248667,896.5,817.7,861.0,748.6,878.75,783.15,0
233,7743,2248668,896.5,817.6,860.8,748.6,878.65,783.1,0
233,7744,2248669,896.5,817.5,860.7,748.7,878.6,783.1,0
233,7745,2248670,896.3,817.6,860.5,748.9,878.4,783.25,0
233,7746,2248671,896.1,817.6,860.4,749.2,878.25,783.4,0
233,7747,2248672,895.9,817.8,860.3,749.6,878.1,783.7,0
233,7748,2248673,895.7,817.9,860.3,749.8,878.0,783.85,0
233,7749,2248674,895.5,818.1,860.3,749.9,877.9,784.0,0
233,7750,2248675,895.4,818.2,860.4,749.8,877.9,784.0,0
233,7751,2248676,895.2,818.2,860.3,749.6,877.75,783.9,0
233,7752,2248677,895.1,818.3,860.2,749.4,877.65,783.85,0
233,7753,2248678,894.9,818.3,860.1,749.1,877.5,783.7,0
233,7754,2248679,894.8,818.2,860.0,748.8,877.4,783.5,0
233,7755,2248680,894.7,818.1,859.8,748.7,877.25,783.4,0
233,7756,2248681,894.6,817.9,859.6,748.6,877.1,783.25,0
233,7757,2248682,894.6,817.8,859.4,748.5,877.0,783.15,0
233,7758,2248683,894.7,817.6,859.2,748.4,876.95,783.0,0
233,7759,2248684,894.8,817.4,859.0,749.0,876.9,783.2,0
233,7760,2248685,894.9,817.1,858.9,749.5,876.9,783.3,0
233,7761,2248686,895.0,817.0,858.9,750.0,876.95,783.5,0
233,7762,2248687,895.2,816.9,859.0,750.4,877.1,783.65,0
233,7763,2248688,895.3,816.8,859.2,750.7,877.25,783.75,0
233,7764,2248689,895.4,816.7,859.4,751.1,877.4,783.9,0
233,7765,2248690,895.5,816.6,859.6,751.4,877.55,784.0,0
233,7766,2248691,895.6,816.5,859.8,751.1,877.7,783.8,0
234,7767,2248692,895.7,816.6,859.9,750.8,877.8,783.7,0
234,7768,2248693,895.7,816.9,860.0,750.7,877.85,783.8,0
234,7769,2248694,895.9,817.1,860.2,750.7,878.05,783.9,0
234,7770,2248695,896.0,817.4,860.4,750.8,878.2,784.1,0
234,7771,2248696,896.1,817.6,860.6,751.0,878.35,784.3,0
234,7772,2248697,896.2,817.8,860.9,751.3,878.55,784.55,0
234,7773,2248698,896.4,817.9,861.2,751.7,878.8,784.8,0
234,7774,2248699,896.6,817.9,861.5,752.1,879.05,785.0,0
234,7775,2248700,897.2,817.8,861.8,752.5,879.5,785.15,0
234,7776,2248701,897.8,817.6,862.0,752.9,879.9,785.25,0
234,7777,2248702,898.4,817.4,862.1,753.2,880.25,785.3,0
234,7778,2248703,899.0,817.2,862.2,753.5,880.6,785.35,0
234,7779,2248704,899.6,817.1,862.3,753.7,880.95,785.4,0
234,7780,2248705,900.2,817.0,862.4,753.8,881.3,785.4,0
234,7781,2248706,900.7,816.9,862.4,754.0,881.55,785.45,0
234,7782,2248707,901.0,817.0,862.5,754.1,881.75,785.55,0
234,7783,2248708,901.2,817.2,862.6,754.2,881.9,785.7,0
234,7784,2248709,901.4,817.4,862.8,754.4,882.1,785.9,0
234,7785,2248710,901.6,817.6,863.0,754.5,882.3,786.05,0
234,7786,2248711,901.9,817.8,863.1,754.6,882.5,786.2,0
234,7787,2248712,902.2,818.0,863.2,754.7,882.7,786.35,0
234,7788,2248713,902.5,818.4,863.4,754.7,882.95,786.55,0
234,7789,2248714,902.6,818.6,863.6,754.8,883.1,786.7,0
234,7790,2248715,902.7,818.7,863.7,754.9,883.2,786.8,0
234,7791,2248716,902.9,818.6,863.8,755.2,883.35,786.9,0
234,7792,2248717,903.0,818.6,863.8,755.5,883.4,787.05,0
234,7793,2248718,903.1,818.5,864.3,755.9,883.7,787.2,0
234,7794,2248719,903.0,818.4,864.7,756.2,883.85,787.3,0
234,7795,2248720,903.0,818.0,865.1,756.9,884.05,787.45,0
234,7796,2248721,903.0,817.6,865.4,757.7,884.2,787.65,0
234,7797,2248722,903.0,817.2,865.7,758.4,884.35,787.8,0
234,7798,2248723,902.9,816.9,865.9,758.9,884.4,787.9,0
234,7799,2248724,902.7,816.6,866.2,759.4,884.45,788.0,0
234,7800,2248725,902.5,816.3,866.1,760.1,884.3,788.2,0
235,7801,2248726,902.4,816.0,866.0,760.8,884.2,788.4,0
235,7802,2248727,902.3,815.9,865.9,760.9,884.1,788.4,0
235,7803,2248728,902.3,815.9,865.9,761.2,884.1,788.55,0
235,7804,2248729,902.2,815.8,865.9,761.6,884.05,788.7,0
235,7805,2248730,902.2,815.8,865.9,761.9,884.05,788.85,0
235,7806,2248731,902.2,815.8,865.9,762.2,884.05,789.0,0
235,7807,2248732,901.9,815.6,865.8,762.2,883.85,788.9,0
235,7808,2248733,901.6,815.4,865.7,762.1,883.65,788.75,0
235,7809,2248734,901.3,815.3,865.5,762.1,883.4,788.7,0
235,7810,2248735,901.0,815.1,865.3,761.9,883.15,788.5,0
235,7811,2248736,900.7,814.9,865.2,761.7,882.95,788.3,0
235,7812,2248737,900.4,814.8,864.9,761.5,882.65,788.15,0
235,7813,2248738,900.2,814.6,864.6,761.4,882.4,788.0,0
235,7814,2248739,900.0,814.7,864.3,761.5,882.15,788.1,0
235,7815,2248740,899.8,814.7,864.2,761.9,882.0,788.3,0
235,7816,2248741,899.6,814.7,864.1,762.4,881.85,788.55,0
235,7817,2248742,899.4,814.7,863.9,762.8,881.65,788.75,0
235,7818,2248743,899.3,814.7,863.7,763.2,881.5,788.95,0
235,7819,2248744,899.3,814.8,863.7,763.4,881.5,789.1,0
235,7820,2248745,899.3,814.8,863.6,763.5,881.45,789.15,0
235,7821,2248746,899.8,814.9,863.4,763.4,881.6,789.15,0
235,7822,2248747,900.2,815.1,863.3,763.1,881.75,789.1,0
235,7823,2248748,900.6,815.3,863.2,762.9,881.9,789.1,0
235,7824,2248749,900.9,815.4,863.1,762.7,882.0,789.05,0
235,7825,2248750,901.0,815.3,863.0,762.5,882.0,788.9,0
235,7826,2248751,900.9,815.1,863.0,762.6,881.95,788.85,0
235,7827,2248752,900.9,815.0,862.9,762.7,881.9,788.85,0
235,7828,2248753,900.6,815.0,862.9,762.7,881.75,788.85,0
235,7829,2248754,900.3,814.9,862.8,762.8,881.55,788.85,0
235,7830,2248755,900.1,814.8,862.5,762.8,881.3,788.8,0
235,7831,2248756,899.9,814.7,862.3,762.9,881.1,788.8,0
235,7832,2248757,899.9,814.9,862.1,762.9,881.0,788.9,0
235,7833,2248758,899.8,815.0,861.9,763.1,880.85,789.05,0
236,7834,2248759,899.8,815.0,861.8,763.5,880.8,789.25,0
236,7835,2248760,899.7,814.9,861.7,763.9,880.7,789.4,0
236,7836,2248761,900.0,814.8,861.7,764.1,880.85,789.45,0
236,7837,2248762,900.3,814.7,861.9,764.4,881.1,789.55,0
236,7838,2248763,900.7,814.7,862.0,764.5,881.35,789.6,0
236,7839,2248764,901.1,814.6,862.2,764.6,881.65,789.6,0
236,7840,2248765,901.5,814.6,862.4,764.5,881.95,789.55,0
236,7841,2248766,901.9,814.6,862.5,764.2,882.2,789.4,0
236,7842,2248767,902.3,814.7,862.6,764.0,882.45,789.35,0
236,7843,2248768,902.4,814.7,862.7,763.9,882.55,789.3,0
236,7844,2248769,902.5,814.7,862.8,763.8,882.65,789.25,0
236,7845,2248770,902.5,814.6,862.8,763.5,882.65,789.05,0
236,7846,2248771,902.5,814.6,862.8,763.4,882.65,789.0,0
236,7847,2248772,902.5,814.6,862.7,763.2,882.6,788.9,0
236,7848,2248773,902.6,814.7,862.6,763.0,882.6,788.85,0
236,7849,2248774,902.8,814.7,862.6,762.8,882.7,788.75,0
236,7850,2248775,902.9,815.0,862.5,762.6,882.7,788.8,0
236,7851,2248776,903.1,815.2,862.5,762.4,882.8,788.8,0
236,7852,2248777,903.3,815.5,862.5,762.4,882.9,788.95,0
236,7853,2248778,903.4,815.9,862.5,762.3,882.95,789.1,0
236,7854,2248779,903.6,816.2,862.6,762.2,883.1,789.2,0
236,7855,2248780,903.7,816.6,862.6,762.1,883.15,789.35,0
236,7856,2248781,903.7,817.0,862.7,762.0,883.2,789.5,0
236,7857,2248782,903.7,817.2,862.7,761.7,883.2,789.45,0
236,7858,2248783,903.7,817.5,862.8,761.4,883.25,789.45,0
236,7859,2248784,903.7,817.7,862.8,760.7,883.25,789.2,0
236,7860,2248785,903.7,817.9,862.9,759.7,883.3,788.8,0
236,7861,2248786,903.7,818.1,863.0,758.7,883.35,788.4,0
236,7862,2248787,903.8,818.3,863.1,757.8,883.45,788.05,0
236,7863,2248788,903.9,818.4,863.3,756.9,883.6,787.65,0
236,7864,2248789,904.1,818.4,863.5,756.0,883.8,787.2,0
236,7865,2248790,904.4,818.6,863.8,755.3,884.1,786.95,0
236,7866,2248791,904.7,818.8,864.0,754.9,884.35,786.85,0
237,7867,2248792,905.0,818.9,864.2,754.6,884.6,786.75,0
237,7868,2248793,905.2,819.2,864.5,754.3,884.85,786.75,0
237,7869,2248794,905.7,819.5,864.7,753.9,885.2,786.7,0
237,7870,2248795,906.0,819.9,864.8,753.4,885.4,786.65,0
237,7871,2248796,906.4,820.3,864.9,752.9,885.65,786.6,0
237,7872,2248797,906.6,820.6,865.3,752.4,885.95,786.5,0
237,7873,2248798,906.9,820.9,865.8,752.0,886.35,786.45,0
237,7874,2248799,907.1,821.2,866.2,751.7,886.65,786.45,0
237,7875,2248800,907.4,821.4,866.6,751.4,887.0,786.4,0
237,7876,2248801,907.4,821.5,867.1,751.2,887.25,786.35,0
237,7877,2248802,907.5,821.6,867.5,751.1,887.5,786.35,0
237,7878,2248803,907.6,821.5,867.9,751.0,887.75,786.25,0
237,7879,2248804,907.6,821.4,868.0,750.8,887.8,786.1,0
237,7880,2248805,907.7,821.3,868.1,750.7,887.9,786.0,0
237,7881,2248806,907.7,821.1,868.1,750.6,887.9,785.85,0
237,7882,2248807,907.7,820.9,868.2,750.2,887.95,785.55,0
237,7883,2248808,907.7,820.8,868.2,749.8,887.95,785.3,0
237,7884,2248809,907.6,820.7,868.1,749.3,887.85,785.0,0
237,7885,2248810,907.5,820.7,868.0,748.9,887.75,784.8,0
237,7886,2248811,907.5,820.6,867.7,748.0,887.6,784.3,0
237,7887,2248812,907.5,820.6,867.5,746.6,887.5,783.6,0
237,7888,2248813,907.4,820.6,867.2,745.1,887.3,782.85,0
237,7889,2248814,907.4,820.5,866.9,744.0,887.15,782.25,0
237,7890,2248815,907.4,820.5,866.3,742.9,886.85,781.7,0
237,7891,2248816,907.4,820.3,865.9,741.7,886.65,781.0,0
237,7892,2248817,907.5,820.2,865.5,740.4,886.5,780.3,0
237,7893,2248818,907.6,820.0,865.2,739.4,886.4,779.7,0
237,7894,2248819,907.7,819.8,864.9,739.0,886.3,779.4,0
237,7895,2248820,907.8,819.6,864.7,738.7,886.25,779.15,0
237,7896,2248821,907.7,819.4,864.5,738.3,886.1,778.85,0
237,7897,2248822,907.7,819.2,864.5,738.0,886.1,778.6,0
237,7898,2248823,907.6,819.0,864.5,737.8,886.05,778.4,0
237,7899,2248824,907.4,818.8,864.5,737.7,885.95,778.25,0
237,7900,2248825,907.3,818.7,864.5,737.6,885.9,778.15,0
238,7901,2248826,907.2,818.6,864.4,737.5,885.8,778.05,0
238,7902,2248827,907.0,818.6,864.4,737.4,885.7,778.0,0
238,7903,2248828,907.1,818.6,864.2,737.3,885.65,777.95,0
238,7904,2248829,907.2,818.7,864.1,737.2,885.65,777.95,0
238,7905,2248830,907.3,818.7,863.9,737.0,885.6,777.85,0
238,7906,2248831,907.5,818.7,863.8,736.9,885.65,777.8,0
238,7907,2248832,907.6,818.6,863.6,736.7,885.6,777.65,0
238,7908,2248833,907.7,818.4,863.5,736.6,885.6,777.5,0
238,7909,2248834,907.8,818.2,863.4,736.4,885.6,777.3,0
238,7910,2248835,907.9,818.0,863.4,736.3,885.65,777.15,0
238,7911,2248836,908.0,817.8,863.3,736.2,885.65,777.0,0
238,7912,2248837,908.0,817.5,863.3,736.0,885.65,776.75,0
238,7913,2248838,907.9,817.2,863.3,735.6,885.6,776.4,0
238,7914,2248839,907.8,817.0,863.2,735.3,885.5,776.15,0
238,7915,2248840,907.7,816.7,863.2,735.0,885.45,775.85,0
238,7916,2248841,907.6,816.3,863.2,734.6,885.4,775.45,0
238,7917,2248842,907.4,815.9,863.2,734.3,885.3,775.1,0
238,7918,2248843,907.3,815.5,863.2,734.0,885.25,774.75,0
238,7919,2248844,907.2,815.1,863.3,733.8,885.25,774.45,0
238,7920,2248845,907.2,814.7,863.3,733.8,885.25,774.25,0
238,7921,2248846,907.1,814.4,863.3,733.8,885.2,774.1,0
238,7922,2248847,907.1,814.2,863.3,733.8,885.2,774.0,0
238,7923,2248848,907.1,813.9,863.3,733.8,885.2,773.85,0
238,7924,2248849,907.1,813.6,863.3,733.9,885.2,773.75,0
238,7925,2248850,907.1,813.2,863.2,734.1,885.15,773.65,0
238,7926,2248851,907.1,812.9,863.2,734.3,885.15,773.6,0
238,7927,2248852,907.0,812.4,863.3,734.6,885.15,773.5,0
238,7928,2248853,907.0,812.0,863.4,734.8,885.2,773.4,0
238,7929,2248854,907.0,811.6,863.6,735.1,885.3,773.35,0
238,7930,2248855,907.0,811.2,863.7,735.5,885.35,773.35,0
238,7931,2248856,907.0,810.8,863.9,736.0,885.45,773.4,0
238,7932,2248857,907.0,810.7,864.0,736.4,885.5,773.55,0
238,7933,2248858,907.0,810.5,864.2,736.8,885.6,773.65,0
239,7934,2248859,907.1,810.4,864.3,737.2,885.7,773.8,0
239,7935,2248860,907.3,810.3,864.4,737.6,885.85,773.95,0
239,7936,2248861,907.4,810.2,864.5,737.9,885.95,774.05,0
239,7937,2248862,907.5,810.1,864.6,738.2,886.05,774.15,0
239,7938,2248863,907.7,810.0,864.9,738.4,886.3,774.2,0
239,7939,2248864,907.8,809.9,865.2,738.6,886.5,774.25,0
239,7940,2248865,907.9,809.7,865.7,738.7,886.8,774.2,0
239,7941,2248866,908.0,809.5,866.2,738.8,887.1,774.15,0
239,7942,2248867,908.2,809.3,866.6,739.0,887.4,774.15,0
239,7943,2248868,908.4,809.1,866.9,739.2,887.65,774.15,0
239,7944,2248869,908.5,809.0,866.8,739.3,887.65,774.15,0
239,7945,2248870,908.7,808.8,866.6,739.3,887.65,774.05,0
239,7946,2248871,908.8,808.6,866.3,739.3,887.55,773.95,0
239,7947,2248872,909.0,808.5,865.9,739.1,887.45,773.8,0
239,7948,2248873,909.0,808.5,865.2,738.9,887.1,773.7,0
239,7949,2248874,909.0,808.6,864.7,738.6,886.85,773.6,0
239,7950,2248875,909.1,808.8,864.2,738.3,886.65,773.55,0
239,7951,2248876,909.1,808.9,864.2,737.9,886.65,773.4,0
239,7952,2248877,909.2,809.1,864.1,737.6,886.65,773.35,0
239,7953,2248878,909.4,809.2,864.0,737.5,886.7,773.35,0
239,7954,2248879,909.5,809.3,863.9,737.7,886.7,773.5,0
239,7955,2248880,909.6,809.4,863.9,737.9,886.75,773.65,0
239,7956,2248881,909.7,809.3,863.9,738.2,886.8,773.75,0
239,7957,2248882,909.6,809.2,863.9,738.4,886.75,773.8,0
239,7958,2248883,909.6,809.1,864.0,738.8,886.8,773.95,0
239,7959,2248884,909.5,809.1,864.1,739.1,886.8,774.1,0
239,7960,2248885,909.4,809.1,864.5,739.2,886.95,774.15,0
239,7961,2248886,909.3,809.2,864.9,739.1,887.1,774.15,0
239,7962,2248887,909.1,809.3,865.3,738.9,887.2,774.1,0
239,7963,2248888,909.1,809.5,865.7,738.5,887.4,774.0,0
239,7964,2248889,909.1,809.6,866.0,738.1,887.55,773.85,0
239,7965,2248890,909.0,809.8,866.3,737.7,887.65,773.75,0
239,7966,2248891,908.9,809.9,866.6,737.4,887.75,773.65,0
240,7967,2248892,908.8,810.0,866.7,737.2,887.75,773.6,0
240,7968,2248893,908.6,810.0,866.8,736.8,887.7,773.4,0
240,7969,2248894,908.5,810.0,867.0,736.5,887.75,773.25,0
240,7970,2248895,908.3,810.1,867.1,736.3,887.7,773.2,0
240,7971,2248896,908.0,810.1,867.3,736.2,887.65,773.15,0
240,7972,2248897,907.8,810.1,867.4,736.3,887.6,773.2,0
240,7973,2248898,907.7,810.1,867.6,736.5,887.65,773.3,0
240,7974,2248899,907.6,810.1,867.8,736.6,887.7,773.35,0
240,7975,2248900,907.5,810.1,868.0,737.0,887.75,773.55,0
240,7976,2248901,907.4,810.1,868.1,737.3,887.75,773.7,0
240,7977,2248902,907.3,810.1,868.2,738.2,887.75,774.15,0
240,7978,2248903,907.0,810.1,868.4,739.1,887.7,774.6,0
240,7979,2248904,906.8,810.1,868.7,739.6,887.75,774.85,0
240,7980,2248905,906.6,810.0,869.0,739.9,887.8,774.95,0
240,7981,2248906,906.4,810.0,869.4,740.2,887.9,775.1,0
240,7982,2248907,906.1,810.4,869.7,740.5,887.9,775.45,0
240,7983,2248908,906.0,810.9,870.1,740.7,888.05,775.8,0
240,7984,2248909,905.8,811.3,870.3,740.6,888.05,775.95,0
240,7985,2248910,905.9,811.7,870.6,740.6,888.25,776.15,0
240,7986,2248911,905.9,812.2,871.0,740.7,888.45,776.45,0
240,7987,2248912,905.8,812.6,871.2,741.1,888.5,776.85,0
240,7988,2248913,905.7,813.1,871.5,741.8,888.6,777.45,0
240,7989,2248914,905.6,813.1,871.6,742.4,888.6,777.75,0
240,7990,2248915,905.8,813.1,871.6,743.0,888.7,778.05,0
240,7991,2248916,905.9,813.1,871.7,743.5,888.8,778.3,0
240,7992,2248917,906.0,813.0,871.7,743.8,888.85,778.4,0
240,7993,2248918,906.3,812.9,871.3,744.1,888.8,778.5,0
240,7994,2248919,906.6,812.8,871.0,744.2,888.8,778.5,0
240,7995,2248920,906.8,812.7,870.7,744.0,888.75,778.35,0
240,7996,2248921,907.1,812.6,870.8,743.9,888.95,778.25,0
240,7997,2248922,907.2,812.5,870.9,743.7,889.05,778.1,0
240,7998,2248923,907.2,812.3,871.1,743.5,889.15,777.9,0
240,7999,2248924,907.2,812.2,871.3,743.4,889.25,777.8,0
240,8000,2248925,907.2,812.1,871.5,743.2,889.35,777.65,0
241,8001,2248926,907.2,812.0,871.6,743.1,889.4,777.55,0
241,8002,2248927,907.2,811.9,871.7,743.0,889.45,777.45,0
241,8003,2248928,907.2,811.8,871.5,742.9,889.35,777.35,0
241,8004,2248929,907.2,811.7,871.3,742.9,889.25,777.3,0
241,8005,2248930,907.2,811.7,871.0,742.8,889.1,777.25,0
241,8006,2248931,907.4,811.7,870.6,742.8,889.0,777.25,0
241,8007,2248932,907.5,811.7,870.4,742.8,888.95,777.25,0
241,8008,2248933,907.7,811.7,870.2,742.9,888.95,777.3,0
241,8009,2248934,907.9,811.7,870.0,743.3,888.95,777.5,0
241,8010,2248935,908.1,811.8,869.8,743.5,888.95,777.65,0
241,8011,2248936,908.2,812.1,869.8,743.7,889.0,777.9,0
241,8012,2248937,908.3,812.4,869.9,743.9,889.1,778.15,0
241,8013,2248938,908.3,812.7,870.1,744.0,889.2,778.35,0
241,8014,2248939,908.3,813.1,870.2,744.0,889.25,778.55,0
241,8015,2248940,908.2,813.4,870.3,743.9,889.25,778.65,0
241,8016,2248941,908.2,813.7,870.4,743.6,889.3,778.65,0
241,8017,2248942,908.0,813.6,870.5,743.4,889.25,778.5,0
241,8018,2248943,907.9,813.4,870.5,743.2,889.2,778.3,0
241,8019,2248944,907.8,813.0,870.5,743.0,889.15,778.0,0
241,8020,2248945,907.6,812.7,870.5,742.8,889.05,777.75,0
241,8021,2248946,907.5,812.2,870.5,742.7,889.0,777.45,0
241,8022,2248947,907.3,811.8,870.5,742.6,888.9,777.2,0
241,8023,2248948,907.2,811.4,870.5,742.7,888.85,777.05,0
241,8024,2248949,907.1,811.3,870.6,742.9,888.85,777.1,0
241,8025,2248950,907.1,811.4,870.6,743.0,888.85,777.2,0
241,8026,2248951,907.1,811.4,870.6,743.2,888.85,777.3,0
241,8027,2248952,907.1,811.5,870.4,743.4,888.75,777.45,0
241,8028,2248953,907.1,811.6,870.0,743.5,888.55,777.55,0
241,8029,2248954,907.1,811.8,869.7,743.4,888.4,777.6,0
241,8030,2248955,907.1,811.9,869.4,743.1,888.25,777.5,0
241,8031,2248956,907.1,812.0,869.1,742.8,888.1,777.4,0
241,8032,2248957,907.1,811.9,868.9,742.4,888.0,777.15,0
241,8033,2248958,907.3,811.9,868.9,742.0,888.1,776.95,0
242,8034,2248959,907.7,811.9,868.9,741.7,888.3,776.8,0
242,8035,2248960,908.0,811.8,869.2,741.6,888.6,776.7,0
242,8036,2248961,908.3,811.6,869.5,741.7,888.9,776.65,0
242,8037,2248962,908.5,811.5,869.7,741.8,889.1,776.65,0
242,8038,2248963,908.7,811.3,870.0,741.9,889.35,776.6,0
242,8039,2248964,908.9,811.2,870.1,742.3,889.5,776.75,0
242,8040,2248965,908.9,811.0,870.1,742.5,889.5,776.75,0
242,8041,2248966,908.8,810.9,870.2,742.2,889.5,776.55,0
242,8042,2248967,908.8,810.8,870.3,741.8,889.55,776.3,0
242,8043,2248968,908.7,810.9,870.4,741.3,889.55,776.1,0
242,8044,2248969,908.8,810.9,870.5,741.0,889.65,775.95,0
242,8045,2248970,908.8,811.0,870.6,740.5,889.7,775.75,0
242,8046,2248971,908.6,811.2,870.7,740.1,889.65,775.65,0
242,8047,2248972,908.4,811.3,870.8,739.7,889.6,775.5,0
242,8048,2248973,908.2,811.4,870.8,739.8,889.5,775.6,0
242,8049,2248974,908.0,811.3,870.8,739.9,889.4,775.6,0
242,8050,2248975,908.0,811.2,870.8,740.0,889.4,775.6,0
242,8051,2248976,908.0,811.0,870.7,739.9,889.35,775.45,0
242,8052,2248977,908.0,810.7,870.7,739.9,889.35,775.3,0
242,8053,2248978,908.2,810.4,870.6,739.8,889.4,775.1,0
242,8054,2248979,908.4,810.1,870.7,739.5,889.55,774.8,0
242,8055,2248980,908.6,809.8,870.7,739.1,889.65,774.45,0
242,8056,2248981,908.8,809.6,870.9,738.8,889.85,774.2,0
242,8057,2248982,908.8,809.2,871.0,738.5,889.9,773.85,0
242,8058,2248983,908.7,809.0,871.1,738.1,889.9,773.55,0
242,8059,2248984,908.6,808.7,871.2,737.8,889.9,773.25,0
242,8060,2248985,908.4,808.4,871.4,737.3,889.9,772.85,0
242,8061,2248986,908.3,808.0,871.5,737.2,889.9,772.6,0
242,8062,2248987,908.1,807.7,871.6,737.1,889.85,772.4,0
242,8063,2248988,907.7,807.2,871.6,737.0,889.65,772.1,0
242,8064,2248989,907.4,807.0,871.7,736.9,889.55,771.95,0
242,8065,2248990,907.2,806.4,871.8,736.8,889.5,771.6,0
242,8066,2248991,907.0,805.9,871.8,736.8,889.4,771.35,0
243,8067,2248992,906.9,805.3,871.8,736.9,889.35,771.1,0
243,8068,2248993,906.8,804.9,871.9,737.0,889.35,770.95,0
243,8069,2248994,906.7,804.4,871.9,737.1,889.3,770.75,0
243,8070,2248995,906.7,804.1,871.9,737.2,889.3,770.65,0
243,8071,2248996,906.7,803.7,871.8,737.2,889.25,770.45,0
243,8072,2248997,906.5,803.4,871.8,737.1,889.15,770.25,0
243,8073,2248998,906.2,803.1,871.8,737.1,889.0,770.1,0
243,8074,2248999,906.0,802.9,872.0,737.1,889.0,770.0,0
243,8075,2249000,905.8,802.5,872.1,737.1,888.95,769.8,0
243,8076,2249001,905.5,802.2,872.1,737.4,888.8,769.8,0
243,8077,2249002,905.3,801.8,872.1,737.7,888.7,769.75,0
243,8078,2249003,905.1,801.4,872.1,738.0,888.6,769.7,0
243,8079,2249004,905.2,801.0,872.1,738.3,888.65,769.65,0
243,8080,2249005,905.2,800.6,871.9,738.5,888.55,769.55,0
243,8081,2249006,905.3,800.2,871.7,738.6,888.5,769.4,0
243,8082,2249007,905.3,799.7,871.5,738.7,888.4,769.2,0
243,8083,2249008,905.4,799.3,871.5,738.5,888.45,768.9,0
243,8084,2249009,905.5,798.8,871.6,738.3,888.55,768.55,0
243,8085,2249010,905.5,798.5,871.6,738.1,888.55,768.3,0
243,8086,2249011,905.5,798.3,871.7,738.0,888.6,768.15,0
243,8087,2249012,905.5,798.1,871.9,738.1,888.7,768.1,0
243,8088,2249013,905.4,797.9,871.9,738.3,888.65,768.1,0
243,8089,2249014,905.3,797.6,871.9,738.5,888.6,768.05,0
243,8090,2249015,905.1,797.2,871.7,738.6,888.4,767.9,0
243,8091,2249016,904.9,796.9,871.6,738.8,888.25,767.85,0
243,8092,2249017,904.7,796.7,871.5,739.0,888.1,767.85,0
243,8093,2249018,904.5,796.4,871.4,739.4,887.95,767.9,0
243,8094,2249019,904.4,796.3,871.2,739.9,887.8,768.1,0
243,8095,2249020,904.4,796.1,871.2,740.2,887.8,768.15,0
243,8096,2249021,904.5,796.2,871.1,740.5,887.8,768.35,0
243,8097,2249022,904.5,796.3,871.1,741.1,887.8,768.7,0
243,8098,2249023,904.7,796.5,871.2,741.6,887.95,769.05,0
243,8099,2249024,904.9,796.6,871.2,742.0,888.05,769.3,0
243,8100,2249025,905.1,796.7,871.2,742.1,888.15,769.4,0
244,8101,2249026,905.2,796.8,871.2,742.3,888.2,769.55,0
244,8102,2249027,905.3,796.9,871.2,742.7,888.25,769.8,0
244,8103,2249028,905.5,796.9,871.2,743.1,888.35,770.0,0
244,8104,2249029,905.7,797.0,871.1,743.4,888.4,770.2,0
244,8105,2249030,905.8,797.1,871.0,743.8,888.4,770.45,0
244,8106,2249031,906.0,797.1,870.9,744.3,888.45,770.7,0
244,8107,2249032,906.1,797.2,870.8,744.9,888.45,771.05,0
244,8108,2249033,906.2,797.3,870.7,745.3,888.45,771.3,0
244,8109,2249034,906.3,797.4,870.7,745.6,888.5,771.5,0
244,8110,2249035,906.3,797.4,870.6,745.9,888.45,771.65,0
244,8111,2249036,906.4,797.4,870.6,746.1,888.5,771.75,0
244,8112,2249037,906.3,797.4,870.4,746.0,888.35,771.7,0
244,8113,2249038,906.2,797.5,870.2,746.0,888.2,771.75,0
244,8114,2249039,906.2,797.6,870.0,745.9,888.1,771.75,0
244,8115,2249040,906.1,797.8,869.7,745.9,887.9,771.85,0
244,8116,2249041,905.9,798.0,869.3,745.9,887.6,771.95,0
244,8117,2249042,905.7,798.4,868.9,746.0,887.3,772.2,0
244,8118,2249043,905.6,798.9,868.5,746.1,887.05,772.5,0
244,8119,2249044,905.4,799.3,868.1,746.3,886.75,772.8,0
244,8120,2249045,905.3,799.4,867.8,746.5,886.55,772.95,0
244,8121,2249046,905.2,799.5,867.5,746.7,886.35,773.1,0
244,8122,2249047,905.0,799.3,867.3,746.8,886.15,773.05,0
244,8123,2249048,904.9,799.2,867.2,746.9,886.05,773.05,0
244,8124,2249049,904.8,798.9,867.0,747.5,885.9,773.2,0
244,8125,2249050,904.7,798.6,866.9,748.1,885.8,773.35,0
244,8126,2249051,904.5,798.4,866.9,748.7,885.7,773.55,0
244,8127,2249052,904.2,798.4,866.7,749.2,885.45,773.8,0
244,8128,2249053,903.8,798.4,866.6,749.8,885.2,774.1,0
244,8129,2249054,903.4,798.5,866.3,750.4,884.85,774.45,0
244,8130,2249055,903.0,798.6,866.1,751.3,884.55,774.95,0
244,8131,2249056,902.7,798.6,865.9,751.6,884.3,775.1,0
244,8132,2249057,902.3,798.6,865.3,751.8,883.8,775.2,0
244,8133,2249058,901.9,798.5,864.8,752.0,883.35,775.25,0
245,8134,2249059,901.6,798.5,864.3,752.2,882.95,775.35,0
245,8135,2249060,901.5,798.5,863.8,752.3,882.65,775.4,0
245,8136,2249061,901.4,798.4,863.7,752.4,882.55,775.4,0
245,8137,2249062,901.3,798.4,863.7,752.2,882.5,775.3,0
245,8138,2249063,901.2,798.4,863.6,752.6,882.4,775.5,0
245,8139,2249064,901.1,798.5,863.9,753.1,882.5,775.8,0
245,8140,2249065,901.2,798.7,864.2,753.7,882.7,776.2,0
245,8141,2249066,901.2,798.9,864.7,754.3,882.95,776.6,0
245,8142,2249067,901.2,799.2,865.2,754.9,883.2,777.05,0
245,8143,2249068,901.0,799.6,865.6,755.4,883.3,777.5,0
245,8144,2249069,900.9,800.0,866.0,756.0,883.45,778.0,0
245,8145,2249070,900.8,800.4,866.5,756.0,883.65,778.2,0
245,8146,2249071,900.6,800.8,867.0,756.0,883.8,778.4,0
245,8147,2249072,900.4,800.9,867.5,756.0,883.95,778.45,0
245,8148,2249073,900.2,801.1,867.9,756.1,884.05,778.6,0
245,8149,2249074,899.9,801.2,868.3,756.2,884.1,778.7,0
245,8150,2249075,899.7,801.3,868.5,756.3,884.1,778.8,0
245,8151,2249076,899.6,801.4,868.7,756.4,884.15,778.9,0
245,8152,2249077,899.4,801.5,868.8,756.4,884.1,778.95,0
245,8153,2249078,899.2,801.7,868.9,756.5,884.05,779.1,0
245,8154,2249079,899.1,801.9,869.0,756.6,884.05,779.25,0
245,8155,2249080,899.0,802.1,869.0,756.6,884.0,779.35,0
245,8156,2249081,899.0,802.2,869.0,756.6,884.0,779.4,0
245,8157,2249082,899.0,802.2,869.0,756.5,884.0,779.35,0
245,8158,2249083,899.1,802.3,869.0,756.4,884.05,779.35,0
245,8159,2249084,899.1,802.4,869.1,756.2,884.1,779.3,0
245,8160,2249085,899.1,802.6,869.1,756.1,884.1,779.35,0
245,8161,2249086,899.0,802.9,869.3,755.9,884.15,779.4,0
245,8162,2249087,898.9,803.1,869.4,755.8,884.15,779.45,0
245,8163,2249088,898.8,803.4,869.5,755.8,884.15,779.6,0
245,8164,2249089,898.7,803.7,869.6,755.9,884.15,779.8,0
245,8165,2249090,898.5,804.0,869.6,756.2,884.05,780.1,0
245,8166,2249091,898.4,804.2,869.7,756.4,884.05,780.3,0
246,8167,2249092,898.2,804.3,869.7,756.5,883.95,780.4,0
246,8168,2249093,898.0,804.4,869.5,756.2,883.75,780.3,0
246,8169,2249094,898.0,804.5,869.4,755.9,883.7,780.2,0
246,8170,2249095,898.0,804.6,869.2,755.5,883.6,780.05,0
246,8171,2249096,898.1,804.8,868.8,754.8,883.45,779.8,0
246,8172,2249097,898.3,805.1,868.5,754.2,883.4,779.65,0
246,8173,2249098,898.5,805.3,868.1,753.5,883.3,779.4,0
246,8174,2249099,898.8,805.6,867.9,752.9,883.35,779.25,0
246,8175,2249100,899.1,805.8,867.6,752.6,883.35,779.2,0
246,8176,2249101,899.4,806.1,867.3,752.3,883.35,779.2,0
246,8177,2249102,899.8,806.4,867.0,752.1,883.4,779.25,0
246,8178,2249103,900.1,806.5,866.9,751.9,883.5,779.2,0
246,8179,2249104,900.4,806.7,866.8,751.7,883.6,779.2,0
246,8180,2249105,900.6,806.8,866.5,751.6,883.55,779.2,0
246,8181,2249106,900.8,806.8,866.3,751.6,883.55,779.2,0
246,8182,2249107,900.8,806.9,866.0,751.6,883.4,779.25,0
246,8183,2249108,900.8,806.8,865.9,751.6,883.35,779.2,0
246,8184,2249109,900.7,806.8,865.9,751.5,883.3,779.15,0
246,8185,2249110,900.5,806.7,866.0,751.2,883.25,778.95,0
246,8186,2249111,900.4,806.7,866.2,751.0,883.3,778.85,0
246,8187,2249112,900.1,806.6,866.3,750.7,883.2,778.65,0
246,8188,2249113,899.8,806.5,866.5,750.5,883.15,778.5,0
246,8189,2249114,899.6,806.1,866.7,750.2,883.15,778.15,0
246,8190,2249115,899.5,805.8,866.9,750.1,883.2,777.95,0
246,8191,2249116,899.3,805.5,867.1,750.0,883.2,777.75,0
246,8192,2249117,899.2,805.1,867.2,750.2,883.2,777.65,0
246,8193,2249118,899.1,804.7,867.2,750.5,883.15,777.6,0
246,8194,2249119,899.2,804.3,867.2,750.7,883.2,777.5,0
246,8195,2249120,899.2,803.8,867.2,750.8,883.2,777.3,0
246,8196,2249121,899.3,803.7,867.1,751.0,883.2,777.35,0
246,8197,2249122,899.3,803.7,867.0,751.1,883.15,777.4,0
246,8198,2249123,899.4,803.8,866.8,751.3,883.1,777.55,0
246,8199,2249124,899.0,803.9,866.5,751.1,882.75,777.5,0
246,8200,2249125,898.7,804.2,866.1,751.0,882.4,777.6,0
247,8201,2249126,898.2,804.5,865.8,750.8,882.0,777.65,0
247,8202,2249127,897.8,804.8,865.5,750.5,881.65,777.65,0
247,8203,2249128,897.3,805.1,865.2,750.2,881.25,777.65,0
247,8204,2249129,896.9,805.3,864.9,749.9,880.9,777.6,0
247,8205,2249130,896.5,805.4,864.7,749.5,880.6,777.45,0
247,8206,2249131,896.4,805.5,865.0,749.2,880.7,777.35,0
247,8207,2249132,896.3,805.6,865.4,748.9,880.85,777.25,0
247,8208,2249133,896.1,805.6,865.7,748.7,880.9,777.15,0
247,8209,2249134,896.0,805.6,866.1,748.5,881.05,777.05,0
247,8210,2249135,895.8,805.6,866.5,748.4,881.15,777.0,0
247,8211,2249136,895.6,805.5,866.9,748.2,881.25,776.85,0
247,8212,2249137,895.5,805.3,867.3,748.0,881.4,776.65,0
247,8213,2249138,895.5,805.2,867.3,747.9,881.4,776.55,0
247,8214,2249139,895.5,805.0,867.3,747.8,881.4,776.4,0
247,8215,2249140,895.6,804.8,867.0,747.8,881.3,776.3,0
247,8216,2249141,895.8,804.6,866.8,747.9,881.3,776.25,0
247,8217,2249142,895.9,804.4,866.4,748.0,881.15,776.2,0
247,8218,2249143,896.1,804.3,866.1,748.1,881.1,776.2,0
247,8219,2249144,896.2,804.2,865.7,748.2,880.95,776.2,0
247,8220,2249145,896.4,804.1,865.4,748.3,880.9,776.2,0
247,8221,2249146,896.4,804.0,865.2,748.4,880.8,776.2,0
247,8222,2249147,896.5,803.9,865.3,748.3,880.9,776.1,0
247,8223,2249148,896.6,803.8,865.3,748.3,880.95,776.05,0
247,8224,2249149,896.7,803.6,865.5,748.3,881.1,775.95,0
247,8225,2249150,896.9,803.4,865.7,748.3,881.3,775.85,0
247,8226,2249151,897.0,803.1,865.9,748.4,881.45,775.75,0
247,8227,2249152,897.1,802.8,866.5,748.5,881.8,775.65,0
247,8228,2249153,897.2,802.5,867.0,748.7,882.1,775.6,0
247,8229,2249154,897.3,802.2,867.5,748.8,882.4,775.5,0
247,8230,2249155,897.3,801.8,868.0,749.0,882.65,775.4,0
247,8231,2249156,897.3,801.5,868.2,749.3,882.75,775.4,0
247,8232,2249157,897.2,801.2,868.3,749.4,882.75,775.3,0
247,8233,2249158,896.8,801.0,868.4,750.0,882.6,775.5,0
248,8234,2249159,896.4,800.7,868.1,750.6,882.25,775.65,0
248,8235,2249160,895.9,800.5,867.7,751.2,881.8,775.85,0
248,8236,2249161,895.4,800.3,867.4,751.7,881.4,776.0,0
248,8237,2249162,894.7,800.2,867.1,752.1,880.9,776.15,0
248,8238,2249163,894.0,800.2,867.2,752.6,880.6,776.4,0
248,8239,2249164,893.3,800.2,867.2,752.9,880.25,776.55,0
248,8240,2249165,892.7,800.2,867.2,752.8,879.95,776.5,0
248,8241,2249166,892.1,800.2,867.3,752.6,879.7,776.4,0
248,8242,2249167,891.4,800.2,867.3,752.4,879.35,776.3,0
248,8243,2249168,890.9,800.0,867.3,752.2,879.1,776.1,0
248,8244,2249169,890.6,799.6,867.3,752.0,878.95,775.8,0
248,8245,2249170,890.3,799.2,867.2,751.7,878.75,775.45,0
248,8246,2249171,890.0,798.7,867.2,751.4,878.6,775.05,0
248,8247,2249172,889.9,798.3,867.2,751.1,878.55,774.7,0
248,8248,2249173,889.9,798.0,867.2,750.5,878.55,774.25,0
248,8249,2249174,889.9,797.7,867.2,750.0,878.55,773.85,0
248,8250,2249175,890.0,797.6,867.2,749.4,878.6,773.5,0
248,8251,2249176,890.1,797.7,866.9,749.1,878.5,773.4,0
248,8252,2249177,890.2,797.9,866.5,748.8,878.35,773.35,0
248,8253,2249178,890.5,798.1,866.2,748.6,878.35,773.35,0
248,8254,2249179,890.8,798.3,866.0,748.5,878.4,773.4,0
248,8255,2249180,891.1,798.3,865.8,748.5,878.45,773.4,0
248,8256,2249181,891.4,798.3,865.6,748.6,878.5,773.45,0
248,8257,2249182,891.7,798.3,865.4,749.2,878.55,773.75,0
248,8258,2249183,892.0,798.2,865.7,749.9,878.85,774.05,0
248,8259,2249184,892.1,798.2,865.8,750.4,878.95,774.3,0
248,8260,2249185,892.1,798.4,865.9,751.0,879.0,774.7,0
248,8261,2249186,892.0,798.7,866.0,751.2,879.0,774.95,0
248,8262,2249187,891.9,799.1,866.0,751.5,878.95,775.3,0
248,8263,2249188,891.8,799.4,865.7,751.8,878.75,775.6,0
248,8264,2249189,891.4,799.8,865.5,751.5,878.45,775.65,0
248,8265,2249190,891.0,800.3,865.2,751.4,878.1,775.85,0
248,8266,2249191,890.6,800.6,865.0,751.3,877.8,775.95,0
249,8267,2249192,890.2,800.7,864.8,751.2,877.5,775.95,0
249,8268,2249193,889.8,800.8,864.7,751.3,877.25,776.05,0
249,8269,2249194,889.1,800.5,864.7,751.4,876.9,775.95,0
249,8270,2249195,888.4,800.1,864.8,751.5,876.6,775.8,0
249,8271,2249196,888.0,799.6,865.0,751.5,876.5,775.55,0
249,8272,2249197,887.6,799.1,865.2,751.4,876.4,775.25,0
249,8273,2249198,887.2,798.6,865.1,751.1,876.15,774.85,0
249,8274,2249199,886.9,798.1,864.9,750.8,875.9,774.45,0
249,8275,2249200,886.6,797.4,864.6,750.6,875.6,774.0,0
249,8276,2249201,886.5,796.8,864.3,750.3,875.4,773.55,0
249,8277,2249202,886.4,796.3,864.0,750.1,875.2,773.2,0
249,8278,2249203,886.4,795.9,863.7,749.8,875.05,772.85,0
249,8279,2249204,886.4,795.5,863.4,749.4,874.9,772.45,0
249,8280,2249205,886.5,795.2,863.5,749.1,875.0,772.15,0
249,8281,2249206,886.6,795.0,863.7,748.9,875.15,771.95,0
249,8282,2249207,886.7,795.0,863.8,748.7,875.25,771.85,0
249,8283,2249208,886.9,795.4,864.0,748.5,875.45,771.95,0
249,8284,2249209,887.1,795.7,864.2,748.2,875.65,771.95,0
249,8285,2249210,887.3,796.0,864.3,748.2,875.8,772.1,0
249,8286,2249211,887.5,796.4,864.4,748.2,875.95,772.3,0
249,8287,2249212,887.6,796.7,864.5,748.2,876.05,772.45,0
249,8288,2249213,887.7,797.1,864.5,748.3,876.1,772.7,0
249,8289,2249214,887.8,797.4,864.5,748.7,876.15,773.05,0
249,8290,2249215,887.8,797.6,864.7,749.2,876.25,773.4,0
249,8291,2249216,887.8,797.8,864.8,749.7,876.3,773.75,0
249,8292,2249217,887.9,798.0,865.0,750.2,876.45,774.1,0
249,8293,2249218,887.9,798.4,865.1,750.6,876.5,774.5,0
249,8294,2249219,888.0,798.7,865.2,751.1,876.6,774.9,0
249,8295,2249220,888.1,799.0,865.1,751.5,876.6,775.25,0
249,8296,2249221,888.1,799.4,865.1,751.4,876.6,775.4,0
249,8297,2249222,887.9,800.0,864.8,751.2,876.35,775.6,0
249,8298,2249223,887.7,800.5,864.6,751.1,876.15,775.8,0
249,8299,2249224,887.5,801.0,864.4,751.0,875.95,776.0,0
249,8300,2249225,887.3,800.8,864.5,750.8,875.9,775.8,0
250,8301,2249226,887.0,800.7,864.7,750.6,875.85,775.65,0
250,8302,2249227,886.8,800.4,865.1,750.4,875.95,775.4,0
250,8303,2249228,886.3,799.9,865.4,750.2,875.85,775.05,0
250,8304,2249229,886.1,799.3,865.7,750.0,875.9,774.65,0
250,8305,2249230,885.9,798.7,866.1,750.0,876.0,774.35,0
250,8306,2249231,885.4,798.1,866.3,749.9,875.85,774.0,0
250,8307,2249232,884.9,798.0,866.3,749.9,875.6,773.95,0
250,8308,2249233,884.3,797.7,866.2,749.9,875.25,773.8,0
250,8309,2249234,883.8,797.5,866.2,749.8,875.0,773.65,0
250,8310,2249235,883.5,797.3,866.1,749.8,874.8,773.55,0
250,8311,2249236,883.2,797.1,866.0,749.7,874.6,773.4,0
250,8312,2249237,882.9,796.8,865.9,749.7,874.4,773.25,0
250,8313,2249238,882.8,796.5,865.8,749.6,874.3,773.05,0
250,8314,2249239,882.9,796.2,865.7,749.6,874.3,772.9,0
250,8315,2249240,883.0,796.1,865.6,749.5,874.3,772.8,0
250,8316,2249241,883.1,795.9,865.6,749.3,874.35,772.6,0
250,8317,2249242,883.2,795.9,865.5,748.9,874.35,772.4,0
250,8318,2249243,883.4,795.9,865.6,748.4,874.5,772.15,0
250,8319,2249244,883.7,795.9,865.7,748.0,874.7,771.95,0
250,8320,2249245,883.9,796.0,866.0,747.6,874.95,771.8,0
250,8321,2249246,884.4,796.1,866.2,747.3,875.3,771.7,0
250,8322,2249247,884.8,796.3,866.4,747.0,875.6,771.65,0
250,8323,2249248,885.1,796.5,866.4,746.9,875.75,771.7,0
250,8324,2249249,885.6,796.7,866.3,746.9,875.95,771.8,0
250,8325,2249250,885.9,796.9,866.1,747.2,876.0,772.05,0
250,8326,2249251,886.1,797.2,866.0,747.5,876.05,772.35,0
250,8327,2249252,886.3,797.5,865.6,747.6,875.95,772.55,0
250,8328,2249253,886.3,797.8,865.2,747.5,875.75,772.65,0
250,8329,2249254,886.3,798.0,864.8,747.4,875.55,772.7,0
250,8330,2249255,886.2,798.1,864.7,747.2,875.45,772.65,0
250,8331,2249256,886.0,798.3,864.6,747.1,875.3,772.7,0
250,8332,2249257,885.9,798.4,864.8,746.8,875.35,772.6,0
250,8333,2249258,885.6,798.4,865.1,746.4,875.35,772.4,0
251,8334,2249259,885.3,798.4,865.3,746.2,875.3,772.3,0
251,8335,2249260,885.1,798.2,865.7,745.8,875.4,772.0,0
251,8336,2249261,884.9,797.7,866.0,745.6,875.45,771.65,0
251,8337,2249262,884.6,797.0,866.2,745.4,875.4,771.2,0
251,8338,2249263,884.2,796.4,866.4,745.2,875.3,770.8,0
251,8339,2249264,883.8,795.8,866.1,745.0,874.95,770.4,0
251,8340,2249265,883.4,795.1,865.7,744.9,874.55,770.0,0
251,8341,2249266,883.0,794.6,865.3,744.9,874.15,769.75,0
251,8342,2249267,882.7,794.1,864.9,745.0,873.8,769.55,0
251,8343,2249268,882.3,794.0,864.6,745.1,873.45,769.55,0
251,8344,2249269,882.0,793.9,864.5,745.3,873.25,769.6,0
251,8345,2249270,881.9,793.7,864.4,745.4,873.15,769.55,0
251,8346,2249271,881.8,793.6,864.5,745.5,873.15,769.55,0
251,8347,2249272,881.8,793.6,864.7,745.4,873.25,769.5,0
251,8348,2249273,881.7,793.7,864.9,745.3,873.3,769.5,0
251,8349,2249274,881.7,793.8,865.1,745.1,873.4,769.45,0
251,8350,2249275,881.7,794.0,865.2,744.7,873.45,769.35,0
251,8351,2249276,881.6,794.3,865.3,744.3,873.45,769.3,0
251,8352,2249277,881.6,794.5,865.4,744.0,873.5,769.25,0
251,8353,2249278,881.6,794.8,865.5,743.7,873.55,769.25,0
251,8354,2249279,881.7,795.0,865.5,743.4,873.6,769.2,0
251,8355,2249280,881.9,795.0,865.6,743.1,873.75,769.05,0
251,8356,2249281,882.0,795.2,865.6,742.9,873.8,769.05,0
251,8357,2249282,882.2,795.2,865.7,742.9,873.95,769.05,0
251,8358,2249283,882.3,795.4,865.9,742.8,874.1,769.1,0
251,8359,2249284,882.5,795.6,866.2,742.8,874.35,769.2,0
251,8360,2249285,882.7,795.9,866.4,742.8,874.55,769.35,0
251,8361,2249286,882.6,796.2,866.8,742.9,874.7,769.55,0
251,8362,2249287,882.3,796.5,867.1,742.8,874.7,769.65,0
251,8363,2249288,882.0,796.6,867.4,742.7,874.7,769.65,0
251,8364,2249289,881.6,796.8,867.7,742.5,874.65,769.65,0
251,8365,2249290,881.2,796.8,867.5,742.3,874.35,769.55,0
251,8366,2249291,880.7,796.8,867.3,741.7,874.0,769.25,0
252,8367,2249292,880.3,796.8,867.2,741.2,873.75,769.0,0
252,8368,2249293,879.8,796.7,867.0,740.7,873.4,768.7,0
252,8369,2249294,879.7,796.2,866.7,740.5,873.2,768.35,0
252,8370,2249295,879.6,795.7,866.5,740.3,873.05,768.0,0
252,8371,2249296,879.4,795.2,866.3,740.1,872.85,767.65,0
252,8372,2249297,879.2,794.7,866.3,740.0,872.75,767.35,0
252,8373,2249298,879.2,794.2,866.2,740.2,872.7,767.2,0
252,8374,2249299,879.1,793.8,866.2,740.4,872.65,767.1,0
252,8375,2249300,879.0,793.4,866.3,740.6,872.65,767.0,0
252,8376,2249301,878.9,793.6,866.5,740.7,872.7,767.15,0
252,8377,2249302,878.8,793.7,866.7,740.7,872.75,767.2,0
252,8378,2249303,878.8,793.9,866.8,740.4,872.8,767.15,0
252,8379,2249304,878.8,794.0,866.9,740.1,872.85,767.05,0
252,8380,2249305,878.9,794.1,866.9,739.6,872.9,766.85,0
252,8381,2249306,879.1,794.2,866.9,739.2,873.0,766.7,0
252,8382,2249307,879.4,794.2,866.8,738.8,873.1,766.5,0
252,8383,2249308,879.7,794.2,866.5,738.4,873.1,766.3,0
252,8384,2249309,880.0,794.1,866.3,738.1,873.15,766.1,0
252,8385,2249310,880.7,794.0,865.9,738.1,873.3,766.05,0
252,8386,2249311,881.4,793.9,865.4,738.1,873.4,766.0,0
252,8387,2249312,882.0,793.8,865.0,738.2,873.5,766.0,0
252,8388,2249313,882.4,793.8,864.6,738.0,873.5,765.9,0
252,8389,2249314,882.9,793.8,864.2,737.8,873.55,765.8,0
252,8390,2249315,883.2,794.0,863.8,737.5,873.5,765.75,0
252,8391,2249316,883.6,794.1,863.5,737.3,873.55,765.7,0
252,8392,2249317,883.5,794.3,863.6,737.0,873.55,765.65,0
252,8393,2249318,883.3,794.5,863.7,736.8,873.5,765.65,0
252,8394,2249319,882.7,794.7,863.9,736.6,873.3,765.65,0
252,8395,2249320,881.9,794.9,864.1,736.6,873.0,765.75,0
252,8396,2249321,881.1,795.0,864.3,736.2,872.7,765.6,0
252,8397,2249322,880.3,795.0,864.5,735.8,872.4,765.4,0
252,8398,2249323,879.6,794.9,864.7,735.4,872.15,765.15,0
252,8399,2249324,878.9,794.6,864.8,735.1,871.85,764.85,0
252,8400,2249325,878.3,794.3,864.9,734.8,871.6,764.55,0
253,8401,2249326,878.2,793.9,865.0,734.5,871.6,764.2,0
253,8402,2249327,878.1,793.5,865.2,734.2,871.65,763.85,0
253,8403,2249328,877.8,793.1,865.3,734.3,871.55,763.7,0
253,8404,2249329,877.4,792.7,865.4,734.3,871.4,763.5,0
253,8405,2249330,877.1,792.2,865.5,734.4,871.3,763.3,0
253,8406,2249331,876.8,792.0,865.6,734.6,871.2,763.3,0
253,8407,2249332,876.5,791.7,865.7,734.8,871.1,763.25,0
253,8408,2249333,876.2,791.5,865.7,734.9,870.95,763.2,0
253,8409,2249334,876.0,791.4,865.7,735.0,870.85,763.2,0
253,8410,2249335,876.1,791.6,865.6,735.0,870.85,763.3,0
253,8411,2249336,876.4,791.8,865.5,734.6,870.95,763.2,0
253,8412,2249337,877.0,792.0,865.3,734.2,871.15,763.1,0
253,8413,2249338,877.7,792.3,864.9,733.6,871.3,762.95,0
253,8414,2249339,878.6,792.6,864.5,732.9,871.55,762.75,0
253,8415,2249340,879.5,792.8,864.1,732.3,871.8,762.55,0
253,8416,2249341,880.4,793.2,863.7,731.8,872.05,762.5,0
253,8417,2249342,881.3,793.2,863.4,731.6,872.35,762.4,0
253,8418,2249343,881.9,793.3,863.4,731.8,872.65,762.55,0
253,8419,2249344,882.2,793.4,863.4,732.0,872.8,762.7,0
253,8420,2249345,882.3,793.5,863.6,732.2,872.95,762.85,0
253,8421,2249346,882.1,793.7,864.0,732.4,873.05,763.05,0
253,8422,2249347,881.5,793.9,864.5,732.7,873.0,763.3,0
253,8423,2249348,880.9,794.0,865.0,733.0,872.95,763.5,0
253,8424,2249349,880.2,794.0,865.6,733.2,872.9,763.6,0
253,8425,2249350,879.6,793.6,866.1,733.5,872.85,763.55,0
253,8426,2249351,878.9,793.2,866.6,733.9,872.75,763.55,0
253,8427,2249352,878.3,792.8,867.1,734.4,872.7,763.6,0
253,8428,2249353,877.6,792.4,867.4,734.8,872.5,763.6,0
253,8429,2249354,877.4,791.9,867.6,735.2,872.5,763.55,0
253,8430,2249355,877.1,791.5,867.9,735.6,872.5,763.55,0
253,8431,2249356,876.8,791.2,867.9,736.0,872.35,763.6,0
253,8432,2249357,876.3,791.2,867.3,736.4,871.8,763.8,0
253,8433,2249358,875.8,791.2,866.6,736.7,871.2,763.95,0
254,8434,2249359,875.4,791.3,865.7,736.9,870.55,764.1,0
254,8435,2249360,875.1,791.3,864.7,737.1,869.9,764.2,0
254,8436,2249361,875.1,791.1,863.6,737.3,869.35,764.2,0
254,8437,2249362,875.0,790.9,862.5,737.5,868.75,764.2,0
254,8438,2249363,875.2,790.7,861.5,737.7,868.35,764.2,0
254,8439,2249364,875.9,790.5,861.0,737.6,868.45,764.05,0
254,8440,2249365,876.7,790.3,860.7,737.4,868.7,763.85,0
254,8441,2249366,877.6,790.2,860.7,737.1,869.15,763.65,0
254,8442,2249367,878.4,790.4,860.9,736.8,869.65,763.6,0
254,8443,2249368,879.0,790.7,861.2,736.4,870.1,763.55,0
254,8444,2249369,879.6,791.1,862.0,736.0,870.8,763.55,0
254,8445,2249370,880.0,791.5,862.7,735.7,871.35,763.6,0
254,8446,2249371,879.9,791.9,863.7,735.4,871.8,763.65,0
254,8447,2249372,879.6,792.3,864.5,735.1,872.05,763.7,0
254,8448,2249373,879.3,792.6,865.2,735.0,872.25,763.8,0
254,8449,2249374,878.8,792.7,865.9,734.9,872.35,763.8,0
254,8450,2249375,878.4,792.7,866.3,734.8,872.35,763.75,0
254,8451,2249376,878.0,792.8,866.2,734.8,872.1,763.8,0
254,8452,2249377,877.5,792.8,866.2,734.8,871.85,763.8,0
254,8453,2249378,877.2,792.7,865.9,734.8,871.55,763.75,0
254,8454,2249379,876.9,792.7,865.5,734.8,871.2,763.75,0
254,8455,2249380,876.6,792.5,865.1,734.9,870.85,763.7,0
254,8456,2249381,876.4,792.5,864.0,735.0,870.2,763.75,0
254,8457,2249382,876.2,792.3,863.0,735.0,869.6,763.65,0
254,8458,2249383,876.0,792.2,862.0,734.9,869.0,763.55,0
254,8459,2249384,876.0,792.1,861.0,734.9,868.5,763.5,0
254,8460,2249385,876.1,791.9,859.9,734.3,868.0,763.1,0
254,8461,2249386,876.2,791.7,859.0,733.7,867.6,762.7,0
254,8462,2249387,876.6,791.7,858.1,733.1,867.35,762.4,0
254,8463,2249388,877.0,791.8,857.8,732.6,867.4,762.2,0
254,8464,2249389,877.9,791.8,857.7,732.3,867.8,762.05,0
254,8465,2249390,878.8,791.9,857.8,732.1,868.3,762.0,0
254,8466,2249391,879.7,791.9,857.9,731.8,868.8,761.85,0
255,8467,2249392,880.3,791.8,858.1,732.1,869.2,761.95,0
255,8468,2249393,880.8,791.8,858.3,732.3,869.55,762.05,0
255,8469,2249394,881.1,791.6,858.7,732.4,869.9,762.0,0
255,8470,2249395,881.2,791.4,859.4,732.4,870.3,761.9,0
255,8471,2249396,880.5,791.2,860.0,732.2,870.25,761.7,0
255,8472,2249397,879.9,791.1,861.0,732.0,870.45,761.55,0
255,8473,2249398,879.1,791.0,861.9,731.8,870.5,761.4,0
255,8474,2249399,878.4,791.0,862.9,731.6,870.65,761.3,0
255,8475,2249400,877.7,791.1,863.3,731.6,870.5,761.35,0
255,8476,2249401,877.1,791.1,863.3,731.7,870.2,761.4,0
255,8477,2249402,876.6,790.9,862.7,732.0,869.65,761.45,0
255,8478,2249403,876.3,790.7,862.1,732.3,869.2,761.5,0
255,8479,2249404,876.1,790.5,860.9,732.5,868.5,761.5,0
255,8480,2249405,876.5,790.2,859.5,732.7,868.0,761.45,0
255,8481,2249406,877.0,789.9,858.0,732.9,867.5,761.4,0
255,8482,2249407,877.6,789.7,856.9,733.0,867.25,761.35,0
255,8483,2249408,878.2,789.5,856.3,732.9,867.25,761.2,0
255,8484,2249409,878.9,789.6,856.1,732.7,867.5,761.15,0
255,8485,2249410,879.7,789.9,855.8,732.5,867.75,761.2,0
255,8486,2249411,880.4,790.1,855.9,732.4,868.15,761.25,0
255,8487,2249412,880.9,790.4,856.3,732.2,868.6,761.3,0
255,8488,2249413,881.1,790.8,857.0,732.0,869.05,761.4,0
255,8489,2249414,881.3,791.1,857.6,731.8,869.45,761.45,0
255,8490,2249415,881.3,791.3,858.2,731.7,869.75,761.5,0
255,8491,2249416,881.3,791.5,858.7,731.5,870.0,761.5,0
255,8492,2249417,881.2,791.4,859.3,731.5,870.25,761.45,0
255,8493,2249418,881.0,791.4,859.6,731.5,870.3,761.45,0
255,8494,2249419,880.7,791.3,860.0,731.5,870.35,761.4,0
255,8495,2249420,880.5,791.2,860.2,731.6,870.35,761.4,0
255,8496,2249421,880.4,791.2,860.2,731.8,870.3,761.5,0
255,8497,2249422,880.1,791.2,860.2,732.0,870.15,761.6,0
255,8498,2249423,879.9,791.2,859.9,732.3,869.9,761.75,0
255,8499,2249424,879.8,791.1,859.5,732.5,869.65,761.8,0
255,8500,2249425,879.7,791.0,859.0,732.7,869.35,761.85,0
256,8501,2249426,879.6,790.9,858.3,732.9,868.95,761.9,0
256,8502,2249427,879.6,790.9,857.5,733.0,868.55,761.95,0
256,8503,2249428,879.6,790.9,856.8,733.2,868.2,762.05,0
256,8504,2249429,879.7,791.0,856.1,733.2,867.9,762.1,0
256,8505,2249430,879.8,791.1,855.7,733.1,867.75,762.1,0
256,8506,2249431,879.9,791.3,855.3,732.9,867.6,762.1,0
256,8507,2249432,880.1,791.5,855.1,732.7,867.6,762.1,0
256,8508,2249433,880.3,791.7,855.2,732.5,867.75,762.1,0
256,8509,2249434,880.5,792.0,855.4,732.2,867.95,762.1,0
256,8510,2249435,880.7,792.3,855.7,731.6,868.2,761.95,0
256,8511,2249436,880.8,792.5,856.2,731.1,868.5,761.8,0
256,8512,2249437,880.9,792.7,857.0,730.7,868.95,761.7,0
256,8513,2249438,881.0,792.7,857.8,730.5,869.4,761.6,0
256,8514,2249439,881.0,792.8,859.0,730.6,870.0,761.7,0
256,8515,2249440,880.9,792.9,860.1,730.9,870.5,761.9,0
256,8516,2249441,880.9,792.9,861.0,731.2,870.95,762.05,0
256,8517,2249442,880.8,793.0,861.7,731.9,871.25,762.45,0
256,8518,2249443,880.9,793.0,862.3,732.7,871.6,762.85,0
256,8519,2249444,881.0,793.1,862.5,733.3,871.75,763.2,0
256,8520,2249445,881.1,793.2,862.8,734.0,871.95,763.6,0
256,8521,2249446,881.2,793.2,862.4,734.2,871.8,763.7,0
256,8522,2249447,881.2,793.1,862.0,734.3,871.6,763.7,0
256,8523,2249448,881.3,792.9,861.1,734.4,871.2,763.65,0
256,8524,2249449,881.3,792.7,860.2,734.4,870.75,763.55,0
256,8525,2249450,881.4,792.6,859.1,734.4,870.25,763.5,0
256,8526,2249451,881.3,792.8,857.7,734.3,869.5,763.55,0
256,8527,2249452,881.1,793.0,856.3,733.7,868.7,763.35,0
256,8528,2249453,881.0,793.3,855.0,733.1,868.0,763.2,0
256,8529,2249454,880.9,793.7,853.9,732.4,867.4,763.05,0
256,8530,2249455,880.8,794.1,853.4,731.8,867.1,762.95,0
256,8531,2249456,880.6,794.4,853.1,731.1,866.85,762.75,0
256,8532,2249457,880.7,794.6,853.2,730.5,866.95,762.55,0
256,8533,2249458,880.7,794.6,853.7,730.2,867.2,762.4,0
257,8534,2249459,880.9,794.5,855.0,730.3,867.95,762.4,0
257,8535,2249460,881.1,794.4,856.3,730.3,868.7,762.35,0
257,8536,2249461,881.4,794.3,857.7,730.4,869.55,762.35,0
257,8537,2249462,881.7,794.3,859.1,730.4,870.4,762.35,0
257,8538,2249463,882.0,794.3,860.5,730.6,871.25,762.45,0
257,8539,2249464,882.1,794.3,861.6,730.7,871.85,762.5,0
257,8540,2249465,882.2,794.4,862.7,730.6,872.45,762.5,0
257,8541,2249466,882.2,794.4,863.1,730.5,872.65,762.45,0
257,8542,2249467,882.2,794.4,863.3,730.5,872.75,762.45,0
257,8543,2249468,882.2,794.4,863.6,730.9,872.9,762.65,0
257,8544,2249469,882.1,794.4,863.7,731.3,872.9,762.85,0
257,8545,2249470,882.0,794.4,863.5,731.6,872.75,763.0,0
257,8546,2249471,882.0,794.4,863.3,732.0,872.65,763.2,0
257,8547,2249472,882.0,794.4,862.5,732.6,872.25,763.5,0
257,8548,2249473,882.2,794.5,861.8,733.2,872.0,763.85,0
257,8549,2249474,882.3,794.5,860.6,733.8,871.45,764.15,0
257,8550,2249475,882.4,794.7,859.3,734.0,870.85,764.35,0
257,8551,2249476,882.5,794.9,857.8,734.3,870.15,764.6,0
257,8552,2249477,882.6,795.1,856.3,734.5,869.45,764.8,0
257,8553,2249478,882.6,795.3,855.0,734.8,868.8,765.05,0
257,8554,2249479,882.5,795.5,854.1,734.5,868.3,765.0,0
257,8555,2249480,882.3,795.9,853.3,734.3,867.8,765.1,0
257,8556,2249481,882.0,796.3,853.0,734.0,867.5,765.15,0
257,8557,2249482,881.8,796.5,852.6,733.7,867.2,765.1,0
257,8558,2249483,881.5,796.8,852.7,733.1,867.1,764.95,0
257,8559,2249484,881.3,797.0,853.0,732.5,867.15,764.75,0
257,8560,2249485,881.2,797.2,853.6,732.0,867.4,764.6,0
257,8561,2249486,881.1,797.6,854.7,731.8,867.9,764.7,0
257,8562,2249487,881.0,797.7,856.2,731.6,868.6,764.65,0
257,8563,2249488,881.1,797.8,858.0,731.5,869.55,764.65,0
257,8564,2249489,881.2,797.7,859.8,731.5,870.5,764.6,0
257,8565,2249490,881.3,797.6,861.7,731.7,871.5,764.65,0
257,8566,2249491,881.5,797.5,863.3,731.9,872.4,764.7,0
258,8567,2249492,881.8,797.4,864.7,732.1,873.25,764.75,0
258,8568,2249493,882.0,797.2,865.7,732.3,873.85,764.75,0
258,8569,2249494,882.5,797.1,866.3,732.4,874.4,764.75,0
258,8570,2249495,883.0,797.0,866.4,732.5,874.7,764.75,0
258,8571,2249496,883.3,797.3,866.6,732.6,874.95,764.95,0
258,8572,2249497,883.8,797.8,866.5,732.8,875.15,765.3,0
258,8573,2249498,884.2,798.1,866.3,733.0,875.25,765.55,0
258,8574,2249499,884.6,798.4,865.5,733.2,875.05,765.8,0
258,8575,2249500,884.9,798.7,864.7,733.4,874.8,766.05,0
258,8576,2249501,885.1,798.8,863.8,733.5,874.45,766.15,0
258,8577,2249502,885.2,799.0,862.9,733.6,874.05,766.3,0
258,8578,2249503,885.3,798.9,861.8,733.7,873.55,766.3,0
258,8579,2249504,885.3,798.7,860.2,733.8,872.75,766.25,0
258,8580,2249505,885.1,798.4,858.7,733.9,871.9,766.15,0
258,8581,2249506,885.0,798.2,857.8,734.2,871.4,766.2,0
258,8582,2249507,884.7,797.9,856.7,734.4,870.7,766.15,0
258,8583,2249508,884.5,797.7,855.7,734.7,870.1,766.2,0
258,8584,2249509,884.2,797.6,854.6,734.9,869.4,766.25,0
258,8585,2249510,884.0,797.6,853.9,735.1,868.95,766.35,0
258,8586,2249511,883.9,797.7,853.7,735.2,868.8,766.45,0
258,8587,2249512,883.7,798.1,853.5,735.4,868.6,766.75,0
258,8588,2249513,883.7,798.5,853.4,735.3,868.55,766.9,0
258,8589,2249514,883.7,799.1,853.7,735.3,868.7,767.2,0
258,8590,2249515,883.7,799.6,854.0,735.3,868.85,767.45,0
258,8591,2249516,883.7,800.0,854.5,735.2,869.1,767.6,0
258,8592,2249517,883.7,800.4,855.0,735.2,869.35,767.8,0
258,8593,2249518,883.8,800.7,855.6,735.1,869.7,767.9,0
258,8594,2249519,883.8,800.9,856.9,735.1,870.35,768.0,0
258,8595,2249520,883.8,801.1,858.2,735.0,871.0,768.05,0
258,8596,2249521,884.0,801.2,859.8,735.0,871.9,768.1,0
258,8597,2249522,884.2,801.3,861.4,734.9,872.8,768.1,0
258,8598,2249523,884.4,801.3,862.9,734.8,873.65,768.05,0
258,8599,2249524,884.7,801.3,864.3,734.8,874.5,768.05,0
258,8600,2249525,885.0,801.0,865.7,734.8,875.35,767.9,0
259,8601,2249526,885.3,800.7,866.2,734.7,875.75,767.7,0
259,8602,2249527,885.7,800.3,866.6,734.6,876.15,767.45,0
259,8603,2249528,886.1,799.9,866.4,734.6,876.25,767.25,0
259,8604,2249529,886.4,799.6,866.0,734.7,876.2,767.15,0
259,8605,2249530,886.8,799.4,865.6,734.9,876.2,767.15,0
259,8606,2249531,887.1,799.4,865.2,735.0,876.15,767.2,0
259,8607,2249532,887.5,799.6,864.8,735.4,876.15,767.5,0
259,8608,2249533,887.7,799.9,864.4,735.7,876.05,767.8,0
259,8609,2249534,887.8,800.2,863.9,736.0,875.85,768.1,0
259,8610,2249535,887.8,800.6,863.4,736.1,875.6,768.35,0
259,8611,2249536,887.8,800.8,863.0,735.8,875.4,768.3,0
259,8612,2249537,887.7,801.3,862.5,735.4,875.1,768.35,0
259,8613,2249538,887.7,801.6,861.9,735.1,874.8,768.35,0
259,8614,2249539,887.7,801.9,861.2,734.5,874.45,768.2,0
259,8615,2249540,887.8,802.3,860.4,734.0,874.1,768.15,0
259,8616,2249541,887.8,802.6,859.6,733.6,873.7,768.1,0
259,8617,2249542,887.9,803.2,858.9,733.4,873.4,768.3,0
259,8618,2249543,887.9,803.8,858.2,733.5,873.05,768.65,0
259,8619,2249544,888.0,804.2,857.7,733.8,872.85,769.0,0
259,8620,2249545,888.0,804.6,856.7,734.0,872.35,769.3,0
259,8621,2249546,888.0,805.0,855.9,734.1,871.95,769.55,0
259,8622,2249547,888.0,805.3,855.3,734.3,871.65,769.8,0
259,8623,2249548,887.9,805.4,854.6,734.5,871.25,769.95,0
259,8624,2249549,888.0,805.1,854.0,734.5,871.0,769.8,0
259,8625,2249550,888.0,804.9,853.6,734.4,870.8,769.65,0
259,8626,2249551,888.0,804.4,853.2,734.3,870.6,769.35,0
259,8627,2249552,888.0,803.6,853.5,734.2,870.75,768.9,0
259,8628,2249553,888.1,802.8,853.8,733.9,870.95,768.35,0
259,8629,2249554,888.1,802.1,854.2,733.5,871.15,767.8,0
259,8630,2249555,888.1,801.2,854.5,733.0,871.3,767.1,0
259,8631,2249556,888.2,800.3,854.9,732.4,871.55,766.35,0
259,8632,2249557,888.2,799.4,855.5,731.7,871.85,765.55,0
259,8633,2249558,888.2,798.7,856.4,731.1,872.3,764.9,0
260,8634,2249559,888.2,798.2,857.2,730.6,872.7,764.4,0
260,8635,2249560,888.3,797.7,857.9,730.1,873.1,763.9,0
260,8636,2249561,888.4,797.2,858.9,729.6,873.65,763.4,0
260,8637,2249562,888.5,797.0,859.9,729.2,874.2,763.1,0
260,8638,2249563,888.6,796.7,860.8,728.9,874.7,762.8,0
260,8639,2249564,888.7,796.5,861.5,728.6,875.1,762.55,0
260,8640,2249565,888.8,796.2,861.9,728.3,875.35,762.25,0
260,8641,2249566,888.8,796.0,862.4,728.1,875.6,762.05,0
260,8642,2249567,888.9,795.8,862.9,728.1,875.9,761.95,0
260,8643,2249568,888.8,795.6,863.2,728.2,876.0,761.9,0
260,8644,2249569,888.7,795.3,863.6,728.3,876.15,761.8,0
260,8645,2249570,888.7,795.1,864.1,728.4,876.4,761.75,0
260,8646,2249571,888.6,794.9,864.5,728.3,876.55,761.6,0
260,8647,2249572,888.6,794.7,865.0,728.2,876.8,761.45,0
260,8648,2249573,888.6,794.6,865.4,728.0,877.0,761.3,0
260,8649,2249574,888.6,794.6,865.7,727.7,877.15,761.15,0
260,8650,2249575,888.7,794.7,866.0,727.2,877.35,760.95,0
260,8651,2249576,888.7,795.0,865.8,726.7,877.25,760.85,0
260,8652,2249577,888.8,795.2,865.6,726.2,877.2,760.7,0
260,8653,2249578,888.9,795.4,865.4,725.8,877.15,760.6,0
260,8654,2249579,888.9,795.7,865.0,725.4,876.95,760.55,0
260,8655,2249580,888.9,795.9,864.7,725.0,876.8,760.45,0
260,8656,2249581,888.9,795.9,864.4,724.8,876.65,760.35,0
260,8657,2249582,888.8,795.8,863.9,724.7,876.35,760.25,0
260,8658,2249583,888.8,795.7,863.8,724.7,876.3,760.2,0
260,8659,2249584,888.8,795.5,863.6,725.0,876.2,760.25,0
260,8660,2249585,888.8,795.2,863.4,725.4,876.1,760.3,0
260,8661,2249586,888.8,794.8,863.3,725.8,876.05,760.3,0
260,8662,2249587,889.0,794.4,863.1,726.3,876.05,760.35,0
260,8663,2249588,889.3,794.1,863.0,726.7,876.15,760.4,0
260,8664,2249589,889.5,793.9,862.9,727.1,876.2,760.5,0
260,8665,2249590,889.8,793.6,862.8,727.4,876.3,760.5,0
260,8666,2249591,890.1,793.3,862.7,727.5,876.4,760.4,0
261,8667,2249592,890.4,793.1,862.6,727.5,876.5,760.3,0
261,8668,2249593,890.8,793.1,862.5,727.5,876.65,760.3,0
261,8669,2249594,891.1,793.0,862.4,727.4,876.75,760.2,0
261,8670,2249595,891.5,793.0,862.3,727.4,876.9,760.2,0
261,8671,2249596,891.7,792.9,862.1,727.4,876.9,760.15,0
261,8672,2249597,891.9,792.9,861.9,727.4,876.9,760.15,0
261,8673,2249598,892.1,792.8,861.8,727.2,876.95,760.0,0
261,8674,2249599,892.3,792.7,861.6,726.7,876.95,759.7,0
261,8675,2249600,892.4,792.6,861.5,726.2,876.95,759.4,0
261,8676,2249601,892.3,792.3,861.3,725.7,876.8,759.0,0
261,8677,2249602,892.2,791.9,861.2,725.1,876.7,758.5,0
261,8678,2249603,892.2,791.5,861.1,724.6,876.65,758.05,0
261,8679,2249604,892.2,791.0,861.0,724.1,876.6,757.55,0
261,8680,2249605,892.2,790.6,861.0,723.8,876.6,757.2,0
261,8681,2249606,892.2,790.1,861.1,723.8,876.65,756.95,0
261,8682,2249607,892.3,789.5,861.1,723.9,876.7,756.7,0
261,8683,2249608,892.4,789.1,861.2,724.0,876.8,756.55,0
261,8684,2249609,892.5,789.0,861.2,724.1,876.85,756.55,0
261,8685,2249610,892.5,788.8,861.3,724.2,876.9,756.5,0
261,8686,2249611,892.7,788.7,861.3,724.3,877.0,756.5,0
261,8687,2249612,893.0,788.7,861.4,724.3,877.2,756.5,0
261,8688,2249613,893.3,788.9,861.4,724.4,877.35,756.65,0
261,8689,2249614,893.7,789.1,861.5,724.6,877.6,756.85,0
261,8690,2249615,894.1,789.3,861.5,724.8,877.8,757.05,0
261,8691,2249616,894.5,789.3,861.5,725.0,878.0,757.15,0
261,8692,2249617,894.6,789.4,861.5,725.2,878.05,757.3,0
261,8693,2249618,894.6,789.4,861.4,725.4,878.0,757.4,0
261,8694,2249619,894.5,789.4,861.3,725.5,877.9,757.45,0
261,8695,2249620,894.4,789.4,861.2,725.4,877.8,757.4,0
261,8696,2249621,894.1,789.4,861.2,725.1,877.65,757.25,0
261,8697,2249622,893.9,789.3,861.2,724.8,877.55,757.05,0
261,8698,2249623,893.7,789.3,861.3,724.4,877.5,756.85,0
261,8699,2249624,893.7,789.4,861.6,724.1,877.65,756.75,0
261,8700,2249625,893.7,789.3,861.9,724.4,877.8,756.85,0
262,8701,2249626,893.6,789.3,862.1,724.7,877.85,757.0,0
262,8702,2249627,893.6,789.3,862.2,725.1,877.9,757.2,0
262,8703,2249628,893.5,789.2,862.1,725.6,877.8,757.4,0
262,8704,2249629,893.6,789.1,862.1,726.2,877.85,757.65,0
262,8705,2249630,893.6,789.1,862.1,726.8,877.85,757.95,0
262,8706,2249631,893.8,789.1,861.9,727.4,877.85,758.25,0
262,8707,2249632,893.9,789.1,861.8,727.5,877.85,758.3,0
262,8708,2249633,894.0,789.3,861.7,727.6,877.85,758.45,0
262,8709,2249634,894.2,789.6,861.8,727.7,878.0,758.65,0
262,8710,2249635,894.3,789.8,861.9,727.8,878.1,758.8,0
262,8711,2249636,894.4,790.0,862.0,728.1,878.2,759.05,0
262,8712,2249637,894.4,790.1,862.0,728.3,878.2,759.2,0
262,8713,2249638,894.4,790.3,862.0,728.5,878.2,759.4,0
262,8714,2249639,894.4,790.5,862.1,728.8,878.25,759.65,0
262,8715,2249640,894.4,790.6,862.1,729.1,878.25,759.85,0
262,8716,2249641,894.5,790.6,862.2,729.4,878.35,760.0,0
262,8717,2249642,894.8,790.8,862.4,729.6,878.6,760.2,0
262,8718,2249643,895.0,790.9,862.4,729.8,878.7,760.35,0
262,8719,2249644,895.3,791.0,862.6,730.0,878.95,760.5,0
262,8720,2249645,895.6,791.1,862.8,730.3,879.2,760.7,0
262,8721,2249646,895.9,791.0,863.0,730.6,879.45,760.8,0
262,8722,2249647,896.3,790.7,863.2,730.9,879.75,760.8,0
262,8723,2249648,896.4,790.5,863.4,731.2,879.9,760.85,0
262,8724,2249649,896.4,790.3,863.7,731.8,880.05,761.05,0
262,8725,2249650,896.4,790.0,864.0,732.3,880.2,761.15,0
262,8726,2249651,896.4,790.0,864.2,732.9,880.3,761.45,0
262,8727,2249652,896.4,790.0,864.5,733.4,880.45,761.7,0
262,8728,2249653,896.4,790.4,864.7,733.9,880.55,762.15,0
262,8729,2249654,896.4,790.9,864.9,734.3,880.65,762.6,0
262,8730,2249655,896.5,791.5,865.0,734.7,880.75,763.1,0
262,8731,2249656,896.6,792.1,865.1,734.8,880.85,763.45,0
262,8732,2249657,896.7,792.7,865.1,735.0,880.9,763.85,0
262,8733,2249658,896.8,793.2,865.2,735.4,881.0,764.3,0
263,8734,2249659,896.9,793.6,865.3,735.7,881.1,764.65,0
263,8735,2249660,897.0,793.9,865.4,736.1,881.2,765.0,0
263,8736,2249661,897.2,794.1,865.5,736.6,881.35,765.35,0
263,8737,2249662,897.3,794.4,865.7,737.4,881.5,765.9,0
263,8738,2249663,897.5,794.9,865.9,738.2,881.7,766.55,0
263,8739,2249664,897.7,795.5,866.1,739.2,881.9,767.35,0
263,8740,2249665,897.8,796.0,866.2,740.0,882.0,768.0,0
263,8741,2249666,897.7,796.6,866.4,740.8,882.05,768.7,0
263,8742,2249667,897.7,797.2,866.4,741.3,882.05,769.25,0
263,8743,2249668,897.5,797.8,866.5,741.6,882.0,769.7,0
263,8744,2249669,897.4,798.2,866.6,741.5,882.0,769.85,0
263,8745,2249670,897.3,798.3,866.5,741.4,881.9,769.85,0
263,8746,2249671,897.5,798.4,866.5,741.0,882.0,769.7,0
263,8747,2249672,897.7,798.5,866.3,740.7,882.0,769.6,0
263,8748,2249673,898.0,798.5,866.2,740.5,882.1,769.5,0
263,8749,2249674,898.3,798.5,866.1,740.6,882.2,769.55,0
263,8750,2249675,898.6,798.4,866.0,741.1,882.3,769.75,0
263,8751,2249676,898.9,798.4,865.9,741.5,882.4,769.95,0
263,8752,2249677,899.1,798.3,866.1,742.0,882.6,770.15,0
263,8753,2249678,899.2,798.4,866.4,742.4,882.8,770.4,0
263,8754,2249679,899.3,798.4,866.8,742.9,883.05,770.65,0
263,8755,2249680,899.5,798.4,867.2,743.2,883.35,770.8,0
263,8756,2249681,899.6,798.5,867.7,743.5,883.65,771.0,0
263,8757,2249682,899.9,798.5,868.1,743.6,884.0,771.05,0
263,8758,2249683,900.3,798.5,868.5,743.5,884.4,771.0,0
263,8759,2249684,900.6,798.5,868.6,743.4,884.6,770.95,0
263,8760,2249685,901.0,798.5,868.7,743.2,884.85,770.85,0
263,8761,2249686,901.3,798.5,868.7,742.9,885.0,770.7,0
263,8762,2249687,901.5,798.5,868.8,742.6,885.15,770.55,0
263,8763,2249688,901.9,798.6,868.8,742.3,885.35,770.45,0
263,8764,2249689,902.0,798.8,868.8,742.0,885.4,770.4,0
263,8765,2249690,902.1,798.9,868.8,741.8,885.45,770.35,0
263,8766,2249691,902.2,799.0,868.9,741.7,885.55,770.35,0
264,8767,2249692,902.2,799.2,869.1,741.6,885.65,770.4,0
264,8768,2249693,902.3,799.3,869.3,741.6,885.8,770.45,0
264,8769,2249694,902.4,799.5,869.6,741.6,886.0,770.55,0
264,8770,2249695,902.4,799.5,869.8,741.6,886.1,770.55,0
264,8771,2249696,902.4,799.5,870.0,741.7,886.2,770.6,0
264,8772,2249697,902.5,799.6,870.2,741.8,886.35,770.7,0
264,8773,2249698,902.5,799.6,870.3,741.9,886.4,770.75,0
264,8774,2249699,902.8,799.6,870.3,742.0,886.55,770.8,0
264,8775,2249700,903.1,799.6,870.3,742.2,886.7,770.9,0
264,8776,2249701,903.5,799.5,870.3,742.4,886.9,770.95,0
264,8777,2249702,903.8,799.3,870.4,742.6,887.1,770.95,0
264,8778,2249703,904.1,799.2,870.4,742.8,887.25,771.0,0
264,8779,2249704,904.2,799.0,870.5,743.0,887.35,771.0,0
264,8780,2249705,904.2,798.9,870.5,743.2,887.35,771.05,0
264,8781,2249706,903.9,798.7,870.5,743.3,887.2,771.0,0
264,8782,2249707,903.5,798.4,870.4,743.5,886.95,770.95,0
264,8783,2249708,903.1,798.3,870.3,743.5,886.7,770.9,0
264,8784,2249709,902.6,798.1,870.1,743.6,886.35,770.85,0
264,8785,2249710,902.2,798.1,870.0,743.6,886.1,770.85,0
264,8786,2249711,902.0,798.0,869.9,743.4,885.95,770.7,0
264,8787,2249712,902.2,797.9,869.7,743.1,885.95,770.5,0
264,8788,2249713,902.3,797.7,869.6,742.8,885.95,770.25,0
264,8789,2249714,902.5,797.6,869.6,742.4,886.05,770.0,0
264,8790,2249715,902.7,797.3,869.6,742.0,886.15,769.65,0
264,8791,2249716,903.1,796.7,869.5,741.6,886.3,769.15,0
264,8792,2249717,903.4,796.1,869.5,741.0,886.45,768.55,0
264,8793,2249718,903.7,795.4,869.5,740.8,886.6,768.1,0
264,8794,2249719,903.8,794.7,869.5,740.6,886.65,767.65,0
264,8795,2249720,903.9,794.0,869.4,740.4,886.65,767.2,0
264,8796,2249721,904.0,793.4,869.3,740.2,886.65,766.8,0
264,8797,2249722,904.0,792.9,869.2,740.1,886.6,766.5,0
264,8798,2249723,904.1,792.7,869.1,740.1,886.6,766.4,0
264,8799,2249724,904.0,792.5,868.9,740.0,886.45,766.25,0
264,8800,2249725,904.0,792.4,868.7,739.9,886.35,766.15,0
265,8801,2249726,903.9,792.2,868.6,739.6,886.25,765.9,0
265,8802,2249727,903.9,792.1,868.5,739.3,886.2,765.7,0
265,8803,2249728,903.8,791.9,868.5,739.0,886.15,765.45,0
265,8804,2249729,903.6,791.8,868.6,738.7,886.1,765.25,0
265,8805,2249730,903.4,791.6,868.7,738.4,886.05,765.0,0
265,8806,2249731,903.2,791.6,868.8,738.4,886.0,765.0,0
265,8807,2249732,903.1,791.5,869.0,738.4,886.05,764.95,0
265,8808,2249733,902.9,791.6,869.2,738.8,886.05,765.2,0
265,8809,2249734,902.8,791.6,869.5,739.1,886.15,765.35,0
265,8810,2249735,902.9,791.8,869.8,739.4,886.35,765.6,0
265,8811,2249736,903.2,791.9,869.9,739.9,886.55,765.9,0
265,8812,2249737,903.4,792.0,870.1,740.2,886.75,766.1,0
265,8813,2249738,903.6,792.0,870.3,740.4,886.95,766.2,0
265,8814,2249739,903.9,792.0,870.5,740.7,887.2,766.35,0
265,8815,2249740,904.2,792.0,870.7,741.0,887.45,766.5,0
265,8816,2249741,904.6,792.0,870.8,741.1,887.7,766.55,0
265,8817,2249742,904.8,792.0,870.7,741.3,887.75,766.65,0
265,8818,2249743,905.0,792.0,870.6,741.3,887.8,766.65,0
265,8819,2249744,905.3,791.9,870.5,741.3,887.9,766.6,0
265,8820,2249745,905.5,791.8,870.5,741.2,888.0,766.5,0
265,8821,2249746,905.6,791.7,870.5,741.1,888.05,766.4,0
265,8822,2249747,905.6,791.6,870.5,740.9,888.05,766.25,0
265,8823,2249748,905.7,791.5,870.5,740.9,888.1,766.2,0
265,8824,2249749,905.5,791.3,870.8,740.9,888.15,766.1,0
265,8825,2249750,905.4,791.1,871.1,741.1,888.25,766.1,0
265,8826,2249751,905.3,790.7,871.3,741.3,888.3,766.0,0
265,8827,2249752,905.1,790.3,871.6,741.6,888.35,765.95,0
265,8828,2249753,905.1,789.9,871.9,741.9,888.5,765.9,0
265,8829,2249754,904.8,789.5,872.2,742.2,888.5,765.85,0
265,8830,2249755,904.5,789.1,872.4,742.6,888.45,765.85,0
265,8831,2249756,904.1,788.8,872.7,743.0,888.4,765.9,0
265,8832,2249757,903.8,788.5,873.0,743.2,888.4,765.85,0
265,8833,2249758,903.4,788.5,873.4,743.5,888.4,766.0,0
266,8834,2249759,903.0,788.5,873.8,743.9,888.4,766.2,0
266,8835,2249760,902.5,788.5,874.2,744.3,888.35,766.4,0
266,8836,2249761,902.4,788.5,874.5,744.7,888.45,766.6,0
266,8837,2249762,902.2,788.5,874.9,745.1,888.55,766.8,0
266,8838,2249763,902.0,788.5,875.3,745.2,888.65,766.85,0
266,8839,2249764,901.8,788.5,875.5,745.3,888.65,766.9,0
266,8840,2249765,901.6,788.5,875.7,745.3,888.65,766.9,0
266,8841,2249766,901.5,788.6,875.7,745.1,888.6,766.85,0
266,8842,2249767,901.4,788.9,876.0,745.0,888.7,766.95,0
266,8843,2249768,901.6,789.5,876.3,744.8,888.95,767.15,0
266,8844,2249769,901.9,790.0,876.5,744.8,889.2,767.4,0
266,8845,2249770,902.1,790.5,876.8,744.9,889.45,767.7,0
266,8846,2249771,903.0,791.1,877.1,745.1,890.05,768.1,0
266,8847,2249772,903.9,791.8,877.4,745.6,890.65,768.7,0
266,8848,2249773,905.1,792.9,877.6,746.2,891.35,769.55,0
266,8849,2249774,906.3,793.7,877.5,746.8,891.9,770.25,0
266,8850,2249775,907.3,794.8,877.2,747.5,892.25,771.15,0
266,8851,2249776,908.4,796.4,876.9,748.0,892.65,772.2,0
266,8852,2249777,909.5,798.3,875.9,748.6,892.7,773.45,0
266,8853,2249778,909.9,800.1,874.3,749.0,892.1,774.55,0
266,8854,2249779,910.4,802.1,871.9,749.5,891.15,775.8,0
266,8855,2249780,910.4,804.4,869.4,750.0,889.9,777.2,0
266,8856,2249781,910.2,807.2,866.5,750.7,888.35,778.95,0
266,8857,2249782,910.0,809.7,863.3,752.1,886.65,780.9,0
266,8858,2249783,909.7,812.9,859.8,753.5,884.75,783.2,0
266,8859,2249784,909.6,816.5,856.5,756.1,883.05,786.3,0
266,8860,2249785,909.8,820.9,853.6,758.8,881.7,789.85,0
266,8861,2249786,910.0,825.9,851.0,762.2,880.5,794.05,0
266,8862,2249787,910.4,830.3,847.8,765.5,879.1,797.9,0
266,8863,2249788,911.2,835.0,844.4,769.2,877.8,802.1,0
266,8864,2249789,911.9,840.6,841.4,772.4,876.65,806.5,0
266,8865,2249790,912.6,845.3,838.5,776.4,875.55,810.85,0
266,8866,2249791,913.5,849.9,836.2,779.8,874.85,814.85,0
267,8867,2249792,914.0,853.8,833.8,783.3,873.9,818.55,0
267,8868,2249793,914.7,857.2,831.4,786.1,873.05,821.65,0
267,8869,2249794,915.5,860.5,829.7,789.6,872.6,825.05,0
267,8870,2249795,916.1,863.1,828.4,792.5,872.25,827.8,0
267,8871,2249796,917.2,866.0,827.3,795.0,872.25,830.5,0
267,8872,2249797,918.6,869.4,825.7,796.7,872.15,833.05,0
267,8873,2249798,920.1,875.0,824.0,797.8,872.05,836.4,0
267,8874,2249799,921.5,885.8,822.5,798.9,872.0,842.35,0
267,8875,2249800,922.3,898.6,821.4,800.0,871.85,849.3,0
267,8876,2249801,922.4,918.2,820.5,801.3,871.45,859.75,0
267,8877,2249802,920.1,954.8,819.5,804.7,869.8,879.75,0
267,8878,2249803,912.2,997.3,819.6,808.8,865.9,903.05,0
267,8879,2249804,898.9,1045.9,821.2,819.4,860.05,932.65,0
267,8880,2249805,875.5,1101.6,822.4,834.4,848.95,968.0,0
267,8881,2249806,792.0,1170.6,822.9,859.5,807.45,1015.05,0
267,8882,2249807,696.1,1248.7,822.1,899.2,759.1,1073.95,0
267,8883,2249808,168.5,1438.4,820.8,944.1,494.65,1191.25,0
267,8884,2249809,-499.9,1636.3,819.7,996.9,159.9,1316.6,0
267,8885,2249810,NaN,NaN,815.0,1055.3,815.0,1055.3,0
267,8886,2249811,NaN,NaN,806.4,1115.6,806.4,1115.6,0
267,8887,2249812,NaN,NaN,863.6,1176.2,863.6,1176.2,0
267,8888,2249813,NaN,NaN,989.9,1232.9,989.9,1232.9,0
267,8889,2249814,NaN,NaN,1160.8,1327.6,1160.8,1327.6,0
267,8890,2249815,NaN,NaN,1387.9,1404.0,1387.9,1404.0,0
267,8891,2249816,NaN,NaN,1803.8,1414.0,1803.8,1414.0,0
267,8892,2249817,NaN,NaN,2207.9,1351.4,2207.9,1351.4,0
267,8893,2249818,NaN,NaN,2581.0,1207.3,2581.0,1207.3,0
267,8894,2249819,NaN,NaN,2785.5,1086.7,2785.5,1086.7,0
267,8895,2249820,NaN,NaN,2984.7,927.3,2984.7,927.3,0
267,8896,2249821,NaN,NaN,3121.8,743.5,3121.8,743.5,0
267,8897,2249822,NaN,NaN,3231.9,490.4,3231.9,490.4,0
267,8898,2249823,NaN,NaN,3231.9,490.5,3231.9,490.5,0
267,8899,2249824,NaN,NaN,3231.8,490.5,3231.8,490.5,0
267,8900,2249825,NaN,NaN,NaN,NaN,NaN,NaN,0
268,8901,2249826,NaN,NaN,NaN,NaN,NaN,NaN,0
268,8902,2249827,NaN,NaN,NaN,NaN,NaN,NaN,0
268,8903,2249828,NaN,NaN,NaN,NaN,NaN,NaN,0
268,8904,2249829,NaN,NaN,NaN,NaN,NaN,NaN,0
268,8905,2249830,NaN,NaN,NaN,NaN,NaN,NaN,0
268,8906,2249831,NaN,NaN,NaN,NaN,NaN,NaN,0
268,8907,2249832,NaN,NaN,NaN,NaN,NaN,NaN,0
268,8908,2249833,NaN,NaN,NaN,NaN,NaN,NaN,0
268,8909,2249834,NaN,NaN,NaN,NaN,NaN,NaN,0
268,8910,2249835,NaN,NaN,NaN,NaN,NaN,NaN,0
268,8911,2249836,NaN,NaN,NaN,NaN,NaN,NaN,0
268,8912,2249837,NaN,NaN,NaN,NaN,NaN,NaN,0
268,8913,2249838,NaN,NaN,NaN,NaN,NaN,NaN,0
268,8914,2249839,NaN,NaN,NaN,NaN,NaN,NaN,0
268,8915,2249840,NaN,NaN,NaN,NaN,NaN,NaN,0
268,8916,2249841,NaN,NaN,NaN,NaN,NaN,NaN,0
268,8917,2249842,NaN,NaN,NaN,NaN,NaN,NaN,0
268,8918,2249843,NaN,NaN,NaN,NaN,NaN,NaN,0
268,8919,2249844,NaN,NaN,NaN,NaN,NaN,NaN,0
268,8920,2249845,NaN,NaN,NaN,NaN,NaN,NaN,0
268,8921,2249846,NaN,NaN,NaN,NaN,NaN,NaN,0
268,8922,2249847,NaN,NaN,NaN,NaN,NaN,NaN,0
268,8923,2249848,NaN,NaN,NaN,NaN,NaN,NaN,0
268,8924,2249849,NaN,NaN,NaN,NaN,NaN,NaN,0
268,8925,2249850,NaN,NaN,NaN,NaN,NaN,NaN,0
268,8926,2249851,NaN,NaN,NaN,NaN,NaN,NaN,0
268,8927,2249852,NaN,NaN,NaN,NaN,NaN,NaN,0
268,8928,2249853,NaN,NaN,NaN,NaN,NaN,NaN,0
268,8929,2249854,NaN,NaN,NaN,NaN,NaN,NaN,0
268,8930,2249855,NaN,NaN,NaN,NaN,NaN,NaN,0
268,8931,2249856,NaN,NaN,NaN,NaN,NaN,NaN,0
268,8932,2249857,NaN,NaN,NaN,NaN,NaN,NaN,0
268,8933,2249858,NaN,NaN,NaN,NaN,NaN,NaN,0
269,8934,2249859,NaN,NaN,NaN,NaN,NaN,NaN,0
269,8935,2249860,NaN,NaN,NaN,NaN,NaN,NaN,0
269,8936,2249861,NaN,NaN,NaN,NaN,NaN,NaN,0
269,8937,2249862,NaN,NaN,NaN,NaN,NaN,NaN,0
269,8938,2249863,NaN,NaN,NaN,NaN,NaN,NaN,0
269,8939,2249864,NaN,NaN,NaN,NaN,NaN,NaN,0
269,8940,2249865,NaN,NaN,NaN,NaN,NaN,NaN,0
269,8941,2249866,NaN,NaN,NaN,NaN,NaN,NaN,0
269,8942,2249867,NaN,NaN,NaN,NaN,NaN,NaN,0
269,8943,2249868,NaN,NaN,NaN,NaN,NaN,NaN,0
269,8944,2249869,NaN,NaN,NaN,NaN,NaN,NaN,0
269,8945,2249870,NaN,NaN,NaN,NaN,NaN,NaN,0
269,8946,2249871,NaN,NaN,NaN,NaN,NaN,NaN,0
269,8947,2249872,NaN,NaN,NaN,NaN,NaN,NaN,0
269,8948,2249873,NaN,NaN,NaN,NaN,NaN,NaN,0
269,8949,2249874,NaN,NaN,NaN,NaN,NaN,NaN,0
269,8950,2249875,NaN,NaN,NaN,NaN,NaN,NaN,0
269,8951,2249876,NaN,NaN,NaN,NaN,NaN,NaN,0
269,8952,2249877,NaN,NaN,NaN,NaN,NaN,NaN,0
269,8953,2249878,NaN,NaN,NaN,NaN,NaN,NaN,0
269,8954,2249879,NaN,NaN,NaN,NaN,NaN,NaN,0
269,8955,2249880,NaN,NaN,NaN,NaN,NaN,NaN,0
269,8956,2249881,NaN,NaN,NaN,NaN,NaN,NaN,0
269,8957,2249882,NaN,NaN,NaN,NaN,NaN,NaN,0
269,8958,2249883,NaN,NaN,NaN,NaN,NaN,NaN,0
269,8959,2249884,NaN,NaN,NaN,NaN,NaN,NaN,0
269,8960,2249885,NaN,NaN,NaN,NaN,NaN,NaN,0
269,8961,2249886,NaN,NaN,NaN,NaN,NaN,NaN,0
269,8962,2249887,NaN,NaN,NaN,NaN,NaN,NaN,0
269,8963,2249888,NaN,NaN,NaN,NaN,NaN,NaN,0
269,8964,2249889,NaN,NaN,NaN,NaN,NaN,NaN,0
269,8965,2249890,NaN,NaN,NaN,NaN,NaN,NaN,0
269,8966,2249891,NaN,NaN,NaN,NaN,NaN,NaN,0
270,8967,2249892,NaN,NaN,NaN,NaN,NaN,NaN,0
270,8968,2249893,NaN,NaN,NaN,NaN,NaN,NaN,0
270,8969,2249894,NaN,NaN,NaN,NaN,NaN,NaN,0
270,8970,2249895,NaN,NaN,NaN,NaN,NaN,NaN,0
270,8971,2249896,NaN,NaN,NaN,NaN,NaN,NaN,0
270,8972,2249897,NaN,NaN,NaN,NaN,NaN,NaN,0
270,8973,2249898,NaN,NaN,NaN,NaN,NaN,NaN,0
270,8974,2249899,NaN,NaN,NaN,NaN,NaN,NaN,0
270,8975,2249900,NaN,NaN,NaN,NaN,NaN,NaN,0
270,8976,2249901,NaN,NaN,NaN,NaN,NaN,NaN,0
270,8977,2249902,NaN,NaN,NaN,NaN,NaN,NaN,0
270,8978,2249903,NaN,NaN,NaN,NaN,NaN,NaN,0
270,8979,2249904,NaN,NaN,NaN,NaN,NaN,NaN,0
270,8980,2249905,NaN,NaN,NaN,NaN,NaN,NaN,0
270,8981,2249906,NaN,NaN,NaN,NaN,NaN,NaN,0
270,8982,2249907,NaN,NaN,NaN,NaN,NaN,NaN,0
270,8983,2249908,NaN,NaN,NaN,NaN,NaN,NaN,0
270,8984,2249909,NaN,NaN,NaN,NaN,NaN,NaN,0
270,8985,2249910,NaN,NaN,NaN,NaN,NaN,NaN,0
270,8986,2249911,NaN,NaN,NaN,NaN,NaN,NaN,0
270,8987,2249912,NaN,NaN,NaN,NaN,NaN,NaN,0
270,8988,2249913,NaN,NaN,NaN,NaN,NaN,NaN,0
270,8989,2249914,NaN,NaN,NaN,NaN,NaN,NaN,0
270,8990,2249915,NaN,NaN,NaN,NaN,NaN,NaN,0
270,8991,2249916,NaN,NaN,NaN,NaN,NaN,NaN,0
270,8992,2249917,NaN,NaN,NaN,NaN,NaN,NaN,0
270,8993,2249918,NaN,NaN,NaN,NaN,NaN,NaN,0
270,8994,2249919,NaN,NaN,NaN,NaN,NaN,NaN,0
270,8995,2249920,NaN,NaN,NaN,NaN,NaN,NaN,0
270,8996,2249921,NaN,NaN,NaN,NaN,NaN,NaN,0
270,8997,2249922,NaN,NaN,NaN,NaN,NaN,NaN,0
270,8998,2249923,NaN,NaN,NaN,NaN,NaN,NaN,0
270,8999,2249924,NaN,NaN,NaN,NaN,NaN,NaN,0
270,9000,2249925,NaN,NaN,NaN,NaN,NaN,NaN,0
271,9001,2249926,NaN,NaN,NaN,NaN,NaN,NaN,0
271,9002,2249927,NaN,NaN,NaN,NaN,NaN,NaN,0
271,9003,2249928,NaN,NaN,NaN,NaN,NaN,NaN,0
271,9004,2249929,NaN,NaN,NaN,NaN,NaN,NaN,0
271,9005,2249930,NaN,NaN,NaN,NaN,NaN,NaN,0
271,9006,2249931,NaN,NaN,NaN,NaN,NaN,NaN,0
271,9007,2249932,NaN,NaN,NaN,NaN,NaN,NaN,0
271,9008,2249933,NaN,NaN,NaN,NaN,NaN,NaN,0
271,9009,2249934,NaN,NaN,NaN,NaN,NaN,NaN,0
271,9010,2249935,NaN,NaN,NaN,NaN,NaN,NaN,0
271,9011,2249936,NaN,NaN,1011.8,1074.5,1011.8,1074.5,0
271,9012,2249937,NaN,NaN,981.6,1000.5,981.6,1000.5,0
271,9013,2249938,NaN,NaN,951.9,924.6,951.9,924.6,0
271,9014,2249939,-114.3,1614.6,950.5,925.3,418.1,1269.95,0
271,9015,2249940,438.6,1419.0,949.4,925.9,694.0,1172.45,0
271,9016,2249941,484.4,1375.8,949.2,921.3,716.8,1148.55,0
271,9017,2249942,537.9,1339.5,949.3,907.2,743.6,1123.35,0
271,9018,2249943,585.0,1314.4,949.8,886.2,767.4,1100.3,0
271,9019,2249944,628.9,1292.4,950.2,863.9,789.55,1078.15,0
271,9020,2249945,670.4,1274.9,950.5,836.9,810.45,1055.9,0
271,9021,2249946,711.5,1257.0,950.9,807.1,831.2,1032.05,0
271,9022,2249947,747.8,1237.1,951.2,776.3,849.5,1006.7,0
271,9023,2249948,778.4,1217.5,951.6,745.2,865.0,981.35,0
271,9024,2249949,787.6,1201.0,951.8,723.7,869.7,962.35,0
271,9025,2249950,797.0,1184.5,951.1,706.8,874.05,945.65,0
271,9026,2249951,809.4,1168.1,950.4,691.1,879.9,929.6,0
271,9027,2249952,823.6,1152.7,949.9,678.8,886.75,915.75,0
271,9028,2249953,838.3,1137.9,948.3,669.3,893.3,903.6,0
271,9029,2249954,852.0,1124.2,946.6,660.2,899.3,892.2,0
271,9030,2249955,865.1,1108.7,945.0,655.5,905.05,882.1,0
271,9031,2249956,876.7,1093.8,943.8,652.0,910.25,872.9,0
271,9032,2249957,886.4,1082.2,943.1,647.4,914.75,864.8,0
271,9033,2249958,892.6,1071.3,942.4,642.9,917.5,857.1,0
272,9034,2249959,898.4,1060.5,941.8,636.2,920.1,848.35,0
272,9035,2249960,903.3,1047.9,941.5,629.5,922.4,838.7,0
272,9036,2249961,908.0,1034.7,941.2,623.2,924.6,828.95,0
272,9037,2249962,912.5,1023.6,940.8,616.5,926.65,820.05,0
272,9038,2249963,918.5,1011.0,940.2,609.8,929.35,810.4,0
272,9039,2249964,924.9,997.5,939.6,605.6,932.25,801.55,0
272,9040,2249965,932.9,970.7,939.0,601.2,935.95,785.95,0
272,9041,2249966,939.6,942.1,938.2,600.0,938.9,771.05,0
272,9042,2249967,947.6,915.2,938.1,598.9,942.85,757.05,0
272,9043,2249968,954.9,889.1,938.0,597.6,946.45,743.35,0
272,9044,2249969,961.6,864.0,937.9,596.5,949.75,730.25,0
272,9045,2249970,966.5,838.7,937.6,595.6,952.05,717.15,0
272,9046,2249971,969.9,812.0,937.4,595.0,953.65,703.5,0
272,9047,2249972,972.4,798.1,937.1,595.3,954.75,696.7,0
272,9048,2249973,974.3,787.7,936.9,595.6,955.6,691.65,0
272,9049,2249974,974.2,779.3,936.7,596.0,955.45,687.65,0
272,9050,2249975,974.3,769.7,936.5,596.9,955.4,683.3,0
272,9051,2249976,974.6,761.0,936.4,598.1,955.5,679.55,0
272,9052,2249977,975.0,754.3,936.4,599.1,955.7,676.7,0
272,9053,2249978,975.4,749.8,936.6,600.8,956.0,675.3,0
272,9054,2249979,975.6,747.3,936.8,602.1,956.2,674.7,0
272,9055,2249980,975.9,738.8,937.0,603.2,956.45,671.0,0
272,9056,2249981,976.1,730.4,936.9,604.4,956.5,667.4,0
272,9057,2249982,976.1,724.4,936.9,605.5,956.5,664.95,0
272,9058,2249983,975.9,718.6,936.7,607.4,956.3,663.0,0
272,9059,2249984,975.7,712.7,936.5,609.5,956.1,661.1,0
272,9060,2249985,975.4,706.4,936.1,610.9,955.75,658.65,0
272,9061,2249986,974.9,700.2,935.4,612.9,955.15,656.55,0
272,9062,2249987,974.2,699.4,934.7,614.8,954.45,657.1,0
272,9063,2249988,973.6,698.5,934.3,616.7,953.95,657.6,0
272,9064,2249989,972.8,697.5,933.8,618.5,953.3,658.0,0
272,9065,2249990,972.2,696.5,933.3,619.6,952.75,658.05,0
272,9066,2249991,971.4,695.6,932.8,620.5,952.1,658.05,0
273,9067,2249992,970.7,695.1,932.3,621.4,951.5,658.25,0
273,9068,2249993,970.1,694.7,932.1,622.0,951.1,658.35,0
273,9069,2249994,969.8,695.2,931.9,622.6,950.85,658.9,0
273,9070,2249995,969.4,696.1,931.8,623.1,950.6,659.6,0
273,9071,2249996,969.0,697.2,931.7,623.7,950.35,660.45,0
273,9072,2249997,968.6,698.3,931.8,624.3,950.2,661.3,0
273,9073,2249998,968.2,699.6,932.1,624.9,950.15,662.25,0
273,9074,2249999,967.8,700.7,932.4,625.5,950.1,663.1,0
273,9075,2250000,967.7,702.7,932.9,625.8,950.3,664.25,0
273,9076,2250001,967.5,704.9,933.5,626.2,950.5,665.55,0
273,9077,2250002,967.3,707.1,934.2,626.6,950.75,666.85,0
273,9078,2250003,967.2,709.1,934.9,626.9,951.05,668.0,0
273,9079,2250004,967.2,711.5,935.6,627.5,951.4,669.5,0
273,9080,2250005,967.2,713.9,936.1,627.9,951.65,670.9,0
273,9081,2250006,967.3,716.3,936.6,628.3,951.95,672.3,0
273,9082,2250007,967.4,717.7,937.0,628.8,952.2,673.25,0
273,9083,2250008,967.5,718.7,937.3,629.2,952.4,673.95,0
273,9084,2250009,967.5,719.6,937.4,629.8,952.45,674.7,0
273,9085,2250010,967.5,721.0,937.5,630.4,952.5,675.7,0
273,9086,2250011,967.4,722.0,937.6,630.8,952.5,676.4,0
273,9087,2250012,967.3,723.1,937.6,631.2,952.45,677.15,0
273,9088,2250013,967.2,724.2,937.4,631.5,952.3,677.85,0
273,9089,2250014,967.1,725.3,937.1,631.9,952.1,678.6,0
273,9090,2250015,967.0,726.2,936.6,632.3,951.8,679.25,0
273,9091,2250016,967.0,727.2,935.9,632.4,951.45,679.8,0
273,9092,2250017,967.1,727.5,935.1,632.5,951.1,680.0,0
273,9093,2250018,967.2,727.8,934.3,632.6,950.75,680.2,0
273,9094,2250019,967.4,728.1,933.6,632.7,950.5,680.4,0
273,9095,2250020,967.6,728.3,933.0,632.8,950.3,680.55,0
273,9096,2250021,967.8,728.5,932.4,633.1,950.1,680.8,0
273,9097,2250022,967.9,728.7,931.9,634.0,949.9,681.35,0
273,9098,2250023,968.0,728.8,931.7,634.9,949.85,681.85,0
273,9099,2250024,968.1,728.8,931.4,636.0,949.75,682.4,0
273,9100,2250025,968.0,728.9,931.2,637.2,949.6,683.05,0
274,9101,2250026,967.8,728.9,931.0,638.2,949.4,683.55,0
274,9102,2250027,967.6,728.9,930.7,639.2,949.15,684.05,0
274,9103,2250028,967.4,728.9,930.4,640.0,948.9,684.45,0
274,9104,2250029,967.2,728.8,930.0,640.2,948.6,684.5,0
274,9105,2250030,967.0,728.7,929.7,640.4,948.35,684.55,0
274,9106,2250031,966.6,728.7,929.4,640.5,948.0,684.6,0
274,9107,2250032,966.3,728.5,929.2,640.6,947.75,684.55,0
274,9108,2250033,966.0,728.4,929.1,640.8,947.55,684.6,0
274,9109,2250034,965.7,728.4,929.1,641.0,947.4,684.7,0
274,9110,2250035,965.4,728.5,929.2,641.3,947.3,684.9,0
274,9111,2250036,965.1,728.5,929.3,641.5,947.2,685.0,0
274,9112,2250037,964.8,728.6,929.4,641.8,947.1,685.2,0
274,9113,2250038,964.7,728.6,929.4,641.9,947.05,685.25,0
274,9114,2250039,964.7,728.7,929.4,642.0,947.05,685.35,0
274,9115,2250040,964.9,728.7,929.4,642.1,947.15,685.4,0
274,9116,2250041,965.1,728.8,929.4,642.2,947.25,685.5,0
274,9117,2250042,965.3,728.8,929.3,642.3,947.3,685.55,0
274,9118,2250043,965.6,728.9,929.3,642.4,947.45,685.65,0
274,9119,2250044,965.7,728.9,929.4,642.4,947.55,685.65,0
274,9120,2250045,965.8,729.0,929.4,642.4,947.6,685.7,0
274,9121,2250046,965.9,729.1,929.3,642.5,947.6,685.8,0
274,9122,2250047,965.8,729.2,929.2,642.6,947.5,685.9,0
274,9123,2250048,965.8,729.3,929.1,642.7,947.45,686.0,0
274,9124,2250049,965.7,729.4,929.0,642.8,947.35,686.1,0
274,9125,2250050,965.8,729.5,929.0,643.5,947.4,686.5,0
274,9126,2250051,965.8,729.6,929.0,644.4,947.4,687.0,0
274,9127,2250052,965.8,729.7,929.1,645.4,947.45,687.55,0
274,9128,2250053,966.0,729.9,929.2,646.2,947.6,688.05,0
274,9129,2250054,966.1,729.9,929.5,647.1,947.8,688.5,0
274,9130,2250055,966.1,729.9,929.7,647.8,947.9,688.85,0
274,9131,2250056,966.2,729.9,930.2,648.4,948.2,689.15,0
274,9132,2250057,966.3,729.7,930.7,648.5,948.5,689.1,0
274,9133,2250058,966.4,729.6,931.2,648.1,948.8,688.85,0
275,9134,2250059,966.5,729.4,931.6,647.6,949.05,688.5,0
275,9135,2250060,966.6,729.3,932.1,647.1,949.35,688.2,0
275,9136,2250061,966.6,729.3,932.5,646.7,949.55,688.0,0
275,9137,2250062,966.5,729.4,933.0,646.7,949.75,688.05,0
275,9138,2250063,966.3,729.6,933.0,646.7,949.65,688.15,0
275,9139,2250064,966.0,729.8,933.1,646.8,949.55,688.3,0
275,9140,2250065,965.7,730.0,933.1,647.1,949.4,688.55,0
275,9141,2250066,965.5,730.3,933.0,647.4,949.25,688.85,0
275,9142,2250067,965.2,730.5,932.9,647.7,949.05,689.1,0
275,9143,2250068,965.2,730.8,932.7,647.9,948.95,689.35,0
275,9144,2250069,965.3,731.0,932.5,647.7,948.9,689.35,0
275,9145,2250070,965.4,731.1,932.3,647.4,948.85,689.25,0
275,9146,2250071,965.6,731.2,932.0,647.2,948.8,689.2,0
275,9147,2250072,965.8,731.3,931.7,646.8,948.75,689.05,0
275,9148,2250073,966.1,731.3,931.2,646.6,948.65,688.95,0
275,9149,2250074,966.3,731.3,930.7,646.2,948.5,688.75,0
275,9150,2250075,966.3,731.3,930.2,645.9,948.25,688.6,0
275,9151,2250076,966.4,731.2,929.8,645.6,948.1,688.4,0
275,9152,2250077,966.4,731.2,929.0,645.2,947.7,688.2,0
275,9153,2250078,966.4,731.2,928.2,644.8,947.3,688.0,0
275,9154,2250079,966.3,731.3,927.4,644.5,946.85,687.9,0
275,9155,2250080,966.1,731.4,926.9,644.2,946.5,687.8,0
275,9156,2250081,965.9,731.5,926.1,643.6,946.0,687.55,0
275,9157,2250082,965.8,731.6,925.3,642.9,945.55,687.25,0
275,9158,2250083,965.6,731.8,924.5,642.3,945.05,687.05,0
275,9159,2250084,965.4,731.9,924.4,641.8,944.9,686.85,0
275,9160,2250085,965.2,732.0,924.4,641.2,944.8,686.6,0
275,9161,2250086,965.1,732.1,924.4,640.6,944.75,686.35,0
275,9162,2250087,965.0,732.5,924.5,639.9,944.75,686.2,0
275,9163,2250088,965.0,732.9,924.8,639.5,944.9,686.2,0
275,9164,2250089,964.9,733.3,925.2,639.0,945.05,686.15,0
275,9165,2250090,964.8,733.6,925.7,638.5,945.25,686.05,0
275,9166,2250091,964.7,734.0,925.9,638.1,945.3,686.05,0
276,9167,2250092,964.7,734.2,926.1,637.4,945.4,685.8,0
276,9168,2250093,964.6,734.4,926.3,636.4,945.45,685.4,0
276,9169,2250094,964.5,734.2,926.8,635.4,945.65,684.8,0
276,9170,2250095,964.4,734.1,927.2,634.6,945.8,684.35,0
276,9171,2250096,964.5,734.0,927.5,634.0,946.0,684.0,0
276,9172,2250097,964.7,733.8,927.9,633.3,946.3,683.55,0
276,9173,2250098,964.8,733.7,928.6,632.7,946.7,683.2,0
276,9174,2250099,965.0,733.7,929.3,632.2,947.15,682.95,0
276,9175,2250100,965.1,733.7,930.0,632.1,947.55,682.9,0
276,9176,2250101,965.1,733.7,930.4,632.0,947.75,682.85,0
276,9177,2250102,965.1,733.7,930.9,631.8,948.0,682.75,0
276,9178,2250103,964.6,733.7,931.4,631.6,948.0,682.65,0
276,9179,2250104,964.2,733.4,931.8,631.5,948.0,682.45,0
276,9180,2250105,963.8,733.1,932.0,631.0,947.9,682.05,0
276,9181,2250106,963.3,732.8,932.2,630.6,947.75,681.7,0
276,9182,2250107,962.9,732.5,932.2,630.1,947.55,681.3,0
276,9183,2250108,962.5,732.1,932.3,629.7,947.4,680.9,0
276,9184,2250109,962.2,731.7,932.1,629.3,947.15,680.5,0
276,9185,2250110,962.0,731.2,931.9,629.1,946.95,680.15,0
276,9186,2250111,961.9,731.0,931.6,628.9,946.75,679.95,0
276,9187,2250112,961.9,730.8,931.3,629.0,946.6,679.9,0
276,9188,2250113,961.8,730.5,930.9,629.0,946.35,679.75,0
276,9189,2250114,961.9,730.3,930.4,629.0,946.15,679.65,0
276,9190,2250115,962.0,730.1,930.0,629.1,946.0,679.6,0
276,9191,2250116,962.1,730.1,929.7,629.1,945.9,679.6,0
276,9192,2250117,962.4,730.1,929.5,629.0,945.95,679.55,0
276,9193,2250118,962.7,730.0,929.4,628.7,946.05,679.35,0
276,9194,2250119,963.0,729.9,928.9,628.5,945.95,679.2,0
276,9195,2250120,963.3,729.7,928.4,628.3,945.85,679.0,0
276,9196,2250121,963.4,729.5,928.1,628.1,945.75,678.8,0
276,9197,2250122,963.5,729.1,927.7,627.9,945.6,678.5,0
276,9198,2250123,963.6,728.7,927.3,627.7,945.45,678.2,0
276,9199,2250124,963.5,728.3,927.0,627.5,945.25,677.9,0
276,9200,2250125,963.4,727.9,926.5,627.4,944.95,677.65,0
277,9201,2250126,963.3,727.4,926.4,627.3,944.85,677.35,0
277,9202,2250127,963.3,727.0,926.2,627.2,944.75,677.1,0
277,9203,2250128,963.4,726.7,926.1,627.1,944.75,676.9,0
277,9204,2250129,963.6,726.4,926.0,627.0,944.8,676.7,0
277,9205,2250130,963.8,726.2,925.9,626.9,944.85,676.55,0
277,9206,2250131,964.2,725.8,925.7,626.8,944.95,676.3,0
277,9207,2250132,964.5,725.5,925.6,626.7,945.05,676.1,0
277,9208,2250133,964.8,725.1,925.5,626.5,945.15,675.8,0
277,9209,2250134,965.0,724.8,925.4,626.2,945.2,675.5,0
277,9210,2250135,965.3,724.6,925.3,625.9,945.3,675.25,0
277,9211,2250136,965.5,724.3,925.1,625.6,945.3,674.95,0
277,9212,2250137,965.7,724.1,925.0,625.4,945.35,674.75,0
277,9213,2250138,965.6,724.0,924.8,625.1,945.2,674.55,0
277,9214,2250139,965.5,723.9,924.8,625.0,945.15,674.45,0
277,9215,2250140,965.4,723.7,924.9,624.9,945.15,674.3,0
277,9216,2250141,965.4,723.6,925.0,625.1,945.2,674.35,0
277,9217,2250142,965.2,723.3,925.2,625.2,945.2,674.25,0
277,9218,2250143,965.1,723.0,925.3,625.3,945.2,674.15,0
277,9219,2250144,964.8,722.8,925.4,625.4,945.1,674.1,0
277,9220,2250145,964.4,722.6,925.5,625.5,944.95,674.05,0
277,9221,2250146,963.9,722.4,925.5,625.7,944.7,674.05,0
277,9222,2250147,963.6,722.4,925.4,625.9,944.5,674.15,0
277,9223,2250148,963.2,722.3,925.2,626.0,944.2,674.15,0
277,9224,2250149,962.8,722.3,925.5,626.3,944.15,674.3,0
277,9225,2250150,962.5,722.3,925.8,626.7,944.15,674.5,0
277,9226,2250151,962.2,722.3,926.0,627.2,944.1,674.75,0
277,9227,2250152,962.1,722.3,926.3,628.0,944.2,675.15,0
277,9228,2250153,961.9,722.3,926.8,628.7,944.35,675.5,0
277,9229,2250154,961.8,722.2,927.2,629.3,944.5,675.75,0
277,9230,2250155,961.6,722.2,927.6,629.9,944.6,676.05,0
277,9231,2250156,961.5,722.2,927.7,630.4,944.6,676.3,0
277,9232,2250157,960.9,722.2,927.8,630.8,944.35,676.5,0
277,9233,2250158,960.4,722.2,927.9,631.0,944.15,676.6,0
278,9234,2250159,959.9,722.1,928.0,631.0,943.95,676.55,0
278,9235,2250160,959.6,722.0,928.1,631.1,943.85,676.55,0
278,9236,2250161,959.5,721.7,928.3,631.1,943.9,676.4,0
278,9237,2250162,959.4,721.5,928.4,631.1,943.9,676.3,0
278,9238,2250163,959.2,721.1,928.5,631.2,943.85,676.15,0
278,9239,2250164,959.5,720.7,928.6,631.4,944.05,676.05,0
278,9240,2250165,959.8,720.4,928.6,631.6,944.2,676.0,0
278,9241,2250166,960.2,720.4,928.4,631.8,944.3,676.1,0
278,9242,2250167,960.3,720.5,928.2,632.1,944.25,676.3,0
278,9243,2250168,960.4,720.7,927.9,632.3,944.15,676.5,0
278,9244,2250169,960.5,720.9,927.7,632.6,944.1,676.75,0
278,9245,2250170,960.6,721.2,927.4,632.8,944.0,677.0,0
278,9246,2250171,960.7,721.6,926.9,633.0,943.8,677.3,0
278,9247,2250172,960.8,721.9,926.5,633.2,943.65,677.55,0
278,9248,2250173,960.8,721.9,926.2,633.4,943.5,677.65,0
278,9249,2250174,960.8,721.8,926.0,633.8,943.4,677.8,0
278,9250,2250175,960.9,721.7,925.9,634.2,943.4,677.95,0
278,9251,2250176,960.8,721.6,925.8,634.6,943.3,678.1,0
278,9252,2250177,960.8,721.3,925.8,635.0,943.3,678.15,0
278,9253,2250178,960.9,720.9,926.0,635.4,943.45,678.15,0
278,9254,2250179,960.9,720.5,926.1,635.9,943.5,678.2,0
278,9255,2250180,961.0,720.1,926.2,636.4,943.6,678.25,0
278,9256,2250181,961.0,719.9,926.4,636.5,943.7,678.2,0
278,9257,2250182,961.1,719.5,926.3,636.7,943.7,678.1,0
278,9258,2250183,961.1,719.3,926.1,637.0,943.6,678.15,0
278,9259,2250184,961.1,719.1,926.0,637.2,943.55,678.15,0
278,9260,2250185,961.1,718.9,926.1,637.4,943.6,678.15,0
278,9261,2250186,961.0,718.8,926.1,637.5,943.55,678.15,0
278,9262,2250187,960.8,718.6,926.2,637.5,943.5,678.05,0
278,9263,2250188,960.7,718.3,926.2,638.1,943.45,678.2,0
278,9264,2250189,960.6,718.1,926.2,638.6,943.4,678.35,0
278,9265,2250190,960.6,717.9,926.2,639.1,943.4,678.5,0
278,9266,2250191,960.7,717.8,926.3,639.6,943.5,678.7,0
279,9267,2250192,960.8,717.6,926.1,640.0,943.45,678.8,0
279,9268,2250193,960.9,717.4,926.1,640.5,943.5,678.95,0
279,9269,2250194,961.1,717.3,926.1,640.9,943.6,679.1,0
279,9270,2250195,961.3,717.3,926.1,640.9,943.7,679.1,0
279,9271,2250196,961.6,717.3,926.2,641.2,943.9,679.25,0
279,9272,2250197,961.8,717.2,926.3,641.5,944.05,679.35,0
279,9273,2250198,961.9,717.1,926.4,641.9,944.15,679.5,0
279,9274,2250199,961.7,717.0,926.5,642.3,944.1,679.65,0
279,9275,2250200,961.6,717.0,926.5,642.7,944.05,679.85,0
279,9276,2250201,961.2,716.9,926.5,643.1,943.85,680.0,0
279,9277,2250202,960.9,716.9,926.6,643.5,943.75,680.2,0
279,9278,2250203,960.4,716.9,926.7,643.7,943.55,680.3,0
279,9279,2250204,959.9,716.9,926.8,644.0,943.35,680.45,0
279,9280,2250205,959.5,716.9,926.9,644.3,943.2,680.6,0
279,9281,2250206,959.3,716.9,926.9,645.0,943.1,680.95,0
279,9282,2250207,959.1,717.0,926.8,645.7,942.95,681.35,0
279,9283,2250208,959.0,717.1,926.5,646.5,942.75,681.8,0
279,9284,2250209,959.0,717.2,926.1,647.1,942.55,682.15,0
279,9285,2250210,958.9,717.2,925.7,647.7,942.3,682.45,0
279,9286,2250211,959.0,717.3,925.3,648.1,942.15,682.7,0
279,9287,2250212,959.1,717.4,924.7,648.5,941.9,682.95,0
279,9288,2250213,959.2,717.5,924.3,648.3,941.75,682.9,0
279,9289,2250214,959.4,717.7,924.0,648.1,941.7,682.9,0
279,9290,2250215,959.5,717.9,923.9,648.0,941.7,682.95,0
279,9291,2250216,959.6,718.0,923.7,647.8,941.65,682.9,0
279,9292,2250217,959.7,718.1,923.6,647.6,941.65,682.85,0
279,9293,2250218,959.7,718.2,923.4,647.5,941.55,682.85,0
279,9294,2250219,959.8,718.3,923.4,647.5,941.6,682.9,0
279,9295,2250220,959.9,718.3,923.3,647.9,941.6,683.1,0
279,9296,2250221,960.0,718.2,923.2,648.2,941.6,683.2,0
279,9297,2250222,960.1,718.1,923.2,648.6,941.65,683.35,0
279,9298,2250223,960.2,718.0,923.1,648.9,941.65,683.45,0
279,9299,2250224,960.2,717.8,923.1,649.2,941.65,683.5,0
279,9300,2250225,960.3,717.7,923.1,649.5,941.7,683.6,0
280,9301,2250226,960.3,717.6,922.9,649.9,941.6,683.75,0
280,9302,2250227,960.2,717.5,922.8,650.3,941.5,683.9,0
280,9303,2250228,960.2,717.7,922.7,650.8,941.45,684.25,0
280,9304,2250229,960.1,717.8,922.7,651.2,941.4,684.5,0
280,9305,2250230,959.9,718.0,922.6,651.7,941.25,684.85,0
280,9306,2250231,959.8,718.3,922.6,652.1,941.2,685.2,0
280,9307,2250232,959.7,718.6,922.7,652.4,941.2,685.5,0
280,9308,2250233,959.6,718.9,922.8,652.7,941.2,685.8,0
280,9309,2250234,959.5,719.0,923.0,652.6,941.25,685.8,0
280,9310,2250235,959.4,719.1,923.2,652.6,941.3,685.85,0
280,9311,2250236,959.3,719.1,923.2,652.6,941.25,685.85,0
280,9312,2250237,959.3,718.9,923.3,652.6,941.3,685.75,0
280,9313,2250238,959.2,718.6,923.4,652.7,941.3,685.65,0
280,9314,2250239,959.1,718.1,923.5,653.0,941.3,685.55,0
280,9315,2250240,959.0,717.7,923.7,653.3,941.35,685.5,0
280,9316,2250241,958.9,717.2,923.8,654.0,941.35,685.6,0
280,9317,2250242,959.0,716.8,923.8,654.8,941.4,685.8,0
280,9318,2250243,959.0,716.5,923.8,655.6,941.4,686.05,0
280,9319,2250244,959.1,716.3,923.8,656.4,941.45,686.35,0
280,9320,2250245,959.3,716.1,923.7,657.2,941.5,686.65,0
280,9321,2250246,959.4,716.2,923.6,657.9,941.5,687.05,0
280,9322,2250247,959.6,716.2,923.5,658.6,941.55,687.4,0
280,9323,2250248,959.7,716.2,923.4,658.7,941.55,687.45,0
280,9324,2250249,959.7,716.0,923.4,658.9,941.55,687.45,0
280,9325,2250250,959.6,715.9,923.5,659.0,941.55,687.45,0
280,9326,2250251,959.4,715.7,923.5,659.3,941.45,687.5,0
280,9327,2250252,959.2,715.5,923.5,659.4,941.35,687.45,0
280,9328,2250253,959.0,715.3,923.5,659.6,941.25,687.45,0
280,9329,2250254,958.7,715.1,923.5,659.5,941.1,687.3,0
280,9330,2250255,958.1,715.0,923.4,659.5,940.75,687.25,0
280,9331,2250256,957.6,714.8,923.4,659.5,940.5,687.15,0
280,9332,2250257,957.2,714.8,923.3,659.4,940.25,687.1,0
280,9333,2250258,956.9,714.8,923.2,659.2,940.05,687.0,0
281,9334,2250259,956.6,714.8,922.8,658.9,939.7,686.85,0
281,9335,2250260,956.3,714.8,922.4,658.7,939.35,686.75,0
281,9336,2250261,956.1,714.9,922.1,658.6,939.1,686.75,0
281,9337,2250262,956.1,715.0,921.8,658.7,938.95,686.85,0
281,9338,2250263,956.2,715.2,921.5,658.7,938.85,686.95,0
281,9339,2250264,956.2,715.5,921.3,658.8,938.75,687.15,0
281,9340,2250265,956.2,715.7,921.4,658.7,938.8,687.2,0
281,9341,2250266,956.1,715.8,921.9,658.4,939.0,687.1,0
281,9342,2250267,955.9,716.0,922.4,658.1,939.15,687.05,0
281,9343,2250268,955.7,716.3,923.1,657.7,939.4,687.0,0
281,9344,2250269,955.6,717.1,923.8,657.2,939.7,687.15,0
281,9345,2250270,955.5,717.8,924.6,656.7,940.05,687.25,0
281,9346,2250271,955.4,718.5,925.4,656.2,940.4,687.35,0
281,9347,2250272,955.4,719.2,926.1,655.9,940.75,687.55,0
281,9348,2250273,955.4,719.9,926.6,655.8,941.0,687.85,0
281,9349,2250274,955.6,720.6,927.0,655.7,941.3,688.15,0
281,9350,2250275,955.8,721.2,927.1,655.7,941.45,688.45,0
281,9351,2250276,955.9,721.3,927.1,655.6,941.5,688.45,0
281,9352,2250277,956.2,721.4,926.8,655.5,941.5,688.45,0
281,9353,2250278,956.4,721.5,926.3,655.5,941.35,688.5,0
281,9354,2250279,956.7,722.0,925.3,655.4,941.0,688.7,0
281,9355,2250280,956.8,722.4,924.1,655.5,940.45,688.95,0
281,9356,2250281,956.9,722.8,922.9,655.8,939.9,689.3,0
281,9357,2250282,957.0,723.2,921.8,656.1,939.4,689.65,0
281,9358,2250283,957.0,723.5,920.6,656.4,938.8,689.95,0
281,9359,2250284,956.8,723.8,919.3,656.7,938.05,690.25,0
281,9360,2250285,956.3,724.1,918.0,656.9,937.15,690.5,0
281,9361,2250286,955.8,724.0,917.1,657.1,936.45,690.55,0
281,9362,2250287,955.4,724.0,916.4,657.2,935.9,690.6,0
281,9363,2250288,955.0,724.0,915.7,657.1,935.35,690.55,0
281,9364,2250289,954.6,724.1,914.9,657.0,934.75,690.55,0
281,9365,2250290,954.3,724.3,914.4,657.0,934.35,690.65,0
281,9366,2250291,954.1,724.8,914.0,657.0,934.05,690.9,0
282,9367,2250292,954.1,725.3,913.7,657.0,933.9,691.15,0
282,9368,2250293,954.1,725.8,913.6,657.1,933.85,691.45,0
282,9369,2250294,954.0,726.3,913.4,657.5,933.7,691.9,0
282,9370,2250295,953.9,726.8,913.5,658.0,933.7,692.4,0
282,9371,2250296,953.7,727.3,913.7,658.4,933.7,692.85,0
282,9372,2250297,953.5,727.7,914.3,658.9,933.9,693.3,0
282,9373,2250298,953.3,727.9,915.0,659.3,934.15,693.6,0
282,9374,2250299,953.3,728.1,915.7,659.8,934.5,693.95,0
282,9375,2250300,953.2,728.3,916.4,660.2,934.8,694.25,0
282,9376,2250301,953.3,728.5,917.1,660.3,935.2,694.4,0
282,9377,2250302,953.3,728.7,917.9,660.4,935.6,694.55,0
282,9378,2250303,953.4,728.8,918.7,660.6,936.05,694.7,0
282,9379,2250304,953.5,728.9,919.0,660.7,936.25,694.8,0
282,9380,2250305,953.6,729.2,919.4,660.8,936.5,695.0,0
282,9381,2250306,953.7,729.3,919.7,660.9,936.7,695.1,0
282,9382,2250307,953.7,729.8,920.3,660.9,937.0,695.35,0
282,9383,2250308,953.8,730.2,920.9,661.0,937.35,695.6,0
282,9384,2250309,953.9,730.6,921.2,661.0,937.55,695.8,0
282,9385,2250310,954.1,731.2,921.7,661.1,937.9,696.15,0
282,9386,2250311,954.3,731.8,922.6,661.2,938.45,696.5,0
282,9387,2250312,954.5,732.2,923.6,661.4,939.05,696.8,0
282,9388,2250313,954.7,732.7,924.4,661.5,939.55,697.1,0
282,9389,2250314,954.9,732.8,924.9,661.4,939.9,697.1,0
282,9390,2250315,955.1,733.1,925.2,661.4,940.15,697.25,0
282,9391,2250316,955.3,733.3,925.3,661.2,940.3,697.25,0
282,9392,2250317,955.2,733.4,925.4,661.0,940.3,697.2,0
282,9393,2250318,955.1,733.5,925.0,660.7,940.05,697.1,0
282,9394,2250319,955.0,733.6,924.6,660.5,939.8,697.05,0
282,9395,2250320,955.0,733.7,924.1,660.2,939.55,696.95,0
282,9396,2250321,954.9,733.8,923.8,660.0,939.35,696.9,0
282,9397,2250322,954.7,733.9,923.6,659.8,939.15,696.85,0
282,9398,2250323,954.6,734.1,923.5,659.6,939.05,696.85,0
282,9399,2250324,954.5,734.3,923.3,659.4,938.9,696.85,0
282,9400,2250325,954.3,734.5,923.1,659.1,938.7,696.8,0
283,9401,2250326,954.2,735.1,922.9,658.9,938.55,697.0,0
283,9402,2250327,954.1,735.7,922.7,658.7,938.4,697.2,0
283,9403,2250328,953.9,736.3,922.7,658.6,938.3,697.45,0
283,9404,2250329,953.8,736.8,922.6,658.7,938.2,697.75,0
283,9405,2250330,953.7,737.4,922.6,658.8,938.15,698.1,0
283,9406,2250331,953.6,737.8,922.6,659.0,938.1,698.4,0
283,9407,2250332,953.6,738.3,922.6,659.2,938.1,698.75,0
283,9408,2250333,953.5,738.4,922.3,659.3,937.9,698.85,0
283,9409,2250334,953.4,738.5,921.9,659.4,937.65,698.95,0
283,9410,2250335,953.3,738.6,921.6,659.4,937.45,699.0,0
283,9411,2250336,953.0,738.7,921.2,659.5,937.1,699.1,0
283,9412,2250337,952.8,738.8,920.9,659.7,936.85,699.25,0
283,9413,2250338,952.5,739.0,920.7,659.9,936.6,699.45,0
283,9414,2250339,952.2,739.0,920.4,660.1,936.3,699.55,0
283,9415,2250340,951.8,739.1,920.4,660.4,936.1,699.75,0
283,9416,2250341,951.5,739.3,920.4,660.7,935.95,700.0,0
283,9417,2250342,951.1,739.4,920.5,661.0,935.8,700.2,0
283,9418,2250343,950.9,739.6,920.6,661.1,935.75,700.35,0
283,9419,2250344,950.7,739.9,920.8,661.1,935.75,700.5,0
283,9420,2250345,950.7,740.1,920.9,661.2,935.8,700.65,0
283,9421,2250346,950.6,740.3,921.2,661.3,935.9,700.8,0
283,9422,2250347,950.6,740.5,921.4,661.4,936.0,700.95,0
283,9423,2250348,950.6,740.7,921.7,661.6,936.15,701.15,0
283,9424,2250349,950.7,740.9,922.0,661.8,936.35,701.35,0
283,9425,2250350,950.7,741.0,922.2,662.0,936.45,701.5,0
283,9426,2250351,950.8,741.1,922.3,662.1,936.55,701.6,0
283,9427,2250352,950.8,741.2,922.3,662.2,936.55,701.7,0
283,9428,2250353,950.8,741.5,922.3,662.2,936.55,701.85,0
283,9429,2250354,950.8,741.7,922.3,662.0,936.55,701.85,0
283,9430,2250355,950.7,741.9,922.3,661.7,936.5,701.8,0
283,9431,2250356,950.8,742.1,922.3,661.4,936.55,701.75,0
283,9432,2250357,950.8,742.4,922.3,661.1,936.55,701.75,0
283,9433,2250358,950.8,742.6,922.3,660.8,936.55,701.7,0
284,9434,2250359,950.8,742.8,922.3,660.6,936.55,701.7,0
284,9435,2250360,950.8,743.1,922.3,660.7,936.55,701.9,0
284,9436,2250361,950.6,743.4,922.4,660.8,936.5,702.1,0
284,9437,2250362,950.4,743.7,922.5,661.0,936.45,702.35,0
284,9438,2250363,950.2,743.9,922.7,661.1,936.45,702.5,0
284,9439,2250364,950.0,744.0,922.8,661.2,936.4,702.6,0
284,9440,2250365,949.9,744.0,923.0,661.3,936.45,702.65,0
284,9441,2250366,949.8,743.9,923.1,661.3,936.45,702.6,0
284,9442,2250367,949.6,743.7,923.3,661.2,936.45,702.45,0
284,9443,2250368,949.6,743.6,923.4,661.1,936.5,702.35,0
284,9444,2250369,949.6,743.4,923.4,661.0,936.5,702.2,0
284,9445,2250370,949.5,743.4,923.5,660.8,936.5,702.1,0
284,9446,2250371,949.4,743.5,923.5,660.6,936.45,702.05,0
284,9447,2250372,949.3,743.6,923.4,660.5,936.35,702.05,0
284,9448,2250373,949.2,743.8,923.3,660.3,936.25,702.05,0
284,9449,2250374,949.2,743.9,923.2,660.2,936.2,702.05,0
284,9450,2250375,949.1,744.1,923.1,660.0,936.1,702.05,0
284,9451,2250376,949.1,744.3,923.0,659.8,936.05,702.05,0
284,9452,2250377,949.1,744.5,922.9,659.5,936.0,702.0,0
284,9453,2250378,949.1,744.8,923.0,659.3,936.05,702.05,0
284,9454,2250379,948.9,745.0,923.0,659.1,935.95,702.05,0
284,9455,2250380,948.7,745.1,923.2,659.0,935.95,702.05,0
284,9456,2250381,948.5,745.1,923.3,658.9,935.9,702.0,0
284,9457,2250382,948.5,745.1,923.4,658.7,935.95,701.9,0
284,9458,2250383,948.4,744.9,923.6,658.5,936.0,701.7,0
284,9459,2250384,948.4,744.7,923.7,658.2,936.05,701.45,0
284,9460,2250385,948.5,744.4,923.8,657.8,936.15,701.1,0
284,9461,2250386,948.7,744.2,923.8,657.3,936.25,700.75,0
284,9462,2250387,949.0,744.0,923.8,656.9,936.4,700.45,0
284,9463,2250388,949.2,743.9,923.8,656.4,936.5,700.15,0
284,9464,2250389,949.4,743.8,923.9,656.2,936.65,700.0,0
284,9465,2250390,949.5,743.7,923.9,656.1,936.7,699.9,0
284,9466,2250391,949.7,743.7,923.9,656.2,936.8,699.95,0
285,9467,2250392,949.8,743.7,923.9,656.3,936.85,700.0,0
285,9468,2250393,949.9,743.5,923.8,656.6,936.85,700.05,0
285,9469,2250394,950.0,743.4,923.7,656.8,936.85,700.1,0
285,9470,2250395,950.1,743.3,923.6,656.9,936.85,700.1,0
285,9471,2250396,950.2,743.2,923.4,656.9,936.8,700.05,0
285,9472,2250397,950.3,743.2,923.1,656.9,936.7,700.05,0
285,9473,2250398,950.3,743.4,922.9,656.9,936.6,700.15,0
285,9474,2250399,950.3,743.5,922.8,656.9,936.55,700.2,0
285,9475,2250400,950.2,743.8,922.7,657.0,936.45,700.4,0
285,9476,2250401,949.9,743.9,922.8,657.1,936.35,700.5,0
285,9477,2250402,949.6,744.1,923.1,657.2,936.35,700.65,0
285,9478,2250403,949.2,744.3,923.5,657.3,936.35,700.8,0
285,9479,2250404,948.9,744.3,923.9,657.5,936.4,700.9,0
285,9480,2250405,948.6,744.3,924.3,657.6,936.45,700.95,0
285,9481,2250406,948.3,744.1,924.8,657.8,936.55,700.95,0
285,9482,2250407,948.2,744.0,925.2,657.9,936.7,700.95,0
285,9483,2250408,948.3,744.0,925.6,658.1,936.95,701.05,0
285,9484,2250409,948.5,743.8,925.8,658.2,937.15,701.0,0
285,9485,2250410,948.7,743.8,926.0,658.1,937.35,700.95,0
285,9486,2250411,948.8,743.7,926.1,658.1,937.45,700.9,0
285,9487,2250412,948.9,743.7,926.2,658.0,937.55,700.85,0
285,9488,2250413,949.0,743.7,926.1,657.8,937.55,700.75,0
285,9489,2250414,948.9,743.8,925.9,657.6,937.4,700.7,0
285,9490,2250415,948.7,743.8,925.7,657.4,937.2,700.6,0
285,9491,2250416,948.5,743.8,925.6,657.4,937.05,700.6,0
285,9492,2250417,948.4,743.7,925.4,657.7,936.9,700.7,0
285,9493,2250418,948.2,743.6,925.3,658.1,936.75,700.85,0
285,9494,2250419,948.1,743.5,925.1,658.7,936.6,701.1,0
285,9495,2250420,948.0,743.4,925.0,659.4,936.5,701.4,0
285,9496,2250421,948.1,743.3,924.9,660.1,936.5,701.7,0
285,9497,2250422,948.2,743.2,924.8,660.8,936.5,702.0,0
285,9498,2250423,948.2,743.1,924.6,661.4,936.4,702.25,0
285,9499,2250424,948.3,742.9,924.3,661.7,936.3,702.3,0
285,9500,2250425,948.3,742.6,924.0,661.9,936.15,702.25,0
286,9501,2250426,948.3,742.4,923.8,662.0,936.05,702.2,0
286,9502,2250427,948.4,742.1,923.7,661.9,936.05,702.0,0
286,9503,2250428,948.4,741.9,923.7,661.8,936.05,701.85,0
286,9504,2250429,948.4,741.6,923.7,661.6,936.05,701.6,0
286,9505,2250430,948.4,741.4,923.8,661.5,936.1,701.45,0
286,9506,2250431,948.5,741.4,923.9,661.3,936.2,701.35,0
286,9507,2250432,948.5,741.4,924.0,661.2,936.25,701.3,0
286,9508,2250433,948.4,741.4,924.1,661.0,936.25,701.2,0
286,9509,2250434,948.4,741.3,924.2,660.8,936.3,701.05,0
286,9510,2250435,948.3,741.3,924.2,660.6,936.25,700.95,0
286,9511,2250436,948.2,741.2,924.3,660.5,936.25,700.85,0
286,9512,2250437,948.1,741.3,924.4,660.2,936.25,700.75,0
286,9513,2250438,948.0,741.3,924.5,660.0,936.25,700.65,0
286,9514,2250439,947.9,741.4,924.7,659.8,936.3,700.6,0
286,9515,2250440,947.8,741.4,924.9,659.7,936.35,700.55,0
286,9516,2250441,947.8,741.5,925.3,659.7,936.55,700.6,0
286,9517,2250442,947.8,741.5,925.8,659.6,936.8,700.55,0
286,9518,2250443,947.9,741.6,926.4,659.5,937.15,700.55,0
286,9519,2250444,948.1,741.5,927.0,659.5,937.55,700.5,0
286,9520,2250445,948.2,741.5,927.5,659.6,937.85,700.55,0
286,9521,2250446,948.4,741.5,928.0,659.5,938.2,700.5,0
286,9522,2250447,948.5,741.4,928.4,659.8,938.45,700.6,0
286,9523,2250448,948.5,741.4,928.6,660.0,938.55,700.7,0
286,9524,2250449,948.5,741.4,928.6,660.3,938.55,700.85,0
286,9525,2250450,948.3,741.3,928.6,660.5,938.45,700.9,0
286,9526,2250451,948.2,741.3,928.6,660.5,938.4,700.9,0
286,9527,2250452,948.0,741.2,928.5,660.5,938.25,700.85,0
286,9528,2250453,947.9,741.1,928.5,660.5,938.2,700.8,0
286,9529,2250454,947.8,740.9,928.4,660.3,938.1,700.6,0
286,9530,2250455,947.9,740.7,928.4,660.2,938.15,700.45,0
286,9531,2250456,948.0,740.5,928.3,660.3,938.15,700.4,0
286,9532,2250457,948.0,740.3,928.3,660.5,938.15,700.4,0
286,9533,2250458,948.2,740.0,928.4,660.9,938.3,700.45,0
287,9534,2250459,948.2,739.8,928.4,661.4,938.3,700.6,0
287,9535,2250460,948.2,739.7,928.3,661.8,938.25,700.75,0
287,9536,2250461,948.0,739.7,928.3,662.1,938.15,700.9,0
287,9537,2250462,947.7,739.7,928.3,662.3,938.0,701.0,0
287,9538,2250463,947.5,739.7,928.1,662.6,937.8,701.15,0
287,9539,2250464,947.2,739.7,927.9,663.0,937.55,701.35,0
287,9540,2250465,946.9,739.8,927.7,663.6,937.3,701.7,0
287,9541,2250466,946.8,739.8,927.4,664.1,937.1,701.95,0
287,9542,2250467,946.7,739.7,927.1,664.8,936.9,702.25,0
287,9543,2250468,946.8,739.5,926.5,665.5,936.65,702.5,0
287,9544,2250469,946.9,739.4,926.0,666.2,936.45,702.8,0
287,9545,2250470,946.7,739.2,925.5,666.7,936.1,702.95,0
287,9546,2250471,946.6,739.1,924.9,667.1,935.75,703.1,0
287,9547,2250472,946.5,738.9,924.4,667.3,935.45,703.1,0
287,9548,2250473,946.2,738.8,923.9,667.4,935.05,703.1,0
287,9549,2250474,946.0,738.7,923.5,667.4,934.75,703.05,0
287,9550,2250475,945.7,738.6,923.2,667.4,934.45,703.0,0
287,9551,2250476,945.5,738.5,922.9,667.4,934.2,702.95,0
287,9552,2250477,945.4,738.5,922.6,667.3,934.0,702.9,0
287,9553,2250478,945.4,738.4,922.3,667.2,933.85,702.8,0
287,9554,2250479,945.4,738.4,921.9,667.3,933.65,702.85,0
287,9555,2250480,945.3,738.3,921.5,667.8,933.4,703.05,0
287,9556,2250481,945.3,738.4,921.0,668.3,933.15,703.35,0
287,9557,2250482,945.2,738.3,920.5,668.8,932.85,703.55,0
287,9558,2250483,945.2,738.2,920.0,669.3,932.6,703.75,0
287,9559,2250484,945.1,738.1,919.6,669.8,932.35,703.95,0
287,9560,2250485,945.1,738.0,919.3,670.3,932.2,704.15,0
287,9561,2250486,945.0,738.0,919.1,670.8,932.05,704.4,0
287,9562,2250487,945.0,737.9,918.8,671.0,931.9,704.45,0
287,9563,2250488,945.0,738.0,918.8,671.6,931.9,704.8,0
287,9564,2250489,945.0,738.1,918.7,672.2,931.85,705.15,0
287,9565,2250490,945.0,738.3,918.7,672.9,931.85,705.6,0
287,9566,2250491,945.0,738.5,918.6,673.5,931.8,706.0,0
288,9567,2250492,945.0,738.8,918.4,673.8,931.7,706.3,0
288,9568,2250493,945.0,739.1,918.2,673.9,931.6,706.5,0
288,9569,2250494,945.0,739.3,918.0,673.9,931.5,706.6,0
288,9570,2250495,945.0,739.4,917.9,673.4,931.45,706.4,0
288,9571,2250496,945.0,739.5,917.9,672.8,931.45,706.15,0
288,9572,2250497,945.0,739.6,917.9,672.3,931.45,705.95,0
288,9573,2250498,945.1,739.7,917.9,671.8,931.5,705.75,0
288,9574,2250499,945.1,739.8,918.0,672.2,931.55,706.0,0
288,9575,2250500,945.1,739.8,918.1,672.6,931.6,706.2,0
288,9576,2250501,945.0,739.8,918.3,673.4,931.65,706.6,0
288,9577,2250502,944.9,739.7,918.8,674.1,931.85,706.9,0
288,9578,2250503,944.7,739.7,919.1,674.9,931.9,707.3,0
288,9579,2250504,944.6,739.8,919.3,675.6,931.95,707.7,0
288,9580,2250505,944.5,739.8,919.5,676.4,932.0,708.1,0
288,9581,2250506,944.4,739.8,919.8,676.6,932.1,708.2,0
288,9582,2250507,944.4,739.9,920.0,676.8,932.2,708.35,0
288,9583,2250508,944.5,740.1,920.3,677.0,932.4,708.55,0
288,9584,2250509,944.6,740.2,920.3,677.2,932.45,708.7,0
288,9585,2250510,944.6,740.4,920.3,677.4,932.45,708.9,0
288,9586,2250511,944.6,740.7,920.4,677.5,932.5,709.1,0
288,9587,2250512,944.5,740.9,920.6,677.3,932.55,709.1,0
288,9588,2250513,944.4,741.1,920.6,677.2,932.5,709.15,0
288,9589,2250514,944.2,741.2,920.7,677.0,932.45,709.1,0
288,9590,2250515,944.1,741.4,920.6,676.8,932.35,709.1,0
288,9591,2250516,943.7,741.4,920.5,676.5,932.1,708.95,0
288,9592,2250517,943.5,741.4,920.3,676.4,931.9,708.9,0
288,9593,2250518,943.2,741.4,920.2,676.3,931.7,708.85,0
288,9594,2250519,942.9,741.4,920.2,676.4,931.55,708.9,0
288,9595,2250520,942.8,741.4,920.2,676.8,931.5,709.1,0
288,9596,2250521,942.6,741.7,920.3,677.2,931.45,709.45,0
288,9597,2250522,942.5,742.0,920.3,677.6,931.4,709.8,0
288,9598,2250523,942.5,742.3,920.3,678.0,931.4,710.15,0
288,9599,2250524,942.6,742.6,920.3,678.5,931.45,710.55,0
288,9600,2250525,942.6,742.9,920.3,679.0,931.45,710.95,0
289,9601,2250526,942.7,743.1,920.3,679.5,931.5,711.3,0
289,9602,2250527,942.7,743.3,920.4,679.7,931.55,711.5,0
289,9603,2250528,942.8,743.3,920.4,679.9,931.6,711.6,0
289,9604,2250529,942.8,743.3,920.4,680.1,931.6,711.7,0
289,9605,2250530,942.9,743.2,920.4,680.5,931.65,711.85,0
289,9606,2250531,942.8,743.1,920.4,680.9,931.6,712.0,0
289,9607,2250532,942.8,743.0,920.5,681.3,931.65,712.15,0
289,9608,2250533,942.7,742.9,920.5,681.7,931.6,712.3,0
289,9609,2250534,942.7,742.8,920.5,682.1,931.6,712.45,0
289,9610,2250535,942.6,742.8,920.5,682.5,931.55,712.65,0
289,9611,2250536,942.6,742.8,920.5,682.9,931.55,712.85,0
289,9612,2250537,942.5,743.0,920.5,683.4,931.5,713.2,0
289,9613,2250538,942.5,743.3,920.5,683.7,931.5,713.5,0
289,9614,2250539,942.4,743.6,920.5,684.0,931.45,713.8,0
289,9615,2250540,942.2,744.0,920.5,684.3,931.35,714.15,0
289,9616,2250541,942.1,744.3,920.5,684.6,931.3,714.45,0
289,9617,2250542,942.0,744.6,920.5,684.8,931.25,714.7,0
289,9618,2250543,942.1,744.8,920.5,684.9,931.3,714.85,0
289,9619,2250544,942.1,745.0,920.5,684.8,931.3,714.9,0
289,9620,2250545,942.1,745.3,920.5,684.7,931.3,715.0,0
289,9621,2250546,942.1,745.6,920.4,684.6,931.25,715.1,0
289,9622,2250547,942.0,745.8,920.3,684.4,931.15,715.1,0
289,9623,2250548,941.9,746.1,920.2,684.4,931.05,715.25,0
289,9624,2250549,941.9,746.3,920.1,684.6,931.0,715.45,0
289,9625,2250550,941.7,746.5,920.1,685.1,930.9,715.8,0
289,9626,2250551,941.6,746.6,920.0,685.7,930.8,716.15,0
289,9627,2250552,941.4,746.7,919.9,686.3,930.65,716.5,0
289,9628,2250553,941.4,746.7,920.0,687.0,930.7,716.85,0
289,9629,2250554,941.4,746.8,920.0,687.7,930.7,717.25,0
289,9630,2250555,941.5,746.8,920.0,688.3,930.75,717.55,0
289,9631,2250556,941.5,746.9,920.1,688.9,930.8,717.9,0
289,9632,2250557,941.5,746.9,919.6,689.0,930.55,717.95,0
289,9633,2250558,941.4,747.0,919.1,689.1,930.25,718.05,0
290,9634,2250559,941.5,747.0,918.7,688.9,930.1,717.95,0
290,9635,2250560,941.5,746.9,918.3,688.7,929.9,717.8,0
290,9636,2250561,941.6,746.9,917.9,688.5,929.75,717.7,0
290,9637,2250562,941.7,746.8,917.4,688.4,929.55,717.6,0
290,9638,2250563,941.9,746.8,917.1,688.4,929.5,717.6,0
290,9639,2250564,942.0,746.8,917.1,688.4,929.55,717.6,0
290,9640,2250565,942.2,746.8,917.2,688.5,929.7,717.65,0
290,9641,2250566,942.3,746.8,917.2,688.8,929.75,717.8,0
290,9642,2250567,942.5,746.9,917.3,689.1,929.9,718.0,0
290,9643,2250568,942.7,747.0,916.9,689.2,929.8,718.1,0
290,9644,2250569,943.0,747.2,916.6,689.2,929.8,718.2,0
290,9645,2250570,943.2,747.3,916.3,689.1,929.75,718.2,0
290,9646,2250571,943.3,747.5,915.9,689.0,929.6,718.25,0
290,9647,2250572,943.4,747.6,915.6,688.9,929.5,718.25,0
290,9648,2250573,943.4,747.8,915.2,688.8,929.3,718.3,0
290,9649,2250574,943.4,747.8,914.9,688.7,929.15,718.25,0
290,9650,2250575,943.3,747.9,914.8,688.7,929.05,718.3,0
290,9651,2250576,943.1,748.1,914.6,688.8,928.85,718.45,0
290,9652,2250577,943.2,748.3,914.4,688.9,928.8,718.6,0
290,9653,2250578,943.3,748.6,914.1,689.4,928.7,719.0,0
290,9654,2250579,943.4,748.8,913.6,689.9,928.5,719.35,0
290,9655,2250580,943.6,749.1,913.1,690.3,928.35,719.7,0
290,9656,2250581,943.8,749.3,912.7,690.8,928.25,720.05,0
290,9657,2250582,944.0,749.5,912.2,691.2,928.1,720.35,0
290,9658,2250583,944.3,749.7,911.7,691.5,928.0,720.6,0
290,9659,2250584,944.3,750.2,911.2,691.7,927.75,720.95,0
290,9660,2250585,944.4,750.6,910.7,691.7,927.55,721.15,0
290,9661,2250586,944.4,751.1,910.4,691.6,927.4,721.35,0
290,9662,2250587,944.6,751.5,910.1,691.6,927.35,721.55,0
290,9663,2250588,944.7,752.0,909.8,691.5,927.25,721.75,0
290,9664,2250589,944.7,752.4,909.4,691.5,927.05,721.95,0
290,9665,2250590,944.8,752.9,909.2,691.5,927.0,722.2,0
290,9666,2250591,944.7,753.2,909.1,692.0,926.9,722.6,0
291,9667,2250592,944.7,753.6,908.9,692.4,926.8,723.0,0
291,9668,2250593,944.6,754.0,908.7,692.8,926.65,723.4,0
291,9669,2250594,944.2,754.4,908.5,693.3,926.35,723.85,0
291,9670,2250595,943.6,754.7,908.3,693.8,925.95,724.25,0
291,9671,2250596,943.1,755.0,907.9,694.3,925.5,724.65,0
291,9672,2250597,942.6,755.2,907.6,694.7,925.1,724.95,0
291,9673,2250598,942.2,755.2,907.2,694.7,924.7,724.95,0
291,9674,2250599,941.7,755.1,906.8,694.8,924.25,724.95,0
291,9675,2250600,941.3,755.0,906.2,694.8,923.75,724.9,0
291,9676,2250601,941.0,754.8,905.8,694.7,923.4,724.75,0
291,9677,2250602,940.9,754.6,905.3,694.6,923.1,724.6,0
291,9678,2250603,940.7,754.5,904.9,694.6,922.8,724.55,0
291,9679,2250604,940.6,754.3,904.4,694.6,922.5,724.45,0
291,9680,2250605,940.4,754.2,903.7,694.8,922.05,724.5,0
291,9681,2250606,940.3,754.0,903.1,695.0,921.7,724.5,0
291,9682,2250607,940.1,753.9,902.6,695.5,921.35,724.7,0
291,9683,2250608,940.0,754.0,902.1,696.0,921.05,725.0,0
291,9684,2250609,939.8,754.1,901.6,696.6,920.7,725.35,0
291,9685,2250610,939.6,754.2,901.2,697.0,920.4,725.6,0
291,9686,2250611,939.4,754.3,900.7,697.4,920.05,725.85,0
291,9687,2250612,939.1,754.4,900.4,697.7,919.75,726.05,0
291,9688,2250613,938.7,754.5,900.1,698.0,919.4,726.25,0
291,9689,2250614,938.5,754.6,899.8,698.2,919.15,726.4,0
291,9690,2250615,938.3,754.6,899.5,698.4,918.9,726.5,0
291,9691,2250616,938.0,754.6,899.3,698.5,918.65,726.55,0
291,9692,2250617,937.9,754.6,899.1,698.7,918.5,726.65,0
291,9693,2250618,937.7,754.5,899.0,698.1,918.35,726.3,0
291,9694,2250619,937.7,754.3,899.1,697.5,918.4,725.9,0
291,9695,2250620,937.7,754.2,899.2,696.8,918.45,725.5,0
291,9696,2250621,937.7,754.1,899.3,696.0,918.5,725.05,0
291,9697,2250622,937.7,754.0,899.6,695.3,918.65,724.65,0
291,9698,2250623,937.7,753.8,899.9,694.6,918.8,724.2,0
291,9699,2250624,937.7,753.7,900.3,694.0,919.0,723.85,0
291,9700,2250625,937.6,753.6,900.7,694.0,919.15,723.8,0
292,9701,2250626,937.6,753.6,901.3,694.0,919.45,723.8,0
292,9702,2250627,937.5,753.6,901.9,694.0,919.7,723.8,0
292,9703,2250628,937.4,753.7,902.4,694.0,919.9,723.85,0
292,9704,2250629,937.3,753.8,902.9,694.0,920.1,723.9,0
292,9705,2250630,937.3,754.0,903.5,693.9,920.4,723.95,0
292,9706,2250631,937.3,754.1,903.9,693.9,920.6,724.0,0
292,9707,2250632,937.3,754.3,904.2,693.9,920.75,724.1,0
292,9708,2250633,937.4,754.7,904.3,693.9,920.85,724.3,0
292,9709,2250634,937.5,755.0,904.3,693.8,920.9,724.4,0
292,9710,2250635,937.6,755.3,904.4,693.8,921.0,724.55,0
292,9711,2250636,937.8,755.6,904.4,693.8,921.1,724.7,0
292,9712,2250637,938.0,755.9,904.6,693.8,921.3,724.85,0
292,9713,2250638,938.4,756.1,904.8,694.0,921.6,725.05,0
292,9714,2250639,938.7,756.4,905.1,694.4,921.9,725.4,0
292,9715,2250640,939.1,756.5,905.4,694.7,922.25,725.6,0
292,9716,2250641,939.6,756.6,905.7,695.1,922.65,725.85,0
292,9717,2250642,940.2,756.8,906.1,695.4,923.15,726.1,0
292,9718,2250643,940.7,756.9,906.6,695.8,923.65,726.35,0
292,9719,2250644,941.1,757.1,906.8,696.2,923.95,726.65,0
292,9720,2250645,941.3,757.5,907.0,696.4,924.15,726.95,0
292,9721,2250646,941.5,757.8,907.0,696.6,924.25,727.2,0
292,9722,2250647,941.6,758.2,907.0,697.0,924.3,727.6,0
292,9723,2250648,941.5,758.4,907.0,697.4,924.25,727.9,0
292,9724,2250649,941.4,758.6,907.0,697.7,924.2,728.15,0
292,9725,2250650,941.3,758.7,906.8,698.7,924.05,728.7,0
292,9726,2250651,941.2,758.9,906.6,699.7,923.9,729.3,0
292,9727,2250652,941.1,759.0,906.5,700.7,923.8,729.85,0
292,9728,2250653,941.0,759.0,906.4,701.5,923.7,730.25,0
292,9729,2250654,940.7,759.1,906.3,702.1,923.5,730.6,0
292,9730,2250655,940.5,759.4,906.2,702.6,923.35,731.0,0
292,9731,2250656,940.3,759.6,906.0,703.1,923.15,731.35,0
292,9732,2250657,940.1,759.8,905.8,702.9,922.95,731.35,0
292,9733,2250658,939.9,760.0,905.5,702.8,922.7,731.4,0
293,9734,2250659,939.6,760.1,905.1,702.6,922.35,731.35,0
293,9735,2250660,939.5,760.1,904.5,702.6,922.0,731.35,0
293,9736,2250661,939.4,760.1,904.0,702.6,921.7,731.35,0
293,9737,2250662,939.3,760.1,903.4,702.7,921.35,731.4,0
293,9738,2250663,939.2,760.4,902.8,702.7,921.0,731.55,0
293,9739,2250664,939.1,760.7,902.1,702.8,920.6,731.75,0
293,9740,2250665,938.9,761.1,901.5,702.9,920.2,732.0,0
293,9741,2250666,938.7,761.5,901.0,703.0,919.85,732.25,0
293,9742,2250667,938.5,761.9,900.6,702.9,919.55,732.4,0
293,9743,2250668,938.3,762.3,900.1,702.9,919.2,732.6,0
293,9744,2250669,938.1,762.6,899.7,702.8,918.9,732.7,0
293,9745,2250670,937.8,762.7,899.4,702.8,918.6,732.75,0
293,9746,2250671,937.7,762.8,899.2,702.8,918.45,732.8,0
293,9747,2250672,937.6,762.8,899.0,702.8,918.3,732.8,0
293,9748,2250673,937.5,762.9,898.8,702.9,918.15,732.9,0
293,9749,2250674,937.4,763.0,898.5,702.8,917.95,732.9,0
293,9750,2250675,937.4,763.2,898.3,702.6,917.85,732.9,0
293,9751,2250676,937.4,763.4,898.1,702.3,917.75,732.85,0
293,9752,2250677,937.4,763.7,897.9,701.8,917.65,732.75,0
293,9753,2250678,937.5,763.9,897.6,701.3,917.55,732.6,0
293,9754,2250679,937.5,764.1,897.3,700.7,917.4,732.4,0
293,9755,2250680,937.5,764.3,897.1,700.2,917.3,732.25,0
293,9756,2250681,937.5,764.6,897.0,699.8,917.25,732.2,0
293,9757,2250682,937.3,764.8,897.0,699.6,917.15,732.2,0
293,9758,2250683,937.2,765.0,897.1,699.8,917.15,732.4,0
293,9759,2250684,937.1,765.4,897.1,699.9,917.1,732.65,0
293,9760,2250685,937.0,766.0,897.2,700.1,917.1,733.05,0
293,9761,2250686,937.0,766.6,897.3,700.3,917.15,733.45,0
293,9762,2250687,937.0,767.2,897.4,700.4,917.2,733.8,0
293,9763,2250688,937.0,767.7,897.4,700.3,917.2,734.0,0
293,9764,2250689,937.1,768.1,897.3,700.2,917.2,734.15,0
293,9765,2250690,937.2,768.6,897.0,699.6,917.1,734.1,0
293,9766,2250691,937.1,768.8,896.7,699.2,916.9,734.0,0
294,9767,2250692,937.0,768.8,896.4,698.6,916.7,733.7,0
294,9768,2250693,936.9,768.7,896.1,698.1,916.5,733.4,0
294,9769,2250694,936.8,768.5,895.8,697.7,916.3,733.1,0
294,9770,2250695,936.8,768.4,895.5,697.3,916.15,732.85,0
294,9771,2250696,936.8,768.3,895.3,697.0,916.05,732.65,0
294,9772,2250697,936.8,768.2,895.3,696.9,916.05,732.55,0
294,9773,2250698,936.9,768.2,895.4,696.8,916.15,732.5,0
294,9774,2250699,937.0,768.1,895.5,696.8,916.25,732.45,0
294,9775,2250700,937.2,768.2,895.6,696.8,916.4,732.5,0
294,9776,2250701,937.3,768.3,895.7,696.8,916.5,732.55,0
294,9777,2250702,937.4,768.3,895.6,696.7,916.5,732.5,0
294,9778,2250703,937.4,768.4,895.5,696.5,916.45,732.45,0
294,9779,2250704,937.3,768.4,895.4,696.3,916.35,732.35,0
294,9780,2250705,937.3,768.5,895.2,696.0,916.25,732.25,0
294,9781,2250706,937.2,768.6,895.0,695.6,916.1,732.1,0
294,9782,2250707,937.0,768.5,894.8,695.1,915.9,731.8,0
294,9783,2250708,936.9,768.5,894.7,694.7,915.8,731.6,0
294,9784,2250709,936.7,768.5,894.7,694.2,915.7,731.35,0
294,9785,2250710,936.6,768.5,894.7,693.9,915.65,731.2,0
294,9786,2250711,936.4,768.4,894.6,693.7,915.5,731.05,0
294,9787,2250712,936.2,768.3,894.5,693.5,915.35,730.9,0
294,9788,2250713,936.0,768.3,894.4,693.6,915.2,730.95,0
294,9789,2250714,935.8,768.1,894.2,693.7,915.0,730.9,0
294,9790,2250715,935.6,768.1,894.0,694.0,914.8,731.05,0
294,9791,2250716,935.3,767.8,893.4,694.3,914.35,731.05,0
294,9792,2250717,935.0,767.5,892.9,694.6,913.95,731.05,0
294,9793,2250718,934.8,767.3,892.5,694.8,913.65,731.05,0
294,9794,2250719,934.6,767.0,892.0,695.0,913.3,731.0,0
294,9795,2250720,934.4,766.8,891.6,695.2,913.0,731.0,0
294,9796,2250721,934.2,766.5,891.2,695.3,912.7,730.9,0
294,9797,2250722,934.1,766.3,890.8,695.4,912.45,730.85,0
294,9798,2250723,934.1,766.2,890.7,695.4,912.4,730.8,0
294,9799,2250724,934.2,766.3,890.5,695.5,912.35,730.9,0
294,9800,2250725,934.2,766.4,890.4,695.5,912.3,730.95,0
295,9801,2250726,934.2,766.5,890.3,695.5,912.25,731.0,0
295,9802,2250727,934.2,766.6,890.2,695.4,912.2,731.0,0
295,9803,2250728,934.2,766.8,890.3,695.2,912.25,731.0,0
295,9804,2250729,934.3,766.9,890.4,695.0,912.35,730.95,0
295,9805,2250730,934.3,767.0,890.5,694.8,912.4,730.9,0
295,9806,2250731,934.3,767.1,890.6,694.6,912.45,730.85,0
295,9807,2250732,934.4,767.1,890.6,694.3,912.5,730.7,0
295,9808,2250733,934.3,767.1,890.5,694.0,912.4,730.55,0
295,9809,2250734,934.3,767.1,890.2,693.5,912.25,730.3,0
295,9810,2250735,934.3,767.1,890.0,693.1,912.15,730.1,0
295,9811,2250736,934.3,767.1,889.7,692.5,912.0,729.8,0
295,9812,2250737,934.3,767.1,889.4,692.0,911.85,729.55,0
295,9813,2250738,934.3,767.1,889.2,691.3,911.75,729.2,0
295,9814,2250739,934.2,767.2,889.1,690.8,911.65,729.0,0
295,9815,2250740,934.3,767.4,889.0,690.4,911.65,728.9,0
295,9816,2250741,934.3,767.6,889.0,690.2,911.65,728.9,0
295,9817,2250742,934.2,768.0,888.9,690.1,911.55,729.05,0
295,9818,2250743,934.1,768.3,888.6,690.5,911.35,729.4,0
295,9819,2250744,933.9,768.9,888.4,690.9,911.15,729.9,0
295,9820,2250745,933.8,769.5,888.2,691.3,911.0,730.4,0
295,9821,2250746,933.7,770.1,887.9,691.7,910.8,730.9,0
295,9822,2250747,933.5,770.7,887.6,692.0,910.55,731.35,0
295,9823,2250748,933.3,771.2,887.3,692.3,910.3,731.75,0
295,9824,2250749,933.1,771.6,887.0,692.7,910.05,732.15,0
295,9825,2250750,933.0,771.7,886.9,692.7,909.95,732.2,0
295,9826,2250751,932.7,771.5,886.7,692.7,909.7,732.1,0
295,9827,2250752,932.3,771.4,886.6,692.8,909.45,732.1,0
295,9828,2250753,931.9,771.1,886.6,692.9,909.25,732.0,0
295,9829,2250754,931.6,771.0,886.6,693.0,909.1,732.0,0
295,9830,2250755,931.4,770.8,886.7,693.2,909.05,732.0,0
295,9831,2250756,931.3,770.8,886.7,693.3,909.0,732.05,0
295,9832,2250757,931.1,771.1,886.8,693.5,908.95,732.3,0
295,9833,2250758,931.2,771.4,886.8,693.5,909.0,732.45,0
296,9834,2250759,931.3,771.7,886.9,693.6,909.1,732.65,0
296,9835,2250760,931.4,771.9,886.9,693.7,909.15,732.8,0
296,9836,2250761,931.4,771.9,886.9,693.8,909.15,732.85,0
296,9837,2250762,931.3,771.8,886.8,693.8,909.05,732.8,0
296,9838,2250763,931.1,771.5,886.8,693.9,908.95,732.7,0
296,9839,2250764,930.8,771.2,886.7,693.9,908.75,732.55,0
296,9840,2250765,930.5,771.0,886.6,693.9,908.55,732.45,0
296,9841,2250766,930.1,770.9,886.5,693.8,908.3,732.35,0
296,9842,2250767,929.6,770.8,886.5,693.7,908.05,732.25,0
296,9843,2250768,929.1,770.6,886.4,693.5,907.75,732.05,0
296,9844,2250769,928.8,770.8,886.3,693.4,907.55,732.1,0
296,9845,2250770,928.4,770.9,886.2,693.3,907.3,732.1,0
296,9846,2250771,928.5,771.1,886.2,693.1,907.35,732.1,0
296,9847,2250772,928.6,771.3,886.2,693.0,907.4,732.15,0
296,9848,2250773,928.8,771.5,886.2,692.9,907.5,732.2,0
296,9849,2250774,929.1,771.7,886.2,692.8,907.65,732.25,0
296,9850,2250775,929.3,771.9,886.2,692.8,907.75,732.35,0
296,9851,2250776,929.6,772.1,886.0,692.8,907.8,732.45,0
296,9852,2250777,929.8,772.2,885.7,692.9,907.75,732.55,0
296,9853,2250778,929.7,772.3,885.4,692.9,907.55,732.6,0
296,9854,2250779,929.7,772.3,884.9,692.9,907.3,732.6,0
296,9855,2250780,929.6,772.1,884.5,692.8,907.05,732.45,0
296,9856,2250781,929.5,771.8,884.0,692.7,906.75,732.25,0
296,9857,2250782,929.5,771.6,883.6,692.7,906.55,732.15,0
296,9858,2250783,929.3,771.4,883.4,692.6,906.35,732.0,0
296,9859,2250784,929.2,771.3,883.4,692.7,906.3,732.0,0
296,9860,2250785,929.0,771.5,883.5,692.8,906.25,732.15,0
296,9861,2250786,928.8,771.6,883.7,692.9,906.25,732.25,0
296,9862,2250787,928.4,771.9,883.9,693.1,906.15,732.5,0
296,9863,2250788,928.1,772.2,884.1,693.4,906.1,732.8,0
296,9864,2250789,927.7,772.5,884.3,693.6,906.0,733.05,0
296,9865,2250790,927.3,772.6,884.5,693.7,905.9,733.15,0
296,9866,2250791,926.8,772.7,884.6,693.6,905.7,733.15,0
297,9867,2250792,926.4,772.6,884.7,693.5,905.55,733.05,0
297,9868,2250793,926.0,772.6,884.8,693.4,905.4,733.0,0
297,9869,2250794,925.7,772.7,884.9,693.2,905.3,732.95,0
297,9870,2250795,925.4,772.8,884.8,693.1,905.1,732.95,0
297,9871,2250796,925.2,772.9,884.8,693.1,905.0,733.0,0
297,9872,2250797,925.0,773.1,884.6,693.0,904.8,733.05,0
297,9873,2250798,925.0,773.3,884.5,693.1,904.75,733.2,0
297,9874,2250799,925.0,773.4,884.5,693.1,904.75,733.25,0
297,9875,2250800,925.0,773.4,884.5,693.2,904.75,733.3,0
297,9876,2250801,925.0,773.3,884.6,693.4,904.8,733.35,0
297,9877,2250802,925.1,773.2,884.8,693.5,904.95,733.35,0
297,9878,2250803,925.1,773.0,885.1,693.6,905.1,733.3,0
297,9879,2250804,925.2,772.8,885.3,693.7,905.25,733.25,0
297,9880,2250805,925.2,772.6,885.5,693.7,905.35,733.15,0
297,9881,2250806,925.1,772.4,885.7,693.5,905.4,732.95,0
297,9882,2250807,925.0,772.1,885.8,693.3,905.4,732.7,0
297,9883,2250808,924.9,771.9,885.9,693.1,905.4,732.5,0
297,9884,2250809,924.8,771.6,885.9,692.9,905.35,732.25,0
297,9885,2250810,924.7,771.3,885.8,692.7,905.25,732.0,0
297,9886,2250811,924.6,771.1,885.6,692.6,905.1,731.85,0
297,9887,2250812,924.6,770.8,885.3,692.5,904.95,731.65,0
297,9888,2250813,924.6,770.6,885.0,692.6,904.8,731.6,0
297,9889,2250814,924.8,770.4,884.7,692.8,904.75,731.6,0
297,9890,2250815,924.9,770.0,884.4,692.9,904.65,731.45,0
297,9891,2250816,924.9,769.7,884.2,693.0,904.55,731.35,0
297,9892,2250817,924.9,769.4,883.9,693.2,904.4,731.3,0
297,9893,2250818,924.9,769.1,883.8,693.4,904.35,731.25,0
297,9894,2250819,924.9,768.8,883.6,693.6,904.25,731.2,0
297,9895,2250820,924.8,768.4,883.4,693.8,904.1,731.1,0
297,9896,2250821,924.7,768.1,883.2,694.0,903.95,731.05,0
297,9897,2250822,924.3,768.0,882.8,694.1,903.55,731.05,0
297,9898,2250823,924.0,767.9,882.2,694.2,903.1,731.05,0
297,9899,2250824,923.6,767.9,881.7,694.3,902.65,731.1,0
297,9900,2250825,923.2,767.8,881.1,694.6,902.15,731.2,0
298,9901,2250826,922.9,767.8,880.7,694.8,901.8,731.3,0
298,9902,2250827,922.6,767.6,880.2,695.1,901.4,731.35,0
298,9903,2250828,922.4,767.4,879.8,695.4,901.1,731.4,0
298,9904,2250829,922.2,767.3,879.5,695.8,900.85,731.55,0
298,9905,2250830,921.9,767.0,879.5,696.6,900.7,731.8,0
298,9906,2250831,921.7,766.7,879.4,697.3,900.55,732.0,0
298,9907,2250832,921.5,766.4,879.3,697.9,900.4,732.15,0
298,9908,2250833,921.3,766.1,879.2,698.3,900.25,732.2,0
298,9909,2250834,921.2,766.0,879.1,698.8,900.15,732.4,0
298,9910,2250835,921.0,766.1,879.0,699.1,900.0,732.6,0
298,9911,2250836,921.1,766.3,878.8,699.5,899.95,732.9,0
298,9912,2250837,921.1,766.5,878.7,699.4,899.9,732.95,0
298,9913,2250838,920.6,766.8,878.3,699.3,899.45,733.05,0
298,9914,2250839,919.6,767.1,878.0,699.3,898.8,733.2,0
298,9915,2250840,918.1,767.4,877.6,699.3,897.85,733.35,0
298,9916,2250841,915.6,767.7,876.1,699.5,895.85,733.6,0
298,9917,2250842,911.9,767.8,873.5,699.8,892.7,733.8,0
298,9918,2250843,907.4,768.5,869.4,700.6,888.4,734.55,0
298,9919,2250844,901.9,769.1,863.2,701.4,882.55,735.25,0
298,9920,2250845,895.3,770.0,855.3,702.7,875.3,736.35,0
298,9921,2250846,887.7,771.7,845.7,704.4,866.7,738.05,0
298,9922,2250847,879.1,773.5,835.0,706.5,857.05,740.0,0
298,9923,2250848,870.5,775.7,824.3,709.0,847.4,742.35,0
298,9924,2250849,862.0,778.6,813.5,712.6,837.75,745.6,0
298,9925,2250850,854.0,781.3,804.2,716.5,829.1,748.9,0
298,9926,2250851,847.0,784.2,796.9,720.4,821.95,752.3,0
298,9927,2250852,841.7,786.8,791.5,724.2,816.6,755.5,0
298,9928,2250853,837.9,788.5,787.9,727.8,812.9,758.15,0
298,9929,2250854,835.7,790.1,786.4,731.0,811.05,760.55,0
298,9930,2250855,834.9,791.3,786.4,733.5,810.65,762.4,0
298,9931,2250856,835.9,791.6,788.0,735.0,811.95,763.3,0
298,9932,2250857,837.9,791.8,790.7,735.8,814.3,763.8,0
298,9933,2250858,840.7,791.7,793.8,736.3,817.25,764.0,0
299,9934,2250859,843.7,791.3,797.6,736.4,820.65,763.85,0
299,9935,2250860,846.8,791.0,801.6,736.2,824.2,763.6,0
299,9936,2250861,849.8,790.6,805.1,736.0,827.45,763.3,0
299,9937,2250862,852.3,790.2,808.4,735.6,830.35,762.9,0
299,9938,2250863,854.3,789.5,811.3,734.6,832.8,762.05,0
299,9939,2250864,855.5,788.7,813.3,733.8,834.4,761.25,0
299,9940,2250865,856.0,787.9,814.5,732.9,835.25,760.4,0
299,9941,2250866,856.4,787.2,815.1,731.8,835.75,759.5,0
299,9942,2250867,855.9,786.5,815.5,730.7,835.7,758.6,0
299,9943,2250868,855.4,785.9,815.5,729.4,835.45,757.65,0
299,9944,2250869,855.0,785.3,815.1,728.2,835.05,756.75,0
299,9945,2250870,854.5,784.9,814.7,727.3,834.6,756.1,0
299,9946,2250871,854.1,784.5,814.2,726.4,834.15,755.45,0
299,9947,2250872,853.7,784.2,814.0,725.6,833.85,754.9,0
299,9948,2250873,853.3,784.1,813.8,725.3,833.55,754.7,0
299,9949,2250874,853.7,784.0,813.5,725.4,833.6,754.7,0
299,9950,2250875,854.0,784.0,813.2,725.5,833.6,754.75,0
299,9951,2250876,854.4,784.1,812.6,725.9,833.5,755.0,0
299,9952,2250877,854.8,784.3,812.0,726.4,833.4,755.35,0
299,9953,2250878,855.1,784.5,811.3,726.8,833.2,755.65,0
299,9954,2250879,855.3,784.8,810.6,727.1,832.95,755.95,0
299,9955,2250880,855.4,785.1,810.0,727.0,832.7,756.05,0
299,9956,2250881,855.3,785.3,809.5,726.7,832.4,756.0,0
299,9957,2250882,855.1,785.3,809.0,726.2,832.05,755.75,0
299,9958,2250883,854.9,784.9,808.8,725.7,831.85,755.3,0
299,9959,2250884,854.8,784.5,808.7,725.2,831.75,754.85,0
299,9960,2250885,854.6,784.1,808.7,724.8,831.65,754.45,0
299,9961,2250886,854.5,783.6,808.9,724.4,831.7,754.0,0
299,9962,2250887,854.5,783.1,809.0,724.3,831.75,753.7,0
299,9963,2250888,854.5,782.7,809.1,724.4,831.8,753.55,0
299,9964,2250889,854.5,782.3,809.2,724.7,831.85,753.5,0
299,9965,2250890,854.6,782.2,809.5,725.0,832.05,753.6,0
299,9966,2250891,854.7,782.1,809.7,725.3,832.2,753.7,0
300,9967,2250892,854.7,782.0,810.0,725.6,832.35,753.8,0
300,9968,2250893,854.8,782.0,810.1,726.0,832.45,754.0,0
300,9969,2250894,854.9,781.9,810.3,726.5,832.6,754.2,0
300,9970,2250895,854.9,781.9,810.4,726.9,832.65,754.4,0
300,9971,2250896,854.9,781.9,810.5,727.2,832.7,754.55,0
300,9972,2250897,854.9,781.9,810.7,727.4,832.8,754.65,0
300,9973,2250898,854.6,782.0,810.9,727.5,832.75,754.75,0
300,9974,2250899,854.3,782.1,811.1,727.5,832.7,754.8,0
300,9975,2250900,854.0,782.1,811.5,727.4,832.75,754.75,0
300,9976,2250901,853.7,782.2,811.9,727.0,832.8,754.6,0
300,9977,2250902,853.4,782.2,812.3,726.6,832.85,754.4,0
300,9978,2250903,853.1,782.2,812.7,726.2,832.9,754.2,0
300,9979,2250904,852.9,782.2,813.0,725.7,832.95,753.95,0
300,9980,2250905,852.9,782.2,813.1,725.3,833.0,753.75,0
300,9981,2250906,852.9,782.2,813.1,724.9,833.0,753.55,0
300,9982,2250907,852.9,782.2,812.9,724.6,832.9,753.4,0
300,9983,2250908,852.8,782.3,812.6,724.3,832.7,753.3,0
300,9984,2250909,852.6,782.4,812.2,723.9,832.4,753.15,0
300,9985,2250910,852.5,782.7,811.7,723.6,832.1,753.15,0
300,9986,2250911,852.3,782.9,811.2,723.4,831.75,753.15,0
300,9987,2250912,852.1,783.2,810.9,723.1,831.5,753.15,0
300,9988,2250913,852.0,783.7,810.6,722.3,831.3,753.0,0
300,9989,2250914,851.9,784.2,810.3,721.6,831.1,752.9,0
300,9990,2250915,851.9,784.7,810.1,720.9,831.0,752.8,0
300,9991,2250916,852.0,785.0,810.0,720.1,831.0,752.55,0
300,9992,2250917,852.1,785.3,810.1,719.2,831.1,752.25,0
300,9993,2250918,852.3,785.5,810.1,718.4,831.2,751.95,0
300,9994,2250919,852.4,785.8,810.0,717.8,831.2,751.8,0
300,9995,2250920,852.6,785.8,810.0,717.6,831.3,751.7,0
300,9996,2250921,852.8,785.8,810.0,717.6,831.4,751.7,0
300,9997,2250922,852.9,785.8,809.9,717.7,831.4,751.75,0
300,9998,2250923,853.0,785.8,809.7,718.0,831.35,751.9,0
300,9999,2250924,853.1,785.8,809.6,718.4,831.35,752.1,0
300,10000,2250925,853.1,785.8,809.5,718.7,831.3,752.25,0
301,10001,2250926,853.0,785.8,809.4,719.3,831.2,752.55,0
301,10002,2250927,852.9,785.8,809.2,719.9,831.05,752.85,0
301,10003,2250928,852.8,785.9,809.1,720.4,830.95,753.15,0
301,10004,2250929,852.7,785.9,808.9,720.8,830.8,753.35,0
301,10005,2250930,852.7,786.3,808.7,721.0,830.7,753.65,0
301,10006,2250931,852.7,786.6,808.5,721.1,830.6,753.85,0
301,10007,2250932,852.6,786.9,808.2,721.2,830.4,754.05,0
301,10008,2250933,852.7,787.2,807.8,720.9,830.25,754.05,0
301,10009,2250934,852.8,787.5,807.5,720.7,830.15,754.1,0
301,10010,2250935,852.9,787.5,807.1,720.5,830.0,754.0,0
301,10011,2250936,852.9,787.6,806.8,720.2,829.85,753.9,0
301,10012,2250937,853.0,787.4,806.6,720.0,829.8,753.7,0
301,10013,2250938,853.0,787.2,806.5,719.8,829.75,753.5,0
301,10014,2250939,853.1,786.5,806.3,719.6,829.7,753.05,0
301,10015,2250940,853.2,785.9,806.2,719.4,829.7,752.65,0
301,10016,2250941,853.2,785.3,806.0,719.2,829.6,752.25,0
301,10017,2250942,853.1,784.8,805.9,719.0,829.5,751.9,0
301,10018,2250943,853.0,784.3,805.8,718.9,829.4,751.6,0
301,10019,2250944,852.8,783.8,805.7,718.7,829.25,751.25,0
301,10020,2250945,852.6,783.3,805.6,718.7,829.1,751.0,0
301,10021,2250946,852.3,783.3,805.6,718.8,828.95,751.05,0
301,10022,2250947,852.1,783.4,805.6,719.0,828.85,751.2,0
301,10023,2250948,851.9,783.4,805.7,719.2,828.8,751.3,0
301,10024,2250949,851.7,783.4,805.7,719.5,828.7,751.45,0
301,10025,2250950,851.6,783.4,805.9,719.9,828.75,751.65,0
301,10026,2250951,851.5,783.4,806.0,720.2,828.75,751.8,0
301,10027,2250952,851.5,783.4,806.1,720.7,828.8,752.05,0
301,10028,2250953,851.4,783.5,805.9,721.0,828.65,752.25,0
301,10029,2250954,851.4,783.5,805.7,721.3,828.55,752.4,0
301,10030,2250955,851.4,783.5,805.4,721.5,828.4,752.5,0
301,10031,2250956,851.3,783.6,805.1,721.7,828.2,752.65,0
301,10032,2250957,851.3,783.6,804.7,721.8,828.0,752.7,0
301,10033,2250958,851.3,783.6,804.4,722.0,827.85,752.8,0
302,10034,2250959,851.2,783.7,804.4,722.1,827.8,752.9,0
302,10035,2250960,851.1,783.6,804.6,722.2,827.85,752.9,0
302,10036,2250961,851.0,783.5,804.8,722.8,827.9,753.15,0
302,10037,2250962,851.0,783.4,805.1,723.4,828.05,753.4,0
302,10038,2250963,850.8,783.3,805.4,724.0,828.1,753.65,0
302,10039,2250964,850.6,783.2,805.6,724.4,828.1,753.8,0
302,10040,2250965,850.4,782.9,805.7,724.9,828.05,753.9,0
302,10041,2250966,850.2,782.7,805.5,725.3,827.85,754.0,0
302,10042,2250967,850.1,782.5,805.3,725.8,827.7,754.15,0
302,10043,2250968,850.0,782.4,805.1,725.9,827.55,754.15,0
302,10044,2250969,849.8,782.2,804.9,726.0,827.35,754.1,0
302,10045,2250970,849.7,782.0,804.6,726.2,827.15,754.1,0
302,10046,2250971,849.7,781.9,804.4,726.4,827.05,754.15,0
302,10047,2250972,849.6,781.9,804.2,726.5,826.9,754.2,0
302,10048,2250973,849.5,781.9,804.2,726.5,826.85,754.2,0
302,10049,2250974,849.3,781.9,804.2,726.3,826.75,754.1,0
302,10050,2250975,849.1,782.1,804.2,726.2,826.65,754.15,0
302,10051,2250976,849.0,782.2,804.3,726.1,826.65,754.15,0
302,10052,2250977,848.8,782.4,804.4,726.1,826.6,754.25,0
302,10053,2250978,848.6,782.7,804.5,726.2,826.55,754.45,0
302,10054,2250979,848.5,783.1,804.5,726.3,826.5,754.7,0
302,10055,2250980,848.4,783.5,804.4,726.8,826.4,755.15,0
302,10056,2250981,848.4,783.8,804.4,727.2,826.4,755.5,0
302,10057,2250982,848.5,784.1,804.2,727.8,826.35,755.95,0
302,10058,2250983,848.6,784.3,804.0,728.4,826.3,756.35,0
302,10059,2250984,848.7,784.5,803.7,728.7,826.2,756.6,0
302,10060,2250985,848.9,784.4,803.3,729.3,826.1,756.85,0
302,10061,2250986,849.0,784.1,802.9,729.8,825.95,756.95,0
302,10062,2250987,849.2,783.8,802.5,730.4,825.85,757.1,0
302,10063,2250988,849.3,783.4,802.1,730.9,825.7,757.15,0
302,10064,2250989,849.4,783.1,801.8,731.5,825.6,757.3,0
302,10065,2250990,849.4,782.8,801.5,732.0,825.45,757.4,0
302,10066,2250991,849.4,782.6,801.3,732.6,825.35,757.6,0
303,10067,2250992,849.4,782.4,801.3,733.0,825.35,757.7,0
303,10068,2250993,849.3,782.6,801.3,733.4,825.3,758.0,0
303,10069,2250994,849.3,782.7,801.3,733.7,825.3,758.2,0
303,10070,2250995,849.2,782.9,801.2,734.0,825.2,758.45,0
303,10071,2250996,849.2,783.1,801.2,734.0,825.2,758.55,0
303,10072,2250997,849.1,783.3,801.1,733.9,825.1,758.6,0
303,10073,2250998,849.2,783.4,801.0,734.0,825.1,758.7,0
303,10074,2250999,849.2,783.4,800.8,733.9,825.0,758.65,0
303,10075,2251000,849.2,783.4,800.7,734.4,824.95,758.9,0
303,10076,2251001,849.2,783.4,800.5,734.9,824.85,759.15,0
303,10077,2251002,849.2,783.4,800.4,735.5,824.8,759.45,0
303,10078,2251003,849.1,783.4,800.2,736.4,824.65,759.9,0
303,10079,2251004,849.1,783.4,800.2,737.2,824.65,760.3,0
303,10080,2251005,849.0,783.3,800.3,738.0,824.65,760.65,0
303,10081,2251006,848.9,783.3,800.3,738.7,824.6,761.0,0
303,10082,2251007,848.9,783.3,800.4,738.8,824.65,761.05,0
303,10083,2251008,848.8,783.4,800.5,738.9,824.65,761.15,0
303,10084,2251009,848.8,783.5,800.5,739.0,824.65,761.25,0
303,10085,2251010,848.7,783.5,800.6,739.0,824.65,761.25,0
303,10086,2251011,848.4,783.5,800.6,738.9,824.5,761.2,0
303,10087,2251012,848.2,783.4,800.7,738.9,824.45,761.15,0
303,10088,2251013,847.9,783.3,800.7,739.2,824.3,761.25,0
303,10089,2251014,847.6,783.3,800.7,739.5,824.15,761.4,0
303,10090,2251015,847.6,783.5,800.7,739.9,824.15,761.7,0
303,10091,2251016,847.6,783.6,800.7,740.2,824.15,761.9,0
303,10092,2251017,847.6,784.1,800.6,740.4,824.1,762.25,0
303,10093,2251018,847.8,784.7,800.6,740.7,824.2,762.7,0
303,10094,2251019,848.0,785.3,800.5,740.9,824.25,763.1,0
303,10095,2251020,848.2,785.8,800.5,741.1,824.35,763.45,0
303,10096,2251021,848.4,786.3,800.4,741.2,824.4,763.75,0
303,10097,2251022,848.4,786.4,800.5,741.3,824.45,763.85,0
303,10098,2251023,848.4,786.6,800.7,741.5,824.55,764.05,0
303,10099,2251024,848.4,786.5,800.9,741.8,824.65,764.15,0
303,10100,2251025,848.8,786.7,801.0,742.3,824.9,764.5,0
304,10101,2251026,849.1,787.1,801.1,742.8,825.1,764.95,0
304,10102,2251027,849.4,787.5,801.2,743.3,825.3,765.4,0
304,10103,2251028,849.7,787.9,801.2,743.8,825.45,765.85,0
304,10104,2251029,850.0,788.3,801.2,744.7,825.6,766.5,0
304,10105,2251030,850.3,788.7,801.0,745.5,825.65,767.1,0
304,10106,2251031,850.4,789.1,800.7,746.2,825.55,767.65,0
304,10107,2251032,850.1,789.2,800.4,746.7,825.25,767.95,0
304,10108,2251033,849.8,789.1,800.1,747.0,824.95,768.05,0
304,10109,2251034,849.6,789.0,799.8,747.2,824.7,768.1,0
304,10110,2251035,849.3,788.9,799.6,747.4,824.45,768.15,0
304,10111,2251036,849.2,788.9,799.3,747.2,824.25,768.05,0
304,10112,2251037,849.1,788.9,799.3,746.9,824.2,767.9,0
304,10113,2251038,849.1,788.9,799.3,746.6,824.2,767.75,0
304,10114,2251039,849.2,788.9,799.5,746.2,824.35,767.55,0
304,10115,2251040,849.3,788.9,799.6,746.0,824.45,767.45,0
304,10116,2251041,849.4,788.9,799.8,745.9,824.6,767.4,0
304,10117,2251042,849.5,789.0,799.9,745.7,824.7,767.35,0
304,10118,2251043,849.6,789.1,799.8,745.6,824.7,767.35,0
304,10119,2251044,849.6,789.3,799.7,745.6,824.65,767.45,0
304,10120,2251045,849.6,789.6,799.5,745.7,824.55,767.65,0
304,10121,2251046,849.2,789.8,799.2,745.8,824.2,767.8,0
304,10122,2251047,848.9,790.2,799.0,745.6,823.95,767.9,0
304,10123,2251048,848.5,790.7,798.9,745.5,823.7,768.1,0
304,10124,2251049,848.2,791.1,798.8,745.4,823.5,768.25,0
304,10125,2251050,847.9,791.4,799.0,745.1,823.45,768.25,0
304,10126,2251051,847.7,791.6,799.1,744.8,823.4,768.2,0
304,10127,2251052,847.6,791.7,799.3,744.4,823.45,768.05,0
304,10128,2251053,847.7,791.7,799.3,744.1,823.5,767.9,0
304,10129,2251054,847.9,791.6,799.3,744.0,823.6,767.8,0
304,10130,2251055,848.0,791.6,799.3,744.0,823.65,767.8,0
304,10131,2251056,848.2,791.4,799.2,744.0,823.7,767.7,0
304,10132,2251057,848.2,791.2,798.9,744.1,823.55,767.65,0
304,10133,2251058,848.1,791.1,798.4,744.2,823.25,767.65,0
305,10134,2251059,848.0,790.9,797.9,744.3,822.95,767.6,0
305,10135,2251060,847.8,790.8,797.3,744.3,822.55,767.55,0
305,10136,2251061,847.6,790.7,796.8,744.4,822.2,767.55,0
305,10137,2251062,847.4,790.6,796.3,744.4,821.85,767.5,0
305,10138,2251063,847.3,790.5,795.9,744.4,821.6,767.45,0
305,10139,2251064,847.0,790.5,795.5,744.4,821.25,767.45,0
305,10140,2251065,846.8,790.4,795.4,744.4,821.1,767.4,0
305,10141,2251066,846.7,790.4,795.5,744.4,821.1,767.4,0
305,10142,2251067,846.6,790.4,795.7,744.5,821.15,767.45,0
305,10143,2251068,846.5,790.3,795.8,744.6,821.15,767.45,0
305,10144,2251069,846.5,790.1,796.0,744.7,821.25,767.4,0
305,10145,2251070,846.5,789.9,796.0,744.9,821.25,767.4,0
305,10146,2251071,846.5,789.7,796.1,745.0,821.3,767.35,0
305,10147,2251072,846.5,789.8,796.2,745.2,821.35,767.5,0
305,10148,2251073,846.6,789.8,796.1,745.3,821.35,767.55,0
305,10149,2251074,846.7,789.9,795.8,745.4,821.25,767.65,0
305,10150,2251075,846.9,790.0,795.6,745.5,821.25,767.75,0
305,10151,2251076,847.0,790.1,795.4,745.6,821.2,767.85,0
305,10152,2251077,847.2,790.3,795.3,745.6,821.25,767.95,0
305,10153,2251078,847.4,790.4,795.1,746.1,821.25,768.25,0
305,10154,2251079,847.6,790.3,795.0,746.6,821.3,768.45,0
305,10155,2251080,847.8,790.3,794.9,747.1,821.35,768.7,0
305,10156,2251081,847.9,790.2,795.1,747.7,821.5,768.95,0
305,10157,2251082,847.9,790.3,795.1,748.2,821.5,769.25,0
305,10158,2251083,848.0,790.4,794.9,748.7,821.45,769.55,0
305,10159,2251084,848.0,790.5,794.7,749.2,821.35,769.85,0
305,10160,2251085,848.1,790.6,794.6,749.3,821.35,769.95,0
305,10161,2251086,848.2,790.8,794.2,749.3,821.2,770.05,0
305,10162,2251087,848.2,790.9,793.9,749.3,821.05,770.1,0
305,10163,2251088,848.1,791.1,793.5,749.2,820.8,770.15,0
305,10164,2251089,848.1,791.2,793.2,749.2,820.65,770.2,0
305,10165,2251090,848.0,791.2,793.0,749.1,820.5,770.15,0
305,10166,2251091,847.9,791.1,792.7,749.0,820.3,770.05,0
306,10167,2251092,847.8,791.0,792.3,748.9,820.05,769.95,0
306,10168,2251093,847.7,790.8,792.0,748.8,819.85,769.8,0
306,10169,2251094,847.5,790.6,791.8,748.8,819.65,769.7,0
306,10170,2251095,847.5,790.4,791.8,748.7,819.65,769.55,0
306,10171,2251096,847.5,790.2,791.7,748.6,819.6,769.4,0
306,10172,2251097,847.4,790.0,791.7,748.3,819.55,769.15,0
306,10173,2251098,847.4,789.8,791.6,748.0,819.5,768.9,0
306,10174,2251099,847.3,789.6,791.8,747.7,819.55,768.65,0
306,10175,2251100,847.2,789.5,791.9,747.4,819.55,768.45,0
306,10176,2251101,847.1,789.4,792.0,747.3,819.55,768.35,0
306,10177,2251102,847.0,789.2,792.1,747.2,819.55,768.2,0
306,10178,2251103,846.8,789.1,792.2,747.2,819.5,768.15,0
306,10179,2251104,846.6,789.0,792.4,747.1,819.5,768.05,0
306,10180,2251105,846.4,789.0,792.5,747.0,819.45,768.0,0
306,10181,2251106,846.1,789.0,792.4,746.8,819.25,767.9,0
306,10182,2251107,845.9,789.1,792.3,746.6,819.1,767.85,0
306,10183,2251108,845.6,789.1,792.2,746.4,818.9,767.75,0
306,10184,2251109,845.5,789.1,792.0,746.1,818.75,767.6,0
306,10185,2251110,845.4,789.2,791.8,745.7,818.6,767.45,0
306,10186,2251111,845.3,789.3,791.6,745.0,818.45,767.15,0
306,10187,2251112,845.3,789.3,791.4,744.5,818.35,766.9,0
306,10188,2251113,845.4,789.4,791.4,744.0,818.4,766.7,0
306,10189,2251114,845.5,789.5,791.3,743.4,818.4,766.45,0
306,10190,2251115,845.7,789.5,791.4,742.9,818.55,766.2,0
306,10191,2251116,845.8,789.5,791.4,742.4,818.6,765.95,0
306,10192,2251117,845.9,789.5,791.4,742.1,818.65,765.8,0
306,10193,2251118,846.1,789.4,791.4,742.3,818.75,765.85,0
306,10194,2251119,846.3,789.2,791.4,742.9,818.85,766.05,0
306,10195,2251120,846.5,788.8,791.8,743.5,819.15,766.15,0
306,10196,2251121,846.8,788.5,792.2,744.1,819.5,766.3,0
306,10197,2251122,847.1,788.1,792.6,744.8,819.85,766.45,0
306,10198,2251123,847.5,787.8,793.1,745.4,820.3,766.6,0
306,10199,2251124,847.8,788.0,793.5,746.1,820.65,767.05,0
306,10200,2251125,848.0,788.2,793.9,746.6,820.95,767.4,0
307,10201,2251126,848.2,788.5,794.3,746.8,821.25,767.65,0
307,10202,2251127,848.3,789.0,794.5,747.0,821.4,768.0,0
307,10203,2251128,848.3,789.5,794.6,747.2,821.45,768.35,0
307,10204,2251129,848.3,790.0,794.8,747.5,821.55,768.75,0
307,10205,2251130,848.2,790.5,794.9,747.7,821.55,769.1,0
307,10206,2251131,848.1,790.5,795.0,747.9,821.55,769.2,0
307,10207,2251132,848.0,790.6,794.9,748.1,821.45,769.35,0
307,10208,2251133,847.9,790.5,794.7,748.3,821.3,769.4,0
307,10209,2251134,847.7,790.5,794.6,748.7,821.15,769.6,0
307,10210,2251135,847.6,790.3,794.2,749.0,820.9,769.65,0
307,10211,2251136,847.5,790.1,793.8,749.2,820.65,769.65,0
307,10212,2251137,847.3,789.9,793.4,749.4,820.35,769.65,0
307,10213,2251138,847.1,789.6,792.9,749.5,820.0,769.55,0
307,10214,2251139,846.8,789.3,792.4,749.7,819.6,769.5,0
307,10215,2251140,846.5,789.2,791.9,749.8,819.2,769.5,0
307,10216,2251141,846.2,789.1,791.4,749.8,818.8,769.45,0
307,10217,2251142,845.9,789.2,791.0,749.8,818.45,769.5,0
307,10218,2251143,845.6,789.2,790.6,749.8,818.1,769.5,0
307,10219,2251144,845.5,789.2,790.4,749.8,817.95,769.5,0
307,10220,2251145,845.5,789.3,790.2,749.8,817.85,769.55,0
307,10221,2251146,845.6,789.3,790.3,749.8,817.95,769.55,0
307,10222,2251147,845.8,789.2,790.4,749.7,818.1,769.45,0
307,10223,2251148,846.0,789.1,790.6,749.5,818.3,769.3,0
307,10224,2251149,846.2,789.1,790.8,749.3,818.5,769.2,0
307,10225,2251150,846.4,789.1,791.0,749.0,818.7,769.05,0
307,10226,2251151,846.6,789.4,791.4,748.4,819.0,768.9,0
307,10227,2251152,846.8,789.8,791.7,747.6,819.25,768.7,0
307,10228,2251153,846.9,790.1,792.0,747.0,819.45,768.55,0
307,10229,2251154,847.0,790.5,792.2,746.4,819.6,768.45,0
307,10230,2251155,847.2,790.7,792.4,745.8,819.8,768.25,0
307,10231,2251156,847.4,790.9,792.6,745.3,820.0,768.1,0
307,10232,2251157,847.5,791.0,792.9,744.9,820.2,767.95,0
307,10233,2251158,847.7,790.9,792.9,744.7,820.3,767.8,0
308,10234,2251159,847.9,790.7,792.9,744.7,820.4,767.7,0
308,10235,2251160,848.0,790.5,792.8,744.6,820.4,767.55,0
308,10236,2251161,848.1,790.3,792.7,744.6,820.4,767.45,0
308,10237,2251162,848.2,790.2,792.5,744.6,820.35,767.4,0
308,10238,2251163,848.2,790.3,792.3,744.7,820.25,767.5,0
308,10239,2251164,848.2,790.5,792.1,744.8,820.15,767.65,0
308,10240,2251165,848.2,790.7,791.9,745.0,820.05,767.85,0
308,10241,2251166,848.0,791.0,792.0,745.2,820.0,768.1,0
308,10242,2251167,847.7,791.6,792.3,745.4,820.0,768.5,0
308,10243,2251168,847.3,792.3,792.6,745.6,819.95,768.95,0
308,10244,2251169,846.9,793.0,792.9,745.8,819.9,769.4,0
308,10245,2251170,846.4,793.5,793.3,746.2,819.85,769.85,0
308,10246,2251171,845.9,793.9,793.8,746.6,819.85,770.25,0
308,10247,2251172,845.5,794.0,794.5,747.0,820.0,770.5,0
308,10248,2251173,845.1,794.1,794.9,747.3,820.0,770.7,0
308,10249,2251174,845.0,793.8,795.2,747.7,820.1,770.75,0
308,10250,2251175,845.0,793.3,795.5,748.1,820.25,770.7,0
308,10251,2251176,845.1,792.6,795.8,748.4,820.45,770.5,0
308,10252,2251177,845.3,792.0,796.0,748.6,820.65,770.3,0
308,10253,2251178,845.5,791.4,796.0,748.6,820.75,770.0,0
308,10254,2251179,845.6,791.0,795.6,748.5,820.6,769.75,0
308,10255,2251180,845.8,790.6,795.1,748.4,820.45,769.5,0
308,10256,2251181,845.9,790.3,794.4,748.3,820.15,769.3,0
308,10257,2251182,845.9,790.2,793.7,748.3,819.8,769.25,0
308,10258,2251183,845.8,790.7,792.9,748.2,819.35,769.45,0
308,10259,2251184,845.8,791.1,792.2,748.2,819.0,769.65,0
308,10260,2251185,846.0,791.6,791.6,748.1,818.8,769.85,0
308,10261,2251186,846.2,792.0,791.2,747.9,818.7,769.95,0
308,10262,2251187,846.4,792.7,791.0,747.8,818.7,770.25,0
308,10263,2251188,846.8,793.3,791.0,747.6,818.9,770.45,0
308,10264,2251189,847.3,793.8,791.1,747.4,819.2,770.6,0
308,10265,2251190,848.0,794.0,791.3,747.3,819.65,770.65,0
308,10266,2251191,848.5,794.1,791.4,747.1,819.95,770.6,0
309,10267,2251192,848.9,794.3,791.5,746.9,820.2,770.6,0
309,10268,2251193,849.1,794.4,791.6,747.0,820.35,770.7,0
309,10269,2251194,849.2,794.4,791.7,747.0,820.45,770.7,0
309,10270,2251195,849.1,794.3,791.9,747.0,820.5,770.65,0
309,10271,2251196,849.0,794.3,792.1,747.0,820.55,770.65,0
309,10272,2251197,848.7,794.3,792.6,747.1,820.65,770.7,0
309,10273,2251198,848.4,794.3,793.0,747.1,820.7,770.7,0
309,10274,2251199,848.1,794.4,793.4,747.2,820.75,770.8,0
309,10275,2251200,847.9,794.5,793.8,747.3,820.85,770.9,0
309,10276,2251201,847.8,794.7,794.3,747.3,821.05,771.0,0
309,10277,2251202,847.5,795.0,794.7,747.4,821.1,771.2,0
309,10278,2251203,847.3,795.3,795.0,747.4,821.15,771.35,0
309,10279,2251204,847.0,795.5,795.0,747.5,821.0,771.5,0
309,10280,2251205,846.8,795.8,795.0,747.6,820.9,771.7,0
309,10281,2251206,846.6,796.1,794.9,747.7,820.75,771.9,0
309,10282,2251207,846.4,796.3,794.7,747.6,820.55,771.95,0
309,10283,2251208,846.2,796.1,794.5,747.5,820.35,771.8,0
309,10284,2251209,846.1,795.9,794.2,747.3,820.15,771.6,0
309,10285,2251210,846.0,795.7,794.1,747.1,820.05,771.4,0
309,10286,2251211,845.9,795.4,794.0,746.8,819.95,771.1,0
309,10287,2251212,845.8,795.2,794.0,746.5,819.9,770.85,0
309,10288,2251213,845.8,795.0,793.9,746.3,819.85,770.65,0
309,10289,2251214,845.8,794.9,794.0,746.4,819.9,770.65,0
309,10290,2251215,845.7,794.8,794.1,746.5,819.9,770.65,0
309,10291,2251216,845.7,794.8,794.2,746.6,819.95,770.7,0
309,10292,2251217,845.7,794.9,794.3,746.7,820.0,770.8,0
309,10293,2251218,845.7,795.0,794.5,746.9,820.1,770.95,0
309,10294,2251219,845.6,795.1,794.9,747.0,820.25,771.05,0
309,10295,2251220,845.6,795.2,795.3,747.1,820.45,771.15,0
309,10296,2251221,845.5,795.4,795.8,747.4,820.65,771.4,0
309,10297,2251222,845.5,795.6,796.3,747.8,820.9,771.7,0
309,10298,2251223,845.7,795.8,796.7,748.1,821.2,771.95,0
309,10299,2251224,846.0,796.2,797.1,748.4,821.55,772.3,0
309,10300,2251225,846.2,796.6,797.3,748.6,821.75,772.6,0
310,10301,2251226,846.5,797.0,797.4,748.8,821.95,772.9,0
310,10302,2251227,846.8,797.3,797.3,749.1,822.05,773.2,0
310,10303,2251228,847.1,797.7,797.3,748.9,822.2,773.3,0
310,10304,2251229,847.5,798.1,797.2,748.7,822.35,773.4,0
310,10305,2251230,847.8,798.4,797.1,748.5,822.45,773.45,0
310,10306,2251231,847.9,798.5,797.0,748.3,822.45,773.4,0
310,10307,2251232,848.2,798.6,796.9,748.2,822.55,773.4,0
310,10308,2251233,848.5,799.0,796.9,748.1,822.7,773.55,0
310,10309,2251234,848.7,799.5,796.7,748.0,822.7,773.75,0
310,10310,2251235,848.9,800.0,796.6,747.9,822.75,773.95,0
310,10311,2251236,849.0,800.5,796.4,748.0,822.7,774.25,0
310,10312,2251237,849.1,801.0,796.2,748.1,822.65,774.55,0
310,10313,2251238,849.1,801.5,796.1,748.1,822.6,774.8,0
310,10314,2251239,848.8,802.0,795.9,748.1,822.35,775.05,0
310,10315,2251240,848.6,802.2,795.8,748.1,822.2,775.15,0
310,10316,2251241,848.4,802.3,795.8,748.0,822.1,775.15,0
310,10317,2251242,848.2,802.3,795.9,748.0,822.05,775.15,0
310,10318,2251243,848.0,802.5,796.0,748.0,822.0,775.25,0
310,10319,2251244,847.9,802.6,796.2,747.9,822.05,775.25,0
310,10320,2251245,847.7,802.9,796.5,747.9,822.1,775.4,0
310,10321,2251246,847.6,803.2,796.7,747.9,822.15,775.55,0
310,10322,2251247,847.6,803.5,797.0,748.1,822.3,775.8,0
310,10323,2251248,847.5,803.8,797.2,748.2,822.35,776.0,0
310,10324,2251249,847.4,804.1,797.4,748.3,822.4,776.2,0
310,10325,2251250,847.4,804.5,797.9,748.3,822.65,776.4,0
310,10326,2251251,847.3,805.1,798.2,748.3,822.75,776.7,0
310,10327,2251252,847.3,805.6,798.6,748.3,822.95,776.95,0
310,10328,2251253,847.4,806.1,799.1,748.4,823.25,777.25,0
310,10329,2251254,847.5,806.5,799.5,748.7,823.5,777.6,0
310,10330,2251255,847.6,807.0,799.8,749.0,823.7,778.0,0
310,10331,2251256,847.7,807.3,800.0,749.2,823.85,778.25,0
310,10332,2251257,847.8,807.4,800.0,749.3,823.9,778.35,0
310,10333,2251258,847.9,807.3,800.0,749.4,823.95,778.35,0
311,10334,2251259,847.9,807.1,799.9,749.4,823.9,778.25,0
311,10335,2251260,847.9,806.6,799.8,749.4,823.85,778.0,0
311,10336,2251261,847.9,806.2,799.8,749.3,823.85,777.75,0
311,10337,2251262,847.9,805.7,799.7,749.1,823.8,777.4,0
311,10338,2251263,848.0,805.1,799.6,749.0,823.8,777.05,0
311,10339,2251264,848.0,804.6,799.5,749.1,823.75,776.85,0
311,10340,2251265,848.1,804.0,799.4,749.2,823.75,776.6,0
311,10341,2251266,848.2,803.5,799.3,749.3,823.75,776.4,0
311,10342,2251267,848.3,803.3,799.3,749.2,823.8,776.25,0
311,10343,2251268,848.3,803.1,799.2,749.1,823.75,776.1,0
311,10344,2251269,848.4,802.8,799.3,748.8,823.85,775.8,0
311,10345,2251270,848.3,802.6,799.4,748.5,823.85,775.55,0
311,10346,2251271,848.3,802.4,799.5,748.2,823.9,775.3,0
311,10347,2251272,848.2,802.3,799.7,747.9,823.95,775.1,0
311,10348,2251273,848.1,802.3,799.9,747.6,824.0,774.95,0
311,10349,2251274,848.0,802.2,800.1,747.4,824.05,774.8,0
311,10350,2251275,848.0,802.2,800.4,747.0,824.2,774.6,0
311,10351,2251276,848.0,802.3,800.6,746.8,824.3,774.55,0
311,10352,2251277,847.9,802.6,801.0,746.5,824.45,774.55,0
311,10353,2251278,847.9,802.9,801.4,746.1,824.65,774.5,0
311,10354,2251279,847.9,803.3,801.8,745.8,824.85,774.55,0
311,10355,2251280,848.0,803.6,802.0,745.5,825.0,774.55,0
311,10356,2251281,848.0,803.9,802.3,745.2,825.15,774.55,0
311,10357,2251282,848.1,804.2,802.5,745.0,825.3,774.6,0
311,10358,2251283,848.1,804.3,802.8,744.8,825.45,774.55,0
311,10359,2251284,848.2,804.2,803.0,744.6,825.6,774.4,0
311,10360,2251285,848.2,804.1,803.1,744.3,825.65,774.2,0
311,10361,2251286,848.3,804.0,803.2,744.1,825.75,774.05,0
311,10362,2251287,848.3,803.8,803.4,743.9,825.85,773.85,0
311,10363,2251288,848.3,803.6,803.5,743.7,825.9,773.65,0
311,10364,2251289,848.3,803.4,803.6,743.7,825.95,773.55,0
311,10365,2251290,848.3,803.3,803.7,743.7,826.0,773.5,0
311,10366,2251291,848.1,803.1,804.0,743.8,826.05,773.45,0
312,10367,2251292,847.9,803.0,804.2,743.9,826.05,773.45,0
312,10368,2251293,847.7,802.8,804.4,744.1,826.05,773.45,0
312,10369,2251294,847.4,802.8,804.6,744.2,826.0,773.5,0
312,10370,2251295,847.2,802.8,804.9,744.3,826.05,773.55,0
312,10371,2251296,847.1,802.8,805.1,744.3,826.1,773.55,0
312,10372,2251297,847.1,802.9,805.2,744.3,826.15,773.6,0
312,10373,2251298,847.2,803.1,805.3,744.3,826.25,773.7,0
312,10374,2251299,847.3,803.3,805.4,744.2,826.35,773.75,0
312,10375,2251300,847.5,803.6,805.5,743.9,826.5,773.75,0
312,10376,2251301,847.6,803.8,805.7,743.6,826.65,773.7,0
312,10377,2251302,847.7,804.0,805.8,743.3,826.75,773.65,0
312,10378,2251303,847.8,804.1,806.0,743.1,826.9,773.6,0
312,10379,2251304,848.0,804.2,806.2,742.8,827.1,773.5,0
312,10380,2251305,848.1,804.1,806.3,742.6,827.2,773.35,0
312,10381,2251306,848.3,804.1,806.4,742.4,827.35,773.25,0
312,10382,2251307,848.5,804.1,806.6,742.3,827.55,773.2,0
312,10383,2251308,848.7,804.3,806.7,742.2,827.7,773.25,0
312,10384,2251309,849.0,804.4,806.8,742.0,827.9,773.2,0
312,10385,2251310,849.2,804.6,806.9,742.0,828.05,773.3,0
312,10386,2251311,849.4,804.8,806.9,741.9,828.15,773.35,0
312,10387,2251312,849.6,805.1,806.9,742.0,828.25,773.55,0
312,10388,2251313,850.0,805.4,806.9,742.0,828.45,773.7,0
312,10389,2251314,850.3,805.6,806.9,742.1,828.6,773.85,0
312,10390,2251315,850.6,805.6,806.9,742.1,828.75,773.85,0
312,10391,2251316,850.8,805.6,806.9,742.2,828.85,773.9,0
312,10392,2251317,850.8,805.7,807.0,742.1,828.9,773.9,0
312,10393,2251318,850.9,805.4,807.2,742.1,829.05,773.75,0
312,10394,2251319,850.9,805.1,807.5,742.0,829.2,773.55,0
312,10395,2251320,850.9,804.7,807.8,742.0,829.35,773.35,0
312,10396,2251321,850.8,804.3,808.2,742.1,829.5,773.2,0
312,10397,2251322,850.9,804.0,808.5,742.1,829.7,773.05,0
312,10398,2251323,850.9,803.8,808.8,742.1,829.85,772.95,0
312,10399,2251324,851.1,803.7,808.9,742.1,830.0,772.9,0
312,10400,2251325,851.2,803.9,809.1,741.9,830.15,772.9,0
313,10401,2251326,851.3,804.3,809.1,741.8,830.2,773.05,0
313,10402,2251327,851.4,804.6,809.1,741.7,830.25,773.15,0
313,10403,2251328,851.5,804.9,809.1,741.5,830.3,773.2,0
313,10404,2251329,851.5,805.1,809.0,741.3,830.25,773.2,0
313,10405,2251330,851.6,804.9,809.0,741.2,830.3,773.05,0
313,10406,2251331,851.6,804.7,808.9,741.0,830.25,772.85,0
313,10407,2251332,851.8,804.4,808.9,740.2,830.35,772.3,0
313,10408,2251333,851.9,804.1,809.0,739.4,830.45,771.75,0
313,10409,2251334,852.0,804.0,809.0,738.6,830.5,771.3,0
313,10410,2251335,852.1,804.0,809.2,737.9,830.65,770.95,0
313,10411,2251336,852.2,804.0,809.4,737.4,830.8,770.7,0
313,10412,2251337,852.3,804.2,809.6,736.9,830.95,770.55,0
313,10413,2251338,852.3,804.5,809.8,736.6,831.05,770.55,0
313,10414,2251339,852.5,804.7,809.9,737.1,831.2,770.9,0
313,10415,2251340,852.6,805.0,810.1,737.6,831.35,771.3,0
313,10416,2251341,852.9,805.2,810.2,738.0,831.55,771.6,0
313,10417,2251342,853.2,805.3,810.2,738.1,831.7,771.7,0
313,10418,2251343,853.5,805.3,810.1,738.2,831.8,771.75,0
313,10419,2251344,853.6,805.2,810.0,738.2,831.8,771.7,0
313,10420,2251345,853.6,804.9,809.9,738.1,831.75,771.5,0
313,10421,2251346,853.7,804.6,809.8,737.9,831.75,771.25,0
313,10422,2251347,853.9,804.1,809.6,737.7,831.75,770.9,0
313,10423,2251348,854.3,803.6,809.2,737.6,831.75,770.6,0
313,10424,2251349,854.7,803.0,808.9,737.7,831.8,770.35,0
313,10425,2251350,855.1,802.4,808.6,738.0,831.85,770.2,0
313,10426,2251351,855.6,802.0,808.6,738.2,832.1,770.1,0
313,10427,2251352,856.0,801.7,808.5,738.5,832.25,770.1,0
313,10428,2251353,856.3,801.5,808.5,738.6,832.4,770.05,0
313,10429,2251354,856.6,801.3,808.5,738.6,832.55,769.95,0
313,10430,2251355,856.5,801.2,808.8,738.5,832.65,769.85,0
313,10431,2251356,856.4,801.1,809.1,738.5,832.75,769.8,0
313,10432,2251357,856.5,801.0,809.4,738.2,832.95,769.6,0
313,10433,2251358,856.6,800.9,809.5,738.0,833.05,769.45,0
314,10434,2251359,856.8,800.8,809.7,737.8,833.25,769.3,0
314,10435,2251360,857.0,800.7,810.0,737.8,833.5,769.25,0
314,10436,2251361,857.2,800.5,810.2,737.9,833.7,769.2,0
314,10437,2251362,857.3,800.5,810.4,738.1,833.85,769.3,0
314,10438,2251363,857.3,800.5,810.6,738.4,833.95,769.45,0
314,10439,2251364,857.3,800.4,810.7,738.6,834.0,769.5,0
314,10440,2251365,857.3,800.4,810.9,738.8,834.1,769.6,0
314,10441,2251366,857.3,800.4,811.0,739.1,834.15,769.75,0
314,10442,2251367,857.3,800.5,811.0,739.1,834.15,769.8,0
314,10443,2251368,857.4,800.6,811.0,739.0,834.2,769.8,0
314,10444,2251369,857.7,800.7,811.0,738.5,834.35,769.6,0
314,10445,2251370,857.9,800.7,811.1,738.0,834.5,769.35,0
314,10446,2251371,858.1,800.6,811.1,737.5,834.6,769.05,0
314,10447,2251372,858.4,800.6,811.1,737.0,834.75,768.8,0
314,10448,2251373,859.0,800.4,811.2,736.5,835.1,768.45,0
314,10449,2251374,859.5,800.3,811.2,736.1,835.35,768.2,0
314,10450,2251375,860.1,800.1,811.3,735.6,835.7,767.85,0
314,10451,2251376,860.6,799.7,811.4,735.4,836.0,767.55,0
314,10452,2251377,861.1,799.5,811.5,735.2,836.3,767.35,0
314,10453,2251378,861.7,799.3,811.8,735.0,836.75,767.15,0
314,10454,2251379,862.3,799.2,812.0,734.9,837.15,767.05,0
314,10455,2251380,862.5,799.0,812.2,734.7,837.35,766.85,0
314,10456,2251381,862.7,798.8,812.7,734.5,837.7,766.65,0
314,10457,2251382,862.8,798.7,813.2,734.6,838.0,766.65,0
314,10458,2251383,862.8,798.7,813.8,734.4,838.3,766.55,0
314,10459,2251384,862.9,798.6,814.3,734.2,838.6,766.4,0
314,10460,2251385,863.1,798.7,814.7,733.9,838.9,766.3,0
314,10461,2251386,863.2,798.8,815.0,733.6,839.1,766.2,0
314,10462,2251387,863.4,799.0,815.3,733.2,839.35,766.1,0
314,10463,2251388,863.7,799.1,815.4,732.7,839.55,765.9,0
314,10464,2251389,863.9,799.3,815.5,732.1,839.7,765.7,0
314,10465,2251390,864.2,799.5,815.6,731.9,839.9,765.7,0
314,10466,2251391,864.6,799.7,815.6,731.8,840.1,765.75,0
315,10467,2251392,864.9,799.8,815.7,731.6,840.3,765.7,0
315,10468,2251393,865.3,799.8,815.8,731.4,840.55,765.6,0
315,10469,2251394,865.6,799.6,816.2,731.3,840.9,765.45,0
315,10470,2251395,866.0,799.2,816.7,731.1,841.35,765.15,0
315,10471,2251396,866.4,798.9,817.1,731.1,841.75,765.0,0
315,10472,2251397,866.7,798.5,817.5,730.9,842.1,764.7,0
315,10473,2251398,867.1,798.1,818.0,730.7,842.55,764.4,0
315,10474,2251399,867.3,797.6,818.4,730.4,842.85,764.0,0
315,10475,2251400,867.6,797.2,818.9,730.2,843.25,763.7,0
315,10476,2251401,867.8,796.9,819.1,730.3,843.45,763.6,0
315,10477,2251402,868.1,796.7,819.5,730.6,843.8,763.65,0
315,10478,2251403,868.2,796.5,820.0,730.8,844.1,763.65,0
315,10479,2251404,868.7,796.3,820.6,731.0,844.65,763.65,0
315,10480,2251405,869.1,796.2,821.2,731.2,845.15,763.7,0
315,10481,2251406,869.4,796.1,821.7,731.4,845.55,763.75,0
315,10482,2251407,869.7,796.0,822.2,731.5,845.95,763.75,0
315,10483,2251408,870.0,795.8,822.7,731.5,846.35,763.65,0
315,10484,2251409,870.3,795.7,823.0,731.3,846.65,763.5,0
315,10485,2251410,870.6,795.6,823.5,731.1,847.05,763.35,0
315,10486,2251411,870.6,795.6,823.8,730.9,847.2,763.25,0
315,10487,2251412,870.7,795.5,824.4,730.7,847.55,763.1,0
315,10488,2251413,871.0,795.4,825.0,730.8,848.0,763.1,0
315,10489,2251414,871.2,795.3,825.6,730.9,848.4,763.1,0
315,10490,2251415,871.4,795.3,826.2,731.1,848.8,763.2,0
315,10491,2251416,871.7,795.1,827.0,731.0,849.35,763.05,0
315,10492,2251417,872.0,794.9,827.6,730.8,849.8,762.85,0
315,10493,2251418,872.5,794.7,828.2,730.7,850.35,762.7,0
315,10494,2251419,872.8,794.5,828.5,730.5,850.65,762.5,0
315,10495,2251420,873.1,794.2,828.8,730.2,850.95,762.2,0
315,10496,2251421,873.5,794.0,829.2,729.8,851.35,761.9,0
315,10497,2251422,873.9,793.7,829.5,729.4,851.7,761.55,0
315,10498,2251423,874.2,793.6,829.6,729.2,851.9,761.4,0
315,10499,2251424,874.8,793.5,829.7,729.0,852.25,761.25,0
315,10500,2251425,875.3,793.5,829.7,728.9,852.5,761.2,0
316,10501,2251426,875.8,793.6,829.8,728.7,852.8,761.15,0
316,10502,2251427,876.2,793.8,829.8,728.7,853.0,761.25,0
316,10503,2251428,876.5,794.1,829.8,728.6,853.15,761.35,0
316,10504,2251429,876.8,794.3,829.7,728.9,853.25,761.6,0
316,10505,2251430,877.2,794.4,829.5,729.3,853.35,761.85,0
316,10506,2251431,877.2,794.5,829.4,729.6,853.3,762.05,0
316,10507,2251432,877.3,794.5,829.1,729.9,853.2,762.2,0
316,10508,2251433,877.7,794.3,828.9,730.2,853.3,762.25,0
316,10509,2251434,878.1,794.0,828.3,730.4,853.2,762.2,0
316,10510,2251435,878.6,793.8,827.8,730.4,853.2,762.1,0
316,10511,2251436,879.1,793.6,827.4,730.3,853.25,761.95,0
316,10512,2251437,879.6,793.4,827.0,730.0,853.3,761.7,0
316,10513,2251438,880.1,793.2,826.6,729.6,853.35,761.4,0
316,10514,2251439,880.6,793.0,826.4,728.6,853.5,760.8,0
316,10515,2251440,880.7,792.6,826.2,727.6,853.45,760.1,0
316,10516,2251441,880.9,792.2,826.2,726.8,853.55,759.5,0
316,10517,2251442,881.0,791.9,826.3,726.0,853.65,758.95,0
316,10518,2251443,881.2,791.6,826.5,725.4,853.85,758.5,0
316,10519,2251444,881.3,791.3,826.7,725.0,854.0,758.15,0
316,10520,2251445,881.3,791.0,827.2,724.6,854.25,757.8,0
316,10521,2251446,881.4,790.8,827.7,724.8,854.55,757.8,0
316,10522,2251447,881.5,790.9,828.2,724.8,854.85,757.85,0
316,10523,2251448,881.6,790.9,828.8,724.7,855.2,757.8,0
316,10524,2251449,881.6,790.9,829.4,724.6,855.5,757.75,0
316,10525,2251450,882.0,790.8,829.9,724.3,855.95,757.55,0
316,10526,2251451,882.4,790.7,830.6,724.0,856.5,757.35,0
316,10527,2251452,882.8,790.6,831.1,723.7,856.95,757.15,0
316,10528,2251453,883.2,790.5,831.5,723.3,857.35,756.9,0
316,10529,2251454,883.6,790.3,832.3,723.0,857.95,756.65,0
316,10530,2251455,884.0,790.2,833.1,722.7,858.55,756.45,0
316,10531,2251456,884.4,790.0,834.0,722.4,859.2,756.2,0
316,10532,2251457,884.5,789.9,835.0,722.2,859.75,756.05,0
316,10533,2251458,884.6,789.7,835.7,722.0,860.15,755.85,0
317,10534,2251459,884.8,789.6,836.4,721.9,860.6,755.75,0
317,10535,2251460,884.9,789.4,837.2,721.9,861.05,755.65,0
317,10536,2251461,885.0,789.2,837.6,721.8,861.3,755.5,0
317,10537,2251462,885.2,788.8,838.1,721.7,861.65,755.25,0
317,10538,2251463,885.5,788.4,838.6,721.6,862.05,755.0,0
317,10539,2251464,885.8,787.9,839.0,721.4,862.4,754.65,0
317,10540,2251465,886.1,787.3,839.4,721.1,862.75,754.2,0
317,10541,2251466,886.5,786.6,840.0,721.1,863.25,753.85,0
317,10542,2251467,886.9,786.0,840.7,721.1,863.8,753.55,0
317,10543,2251468,887.2,785.4,841.4,721.4,864.3,753.4,0
317,10544,2251469,887.6,784.4,842.0,721.7,864.8,753.05,0
317,10545,2251470,888.0,783.4,842.4,722.0,865.2,752.7,0
317,10546,2251471,888.4,782.4,843.1,722.4,865.75,752.4,0
317,10547,2251472,888.8,781.7,843.8,722.8,866.3,752.25,0
317,10548,2251473,889.1,780.9,844.2,722.9,866.65,751.9,0
317,10549,2251474,889.4,780.1,844.8,723.0,867.1,751.55,0
317,10550,2251475,889.7,779.4,845.3,723.0,867.5,751.2,0
317,10551,2251476,890.2,779.1,846.0,723.1,868.1,751.1,0
317,10552,2251477,890.5,778.6,846.7,723.1,868.6,750.85,0
317,10553,2251478,890.9,778.0,847.2,723.2,869.05,750.6,0
317,10554,2251479,891.5,777.4,847.9,723.3,869.7,750.35,0
317,10555,2251480,892.1,776.8,848.7,723.2,870.4,750.0,0
317,10556,2251481,892.6,776.3,849.0,723.1,870.8,749.7,0
317,10557,2251482,893.2,775.6,849.5,723.1,871.35,749.35,0
317,10558,2251483,893.5,775.1,849.9,723.0,871.7,749.05,0
317,10559,2251484,893.7,774.6,850.5,722.9,872.1,748.75,0
317,10560,2251485,893.9,774.5,851.0,722.8,872.45,748.65,0
317,10561,2251486,893.9,774.3,851.5,722.7,872.7,748.5,0
317,10562,2251487,893.9,774.1,852.1,722.8,873.0,748.45,0
317,10563,2251488,894.0,774.0,852.8,722.8,873.4,748.4,0
317,10564,2251489,894.2,773.9,853.4,722.9,873.8,748.4,0
317,10565,2251490,894.5,773.9,854.0,723.0,874.25,748.45,0
317,10566,2251491,894.8,773.7,854.3,723.1,874.55,748.4,0
318,10567,2251492,895.1,773.6,854.8,723.3,874.95,748.45,0
318,10568,2251493,895.4,773.4,855.1,723.6,875.25,748.5,0
318,10569,2251494,895.7,773.1,855.2,723.8,875.45,748.45,0
318,10570,2251495,896.0,772.9,855.2,724.0,875.6,748.45,0
318,10571,2251496,896.1,772.4,855.2,724.1,875.65,748.25,0
318,10572,2251497,896.2,772.0,855.3,724.2,875.75,748.1,0
318,10573,2251498,896.2,771.8,855.4,724.1,875.8,747.95,0
318,10574,2251499,896.3,771.5,855.5,724.0,875.9,747.75,0
318,10575,2251500,896.5,771.2,855.6,723.9,876.05,747.55,0
318,10576,2251501,896.8,771.0,855.8,723.8,876.3,747.4,0
318,10577,2251502,897.0,770.8,856.1,723.7,876.55,747.25,0
318,10578,2251503,897.3,770.4,856.5,723.8,876.9,747.1,0
318,10579,2251504,897.5,770.1,857.0,723.9,877.25,747.0,0
318,10580,2251505,897.7,769.7,857.3,724.1,877.5,746.9,0
318,10581,2251506,898.0,769.1,857.9,724.2,877.95,746.65,0
318,10582,2251507,898.0,768.5,858.5,724.4,878.25,746.45,0
318,10583,2251508,898.1,768.0,859.1,724.4,878.6,746.2,0
318,10584,2251509,898.4,767.5,859.6,724.4,879.0,745.95,0
318,10585,2251510,898.7,767.3,859.9,724.2,879.3,745.75,0
318,10586,2251511,899.0,767.1,860.2,724.0,879.6,745.55,0
318,10587,2251512,899.4,767.0,860.5,723.8,879.95,745.4,0
318,10588,2251513,899.7,767.1,860.7,723.6,880.2,745.35,0
318,10589,2251514,900.1,767.2,860.9,723.5,880.5,745.35,0
318,10590,2251515,900.3,767.2,861.0,723.6,880.65,745.4,0
318,10591,2251516,900.4,767.2,861.2,723.9,880.8,745.55,0
318,10592,2251517,900.8,767.3,861.4,724.3,881.1,745.8,0
318,10593,2251518,901.1,767.4,861.6,724.8,881.35,746.1,0
318,10594,2251519,901.6,767.5,861.7,725.2,881.65,746.35,0
318,10595,2251520,902.1,767.5,861.8,725.6,881.95,746.55,0
318,10596,2251521,902.6,767.5,861.9,725.9,882.25,746.7,0
318,10597,2251522,903.1,767.5,862.2,726.1,882.65,746.8,0
318,10598,2251523,903.6,767.3,862.7,726.0,883.15,746.65,0
318,10599,2251524,903.8,767.2,863.3,725.7,883.55,746.45,0
318,10600,2251525,904.0,766.8,864.0,725.5,884.0,746.15,0
319,10601,2251526,904.1,766.6,864.7,725.3,884.4,745.95,0
319,10602,2251527,904.3,766.3,865.3,725.0,884.8,745.65,0
319,10603,2251528,904.4,766.1,866.0,724.8,885.2,745.45,0
319,10604,2251529,904.7,765.9,866.5,724.6,885.6,745.25,0
319,10605,2251530,905.0,765.8,866.7,724.4,885.85,745.1,0
319,10606,2251531,905.4,765.6,866.9,724.1,886.15,744.85,0
319,10607,2251532,905.8,765.6,867.2,723.7,886.5,744.65,0
319,10608,2251533,906.1,765.5,867.4,723.4,886.75,744.45,0
319,10609,2251534,906.4,765.4,867.8,723.0,887.1,744.2,0
319,10610,2251535,906.6,765.2,868.2,722.7,887.4,743.95,0
319,10611,2251536,906.8,765.0,868.5,722.4,887.65,743.7,0
319,10612,2251537,907.2,764.8,869.2,722.2,888.2,743.5,0
319,10613,2251538,907.7,764.5,869.8,722.2,888.75,743.35,0
319,10614,2251539,908.0,764.3,870.3,722.3,889.15,743.3,0
319,10615,2251540,908.5,764.1,870.8,722.2,889.65,743.15,0
319,10616,2251541,908.9,764.0,871.1,722.2,890.0,743.1,0
319,10617,2251542,909.3,764.0,871.5,722.1,890.4,743.05,0
319,10618,2251543,909.7,764.0,871.8,721.7,890.75,742.85,0
319,10619,2251544,909.9,764.0,871.8,721.3,890.85,742.65,0
319,10620,2251545,910.1,764.0,871.9,720.9,891.0,742.45,0
319,10621,2251546,910.4,763.9,872.0,720.5,891.2,742.2,0
319,10622,2251547,910.6,763.8,872.5,720.1,891.55,741.95,0
319,10623,2251548,911.0,763.7,873.0,719.8,892.0,741.75,0
319,10624,2251549,911.4,763.6,873.6,719.5,892.5,741.55,0
319,10625,2251550,912.0,763.4,874.3,719.5,893.15,741.45,0
319,10626,2251551,912.4,763.3,875.1,719.5,893.75,741.4,0
319,10627,2251552,912.8,763.1,876.0,719.5,894.4,741.3,0
319,10628,2251553,913.1,763.1,876.8,719.4,894.95,741.25,0
319,10629,2251554,913.8,763.1,877.2,719.4,895.5,741.25,0
319,10630,2251555,914.3,762.8,877.7,719.4,896.0,741.1,0
319,10631,2251556,914.8,762.5,878.2,719.5,896.5,741.0,0
319,10632,2251557,915.1,762.2,878.5,719.5,896.8,740.85,0
319,10633,2251558,915.4,761.9,878.8,719.4,897.1,740.65,0
320,10634,2251559,915.7,761.7,879.1,719.3,897.4,740.5,0
320,10635,2251560,916.0,761.5,879.3,719.3,897.65,740.4,0
320,10636,2251561,916.0,761.3,880.0,719.2,898.0,740.25,0
320,10637,2251562,916.0,761.5,880.6,719.1,898.3,740.3,0
320,10638,2251563,916.2,761.7,881.3,719.0,898.75,740.35,0
320,10639,2251564,916.4,761.7,881.8,718.9,899.1,740.3,0
320,10640,2251565,916.6,761.7,882.3,718.9,899.45,740.3,0
320,10641,2251566,916.8,761.7,882.7,718.7,899.75,740.2,0
320,10642,2251567,917.1,761.6,883.1,718.6,900.1,740.1,0
320,10643,2251568,917.5,761.4,883.1,718.4,900.3,739.9,0
320,10644,2251569,917.8,761.3,883.1,718.4,900.45,739.85,0
320,10645,2251570,918.2,761.1,883.1,718.3,900.65,739.7,0
320,10646,2251571,918.3,761.0,883.2,718.1,900.75,739.55,0
320,10647,2251572,918.6,760.7,883.3,717.9,900.95,739.3,0
320,10648,2251573,918.8,760.4,883.4,717.5,901.1,738.95,0
320,10649,2251574,919.2,760.2,883.5,716.8,901.35,738.5,0
320,10650,2251575,919.6,760.1,883.6,716.1,901.6,738.1,0
320,10651,2251576,920.0,760.5,883.7,715.4,901.85,737.95,0
320,10652,2251577,920.5,761.0,883.7,714.7,902.1,737.85,0
320,10653,2251578,921.0,761.4,883.7,714.0,902.35,737.7,0
320,10654,2251579,921.6,762.0,883.9,713.5,902.75,737.75,0
320,10655,2251580,922.1,762.3,884.1,713.1,903.1,737.7,0
320,10656,2251581,922.4,762.5,884.3,713.0,903.35,737.75,0
320,10657,2251582,922.6,762.6,884.5,712.9,903.55,737.75,0
320,10658,2251583,922.7,762.2,885.0,712.8,903.85,737.5,0
320,10659,2251584,922.8,761.8,885.5,712.7,904.15,737.25,0
320,10660,2251585,922.7,761.4,886.1,712.5,904.4,736.95,0
320,10661,2251586,922.6,761.1,886.4,712.2,904.5,736.65,0
320,10662,2251587,922.5,760.8,886.7,711.9,904.6,736.35,0
320,10663,2251588,922.4,760.5,887.1,711.6,904.75,736.05,0
320,10664,2251589,922.5,760.3,887.4,711.4,904.95,735.85,0
320,10665,2251590,922.5,760.1,888.2,711.2,905.35,735.65,0
320,10666,2251591,922.6,759.9,888.9,711.0,905.75,735.45,0
321,10667,2251592,922.7,759.7,889.5,710.9,906.1,735.3,0
321,10668,2251593,922.8,759.5,890.3,710.8,906.55,735.15,0
321,10669,2251594,922.9,759.6,891.1,710.6,907.0,735.1,0
321,10670,2251595,923.1,759.7,892.0,710.3,907.55,735.0,0
321,10671,2251596,923.4,760.1,892.8,710.0,908.1,735.05,0
321,10672,2251597,923.6,760.5,893.0,709.8,908.3,735.15,0
321,10673,2251598,924.1,760.9,893.2,709.5,908.65,735.2,0
321,10674,2251599,924.8,761.4,893.6,709.2,909.2,735.3,0
321,10675,2251600,925.4,761.8,893.9,708.8,909.65,735.3,0
321,10676,2251601,926.0,762.1,894.1,708.6,910.05,735.35,0
321,10677,2251602,926.8,762.4,894.3,708.4,910.55,735.4,0
321,10678,2251603,927.4,762.4,894.5,708.2,910.95,735.3,0
321,10679,2251604,928.0,762.2,894.7,708.0,911.35,735.1,0
321,10680,2251605,928.5,761.9,894.8,707.7,911.65,734.8,0
321,10681,2251606,928.7,761.5,894.9,707.4,911.8,734.45,0
321,10682,2251607,928.9,761.2,894.9,707.2,911.9,734.2,0
321,10683,2251608,929.2,760.8,895.0,706.8,912.1,733.8,0
321,10684,2251609,929.4,760.3,895.1,706.3,912.25,733.3,0
321,10685,2251610,929.7,759.9,895.1,705.6,912.4,732.75,0
321,10686,2251611,929.9,759.4,895.2,705.0,912.55,732.2,0
321,10687,2251612,930.4,759.1,895.2,703.6,912.8,731.35,0
321,10688,2251613,930.9,758.7,895.2,702.2,913.05,730.45,0
321,10689,2251614,931.3,758.4,895.2,700.7,913.25,729.55,0
321,10690,2251615,931.6,757.7,895.1,699.3,913.35,728.5,0
321,10691,2251616,932.0,757.1,895.0,698.1,913.5,727.6,0
321,10692,2251617,932.7,756.5,894.9,696.9,913.8,726.7,0
321,10693,2251618,933.3,756.0,894.9,695.8,914.1,725.9,0
321,10694,2251619,933.7,755.5,895.0,695.5,914.35,725.5,0
321,10695,2251620,934.1,755.2,895.3,695.1,914.7,725.15,0
321,10696,2251621,934.5,754.8,895.8,695.1,915.15,724.95,0
321,10697,2251622,934.9,754.8,896.7,695.0,915.8,724.9,0
321,10698,2251623,935.3,754.7,897.5,694.8,916.4,724.75,0
321,10699,2251624,935.5,754.7,898.4,694.5,916.95,724.6,0
321,10700,2251625,935.7,754.6,899.3,694.3,917.5,724.45,0
322,10701,2251626,935.9,754.4,900.2,694.1,918.05,724.25,0
322,10702,2251627,936.0,754.2,900.8,693.9,918.4,724.05,0
322,10703,2251628,936.2,754.0,901.8,693.6,919.0,723.8,0
322,10704,2251629,936.3,753.8,902.6,693.4,919.45,723.6,0
322,10705,2251630,936.4,753.5,903.3,693.3,919.85,723.4,0
322,10706,2251631,936.4,753.3,903.9,693.5,920.15,723.4,0
322,10707,2251632,936.5,752.9,904.5,694.1,920.5,723.5,0
322,10708,2251633,936.5,752.6,905.1,694.7,920.8,723.65,0
322,10709,2251634,936.6,752.4,905.8,695.3,921.2,723.85,0
322,10710,2251635,936.4,752.1,906.1,695.9,921.25,724.0,0
322,10711,2251636,936.2,751.8,906.3,696.5,921.25,724.15,0
322,10712,2251637,936.0,751.5,906.6,697.0,921.3,724.25,0
322,10713,2251638,935.8,751.2,906.9,697.3,921.35,724.25,0
322,10714,2251639,935.8,751.1,907.2,697.2,921.5,724.15,0
322,10715,2251640,935.7,751.0,907.5,697.0,921.6,724.0,0
322,10716,2251641,935.7,751.0,907.7,696.9,921.7,723.95,0
322,10717,2251642,935.9,751.1,907.9,696.6,921.9,723.85,0
322,10718,2251643,936.1,751.2,908.4,696.4,922.25,723.8,0
322,10719,2251644,936.2,751.3,908.9,696.2,922.55,723.75,0
322,10720,2251645,936.4,751.5,909.4,696.0,922.9,723.75,0
322,10721,2251646,936.4,751.5,909.8,695.8,923.1,723.65,0
322,10722,2251647,936.7,751.4,910.2,695.5,923.45,723.45,0
322,10723,2251648,936.9,751.4,910.5,695.2,923.7,723.3,0
322,10724,2251649,937.2,751.2,910.8,694.9,924.0,723.05,0
322,10725,2251650,937.5,751.0,911.0,694.6,924.25,722.8,0
322,10726,2251651,937.9,750.9,911.1,694.3,924.5,722.6,0
322,10727,2251652,938.3,750.8,911.3,694.0,924.8,722.4,0
322,10728,2251653,938.7,750.9,911.6,693.7,925.15,722.3,0
322,10729,2251654,938.9,751.1,911.9,693.3,925.4,722.2,0
322,10730,2251655,939.0,751.2,912.2,692.6,925.6,721.9,0
322,10731,2251656,939.1,751.4,912.5,691.9,925.8,721.65,0
322,10732,2251657,939.2,751.5,912.7,691.3,925.95,721.4,0
322,10733,2251658,939.2,751.7,912.9,690.4,926.05,721.05,0
323,10734,2251659,939.2,751.8,913.1,689.3,926.15,720.55,0
323,10735,2251660,939.4,751.8,913.2,688.5,926.3,720.15,0
323,10736,2251661,939.6,751.9,913.4,687.9,926.5,719.9,0
323,10737,2251662,939.9,751.9,913.5,687.6,926.7,719.75,0
323,10738,2251663,940.2,751.9,913.6,687.2,926.9,719.55,0
323,10739,2251664,940.6,751.9,913.8,686.7,927.2,719.3,0
323,10740,2251665,941.0,751.9,914.1,686.4,927.55,719.15,0
323,10741,2251666,941.4,751.9,914.4,686.2,927.9,719.05,0
323,10742,2251667,941.7,752.1,914.7,686.0,928.2,719.05,0
323,10743,2251668,941.9,752.4,914.9,685.7,928.4,719.05,0
323,10744,2251669,942.4,752.7,915.1,685.5,928.75,719.1,0
323,10745,2251670,942.8,753.0,915.3,685.3,929.05,719.15,0
323,10746,2251671,943.2,753.3,915.5,685.1,929.35,719.2,0
323,10747,2251672,943.5,753.6,915.6,684.9,929.55,719.25,0
323,10748,2251673,943.9,753.9,915.7,684.7,929.8,719.3,0
323,10749,2251674,944.3,753.9,915.8,684.5,930.05,719.2,0
323,10750,2251675,944.7,753.8,915.9,684.2,930.3,719.0,0
323,10751,2251676,944.9,753.7,916.0,684.0,930.45,718.85,0
323,10752,2251677,945.1,753.6,916.3,683.9,930.7,718.75,0
323,10753,2251678,945.3,753.6,916.6,683.9,930.95,718.75,0
323,10754,2251679,945.5,753.5,917.0,684.0,931.25,718.75,0
323,10755,2251680,945.7,753.5,917.3,683.6,931.5,718.55,0
323,10756,2251681,945.8,753.2,917.7,683.4,931.75,718.3,0
323,10757,2251682,946.0,752.9,918.1,683.1,932.05,718.0,0
323,10758,2251683,946.0,752.6,918.4,682.9,932.2,717.75,0
323,10759,2251684,946.1,752.4,918.6,682.7,932.35,717.55,0
323,10760,2251685,946.2,752.3,918.7,682.5,932.45,717.4,0
323,10761,2251686,946.5,752.3,919.0,682.3,932.75,717.3,0
323,10762,2251687,946.8,752.3,919.1,682.5,932.95,717.4,0
323,10763,2251688,947.0,752.5,919.3,682.5,933.15,717.5,0
323,10764,2251689,947.3,752.8,919.5,682.3,933.4,717.55,0
323,10765,2251690,947.5,753.0,919.9,682.2,933.7,717.6,0
323,10766,2251691,947.9,753.3,920.2,682.0,934.05,717.65,0
324,10767,2251692,948.4,753.4,920.6,681.8,934.5,717.6,0
324,10768,2251693,948.7,753.4,920.9,681.7,934.8,717.55,0
324,10769,2251694,949.0,753.5,921.2,681.6,935.1,717.55,0
324,10770,2251695,949.3,753.5,921.5,681.9,935.4,717.7,0
324,10771,2251696,949.5,753.6,921.7,682.3,935.6,717.95,0
324,10772,2251697,949.7,753.7,921.8,682.6,935.75,718.15,0
324,10773,2251698,949.8,753.9,921.9,682.8,935.85,718.35,0
324,10774,2251699,949.8,754.0,921.9,683.0,935.85,718.5,0
324,10775,2251700,949.8,754.2,921.9,683.1,935.85,718.65,0
324,10776,2251701,949.7,754.3,922.0,683.2,935.85,718.75,0
324,10777,2251702,949.7,754.4,922.0,683.0,935.85,718.7,0
324,10778,2251703,949.6,754.4,922.1,682.9,935.85,718.65,0
324,10779,2251704,949.6,754.2,922.3,682.6,935.95,718.4,0
324,10780,2251705,949.7,754.0,922.5,682.6,936.1,718.3,0
324,10781,2251706,949.9,753.7,922.7,682.6,936.3,718.15,0
324,10782,2251707,950.4,753.7,922.9,682.7,936.65,718.2,0
324,10783,2251708,951.0,753.7,923.2,682.8,937.1,718.25,0
324,10784,2251709,951.5,753.8,923.5,682.9,937.5,718.35,0
324,10785,2251710,952.0,753.9,923.7,682.9,937.85,718.4,0
324,10786,2251711,952.5,754.2,923.5,683.0,938.0,718.6,0
324,10787,2251712,953.0,754.5,923.3,683.1,938.15,718.8,0
324,10788,2251713,953.2,754.8,923.0,683.2,938.1,719.0,0
324,10789,2251714,953.2,754.8,922.8,683.3,938.0,719.05,0
324,10790,2251715,953.2,754.9,922.5,683.4,937.85,719.15,0
324,10791,2251716,953.2,755.0,922.2,683.6,937.7,719.3,0
324,10792,2251717,953.1,755.2,921.9,683.9,937.5,719.55,0
324,10793,2251718,953.0,755.4,922.0,684.4,937.5,719.9,0
324,10794,2251719,952.9,755.7,922.2,684.9,937.55,720.3,0
324,10795,2251720,952.8,756.1,922.4,685.5,937.6,720.8,0
324,10796,2251721,952.7,756.5,922.5,686.0,937.6,721.25,0
324,10797,2251722,952.7,756.8,922.7,686.6,937.7,721.7,0
324,10798,2251723,952.7,757.2,922.8,686.9,937.75,722.05,0
324,10799,2251724,952.8,757.5,922.9,687.2,937.85,722.35,0
324,10800,2251725,953.0,757.8,923.0,687.3,938.0,722.55,0
325,10801,2251726,953.2,758.2,923.1,687.4,938.15,722.8,0
325,10802,2251727,953.5,758.6,923.3,687.3,938.4,722.95,0
325,10803,2251728,953.7,759.0,923.5,687.3,938.6,723.15,0
325,10804,2251729,953.9,759.2,923.7,687.4,938.8,723.3,0
325,10805,2251730,954.0,759.2,924.0,687.6,939.0,723.4,0
325,10806,2251731,954.1,759.1,924.3,687.7,939.2,723.4,0
325,10807,2251732,954.2,759.0,924.6,688.0,939.4,723.5,0
325,10808,2251733,954.3,758.6,924.8,688.3,939.55,723.45,0
325,10809,2251734,954.4,758.2,924.8,688.6,939.6,723.4,0
325,10810,2251735,954.5,758.0,925.0,688.8,939.75,723.4,0
325,10811,2251736,954.6,757.8,925.2,688.9,939.9,723.35,0
325,10812,2251737,954.7,757.9,925.3,689.0,940.0,723.45,0
325,10813,2251738,954.8,758.0,925.3,689.1,940.05,723.55,0
325,10814,2251739,954.9,758.2,925.4,689.0,940.15,723.6,0
325,10815,2251740,955.0,758.3,925.5,689.0,940.25,723.65,0
325,10816,2251741,955.2,758.4,925.5,689.0,940.35,723.7,0
325,10817,2251742,955.3,758.4,925.3,689.0,940.3,723.7,0
325,10818,2251743,955.4,758.4,925.2,689.0,940.3,723.7,0
325,10819,2251744,955.5,758.4,925.1,689.3,940.3,723.85,0
325,10820,2251745,955.6,758.6,925.2,689.7,940.4,724.15,0
325,10821,2251746,955.6,758.9,925.3,690.0,940.45,724.45,0
325,10822,2251747,955.7,759.1,925.5,690.4,940.6,724.75,0
325,10823,2251748,955.6,759.4,925.7,690.7,940.65,725.05,0
325,10824,2251749,955.6,759.7,925.8,691.1,940.7,725.4,0
325,10825,2251750,955.6,760.2,926.0,691.3,940.8,725.75,0
325,10826,2251751,955.7,760.6,926.3,691.3,941.0,725.95,0
325,10827,2251752,955.8,760.8,926.6,691.3,941.2,726.05,0
325,10828,2251753,955.9,760.9,926.8,691.2,941.35,726.05,0
325,10829,2251754,956.0,761.0,927.1,691.2,941.55,726.1,0
325,10830,2251755,956.0,761.1,927.3,691.2,941.65,726.15,0
325,10831,2251756,955.9,761.0,927.6,691.2,941.75,726.1,0
325,10832,2251757,955.8,760.9,927.8,691.4,941.8,726.15,0
325,10833,2251758,955.6,760.7,928.1,691.7,941.85,726.2,0
326,10834,2251759,955.4,760.5,928.2,692.1,941.8,726.3,0
326,10835,2251760,955.2,760.3,928.2,692.4,941.7,726.35,0
326,10836,2251761,955.0,760.2,928.3,692.7,941.65,726.45,0
326,10837,2251762,955.0,760.1,928.3,693.1,941.65,726.6,0
326,10838,2251763,955.0,760.1,928.3,693.5,941.65,726.8,0
326,10839,2251764,955.2,760.2,928.3,693.8,941.75,727.0,0
326,10840,2251765,955.3,760.7,928.1,693.8,941.7,727.25,0
326,10841,2251766,955.5,761.3,928.0,693.8,941.75,727.55,0
326,10842,2251767,955.4,761.8,927.8,693.5,941.6,727.65,0
326,10843,2251768,955.2,762.4,927.7,693.2,941.45,727.8,0
326,10844,2251769,955.0,762.9,927.6,692.9,941.3,727.9,0
326,10845,2251770,954.7,763.4,927.6,692.8,941.15,728.1,0
326,10846,2251771,954.3,763.3,927.5,692.9,940.9,728.1,0
326,10847,2251772,953.9,762.8,927.6,693.2,940.75,728.0,0
326,10848,2251773,953.5,762.4,927.7,693.5,940.6,727.95,0
326,10849,2251774,953.3,762.1,927.9,694.0,940.6,728.05,0
326,10850,2251775,953.1,761.7,928.0,694.4,940.55,728.05,0
326,10851,2251776,953.0,761.5,928.2,694.9,940.6,728.2,0
326,10852,2251777,953.0,761.2,928.3,695.2,940.65,728.2,0
326,10853,2251778,952.9,761.5,928.4,695.3,940.65,728.4,0
326,10854,2251779,952.9,761.7,928.5,695.4,940.7,728.55,0
326,10855,2251780,953.0,761.8,928.5,695.4,940.75,728.6,0
326,10856,2251781,953.1,761.9,928.6,695.5,940.85,728.7,0
326,10857,2251782,953.2,762.0,928.6,695.7,940.9,728.85,0
326,10858,2251783,953.4,762.0,928.6,695.7,941.0,728.85,0
326,10859,2251784,953.6,762.1,928.6,695.7,941.1,728.9,0
326,10860,2251785,953.8,762.3,928.6,695.7,941.2,729.0,0
326,10861,2251786,953.9,762.5,928.5,695.5,941.2,729.0,0
326,10862,2251787,954.0,762.6,928.3,695.2,941.15,728.9,0
326,10863,2251788,954.1,762.7,928.1,695.1,941.1,728.9,0
326,10864,2251789,954.2,762.7,927.9,695.1,941.05,728.9,0
326,10865,2251790,954.2,762.7,927.7,695.2,940.95,728.95,0
326,10866,2251791,954.2,762.6,927.6,695.2,940.9,728.9,0
327,10867,2251792,954.2,762.5,927.5,695.4,940.85,728.95,0
327,10868,2251793,954.2,762.4,927.5,695.8,940.85,729.1,0
327,10869,2251794,954.1,762.3,927.7,696.2,940.9,729.25,0
327,10870,2251795,954.1,762.3,927.9,696.5,941.0,729.4,0
327,10871,2251796,954.0,762.4,928.0,696.7,941.0,729.55,0
327,10872,2251797,953.9,762.5,928.1,696.8,941.0,729.65,0
327,10873,2251798,953.8,762.5,928.1,696.9,940.95,729.7,0
327,10874,2251799,953.6,762.5,927.8,696.9,940.7,729.7,0
327,10875,2251800,953.4,762.4,927.5,697.0,940.45,729.7,0
327,10876,2251801,953.3,762.4,927.2,696.9,940.25,729.65,0
327,10877,2251802,953.2,762.3,926.9,696.9,940.05,729.6,0
327,10878,2251803,953.1,762.2,926.6,696.8,939.85,729.5,0
327,10879,2251804,953.1,762.1,926.2,696.7,939.65,729.4,0
327,10880,2251805,953.1,761.9,926.0,696.6,939.55,729.25,0
327,10881,2251806,953.2,761.7,926.0,696.3,939.6,729.0,0
327,10882,2251807,953.3,761.5,925.7,696.0,939.5,728.75,0
327,10883,2251808,953.4,761.3,925.4,695.7,939.4,728.5,0
327,10884,2251809,953.5,761.0,925.1,695.4,939.3,728.2,0
327,10885,2251810,953.5,760.7,924.8,695.1,939.15,727.9,0
327,10886,2251811,953.6,760.4,924.5,694.9,939.05,727.65,0
327,10887,2251812,953.6,760.1,924.2,694.7,938.9,727.4,0
327,10888,2251813,953.6,759.7,923.9,694.6,938.75,727.15,0
327,10889,2251814,953.4,759.4,923.9,694.5,938.65,726.95,0
327,10890,2251815,953.1,759.1,923.9,694.3,938.5,726.7,0
327,10891,2251816,952.8,758.7,923.7,694.2,938.25,726.45,0
327,10892,2251817,952.6,758.4,923.6,694.0,938.1,726.2,0
327,10893,2251818,952.3,758.1,923.5,693.6,937.9,725.85,0
327,10894,2251819,952.0,757.8,923.3,693.2,937.65,725.5,0
327,10895,2251820,951.7,757.4,923.1,692.9,937.4,725.15,0
327,10896,2251821,951.7,757.0,922.9,692.6,937.3,724.8,0
327,10897,2251822,951.6,756.7,922.7,692.1,937.15,724.4,0
327,10898,2251823,951.6,756.4,922.6,691.5,937.1,723.95,0
327,10899,2251824,951.5,756.1,922.5,690.9,937.0,723.5,0
327,10900,2251825,951.5,755.8,922.5,690.6,937.0,723.2,0
328,10901,2251826,951.5,755.6,922.4,690.3,936.95,722.95,0
328,10902,2251827,951.5,755.4,922.4,689.9,936.95,722.65,0
328,10903,2251828,951.5,755.3,922.5,689.6,937.0,722.45,0
328,10904,2251829,951.4,755.2,922.7,689.5,937.05,722.35,0
328,10905,2251830,951.1,755.1,922.8,689.5,936.95,722.3,0
328,10906,2251831,950.7,754.9,922.9,689.4,936.8,722.15,0
328,10907,2251832,950.4,754.7,923.0,689.4,936.7,722.05,0
328,10908,2251833,950.1,754.5,923.0,689.2,936.55,721.85,0
328,10909,2251834,949.7,754.3,922.9,689.0,936.3,721.65,0
328,10910,2251835,949.4,754.0,922.8,688.4,936.1,721.2,0
328,10911,2251836,949.1,753.7,922.6,687.8,935.85,720.75,0
328,10912,2251837,948.9,753.4,922.5,687.2,935.7,720.3,0
328,10913,2251838,948.7,753.0,922.4,686.5,935.55,719.75,0
328,10914,2251839,948.5,752.4,922.2,685.8,935.35,719.1,0
328,10915,2251840,948.3,751.8,922.2,685.3,935.25,718.55,0
328,10916,2251841,948.0,751.3,922.1,684.8,935.05,718.05,0
328,10917,2251842,947.8,750.8,922.1,684.7,934.95,717.75,0
328,10918,2251843,947.6,750.3,922.1,684.5,934.85,717.4,0
328,10919,2251844,947.5,749.8,922.1,684.4,934.8,717.1,0
328,10920,2251845,947.4,749.4,922.0,684.3,934.7,716.85,0
328,10921,2251846,947.2,749.3,921.9,684.1,934.55,716.7,0
328,10922,2251847,947.1,749.3,921.7,684.0,934.4,716.65,0
328,10923,2251848,947.0,749.2,921.5,683.9,934.25,716.55,0
328,10924,2251849,946.9,749.1,921.3,683.6,934.1,716.35,0
328,10925,2251850,946.8,749.0,921.1,683.2,933.95,716.1,0
328,10926,2251851,946.6,748.8,920.9,682.9,933.75,715.85,0
328,10927,2251852,946.3,748.5,920.8,682.5,933.55,715.5,0
328,10928,2251853,946.1,748.2,920.8,682.1,933.45,715.15,0
328,10929,2251854,945.7,747.9,920.7,681.8,933.2,714.85,0
328,10930,2251855,945.4,747.6,920.7,681.6,933.05,714.6,0
328,10931,2251856,945.0,747.2,920.8,681.4,932.9,714.3,0
328,10932,2251857,944.6,746.9,920.9,681.6,932.75,714.25,0
328,10933,2251858,944.2,746.7,921.0,681.9,932.6,714.3,0
329,10934,2251859,944.1,746.6,921.1,682.1,932.6,714.35,0
329,10935,2251860,943.9,746.4,921.2,682.4,932.55,714.4,0
329,10936,2251861,943.8,746.2,921.3,682.7,932.55,714.45,0
329,10937,2251862,943.7,746.1,921.5,682.9,932.6,714.5,0
329,10938,2251863,943.7,746.0,921.9,683.0,932.8,714.5,0
329,10939,2251864,943.6,745.8,922.3,683.0,932.95,714.4,0
329,10940,2251865,943.6,745.7,922.6,682.9,933.1,714.3,0
329,10941,2251866,943.5,745.5,922.9,682.5,933.2,714.0,0
329,10942,2251867,943.5,745.4,923.1,682.1,933.3,713.75,0
329,10943,2251868,943.4,745.3,923.4,681.7,933.4,713.5,0
329,10944,2251869,943.3,745.2,923.5,681.3,933.4,713.25,0
329,10945,2251870,943.2,745.0,923.5,681.0,933.35,713.0,0
329,10946,2251871,943.1,745.0,923.4,680.7,933.25,712.85,0
329,10947,2251872,942.9,744.8,923.4,680.0,933.15,712.4,0
329,10948,2251873,942.8,744.7,923.4,679.6,933.1,712.15,0
329,10949,2251874,942.6,744.5,923.4,679.2,933.0,711.85,0
329,10950,2251875,942.5,744.3,923.3,678.7,932.9,711.5,0
329,10951,2251876,942.4,744.1,923.2,678.2,932.8,711.15,0
329,10952,2251877,942.3,743.9,923.2,677.6,932.75,710.75,0
329,10953,2251878,942.2,743.6,923.1,676.9,932.65,710.25,0
329,10954,2251879,942.1,743.3,923.1,676.8,932.6,710.05,0
329,10955,2251880,942.1,743.1,923.0,676.7,932.55,709.9,0
329,10956,2251881,942.0,743.0,922.9,676.8,932.45,709.9,0
329,10957,2251882,942.0,743.0,922.9,677.0,932.45,710.0,0
329,10958,2251883,942.0,742.9,922.6,677.2,932.3,710.05,0
329,10959,2251884,942.1,743.1,922.4,677.3,932.25,710.2,0
329,10960,2251885,942.1,743.2,922.1,677.5,932.1,710.35,0
329,10961,2251886,942.0,743.3,921.9,677.6,931.95,710.45,0
329,10962,2251887,942.0,743.4,921.6,677.5,931.8,710.45,0
329,10963,2251888,941.8,743.4,921.4,677.2,931.6,710.3,0
329,10964,2251889,941.6,743.4,921.3,677.0,931.45,710.2,0
329,10965,2251890,941.4,743.3,921.4,676.7,931.4,710.0,0
329,10966,2251891,941.2,743.2,921.4,676.4,931.3,709.8,0
330,10967,2251892,941.0,743.2,921.5,676.3,931.25,709.75,0
330,10968,2251893,940.9,743.3,921.6,675.9,931.25,709.6,0
330,10969,2251894,940.8,743.4,921.7,675.2,931.25,709.3,0
330,10970,2251895,940.8,743.4,921.9,674.5,931.35,708.95,0
330,10971,2251896,940.8,743.3,922.1,673.8,931.45,708.55,0
330,10972,2251897,940.9,743.2,922.6,673.1,931.75,708.15,0
330,10973,2251898,941.0,743.0,923.2,672.4,932.1,707.7,0
330,10974,2251899,941.8,742.7,923.9,671.7,932.85,707.2,0
330,10975,2251900,942.5,742.4,925.1,670.2,933.8,706.3,0
330,10976,2251901,943.7,742.2,926.5,669.0,935.1,705.6,0
330,10977,2251902,945.5,741.9,928.5,667.6,937.0,704.75,0
330,10978,2251903,947.4,741.6,930.6,665.9,939.0,703.75,0
330,10979,2251904,950.4,741.2,933.2,664.2,941.8,702.7,0
330,10980,2251905,953.8,740.2,936.6,661.8,945.2,701.0,0
330,10981,2251906,957.6,739.2,941.4,659.2,949.5,699.2,0
330,10982,2251907,962.4,738.0,947.4,657.5,954.9,697.75,0
330,10983,2251908,967.5,736.2,953.8,655.4,960.65,695.8,0
330,10984,2251909,971.8,734.4,960.2,652.4,966.0,693.4,0
330,10985,2251910,977.1,732.6,967.1,649.5,972.1,691.05,0
330,10986,2251911,981.3,730.4,973.3,646.2,977.3,688.3,0
330,10987,2251912,985.2,728.9,978.6,643.6,981.9,686.25,0
330,10988,2251913,988.1,727.4,982.4,641.2,985.25,684.3,0
330,10989,2251914,990.1,726.1,984.4,638.6,987.25,682.35,0
330,10990,2251915,991.4,725.3,985.7,636.7,988.55,681.0,0
330,10991,2251916,992.6,724.6,986.0,635.8,989.3,680.2,0
330,10992,2251917,992.9,724.4,985.2,634.9,989.05,679.65,0
330,10993,2251918,992.8,724.8,984.2,634.8,988.5,679.8,0
330,10994,2251919,992.5,725.7,982.5,634.7,987.5,680.2,0
330,10995,2251920,992.0,726.7,980.8,634.6,986.4,680.65,0
330,10996,2251921,991.5,727.8,978.8,635.1,985.15,681.45,0
330,10997,2251922,990.9,729.2,977.0,636.0,983.95,682.6,0
330,10998,2251923,990.3,730.7,975.5,637.1,982.9,683.9,0
330,10999,2251924,989.6,731.8,974.3,638.4,981.95,685.1,0
330,11000,2251925,989.3,732.9,973.0,639.6,981.15,686.25,0
331,11001,2251926,989.0,733.5,972.4,640.9,980.7,687.2,0
331,11002,2251927,988.8,734.0,971.8,642.1,980.3,688.05,0
331,11003,2251928,988.6,734.6,971.5,643.1,980.05,688.85,0
331,11004,2251929,988.1,734.7,971.3,643.8,979.7,689.25,0
331,11005,2251930,987.6,734.9,971.1,644.1,979.35,689.5,0
331,11006,2251931,987.0,735.2,971.0,644.3,979.0,689.75,0
331,11007,2251932,986.4,735.6,970.9,644.3,978.65,689.95,0
331,11008,2251933,985.8,736.2,970.8,644.2,978.3,690.2,0
331,11009,2251934,985.1,736.8,970.8,644.2,977.95,690.5,0
331,11010,2251935,984.3,737.2,970.7,644.5,977.5,690.85,0
331,11011,2251936,983.9,737.5,970.6,644.9,977.25,691.2,0
331,11012,2251937,983.5,737.7,970.4,645.3,976.95,691.5,0
331,11013,2251938,983.2,737.7,970.1,645.8,976.65,691.75,0
331,11014,2251939,983.0,737.7,969.8,646.3,976.4,692.0,0
331,11015,2251940,982.7,737.5,969.4,646.9,976.05,692.2,0
331,11016,2251941,982.4,737.4,969.1,647.4,975.75,692.4,0
331,11017,2251942,982.3,737.3,968.8,647.6,975.55,692.45,0
331,11018,2251943,982.1,737.4,968.5,647.6,975.3,692.5,0
331,11019,2251944,981.9,737.4,968.2,647.6,975.05,692.5,0
331,11020,2251945,981.7,737.5,967.9,647.6,974.8,692.55,0
331,11021,2251946,981.6,737.6,967.5,647.6,974.55,692.6,0
331,11022,2251947,981.4,737.6,966.9,647.6,974.15,692.6,0
331,11023,2251948,981.3,737.1,966.3,647.7,973.8,692.4,0
331,11024,2251949,981.2,736.7,965.7,647.7,973.45,692.2,0
331,11025,2251950,981.1,736.3,965.0,647.7,973.05,692.0,0
331,11026,2251951,981.0,735.9,964.4,647.7,972.7,691.8,0
331,11027,2251952,980.8,735.5,963.8,647.7,972.3,691.6,0
331,11028,2251953,980.6,735.2,963.4,648.0,972.0,691.6,0
331,11029,2251954,980.4,734.8,963.4,648.4,971.9,691.6,0
331,11030,2251955,980.3,734.7,963.3,648.7,971.8,691.7,0
331,11031,2251956,980.2,734.7,963.2,649.1,971.7,691.9,0
331,11032,2251957,980.2,734.5,963.2,649.4,971.7,691.95,0
331,11033,2251958,980.2,734.2,963.1,649.7,971.65,691.95,0
332,11034,2251959,980.2,733.9,963.0,650.1,971.6,692.0,0
332,11035,2251960,980.2,733.5,963.0,650.1,971.6,691.8,0
332,11036,2251961,980.2,733.2,962.9,650.2,971.55,691.7,0
332,11037,2251962,980.0,733.0,962.8,650.2,971.4,691.6,0
332,11038,2251963,979.7,732.9,962.6,650.3,971.15,691.6,0
332,11039,2251964,979.3,732.8,962.3,650.3,970.8,691.55,0
332,11040,2251965,978.9,732.7,962.2,650.3,970.55,691.5,0
332,11041,2251966,978.3,732.7,962.0,650.4,970.15,691.55,0
332,11042,2251967,977.8,732.6,961.9,650.4,969.85,691.5,0
332,11043,2251968,977.4,732.6,961.7,650.4,969.55,691.5,0
332,11044,2251969,977.1,732.5,961.6,650.5,969.35,691.5,0
332,11045,2251970,976.9,732.3,961.6,650.5,969.25,691.4,0
332,11046,2251971,976.9,732.1,961.6,650.4,969.25,691.25,0
332,11047,2251972,976.9,732.1,961.5,650.4,969.2,691.25,0
332,11048,2251973,977.0,732.0,961.5,650.4,969.25,691.2,0
332,11049,2251974,977.1,732.0,961.5,650.5,969.3,691.25,0
332,11050,2251975,977.3,732.0,961.5,650.6,969.4,691.3,0
332,11051,2251976,977.5,731.9,961.4,650.8,969.45,691.35,0
332,11052,2251977,977.7,731.9,961.5,651.0,969.6,691.45,0
332,11053,2251978,977.8,731.9,961.6,651.3,969.7,691.6,0
332,11054,2251979,977.8,731.9,961.8,651.5,969.8,691.7,0
332,11055,2251980,977.7,731.9,961.9,651.7,969.8,691.8,0
332,11056,2251981,977.6,732.0,962.1,651.8,969.85,691.9,0
332,11057,2251982,977.3,732.1,962.2,651.9,969.75,692.0,0
332,11058,2251983,977.0,732.3,962.2,652.0,969.6,692.15,0
332,11059,2251984,976.6,732.4,962.1,652.0,969.35,692.2,0
332,11060,2251985,976.2,732.5,962.0,652.1,969.1,692.3,0
332,11061,2251986,975.9,732.6,961.8,652.2,968.85,692.4,0
332,11062,2251987,975.7,732.6,961.6,652.3,968.65,692.45,0
332,11063,2251988,975.5,732.4,961.4,652.5,968.45,692.45,0
332,11064,2251989,975.3,732.3,961.2,652.6,968.25,692.45,0
332,11065,2251990,975.3,732.0,961.1,652.8,968.2,692.4,0
332,11066,2251991,975.3,731.7,960.9,652.9,968.1,692.3,0
333,11067,2251992,975.5,731.4,960.8,652.9,968.15,692.15,0
333,11068,2251993,975.6,731.2,960.8,652.9,968.2,692.05,0
333,11069,2251994,975.8,731.1,960.7,652.8,968.25,691.95,0
333,11070,2251995,975.9,731.0,960.7,652.8,968.3,691.9,0
333,11071,2251996,975.9,730.9,960.7,652.7,968.3,691.8,0
333,11072,2251997,975.9,731.0,960.6,652.6,968.25,691.8,0
333,11073,2251998,975.9,731.2,960.6,652.3,968.25,691.75,0
333,11074,2251999,975.7,731.5,960.6,652.1,968.15,691.8,0
333,11075,2252000,975.4,731.6,960.5,651.8,967.95,691.7,0
333,11076,2252001,975.1,731.8,960.5,651.5,967.8,691.65,0
333,11077,2252002,974.8,732.0,960.5,651.1,967.65,691.55,0
333,11078,2252003,974.6,732.2,960.5,650.8,967.55,691.5,0
333,11079,2252004,974.5,732.4,960.5,650.5,967.5,691.45,0
333,11080,2252005,974.3,732.4,960.5,650.3,967.4,691.35,0
333,11081,2252006,974.2,732.4,960.6,650.2,967.4,691.3,0
333,11082,2252007,974.2,732.3,960.6,650.0,967.4,691.15,0
333,11083,2252008,974.1,732.3,960.5,650.1,967.3,691.2,0
333,11084,2252009,973.9,732.2,960.3,650.2,967.1,691.2,0
333,11085,2252010,973.7,732.1,960.1,650.3,966.9,691.2,0
333,11086,2252011,973.4,731.9,959.9,650.3,966.65,691.1,0
333,11087,2252012,973.2,731.8,959.6,650.3,966.4,691.05,0
333,11088,2252013,973.0,731.7,959.3,650.2,966.15,690.95,0
333,11089,2252014,972.9,731.6,959.0,650.1,965.95,690.85,0
333,11090,2252015,972.9,731.6,958.8,649.9,965.85,690.75,0
333,11091,2252016,973.0,731.5,958.8,649.7,965.9,690.6,0
333,11092,2252017,973.0,731.4,958.9,649.5,965.95,690.45,0
333,11093,2252018,973.1,731.3,959.1,649.4,966.1,690.35,0
333,11094,2252019,973.1,731.2,958.8,649.4,965.95,690.3,0
333,11095,2252020,973.0,731.1,958.7,649.6,965.85,690.35,0
333,11096,2252021,972.9,731.1,958.5,649.7,965.7,690.4,0
333,11097,2252022,972.8,731.2,958.4,649.9,965.6,690.55,0
333,11098,2252023,972.6,731.3,958.2,650.1,965.4,690.7,0
333,11099,2252024,972.6,731.6,958.0,650.3,965.3,690.95,0
333,11100,2252025,972.5,731.8,957.8,650.4,965.15,691.1,0
334,11101,2252026,972.3,732.0,958.0,650.4,965.15,691.2,0
334,11102,2252027,972.1,732.1,958.1,650.4,965.1,691.25,0
334,11103,2252028,972.0,732.2,958.1,650.4,965.05,691.3,0
334,11104,2252029,971.9,732.3,958.2,650.4,965.05,691.35,0
334,11105,2252030,971.7,732.2,958.0,650.4,964.85,691.3,0
334,11106,2252031,971.3,732.2,957.9,650.5,964.6,691.35,0
334,11107,2252032,971.0,732.2,957.8,650.9,964.4,691.55,0
334,11108,2252033,970.8,732.2,957.7,651.2,964.25,691.7,0
334,11109,2252034,970.6,732.2,957.6,651.6,964.1,691.9,0
334,11110,2252035,970.3,732.2,957.4,652.0,963.85,692.1,0
334,11111,2252036,970.2,732.1,957.1,652.4,963.65,692.25,0
334,11112,2252037,970.0,732.0,956.8,652.7,963.4,692.35,0
334,11113,2252038,969.9,731.9,956.5,652.7,963.2,692.3,0
334,11114,2252039,969.8,731.9,956.3,652.4,963.05,692.15,0
334,11115,2252040,969.8,731.8,956.1,652.0,962.95,691.9,0
334,11116,2252041,969.6,731.7,956.0,651.7,962.8,691.7,0
334,11117,2252042,969.5,731.7,956.0,651.1,962.75,691.4,0
334,11118,2252043,969.1,731.8,956.1,650.5,962.6,691.15,0
334,11119,2252044,968.8,731.9,956.2,650.0,962.5,690.95,0
334,11120,2252045,968.5,732.0,956.3,649.9,962.4,690.95,0
334,11121,2252046,968.3,732.1,956.4,649.9,962.35,691.0,0
334,11122,2252047,968.0,732.2,956.4,649.9,962.2,691.05,0
334,11123,2252048,967.7,732.3,956.4,650.4,962.05,691.35,0
334,11124,2252049,967.5,732.4,956.4,651.1,961.95,691.75,0
334,11125,2252050,967.4,732.4,956.2,651.7,961.8,692.05,0
334,11126,2252051,967.4,732.4,956.1,652.3,961.75,692.35,0
334,11127,2252052,967.3,732.3,956.0,652.7,961.65,692.5,0
334,11128,2252053,967.1,732.1,955.8,653.1,961.45,692.6,0
334,11129,2252054,966.9,731.9,955.6,653.4,961.25,692.65,0
334,11130,2252055,966.7,731.7,955.3,653.3,961.0,692.5,0
334,11131,2252056,966.5,731.5,955.1,653.2,960.8,692.35,0
334,11132,2252057,966.2,731.1,955.0,652.9,960.6,692.0,0
334,11133,2252058,965.9,730.9,954.8,652.7,960.35,691.8,0
335,11134,2252059,965.6,730.7,954.7,652.4,960.15,691.55,0
335,11135,2252060,965.3,730.6,954.6,652.0,959.95,691.3,0
335,11136,2252061,965.1,730.6,954.5,651.7,959.8,691.15,0
335,11137,2252062,964.9,730.6,954.4,651.4,959.65,691.0,0
335,11138,2252063,964.6,730.7,954.4,651.0,959.5,690.85,0
335,11139,2252064,964.4,730.9,954.4,650.7,959.4,690.8,0
335,11140,2252065,964.2,731.0,954.4,650.4,959.3,690.7,0
335,11141,2252066,964.2,730.9,954.4,650.2,959.3,690.55,0
335,11142,2252067,964.1,730.5,954.4,650.0,959.25,690.25,0
335,11143,2252068,964.0,730.0,954.4,649.9,959.2,689.95,0
335,11144,2252069,963.9,729.5,954.1,649.7,959.0,689.6,0
335,11145,2252070,963.9,729.0,953.9,649.6,958.9,689.3,0
335,11146,2252071,963.9,728.5,953.7,649.6,958.8,689.05,0
335,11147,2252072,963.8,728.1,953.4,649.6,958.6,688.85,0
335,11148,2252073,963.8,728.0,953.1,649.7,958.45,688.85,0
335,11149,2252074,963.8,728.3,952.7,649.9,958.25,689.1,0
335,11150,2252075,963.9,728.5,952.4,650.0,958.15,689.25,0
335,11151,2252076,963.9,728.9,952.1,650.1,958.0,689.5,0
335,11152,2252077,963.9,729.3,951.8,650.2,957.85,689.75,0
335,11153,2252078,963.9,729.7,951.5,650.3,957.7,690.0,0
335,11154,2252079,963.8,730.1,951.2,650.3,957.5,690.2,0
335,11155,2252080,963.8,730.2,951.0,650.4,957.4,690.3,0
335,11156,2252081,963.7,730.2,950.8,650.6,957.25,690.4,0
335,11157,2252082,963.5,730.3,950.7,650.8,957.1,690.55,0
335,11158,2252083,963.3,730.1,950.7,650.9,957.0,690.5,0
335,11159,2252084,963.2,729.9,950.6,651.1,956.9,690.5,0
335,11160,2252085,963.0,729.8,950.5,651.3,956.75,690.55,0
335,11161,2252086,962.8,729.6,950.3,651.4,956.55,690.5,0
335,11162,2252087,962.7,729.6,950.2,651.4,956.45,690.5,0
335,11163,2252088,962.5,729.8,950.1,651.2,956.3,690.5,0
335,11164,2252089,962.4,729.9,949.9,651.0,956.15,690.45,0
335,11165,2252090,962.4,730.0,949.8,650.7,956.1,690.35,0
335,11166,2252091,962.3,730.1,949.8,650.4,956.05,690.25,0
336,11167,2252092,962.4,730.2,949.8,650.1,956.1,690.15,0
336,11168,2252093,962.5,730.2,949.8,649.9,956.15,690.05,0
336,11169,2252094,962.5,730.3,949.6,649.7,956.05,690.0,0
336,11170,2252095,962.5,730.2,949.5,649.5,956.0,689.85,0
336,11171,2252096,962.6,730.2,949.3,649.5,955.95,689.85,0
336,11172,2252097,962.6,730.4,949.1,649.5,955.85,689.95,0
336,11173,2252098,962.6,730.5,948.9,649.6,955.75,690.05,0
336,11174,2252099,962.6,730.6,948.7,649.6,955.65,690.1,0
336,11175,2252100,962.5,730.7,948.3,649.6,955.4,690.15,0
336,11176,2252101,962.4,730.8,947.9,649.7,955.15,690.25,0
336,11177,2252102,962.3,730.8,947.5,649.6,954.9,690.2,0
336,11178,2252103,962.2,730.8,947.1,649.6,954.65,690.2,0
336,11179,2252104,962.1,730.7,946.7,649.6,954.4,690.15,0
336,11180,2252105,962.0,730.7,946.3,649.6,954.15,690.15,0
336,11181,2252106,962.0,730.5,945.8,649.6,953.9,690.05,0
336,11182,2252107,961.8,730.4,945.6,649.8,953.7,690.1,0
336,11183,2252108,961.7,730.3,945.1,649.9,953.4,690.1,0
336,11184,2252109,961.5,730.2,944.6,650.1,953.05,690.15,0
336,11185,2252110,961.4,730.2,944.1,650.3,952.75,690.25,0
336,11186,2252111,961.3,730.1,943.4,650.4,952.35,690.25,0
336,11187,2252112,961.5,730.1,942.8,650.4,952.15,690.25,0
336,11188,2252113,961.7,730.2,942.2,649.9,951.95,690.05,0
336,11189,2252114,962.0,730.3,941.5,649.3,951.75,689.8,0
336,11190,2252115,962.4,730.5,941.2,648.6,951.8,689.55,0
336,11191,2252116,962.6,730.6,940.9,648.0,951.75,689.3,0
336,11192,2252117,962.9,730.8,940.5,647.4,951.7,689.1,0
336,11193,2252118,963.1,730.7,940.1,646.7,951.6,688.7,0
336,11194,2252119,963.1,730.7,939.8,646.1,951.45,688.4,0
336,11195,2252120,963.1,730.6,939.5,646.0,951.3,688.3,0
336,11196,2252121,963.1,730.5,938.8,646.0,950.95,688.25,0
336,11197,2252122,963.0,730.3,938.1,646.1,950.55,688.2,0
336,11198,2252123,962.9,730.2,937.5,646.3,950.2,688.25,0
336,11199,2252124,962.8,730.1,936.9,646.6,949.85,688.35,0
336,11200,2252125,962.7,730.0,936.4,646.8,949.55,688.4,0
337,11201,2252126,962.4,729.9,935.9,646.9,949.15,688.4,0
337,11202,2252127,962.1,729.7,935.3,647.0,948.7,688.35,0
337,11203,2252128,961.7,729.6,935.3,647.1,948.5,688.35,0
337,11204,2252129,961.4,729.5,935.3,647.1,948.35,688.3,0
337,11205,2252130,961.0,729.4,935.5,646.9,948.25,688.15,0
337,11206,2252131,960.7,729.3,935.7,646.7,948.2,688.0,0
337,11207,2252132,960.5,729.2,935.9,646.5,948.2,687.85,0
337,11208,2252133,960.4,729.1,936.1,646.3,948.25,687.7,0
337,11209,2252134,960.3,728.9,936.2,645.8,948.25,687.35,0
337,11210,2252135,960.2,728.8,936.3,645.4,948.25,687.1,0
337,11211,2252136,960.2,728.6,936.4,644.9,948.3,686.75,0
337,11212,2252137,960.1,728.5,936.4,644.6,948.25,686.55,0
337,11213,2252138,960.0,728.5,936.3,644.3,948.15,686.4,0
337,11214,2252139,959.9,728.4,936.3,644.1,948.1,686.25,0
337,11215,2252140,959.8,728.4,936.4,644.0,948.1,686.2,0
337,11216,2252141,959.5,728.3,936.5,644.2,948.0,686.25,0
337,11217,2252142,958.9,728.2,936.6,644.5,947.75,686.35,0
337,11218,2252143,958.3,728.2,936.7,645.1,947.5,686.65,0
337,11219,2252144,957.7,728.1,936.8,645.6,947.25,686.85,0
337,11220,2252145,957.0,728.0,937.0,646.1,947.0,687.05,0
337,11221,2252146,956.5,728.0,937.2,646.5,946.85,687.25,0
337,11222,2252147,956.0,728.0,937.5,647.0,946.75,687.5,0
337,11223,2252148,955.8,727.9,937.9,647.3,946.85,687.6,0
337,11224,2252149,956.0,728.0,938.3,647.5,947.15,687.75,0
337,11225,2252150,956.3,728.0,938.8,647.5,947.55,687.75,0
337,11226,2252151,956.6,728.2,939.2,647.4,947.9,687.8,0
337,11227,2252152,957.0,728.4,939.9,647.4,948.45,687.9,0
337,11228,2252153,957.1,728.6,940.6,647.5,948.85,688.05,0
337,11229,2252154,957.1,728.9,941.2,647.6,949.15,688.25,0
337,11230,2252155,957.0,729.3,941.6,647.8,949.3,688.55,0
337,11231,2252156,956.9,729.5,942.1,648.0,949.5,688.75,0
337,11232,2252157,956.7,729.6,942.6,648.0,949.65,688.8,0
337,11233,2252158,956.5,729.4,943.0,648.0,949.75,688.7,0
338,11234,2252159,956.3,729.0,943.2,647.8,949.75,688.4,0
338,11235,2252160,956.3,728.6,943.3,647.6,949.8,688.1,0
338,11236,2252161,956.3,728.2,943.4,647.3,949.85,687.75,0
338,11237,2252162,956.4,727.8,943.6,647.1,950.0,687.45,0
338,11238,2252163,956.3,727.4,943.7,646.8,950.0,687.1,0
338,11239,2252164,956.3,727.0,943.7,646.6,950.0,686.8,0
338,11240,2252165,956.3,726.9,943.6,646.5,949.95,686.7,0
338,11241,2252166,956.2,726.8,943.6,646.3,949.9,686.55,0
338,11242,2252167,956.1,726.7,943.5,646.1,949.8,686.4,0
338,11243,2252168,955.9,726.5,943.4,646.0,949.65,686.25,0
338,11244,2252169,955.7,726.4,943.2,645.9,949.45,686.15,0
338,11245,2252170,955.6,726.2,943.1,645.8,949.35,686.0,0
338,11246,2252171,955.4,726.1,942.9,645.9,949.15,686.0,0
338,11247,2252172,955.3,725.9,942.8,646.0,949.05,685.95,0
338,11248,2252173,955.1,725.5,942.6,646.0,948.85,685.75,0
338,11249,2252174,955.0,725.1,942.4,646.1,948.7,685.6,0
338,11250,2252175,955.0,724.7,941.6,646.0,948.3,685.35,0
338,11251,2252176,955.0,724.3,940.8,646.0,947.9,685.15,0
338,11252,2252177,955.0,723.9,940.1,646.1,947.55,685.0,0
338,11253,2252178,955.0,723.6,939.3,646.3,947.15,684.95,0
338,11254,2252179,955.0,723.3,938.5,646.5,946.75,684.9,0
338,11255,2252180,955.0,723.2,937.8,646.7,946.4,684.95,0
338,11256,2252181,955.0,723.2,937.1,647.0,946.05,685.1,0
338,11257,2252182,955.0,723.2,936.4,647.2,945.7,685.2,0
338,11258,2252183,955.0,723.3,935.7,647.4,945.35,685.35,0
338,11259,2252184,955.0,723.5,934.9,647.6,944.95,685.55,0
338,11260,2252185,955.1,723.7,933.9,647.6,944.5,685.65,0
338,11261,2252186,955.3,723.9,932.9,647.5,944.1,685.7,0
338,11262,2252187,955.5,724.1,931.9,647.4,943.7,685.75,0
338,11263,2252188,955.7,724.3,931.0,647.3,943.35,685.8,0
338,11264,2252189,955.9,724.5,930.6,647.0,943.25,685.75,0
338,11265,2252190,956.1,724.6,930.1,646.8,943.1,685.7,0
338,11266,2252191,956.3,724.6,929.7,646.6,943.0,685.6,0
339,11267,2252192,956.4,724.6,929.4,646.4,942.9,685.5,0
339,11268,2252193,956.4,724.6,929.1,646.1,942.75,685.35,0
339,11269,2252194,956.3,724.6,928.9,645.9,942.6,685.25,0
339,11270,2252195,956.3,724.6,928.6,645.8,942.45,685.2,0
339,11271,2252196,956.2,724.7,928.4,645.7,942.3,685.2,0
339,11272,2252197,956.1,724.7,928.3,645.6,942.2,685.15,0
339,11273,2252198,956.0,724.8,928.2,645.4,942.1,685.1,0
339,11274,2252199,955.9,724.9,928.3,645.3,942.1,685.1,0
339,11275,2252200,955.9,725.0,928.4,645.3,942.15,685.15,0
339,11276,2252201,955.8,725.0,928.5,645.3,942.15,685.15,0
339,11277,2252202,955.8,725.0,928.6,645.2,942.2,685.1,0
339,11278,2252203,955.8,725.0,928.6,645.1,942.2,685.05,0
339,11279,2252204,955.9,724.9,928.8,644.9,942.35,684.9,0
339,11280,2252205,956.0,724.7,928.9,644.8,942.45,684.75,0
339,11281,2252206,956.0,724.6,929.0,644.7,942.5,684.65,0
339,11282,2252207,956.1,724.4,929.1,644.8,942.6,684.6,0
339,11283,2252208,956.1,724.3,929.2,644.8,942.65,684.55,0
339,11284,2252209,956.0,724.2,929.2,644.9,942.6,684.55,0
339,11285,2252210,955.9,724.3,929.2,645.0,942.55,684.65,0
339,11286,2252211,955.8,724.5,929.2,645.1,942.5,684.8,0
339,11287,2252212,955.6,724.7,929.2,645.1,942.4,684.9,0
339,11288,2252213,955.4,725.0,929.3,645.1,942.35,685.05,0
339,11289,2252214,955.2,725.3,929.3,644.9,942.25,685.1,0
339,11290,2252215,955.0,725.9,929.4,644.4,942.2,685.15,0
339,11291,2252216,954.9,726.5,929.6,644.0,942.25,685.25,0
339,11292,2252217,954.8,726.8,929.7,643.5,942.25,685.15,0
339,11293,2252218,954.7,727.2,929.8,643.2,942.25,685.2,0
339,11294,2252219,954.7,727.5,929.9,642.8,942.3,685.15,0
339,11295,2252220,954.8,727.8,930.0,642.6,942.4,685.2,0
339,11296,2252221,954.9,728.0,930.1,642.4,942.5,685.2,0
339,11297,2252222,955.1,728.0,930.2,642.3,942.65,685.15,0
339,11298,2252223,955.3,728.3,930.2,642.3,942.75,685.3,0
339,11299,2252224,955.5,728.5,930.3,642.3,942.9,685.4,0
339,11300,2252225,955.8,728.6,930.4,642.3,943.1,685.45,0
340,11301,2252226,956.2,728.7,930.5,642.2,943.35,685.45,0
340,11302,2252227,956.5,728.7,930.6,642.2,943.55,685.45,0
340,11303,2252228,956.8,728.7,930.7,642.3,943.75,685.5,0
340,11304,2252229,957.1,728.8,930.8,642.6,943.95,685.7,0
340,11305,2252230,957.3,728.5,930.8,642.9,944.05,685.7,0
340,11306,2252231,957.5,728.7,930.9,643.3,944.2,686.0,0
340,11307,2252232,957.6,729.1,931.1,643.7,944.35,686.4,0
340,11308,2252233,957.6,729.4,931.1,644.1,944.35,686.75,0
340,11309,2252234,957.5,729.8,931.2,644.5,944.35,687.15,0
340,11310,2252235,957.3,730.2,931.2,644.8,944.25,687.5,0
340,11311,2252236,957.0,730.2,931.1,644.9,944.05,687.55,0
340,11312,2252237,956.7,730.2,931.1,645.1,943.9,687.65,0
340,11313,2252238,956.4,729.8,931.1,645.3,943.75,687.55,0
340,11314,2252239,956.3,729.5,931.1,645.5,943.7,687.5,0
340,11315,2252240,956.2,729.3,931.2,645.8,943.7,687.55,0
340,11316,2252241,956.2,729.0,931.3,646.1,943.75,687.55,0
340,11317,2252242,956.4,728.7,931.4,646.4,943.9,687.55,0
340,11318,2252243,956.5,728.8,931.5,646.7,944.0,687.75,0
340,11319,2252244,956.6,729.0,931.5,646.9,944.05,687.95,0
340,11320,2252245,956.7,728.9,931.6,647.1,944.15,688.0,0
340,11321,2252246,956.5,728.7,931.6,647.3,944.05,688.0,0
340,11322,2252247,956.3,728.4,931.6,647.4,943.95,687.9,0
340,11323,2252248,956.1,728.2,931.6,647.4,943.85,687.8,0
340,11324,2252249,955.9,728.1,931.7,647.6,943.8,687.85,0
340,11325,2252250,955.6,728.0,931.7,647.8,943.65,687.9,0
340,11326,2252251,955.4,727.9,931.8,647.9,943.6,687.9,0
340,11327,2252252,955.3,727.9,931.8,648.1,943.55,688.0,0
340,11328,2252253,955.4,728.0,931.8,648.2,943.6,688.1,0
340,11329,2252254,955.5,728.1,931.9,648.4,943.7,688.25,0
340,11330,2252255,955.6,728.3,931.9,648.5,943.75,688.4,0
340,11331,2252256,955.7,728.5,931.9,648.6,943.8,688.55,0
340,11332,2252257,955.8,728.6,932.0,648.6,943.9,688.6,0
340,11333,2252258,956.0,728.7,932.0,648.5,944.0,688.6,0
341,11334,2252259,956.1,728.8,932.0,648.4,944.05,688.6,0
341,11335,2252260,956.2,728.7,931.9,648.3,944.05,688.5,0
341,11336,2252261,956.3,728.7,931.8,648.2,944.05,688.45,0
341,11337,2252262,956.4,728.3,931.8,648.0,944.1,688.15,0
341,11338,2252263,956.3,727.9,931.6,647.7,943.95,687.8,0
341,11339,2252264,956.2,727.5,931.5,647.4,943.85,687.45,0
341,11340,2252265,956.0,727.1,931.4,647.2,943.7,687.15,0
341,11341,2252266,955.8,726.9,931.3,647.1,943.55,687.0,0
341,11342,2252267,955.6,726.6,931.3,647.0,943.45,686.8,0
341,11343,2252268,955.4,726.4,931.3,647.0,943.35,686.7,0
341,11344,2252269,955.1,726.4,931.3,647.1,943.2,686.75,0
341,11345,2252270,955.0,726.5,931.3,647.2,943.15,686.85,0
341,11346,2252271,955.0,726.5,931.2,647.2,943.1,686.85,0
341,11347,2252272,955.0,726.6,931.1,647.3,943.05,686.95,0
341,11348,2252273,955.0,726.5,930.9,647.4,942.95,686.95,0
341,11349,2252274,955.0,726.4,930.8,647.3,942.9,686.85,0
341,11350,2252275,955.1,726.2,930.7,647.2,942.9,686.7,0
341,11351,2252276,955.1,726.0,930.5,647.1,942.8,686.55,0
341,11352,2252277,955.2,725.9,930.4,647.0,942.8,686.45,0
341,11353,2252278,955.2,725.7,930.2,646.9,942.7,686.3,0
341,11354,2252279,955.2,725.7,930.1,646.8,942.65,686.25,0
341,11355,2252280,955.1,725.6,930.1,646.9,942.6,686.25,0
341,11356,2252281,955.0,725.6,929.9,647.0,942.45,686.3,0
341,11357,2252282,954.9,725.6,929.7,647.2,942.3,686.4,0
341,11358,2252283,954.7,725.3,929.5,647.2,942.1,686.25,0
341,11359,2252284,954.6,724.9,929.5,647.3,942.05,686.1,0
341,11360,2252285,954.4,724.6,929.5,647.4,941.95,686.0,0
341,11361,2252286,954.3,724.4,929.5,647.4,941.9,685.9,0
341,11362,2252287,954.3,724.2,929.5,647.3,941.9,685.75,0
341,11363,2252288,954.3,724.1,929.8,647.2,942.05,685.65,0
341,11364,2252289,954.3,723.9,930.0,647.2,942.15,685.55,0
341,11365,2252290,954.3,724.1,930.5,647.3,942.4,685.7,0
341,11366,2252291,954.3,724.3,930.8,647.5,942.55,685.9,0
342,11367,2252292,954.3,724.4,931.0,647.6,942.65,686.0,0
342,11368,2252293,954.3,724.4,931.2,647.8,942.75,686.1,0
342,11369,2252294,954.4,724.5,931.4,647.9,942.9,686.2,0
342,11370,2252295,954.5,724.7,931.4,648.1,942.95,686.4,0
342,11371,2252296,954.6,725.0,931.4,648.2,943.0,686.6,0
342,11372,2252297,954.7,725.2,931.2,648.3,942.95,686.75,0
342,11373,2252298,954.8,725.5,930.9,648.3,942.85,686.9,0
342,11374,2252299,954.8,725.7,930.7,648.3,942.75,687.0,0
342,11375,2252300,954.9,725.8,930.6,648.2,942.75,687.0,0
342,11376,2252301,954.9,725.7,930.5,648.1,942.7,686.9,0
342,11377,2252302,954.9,725.5,930.4,647.9,942.65,686.7,0
342,11378,2252303,954.9,725.3,930.4,647.6,942.65,686.45,0
342,11379,2252304,955.0,725.0,930.3,647.4,942.65,686.2,0
342,11380,2252305,955.1,724.9,930.3,647.0,942.7,685.95,0
342,11381,2252306,955.2,724.7,930.4,646.7,942.8,685.7,0
342,11382,2252307,955.3,724.6,930.5,646.5,942.9,685.55,0
342,11383,2252308,955.4,724.7,930.7,646.3,943.05,685.5,0
342,11384,2252309,955.4,724.7,930.9,646.1,943.15,685.4,0
342,11385,2252310,955.3,724.7,931.2,646.0,943.25,685.35,0
342,11386,2252311,955.2,724.7,931.4,645.9,943.3,685.3,0
342,11387,2252312,955.1,724.7,931.5,645.8,943.3,685.25,0
342,11388,2252313,955.0,724.7,931.5,645.8,943.25,685.25,0
342,11389,2252314,954.8,724.5,931.3,645.7,943.05,685.1,0
342,11390,2252315,954.6,724.4,931.2,645.6,942.9,685.0,0
342,11391,2252316,954.5,724.2,930.9,645.5,942.7,684.85,0
342,11392,2252317,954.3,724.0,930.7,645.4,942.5,684.7,0
342,11393,2252318,954.2,723.7,930.5,645.3,942.35,684.5,0
342,11394,2252319,954.1,723.5,930.5,645.2,942.3,684.35,0
342,11395,2252320,954.1,723.3,930.6,645.1,942.35,684.2,0
342,11396,2252321,954.2,723.2,930.7,645.0,942.45,684.1,0
342,11397,2252322,954.4,723.1,930.8,645.0,942.6,684.05,0
342,11398,2252323,954.7,723.0,930.9,645.0,942.8,684.0,0
342,11399,2252324,955.0,723.1,931.0,645.0,943.0,684.05,0
342,11400,2252325,955.3,723.3,931.1,645.1,943.2,684.2,0
343,11401,2252326,955.6,723.4,931.1,645.3,943.35,684.35,0
343,11402,2252327,955.9,723.5,931.2,645.5,943.55,684.5,0
343,11403,2252328,956.2,723.6,931.2,645.7,943.7,684.65,0
343,11404,2252329,956.1,723.7,931.2,645.8,943.65,684.75,0
343,11405,2252330,956.0,723.6,931.3,645.9,943.65,684.75,0
343,11406,2252331,955.9,723.3,931.4,646.1,943.65,684.7,0
343,11407,2252332,955.8,723.0,931.6,646.2,943.7,684.6,0
343,11408,2252333,955.8,722.7,931.7,646.3,943.75,684.5,0
343,11409,2252334,955.7,722.5,931.7,646.3,943.7,684.4,0
343,11410,2252335,955.6,722.3,931.8,646.3,943.7,684.3,0
343,11411,2252336,955.7,722.0,931.8,646.2,943.75,684.1,0
343,11412,2252337,955.9,721.9,931.6,646.1,943.75,684.0,0
343,11413,2252338,956.0,721.8,931.5,646.1,943.75,683.95,0
343,11414,2252339,956.1,721.8,931.5,646.0,943.8,683.9,0
343,11415,2252340,956.2,721.8,931.5,645.9,943.85,683.85,0
343,11416,2252341,956.3,721.7,931.5,645.9,943.9,683.8,0
343,11417,2252342,956.4,721.7,931.6,645.9,944.0,683.8,0
343,11418,2252343,956.4,721.7,931.8,645.9,944.1,683.8,0
343,11419,2252344,956.5,721.7,931.9,646.0,944.2,683.85,0
343,11420,2252345,956.7,721.6,932.1,646.0,944.4,683.8,0
343,11421,2252346,956.8,721.6,932.2,646.1,944.5,683.85,0
343,11422,2252347,956.9,721.4,932.5,646.3,944.7,683.85,0
343,11423,2252348,956.9,721.2,932.7,646.4,944.8,683.8,0
343,11424,2252349,956.8,721.0,932.8,646.6,944.8,683.8,0
343,11425,2252350,956.8,720.8,932.9,646.7,944.85,683.75,0
343,11426,2252351,956.6,720.6,933.0,646.8,944.8,683.7,0
343,11427,2252352,956.3,720.5,933.1,646.9,944.7,683.7,0
343,11428,2252353,956.1,720.4,933.0,646.9,944.55,683.65,0
343,11429,2252354,955.9,720.3,932.7,647.2,944.3,683.75,0
343,11430,2252355,955.8,720.3,932.5,647.4,944.15,683.85,0
343,11431,2252356,955.8,720.3,932.3,647.6,944.05,683.95,0
343,11432,2252357,955.7,720.3,932.2,647.8,943.95,684.05,0
343,11433,2252358,955.9,720.3,932.1,647.7,944.0,684.0,0
344,11434,2252359,956.1,720.3,932.0,647.6,944.05,683.95,0
344,11435,2252360,956.4,720.2,932.0,647.4,944.2,683.8,0
344,11436,2252361,956.7,720.2,932.0,646.9,944.35,683.55,0
344,11437,2252362,957.1,720.1,932.1,646.4,944.6,683.25,0
344,11438,2252363,957.5,720.0,932.1,646.0,944.8,683.0,0
344,11439,2252364,957.8,719.8,932.1,645.8,944.95,682.8,0
344,11440,2252365,958.0,719.7,932.1,645.9,945.05,682.8,0
344,11441,2252366,958.3,719.5,932.0,645.9,945.15,682.7,0
344,11442,2252367,958.3,719.3,932.1,646.2,945.2,682.75,0
344,11443,2252368,958.3,719.1,932.1,646.4,945.2,682.75,0
344,11444,2252369,958.4,718.9,932.1,646.6,945.25,682.75,0
344,11445,2252370,958.4,718.8,932.2,646.8,945.3,682.8,0
344,11446,2252371,958.4,718.8,932.2,646.9,945.3,682.85,0
344,11447,2252372,958.3,718.7,932.2,647.0,945.25,682.85,0
344,11448,2252373,958.3,718.6,932.3,647.1,945.3,682.85,0
344,11449,2252374,958.2,718.4,932.3,647.1,945.25,682.75,0
344,11450,2252375,958.1,718.3,932.3,647.1,945.2,682.7,0
344,11451,2252376,958.0,718.0,932.3,647.1,945.15,682.55,0
344,11452,2252377,958.2,717.7,932.3,646.9,945.25,682.3,0
344,11453,2252378,958.4,717.5,932.3,646.7,945.35,682.1,0
344,11454,2252379,958.6,717.2,932.4,646.5,945.5,681.85,0
344,11455,2252380,958.8,717.0,932.3,646.2,945.55,681.6,0
344,11456,2252381,958.9,716.9,932.3,646.0,945.6,681.45,0
344,11457,2252382,959.1,716.9,932.3,645.7,945.7,681.3,0
344,11458,2252383,959.2,716.9,932.2,645.3,945.7,681.1,0
344,11459,2252384,959.1,716.9,932.2,644.9,945.65,680.9,0
344,11460,2252385,959.0,716.8,932.2,644.6,945.6,680.7,0
344,11461,2252386,958.9,716.7,932.3,644.1,945.6,680.4,0
344,11462,2252387,958.8,716.5,932.3,643.7,945.55,680.1,0
344,11463,2252388,958.8,716.3,932.3,643.3,945.55,679.8,0
344,11464,2252389,958.7,716.0,932.3,642.9,945.5,679.45,0
344,11465,2252390,958.8,715.8,932.3,642.6,945.55,679.2,0
344,11466,2252391,958.9,715.6,932.2,642.3,945.55,678.95,0
345,11467,2252392,958.9,715.6,932.2,642.1,945.55,678.85,0
345,11468,2252393,959.0,715.7,932.2,642.1,945.6,678.9,0
345,11469,2252394,959.0,715.9,932.1,642.0,945.55,678.95,0
345,11470,2252395,959.1,716.0,932.1,642.0,945.6,679.0,0
345,11471,2252396,959.1,716.2,931.8,642.0,945.45,679.1,0
345,11472,2252397,959.0,716.4,931.5,642.1,945.25,679.25,0
345,11473,2252398,958.8,716.5,931.3,642.3,945.05,679.4,0
345,11474,2252399,958.8,716.6,931.1,642.5,944.95,679.55,0
345,11475,2252400,958.7,716.4,930.9,642.4,944.8,679.4,0
345,11476,2252401,958.7,716.2,930.8,642.3,944.75,679.25,0
345,11477,2252402,958.8,716.0,930.8,642.2,944.8,679.1,0
345,11478,2252403,958.9,715.9,930.9,642.1,944.9,679.0,0
345,11479,2252404,958.9,715.7,931.0,641.9,944.95,678.8,0
345,11480,2252405,959.1,715.5,931.0,641.5,945.05,678.5,0
345,11481,2252406,959.3,715.4,931.0,641.1,945.15,678.25,0
345,11482,2252407,959.5,715.5,931.0,640.9,945.25,678.2,0
345,11483,2252408,959.7,715.6,930.8,640.8,945.25,678.2,0
345,11484,2252409,959.9,715.7,930.6,640.7,945.25,678.2,0
345,11485,2252410,960.1,715.7,930.4,640.6,945.25,678.15,0
345,11486,2252411,960.3,715.6,930.2,640.6,945.25,678.1,0
345,11487,2252412,960.4,715.5,930.0,640.8,945.2,678.15,0
345,11488,2252413,960.3,715.4,929.8,640.9,945.05,678.15,0
345,11489,2252414,960.2,715.2,929.6,640.9,944.9,678.05,0
345,11490,2252415,960.2,715.0,929.5,640.8,944.85,677.9,0
345,11491,2252416,960.1,714.8,929.4,640.8,944.75,677.8,0
345,11492,2252417,960.0,714.5,929.2,640.7,944.6,677.6,0
345,11493,2252418,959.9,714.2,929.0,640.6,944.45,677.4,0
345,11494,2252419,959.9,714.0,928.9,640.6,944.4,677.3,0
345,11495,2252420,960.1,713.9,928.8,640.7,944.45,677.3,0
345,11496,2252421,960.2,714.1,928.6,640.8,944.4,677.45,0
345,11497,2252422,960.3,714.4,928.6,640.9,944.45,677.65,0
345,11498,2252423,960.4,714.7,928.6,641.1,944.5,677.9,0
345,11499,2252424,960.5,715.1,928.7,641.3,944.6,678.2,0
345,11500,2252425,960.6,715.6,928.8,641.5,944.7,678.55,0
346,11501,2252426,960.7,716.0,928.9,641.7,944.8,678.85,0
346,11502,2252427,960.7,716.4,929.0,642.0,944.85,679.2,0
346,11503,2252428,960.8,716.5,929.1,642.3,944.95,679.4,0
346,11504,2252429,960.9,716.5,929.1,642.6,945.0,679.55,0
346,11505,2252430,961.1,716.7,929.1,642.8,945.1,679.75,0
346,11506,2252431,961.2,716.9,929.0,642.9,945.1,679.9,0
346,11507,2252432,961.4,717.1,929.0,643.1,945.2,680.1,0
346,11508,2252433,961.9,717.2,929.0,643.2,945.45,680.2,0
346,11509,2252434,962.4,717.3,928.9,643.2,945.65,680.25,0
346,11510,2252435,962.9,717.4,928.9,643.2,945.9,680.3,0
346,11511,2252436,963.3,717.5,928.9,643.3,946.1,680.4,0
346,11512,2252437,963.6,717.5,928.8,643.5,946.2,680.5,0
346,11513,2252438,964.0,717.5,928.8,643.7,946.4,680.6,0
346,11514,2252439,964.3,717.5,928.8,643.9,946.55,680.7,0
346,11515,2252440,964.3,717.6,928.8,644.2,946.55,680.9,0
346,11516,2252441,964.3,717.6,928.7,644.4,946.5,681.0,0
346,11517,2252442,964.3,717.6,928.7,644.7,946.5,681.15,0
346,11518,2252443,964.3,717.6,928.7,645.0,946.5,681.3,0
346,11519,2252444,964.3,717.5,928.7,645.1,946.5,681.3,0
346,11520,2252445,964.3,717.5,928.7,645.3,946.5,681.4,0
346,11521,2252446,964.4,717.5,928.7,645.3,946.55,681.4,0
346,11522,2252447,964.4,717.7,928.7,645.4,946.55,681.55,0
346,11523,2252448,964.4,717.9,928.7,645.4,946.55,681.65,0
346,11524,2252449,964.4,718.0,928.7,645.3,946.55,681.65,0
346,11525,2252450,964.4,718.2,928.7,645.2,946.55,681.7,0
346,11526,2252451,964.4,718.3,928.6,645.0,946.5,681.65,0
346,11527,2252452,964.4,718.4,928.5,644.7,946.45,681.55,0
346,11528,2252453,964.3,718.4,928.4,644.4,946.35,681.4,0
346,11529,2252454,964.3,718.2,928.2,644.1,946.25,681.15,0
346,11530,2252455,964.2,718.0,928.1,643.9,946.15,680.95,0
346,11531,2252456,964.2,717.8,928.1,643.7,946.15,680.75,0
346,11532,2252457,964.1,717.6,928.1,643.5,946.1,680.55,0
346,11533,2252458,964.0,717.4,928.2,643.6,946.1,680.5,0
347,11534,2252459,963.9,717.3,928.2,643.9,946.05,680.6,0
347,11535,2252460,963.8,717.1,928.4,644.2,946.1,680.65,0
347,11536,2252461,963.8,717.0,928.6,644.5,946.2,680.75,0
347,11537,2252462,963.5,717.1,928.8,644.8,946.15,680.95,0
347,11538,2252463,963.3,717.2,929.0,645.1,946.15,681.15,0
347,11539,2252464,963.1,717.3,929.1,645.3,946.1,681.3,0
347,11540,2252465,962.9,717.4,929.7,645.2,946.3,681.3,0
347,11541,2252466,962.4,717.5,930.3,645.2,946.35,681.35,0
347,11542,2252467,961.9,717.6,931.0,645.1,946.45,681.35,0
347,11543,2252468,961.4,717.6,931.7,644.9,946.55,681.25,0
347,11544,2252469,961.0,717.6,932.3,644.7,946.65,681.15,0
347,11545,2252470,960.7,717.6,932.8,644.5,946.75,681.05,0
347,11546,2252471,960.3,717.5,933.2,644.3,946.75,680.9,0
347,11547,2252472,959.9,717.4,933.3,644.1,946.6,680.75,0
347,11548,2252473,959.7,717.4,933.2,644.0,946.45,680.7,0
347,11549,2252474,959.6,717.3,933.1,644.0,946.35,680.65,0
347,11550,2252475,959.3,717.3,933.0,644.2,946.15,680.75,0
347,11551,2252476,959.0,717.3,932.9,644.4,945.95,680.85,0
347,11552,2252477,958.8,717.3,932.8,644.8,945.8,681.05,0
347,11553,2252478,958.5,717.7,932.8,645.2,945.65,681.45,0
347,11554,2252479,958.2,718.2,932.9,645.9,945.55,682.05,0
347,11555,2252480,957.9,718.7,933.0,646.5,945.45,682.6,0
347,11556,2252481,957.9,720.0,933.0,647.1,945.45,683.55,0
347,11557,2252482,958.1,721.7,933.0,648.2,945.55,684.95,0
347,11558,2252483,958.4,723.5,932.8,649.8,945.6,686.65,0
347,11559,2252484,959.0,725.3,932.6,652.0,945.8,688.65,0
347,11560,2252485,959.6,727.2,932.1,654.4,945.85,690.8,0
347,11561,2252486,960.3,729.7,931.4,656.8,945.85,693.25,0
347,11562,2252487,960.9,732.3,930.3,659.2,945.6,695.75,0
347,11563,2252488,961.4,734.9,928.8,662.6,945.1,698.75,0
347,11564,2252489,962.1,737.2,926.5,666.1,944.3,701.65,0
347,11565,2252490,962.7,739.9,924.4,669.5,943.55,704.7,0
347,11566,2252491,963.0,743.1,921.5,673.0,942.25,708.05,0
348,11567,2252492,963.3,746.7,918.7,677.0,941.0,711.85,0
348,11568,2252493,963.6,750.0,915.8,681.5,939.7,715.75,0
348,11569,2252494,963.9,753.4,912.5,686.2,938.2,719.8,0
348,11570,2252495,964.2,756.6,909.0,690.7,936.6,723.65,0
348,11571,2252496,964.4,759.5,906.1,694.5,935.25,727.0,0
348,11572,2252497,965.1,762.9,902.6,698.3,933.85,730.6,0
348,11573,2252498,965.7,765.8,899.5,701.8,932.6,733.8,0
348,11574,2252499,966.4,768.3,896.3,704.6,931.35,736.45,0
348,11575,2252500,967.3,770.9,892.8,706.6,930.05,738.75,0
348,11576,2252501,968.3,773.0,890.1,707.5,929.2,740.25,0
348,11577,2252502,969.0,774.8,887.4,707.1,928.2,740.95,0
348,11578,2252503,970.0,777.1,885.1,705.1,927.55,741.1,0
348,11579,2252504,970.5,778.9,883.0,703.0,926.75,740.95,0
348,11580,2252505,971.2,782.7,881.4,700.2,926.3,741.45,0
348,11581,2252506,972.3,789.2,879.8,699.4,926.05,744.3,0
348,11582,2252507,973.4,800.2,878.7,701.5,926.05,750.85,0
348,11583,2252508,973.9,821.7,877.6,710.4,925.75,766.05,0
348,11584,2252509,973.8,847.0,876.3,726.4,925.05,786.7,0
348,11585,2252510,971.3,888.6,874.0,753.8,922.65,821.2,0
348,11586,2252511,965.8,935.7,870.9,799.7,918.35,867.7,0
348,11587,2252512,957.3,988.9,867.2,853.4,912.25,921.15,0
348,11588,2252513,941.4,1048.4,863.3,916.8,902.35,982.6,0
348,11589,2252514,922.1,1113.1,857.9,984.9,890.0,1049.0,0
348,11590,2252515,833.0,1186.0,858.6,1053.7,845.8,1119.85,0
348,11591,2252516,724.3,1266.5,859.7,1114.6,792.0,1190.55,0
348,11592,2252517,508.8,1430.1,952.0,1174.4,730.4,1302.25,0
348,11593,2252518,174.9,1606.1,1048.2,1214.1,611.55,1410.1,0
348,11594,2252519,-546.1,1810.6,1189.2,1313.6,321.55,1562.1,0
348,11595,2252520,NaN,NaN,1385.7,1391.4,1385.7,1391.4,0
348,11596,2252521,NaN,NaN,1779.6,1410.2,1779.6,1410.2,0
348,11597,2252522,NaN,NaN,2159.2,1362.0,2159.2,1362.0,0
348,11598,2252523,NaN,NaN,2521.4,1239.2,2521.4,1239.2,0
348,11599,2252524,NaN,NaN,2694.5,1154.8,2694.5,1154.8,0
348,11600,2252525,NaN,NaN,2934.1,994.4,2934.1,994.4,0
349,11601,2252526,NaN,NaN,3103.9,812.5,3103.9,812.5,0
349,11602,2252527,NaN,NaN,3249.1,556.1,3249.1,556.1,0
349,11603,2252528,NaN,NaN,3249.1,556.1,3249.1,556.1,0
349,11604,2252529,NaN,NaN,3249.1,556.1,3249.1,556.1,0
349,11605,2252530,NaN,NaN,NaN,NaN,NaN,NaN,0
349,11606,2252531,NaN,NaN,NaN,NaN,NaN,NaN,0
349,11607,2252532,NaN,NaN,NaN,NaN,NaN,NaN,0
349,11608,2252533,NaN,NaN,NaN,NaN,NaN,NaN,0
349,11609,2252534,NaN,NaN,NaN,NaN,NaN,NaN,0
349,11610,2252535,NaN,NaN,NaN,NaN,NaN,NaN,0
349,11611,2252536,NaN,NaN,NaN,NaN,NaN,NaN,0
349,11612,2252537,NaN,NaN,NaN,NaN,NaN,NaN,0
349,11613,2252538,NaN,NaN,NaN,NaN,NaN,NaN,0
349,11614,2252539,NaN,NaN,NaN,NaN,NaN,NaN,0
349,11615,2252540,NaN,NaN,NaN,NaN,NaN,NaN,0
349,11616,2252541,NaN,NaN,NaN,NaN,NaN,NaN,0
349,11617,2252542,NaN,NaN,NaN,NaN,NaN,NaN,0
349,11618,2252543,NaN,NaN,NaN,NaN,NaN,NaN,0
349,11619,2252544,NaN,NaN,NaN,NaN,NaN,NaN,0
349,11620,2252545,NaN,NaN,NaN,NaN,NaN,NaN,0
349,11621,2252546,NaN,NaN,NaN,NaN,NaN,NaN,0
349,11622,2252547,NaN,NaN,NaN,NaN,NaN,NaN,0
349,11623,2252548,NaN,NaN,NaN,NaN,NaN,NaN,0
349,11624,2252549,NaN,NaN,NaN,NaN,NaN,NaN,0
349,11625,2252550,NaN,NaN,NaN,NaN,NaN,NaN,0
349,11626,2252551,NaN,NaN,NaN,NaN,NaN,NaN,0
349,11627,2252552,NaN,NaN,NaN,NaN,NaN,NaN,0
349,11628,2252553,NaN,NaN,NaN,NaN,NaN,NaN,0
349,11629,2252554,NaN,NaN,NaN,NaN,NaN,NaN,0
349,11630,2252555,NaN,NaN,NaN,NaN,NaN,NaN,0
349,11631,2252556,NaN,NaN,NaN,NaN,NaN,NaN,0
349,11632,2252557,NaN,NaN,NaN,NaN,NaN,NaN,0
349,11633,2252558,NaN,NaN,NaN,NaN,NaN,NaN,0
350,11634,2252559,NaN,NaN,NaN,NaN,NaN,NaN,0
350,11635,2252560,NaN,NaN,NaN,NaN,NaN,NaN,0
350,11636,2252561,NaN,NaN,NaN,NaN,NaN,NaN,0
350,11637,2252562,NaN,NaN,NaN,NaN,NaN,NaN,0
350,11638,2252563,NaN,NaN,NaN,NaN,NaN,NaN,0
350,11639,2252564,NaN,NaN,NaN,NaN,NaN,NaN,0
350,11640,2252565,NaN,NaN,NaN,NaN,NaN,NaN,0
350,11641,2252566,NaN,NaN,NaN,NaN,NaN,NaN,0
350,11642,2252567,NaN,NaN,NaN,NaN,NaN,NaN,0
350,11643,2252568,NaN,NaN,NaN,NaN,NaN,NaN,0
350,11644,2252569,NaN,NaN,NaN,NaN,NaN,NaN,0
350,11645,2252570,NaN,NaN,NaN,NaN,NaN,NaN,0
350,11646,2252571,NaN,NaN,NaN,NaN,NaN,NaN,0
350,11647,2252572,NaN,NaN,NaN,NaN,NaN,NaN,0
350,11648,2252573,NaN,NaN,NaN,NaN,NaN,NaN,0
350,11649,2252574,NaN,NaN,NaN,NaN,NaN,NaN,0
350,11650,2252575,NaN,NaN,NaN,NaN,NaN,NaN,0
350,11651,2252576,NaN,NaN,NaN,NaN,NaN,NaN,0
350,11652,2252577,NaN,NaN,NaN,NaN,NaN,NaN,0
350,11653,2252578,NaN,NaN,NaN,NaN,NaN,NaN,0
350,11654,2252579,NaN,NaN,NaN,NaN,NaN,NaN,0
350,11655,2252580,NaN,NaN,NaN,NaN,NaN,NaN,0
350,11656,2252581,NaN,NaN,NaN,NaN,NaN,NaN,0
350,11657,2252582,NaN,NaN,NaN,NaN,NaN,NaN,0
350,11658,2252583,NaN,NaN,NaN,NaN,NaN,NaN,0
350,11659,2252584,NaN,NaN,NaN,NaN,NaN,NaN,0
350,11660,2252585,NaN,NaN,NaN,NaN,NaN,NaN,0
350,11661,2252586,NaN,NaN,NaN,NaN,NaN,NaN,0
350,11662,2252587,NaN,NaN,NaN,NaN,NaN,NaN,0
350,11663,2252588,NaN,NaN,NaN,NaN,NaN,NaN,0
350,11664,2252589,NaN,NaN,NaN,NaN,NaN,NaN,0
350,11665,2252590,NaN,NaN,NaN,NaN,NaN,NaN,0
350,11666,2252591,NaN,NaN,NaN,NaN,NaN,NaN,0
351,11667,2252592,NaN,NaN,NaN,NaN,NaN,NaN,0
351,11668,2252593,NaN,NaN,NaN,NaN,NaN,NaN,0
351,11669,2252594,NaN,NaN,NaN,NaN,NaN,NaN,0
351,11670,2252595,NaN,NaN,NaN,NaN,NaN,NaN,0
351,11671,2252596,NaN,NaN,NaN,NaN,NaN,NaN,0
351,11672,2252597,NaN,NaN,NaN,NaN,NaN,NaN,0
351,11673,2252598,NaN,NaN,NaN,NaN,NaN,NaN,0
351,11674,2252599,NaN,NaN,NaN,NaN,NaN,NaN,0
351,11675,2252600,NaN,NaN,NaN,NaN,NaN,NaN,0
351,11676,2252601,NaN,NaN,NaN,NaN,NaN,NaN,0
351,11677,2252602,NaN,NaN,NaN,NaN,NaN,NaN,0
351,11678,2252603,NaN,NaN,NaN,NaN,NaN,NaN,0
351,11679,2252604,NaN,NaN,NaN,NaN,NaN,NaN,0
351,11680,2252605,NaN,NaN,NaN,NaN,NaN,NaN,0
351,11681,2252606,NaN,NaN,NaN,NaN,NaN,NaN,0
351,11682,2252607,-943.2,1396.9,NaN,NaN,-943.2,1396.9,0
351,11683,2252608,-387.4,1370.0,NaN,NaN,-387.4,1370.0,0
351,11684,2252609,31.3,1335.4,NaN,NaN,31.3,1335.4,0
351,11685,2252610,368.4,1300.9,NaN,NaN,368.4,1300.9,0
351,11686,2252611,639.1,1265.6,NaN,NaN,639.1,1265.6,0
351,11687,2252612,700.7,1236.9,NaN,NaN,700.7,1236.9,0
351,11688,2252613,759.1,1211.4,NaN,NaN,759.1,1211.4,0
351,11689,2252614,818.4,1182.9,NaN,NaN,818.4,1182.9,0
351,11690,2252615,829.9,1164.0,NaN,NaN,829.9,1164.0,0
351,11691,2252616,841.7,1144.2,630.0,1133.5,735.85,1138.85,0
351,11692,2252617,853.4,1124.2,791.3,1028.4,822.35,1076.3,0
351,11693,2252618,864.6,1105.2,935.4,923.5,900.0,1014.35,0
351,11694,2252619,872.6,1088.3,935.4,923.7,904.0,1006.0,0
351,11695,2252620,882.3,1071.1,935.9,919.2,909.1,995.15,0
351,11696,2252621,889.4,1055.4,936.7,913.9,913.05,984.65,0
351,11697,2252622,895.6,1039.2,939.0,893.7,917.3,966.45,0
351,11698,2252623,910.5,1014.6,941.4,872.1,925.95,943.35,0
351,11699,2252624,924.5,988.7,945.3,844.4,934.9,916.55,0
351,11700,2252625,937.5,963.2,949.1,816.6,943.3,889.9,0
352,11701,2252626,949.6,936.4,953.0,784.3,951.3,860.35,0
352,11702,2252627,959.3,911.3,956.3,755.2,957.8,833.25,0
352,11703,2252628,968.6,884.9,958.6,726.6,963.6,805.75,0
352,11704,2252629,977.2,860.7,959.6,709.8,968.4,785.25,0
352,11705,2252630,977.6,844.7,960.1,693.0,968.85,768.85,0
352,11706,2252631,977.2,829.4,959.0,682.1,968.1,755.75,0
352,11707,2252632,976.2,814.3,957.8,669.0,967.0,741.65,0
352,11708,2252633,975.0,802.2,956.4,656.7,965.7,729.45,0
352,11709,2252634,973.3,789.8,955.0,644.6,964.15,717.2,0
352,11710,2252635,971.6,777.2,954.2,634.0,962.9,705.6,0
352,11711,2252636,970.0,764.5,953.1,626.3,961.55,695.4,0
352,11712,2252637,968.4,753.9,952.4,618.4,960.4,686.15,0
352,11713,2252638,967.4,745.8,951.7,610.6,959.55,678.2,0
352,11714,2252639,967.1,738.9,951.3,605.0,959.2,671.95,0
352,11715,2252640,966.8,732.3,950.8,601.6,958.8,666.95,0
352,11716,2252641,967.1,726.3,950.3,598.2,958.7,662.25,0
352,11717,2252642,967.5,723.6,949.8,594.7,958.65,659.15,0
352,11718,2252643,968.0,719.5,949.4,592.6,958.7,656.05,0
352,11719,2252644,968.3,715.0,949.3,590.5,958.8,652.75,0
352,11720,2252645,968.7,710.8,949.1,587.7,958.9,649.25,0
352,11721,2252646,968.9,708.3,948.9,584.9,958.9,646.6,0
352,11722,2252647,969.1,705.5,948.5,583.6,958.8,644.55,0
352,11723,2252648,969.1,702.6,948.1,581.6,958.6,642.1,0
352,11724,2252649,969.1,699.2,947.9,579.0,958.5,639.1,0
352,11725,2252650,969.1,697.0,947.6,577.0,958.35,637.0,0
352,11726,2252651,969.0,695.6,947.4,575.1,958.2,635.35,0
352,11727,2252652,969.0,694.2,947.2,574.0,958.1,634.1,0
352,11728,2252653,969.0,692.8,946.9,572.8,957.95,632.8,0
352,11729,2252654,968.8,691.6,946.8,572.2,957.8,631.9,0
352,11730,2252655,968.5,691.1,946.6,572.3,957.55,631.7,0
352,11731,2252656,968.2,691.4,946.5,572.8,957.35,632.1,0
352,11732,2252657,967.9,691.8,946.4,573.4,957.15,632.6,0
352,11733,2252658,967.6,692.3,946.3,574.1,956.95,633.2,0
353,11734,2252659,967.4,692.7,946.2,575.0,956.8,633.85,0
353,11735,2252660,967.1,693.2,946.1,575.9,956.6,634.55,0
353,11736,2252661,967.0,693.8,946.2,576.4,956.6,635.1,0
353,11737,2252662,967.0,694.0,946.1,576.8,956.55,635.4,0
353,11738,2252663,967.0,694.5,945.9,577.3,956.45,635.9,0
353,11739,2252664,966.9,695.0,945.8,577.8,956.35,636.4,0
353,11740,2252665,966.7,695.9,945.6,578.3,956.15,637.1,0
353,11741,2252666,966.6,696.8,945.4,578.9,956.0,637.85,0
353,11742,2252667,966.4,698.1,945.2,579.5,955.8,638.8,0
353,11743,2252668,966.3,699.4,945.0,580.0,955.65,639.7,0
353,11744,2252669,966.3,700.7,944.7,580.5,955.5,640.6,0
353,11745,2252670,966.3,702.1,944.5,581.1,955.4,641.6,0
353,11746,2252671,966.3,703.4,944.3,581.6,955.3,642.5,0
353,11747,2252672,966.3,704.4,943.9,582.0,955.1,643.2,0
353,11748,2252673,966.2,705.4,943.5,582.1,954.85,643.75,0
353,11749,2252674,966.0,706.3,943.1,582.3,954.55,644.3,0
353,11750,2252675,965.7,707.1,942.7,582.3,954.2,644.7,0
353,11751,2252676,965.4,707.8,942.4,582.4,953.9,645.1,0
353,11752,2252677,965.2,708.2,942.1,582.4,953.65,645.3,0
353,11753,2252678,965.1,708.6,941.9,582.4,953.5,645.5,0
353,11754,2252679,965.1,709.0,941.9,582.5,953.5,645.75,0
353,11755,2252680,965.3,709.2,941.7,582.5,953.5,645.85,0
353,11756,2252681,965.8,709.1,941.6,582.5,953.7,645.8,0
353,11757,2252682,966.3,708.9,941.5,582.5,953.9,645.7,0
353,11758,2252683,966.8,708.7,941.4,582.6,954.1,645.65,0
353,11759,2252684,967.2,708.5,941.4,582.7,954.3,645.6,0
353,11760,2252685,967.5,708.3,941.3,582.8,954.4,645.55,0
353,11761,2252686,967.6,708.1,941.3,582.9,954.45,645.5,0
353,11762,2252687,967.7,707.9,941.3,583.1,954.5,645.5,0
353,11763,2252688,967.5,707.8,941.3,583.3,954.4,645.55,0
353,11764,2252689,967.4,707.6,941.3,583.5,954.35,645.55,0
353,11765,2252690,967.2,707.5,941.2,583.7,954.2,645.6,0
353,11766,2252691,967.1,707.3,941.1,584.0,954.1,645.65,0
354,11767,2252692,966.9,707.3,940.8,584.4,953.85,645.85,0
354,11768,2252693,966.8,707.7,940.5,585.1,953.65,646.4,0
354,11769,2252694,966.9,708.2,940.3,585.7,953.6,646.95,0
354,11770,2252695,966.9,708.7,940.0,586.4,953.45,647.55,0
354,11771,2252696,967.0,709.2,939.8,587.1,953.4,648.15,0
354,11772,2252697,967.2,709.8,939.8,587.7,953.5,648.75,0
354,11773,2252698,967.5,710.4,939.7,588.1,953.6,649.25,0
354,11774,2252699,967.7,710.8,939.8,588.4,953.75,649.6,0
354,11775,2252700,967.9,710.6,939.9,588.4,953.9,649.5,0
354,11776,2252701,967.8,710.5,940.0,588.4,953.9,649.45,0
354,11777,2252702,967.7,710.2,940.1,588.5,953.9,649.35,0
354,11778,2252703,967.3,709.9,940.2,588.5,953.75,649.2,0
354,11779,2252704,966.8,709.5,940.3,588.7,953.55,649.1,0
354,11780,2252705,966.3,709.1,940.4,588.9,953.35,649.0,0
354,11781,2252706,965.8,708.7,940.5,589.1,953.15,648.9,0
354,11782,2252707,965.4,708.7,940.5,589.3,952.95,649.0,0
354,11783,2252708,965.2,708.7,940.6,589.4,952.9,649.05,0
354,11784,2252709,965.0,708.8,940.6,589.5,952.8,649.15,0
354,11785,2252710,965.0,708.8,940.7,589.6,952.85,649.2,0
354,11786,2252711,965.2,708.8,940.7,589.6,952.95,649.2,0
354,11787,2252712,965.4,708.9,940.7,589.6,953.05,649.25,0
354,11788,2252713,965.6,709.0,940.7,589.6,953.15,649.3,0
354,11789,2252714,965.8,708.4,940.6,589.7,953.2,649.05,0
354,11790,2252715,965.9,707.8,940.6,589.9,953.25,648.85,0
354,11791,2252716,966.0,707.1,940.5,590.0,953.25,648.55,0
354,11792,2252717,966.1,706.6,940.5,590.2,953.3,648.4,0
354,11793,2252718,966.0,706.0,940.3,590.5,953.15,648.25,0
354,11794,2252719,965.9,705.5,940.1,590.7,953.0,648.1,0
354,11795,2252720,965.9,705.0,940.0,591.0,952.95,648.0,0
354,11796,2252721,965.8,704.9,939.8,591.2,952.8,648.05,0
354,11797,2252722,965.7,704.9,939.7,591.4,952.7,648.15,0
354,11798,2252723,965.6,704.8,939.5,591.8,952.55,648.3,0
354,11799,2252724,965.6,704.6,939.4,592.1,952.5,648.35,0
354,11800,2252725,965.5,704.5,939.3,592.6,952.4,648.55,0
355,11801,2252726,965.4,704.3,939.2,593.1,952.3,648.7,0
355,11802,2252727,965.3,704.4,939.0,593.7,952.15,649.05,0
355,11803,2252728,965.0,704.4,938.7,594.3,951.85,649.35,0
355,11804,2252729,964.7,704.4,938.5,594.8,951.6,649.6,0
355,11805,2252730,964.5,704.5,938.3,595.1,951.4,649.8,0
355,11806,2252731,964.3,704.5,938.1,595.5,951.2,650.0,0
355,11807,2252732,964.1,704.4,938.0,595.6,951.05,650.0,0
355,11808,2252733,964.0,704.1,937.9,595.8,950.95,649.95,0
355,11809,2252734,963.8,703.6,938.0,595.9,950.9,649.75,0
355,11810,2252735,963.9,703.2,937.9,596.0,950.9,649.6,0
355,11811,2252736,964.0,702.9,937.9,596.0,950.95,649.45,0
355,11812,2252737,964.1,702.7,937.9,596.1,951.0,649.4,0
355,11813,2252738,964.0,702.6,937.8,596.2,950.9,649.4,0
355,11814,2252739,963.8,702.6,937.7,596.3,950.75,649.45,0
355,11815,2252740,963.6,702.7,937.5,596.3,950.55,649.5,0
355,11816,2252741,963.3,702.9,937.2,596.3,950.25,649.6,0
355,11817,2252742,963.0,703.0,936.9,596.4,949.95,649.7,0
355,11818,2252743,962.8,703.0,936.7,596.5,949.75,649.75,0
355,11819,2252744,962.5,702.7,936.4,596.6,949.45,649.65,0
355,11820,2252745,962.3,702.4,936.1,596.7,949.2,649.55,0
355,11821,2252746,962.2,702.1,935.9,596.9,949.05,649.5,0
355,11822,2252747,962.1,701.7,935.6,597.1,948.85,649.4,0
355,11823,2252748,962.0,701.2,935.6,597.3,948.8,649.25,0
355,11824,2252749,961.9,700.9,935.5,597.6,948.7,649.25,0
355,11825,2252750,961.4,700.6,935.5,597.7,948.45,649.15,0
355,11826,2252751,961.0,700.5,935.4,597.8,948.2,649.15,0
355,11827,2252752,960.6,700.4,935.3,598.0,947.95,649.2,0
355,11828,2252753,960.2,700.4,935.2,598.0,947.7,649.2,0
355,11829,2252754,959.8,700.4,935.2,597.8,947.5,649.1,0
355,11830,2252755,959.4,700.3,935.2,597.6,947.3,648.95,0
355,11831,2252756,959.2,700.2,935.3,597.4,947.25,648.8,0
355,11832,2252757,959.2,700.0,935.4,597.2,947.3,648.6,0
355,11833,2252758,959.2,699.8,935.6,597.1,947.4,648.45,0
356,11834,2252759,959.2,699.4,935.8,597.0,947.5,648.2,0
356,11835,2252760,959.3,698.9,935.9,596.8,947.6,647.85,0
356,11836,2252761,959.3,698.4,936.0,596.7,947.65,647.55,0
356,11837,2252762,959.3,697.8,936.0,596.6,947.65,647.2,0
356,11838,2252763,959.2,697.2,936.1,596.5,947.65,646.85,0
356,11839,2252764,958.9,696.6,936.1,596.6,947.5,646.6,0
356,11840,2252765,958.6,696.0,936.1,596.6,947.35,646.3,0
356,11841,2252766,958.4,695.5,936.1,596.7,947.25,646.1,0
356,11842,2252767,958.2,695.3,936.1,596.9,947.15,646.1,0
356,11843,2252768,958.1,695.0,936.1,597.0,947.1,646.0,0
356,11844,2252769,958.1,694.9,936.2,597.1,947.15,646.0,0
356,11845,2252770,958.2,694.8,936.1,597.0,947.15,645.9,0
356,11846,2252771,958.4,694.7,936.1,596.7,947.25,645.7,0
356,11847,2252772,958.7,694.6,936.1,596.5,947.4,645.55,0
356,11848,2252773,958.9,694.5,936.1,596.2,947.5,645.35,0
356,11849,2252774,959.0,694.4,936.1,596.0,947.55,645.2,0
356,11850,2252775,959.0,694.2,936.0,595.7,947.5,644.95,0
356,11851,2252776,959.0,693.8,936.0,595.6,947.5,644.7,0
356,11852,2252777,959.0,693.5,936.1,595.8,947.55,644.65,0
356,11853,2252778,959.0,693.2,936.1,595.9,947.55,644.55,0
356,11854,2252779,959.2,693.0,936.2,596.1,947.7,644.55,0
356,11855,2252780,959.4,692.8,936.2,596.3,947.8,644.55,0
356,11856,2252781,959.6,692.6,936.3,596.5,947.95,644.55,0
356,11857,2252782,960.0,692.5,936.4,596.7,948.2,644.6,0
356,11858,2252783,960.4,692.4,936.4,596.8,948.4,644.6,0
356,11859,2252784,960.7,692.3,936.5,596.7,948.6,644.5,0
356,11860,2252785,961.0,692.2,936.5,596.6,948.75,644.4,0
356,11861,2252786,961.1,692.1,936.7,596.5,948.9,644.3,0
356,11862,2252787,961.2,692.0,936.9,596.5,949.05,644.25,0
356,11863,2252788,961.3,691.9,937.1,596.4,949.2,644.15,0
356,11864,2252789,961.3,691.9,937.3,596.4,949.3,644.15,0
356,11865,2252790,961.2,691.9,937.5,596.4,949.35,644.15,0
356,11866,2252791,961.2,692.0,937.6,596.5,949.4,644.25,0
357,11867,2252792,961.2,692.0,937.7,596.5,949.45,644.25,0
357,11868,2252793,961.2,692.0,937.8,596.7,949.5,644.35,0
357,11869,2252794,961.3,692.1,937.8,596.8,949.55,644.45,0
357,11870,2252795,961.3,692.1,937.8,597.0,949.55,644.55,0
357,11871,2252796,961.3,692.0,937.8,597.1,949.55,644.55,0
357,11872,2252797,961.4,692.0,937.8,597.3,949.6,644.65,0
357,11873,2252798,961.5,691.6,937.8,597.4,949.65,644.5,0
357,11874,2252799,961.7,691.2,937.7,597.6,949.7,644.4,0
357,11875,2252800,961.8,690.8,937.6,597.7,949.7,644.25,0
357,11876,2252801,962.0,690.4,937.5,597.7,949.75,644.05,0
357,11877,2252802,962.2,690.0,937.4,597.7,949.8,643.85,0
357,11878,2252803,962.4,689.6,937.4,598.0,949.9,643.8,0
357,11879,2252804,962.5,689.4,937.5,598.2,950.0,643.8,0
357,11880,2252805,962.6,689.7,937.6,598.4,950.1,644.05,0
357,11881,2252806,962.6,690.0,937.7,598.6,950.15,644.3,0
357,11882,2252807,962.5,690.4,937.7,598.7,950.1,644.55,0
357,11883,2252808,962.4,690.8,937.7,598.8,950.05,644.8,0
357,11884,2252809,962.3,691.1,937.6,599.0,949.95,645.05,0
357,11885,2252810,962.2,691.5,937.4,599.0,949.8,645.25,0
357,11886,2252811,962.1,691.7,937.2,599.0,949.65,645.35,0
357,11887,2252812,962.1,691.7,936.9,599.1,949.5,645.4,0
357,11888,2252813,962.2,691.7,936.7,599.3,949.45,645.5,0
357,11889,2252814,962.4,691.8,936.6,599.5,949.5,645.65,0
357,11890,2252815,962.6,691.8,936.5,599.7,949.55,645.75,0
357,11891,2252816,962.8,691.8,936.4,600.0,949.6,645.9,0
357,11892,2252817,962.9,691.9,936.3,600.4,949.6,646.15,0
357,11893,2252818,963.1,691.9,936.2,601.3,949.65,646.6,0
357,11894,2252819,963.1,691.9,936.1,602.2,949.6,647.05,0
357,11895,2252820,963.0,691.9,936.0,603.1,949.5,647.5,0
357,11896,2252821,963.0,691.9,935.9,603.9,949.45,647.9,0
357,11897,2252822,963.0,691.9,935.8,604.7,949.4,648.3,0
357,11898,2252823,963.0,691.9,935.7,605.3,949.35,648.6,0
357,11899,2252824,963.0,691.9,935.6,605.7,949.3,648.8,0
357,11900,2252825,963.0,691.9,935.6,605.7,949.3,648.8,0
358,11901,2252826,963.1,691.9,935.6,605.6,949.35,648.75,0
358,11902,2252827,963.2,692.0,935.6,605.6,949.4,648.8,0
358,11903,2252828,963.3,692.1,935.6,605.7,949.45,648.9,0
358,11904,2252829,963.3,692.2,935.5,605.8,949.4,649.0,0
358,11905,2252830,963.4,692.3,935.5,606.0,949.45,649.15,0
358,11906,2252831,963.5,692.4,935.5,606.2,949.5,649.3,0
358,11907,2252832,963.5,692.4,935.5,606.4,949.5,649.4,0
358,11908,2252833,963.7,692.5,935.5,606.7,949.6,649.6,0
358,11909,2252834,963.8,692.5,935.5,607.0,949.65,649.75,0
358,11910,2252835,964.0,692.6,935.5,607.4,949.75,650.0,0
358,11911,2252836,964.2,692.8,935.6,607.9,949.9,650.35,0
358,11912,2252837,964.4,693.0,935.7,608.4,950.05,650.7,0
358,11913,2252838,964.6,693.3,935.7,608.9,950.15,651.1,0
358,11914,2252839,964.9,693.7,935.8,609.4,950.35,651.55,0
358,11915,2252840,965.1,694.0,935.7,609.8,950.4,651.9,0
358,11916,2252841,965.3,694.3,935.5,610.0,950.4,652.15,0
358,11917,2252842,965.5,694.5,935.3,610.2,950.4,652.35,0
358,11918,2252843,965.7,694.6,935.0,610.3,950.35,652.45,0
358,11919,2252844,965.9,694.8,934.7,610.3,950.3,652.55,0
358,11920,2252845,966.0,694.8,934.3,610.2,950.15,652.5,0
358,11921,2252846,966.0,694.8,933.9,610.1,949.95,652.45,0
358,11922,2252847,966.0,694.9,933.5,610.0,949.75,652.45,0
358,11923,2252848,966.0,695.0,933.2,609.9,949.6,652.45,0
358,11924,2252849,966.0,695.0,933.0,609.8,949.5,652.4,0
358,11925,2252850,966.0,695.0,932.8,609.8,949.4,652.4,0
358,11926,2252851,966.0,695.0,932.6,609.9,949.3,652.45,0
358,11927,2252852,966.0,694.9,932.5,610.0,949.25,652.45,0
358,11928,2252853,966.1,694.8,932.5,610.0,949.3,652.4,0
358,11929,2252854,966.1,695.0,932.5,610.1,949.3,652.55,0
358,11930,2252855,966.2,695.1,932.5,610.2,949.35,652.65,0
358,11931,2252856,966.2,695.2,932.6,610.3,949.4,652.75,0
358,11932,2252857,966.2,695.4,932.6,610.3,949.4,652.85,0
358,11933,2252858,966.1,695.6,932.5,610.2,949.3,652.9,0
359,11934,2252859,966.1,695.9,932.5,610.1,949.3,653.0,0
359,11935,2252860,966.0,696.3,932.4,610.5,949.2,653.4,0
359,11936,2252861,965.9,696.5,932.3,610.9,949.1,653.7,0
359,11937,2252862,965.8,696.7,932.2,611.4,949.0,654.05,0
359,11938,2252863,965.8,696.7,932.0,612.0,948.9,654.35,0
359,11939,2252864,965.7,696.6,931.9,612.5,948.8,654.55,0
359,11940,2252865,965.7,696.6,931.7,613.0,948.7,654.8,0
359,11941,2252866,965.6,696.7,931.5,613.2,948.55,654.95,0
359,11942,2252867,965.6,696.6,931.4,612.9,948.5,654.75,0
359,11943,2252868,965.6,696.5,931.2,612.6,948.4,654.55,0
359,11944,2252869,965.7,696.7,931.0,612.3,948.35,654.5,0
359,11945,2252870,965.9,697.2,930.9,612.0,948.4,654.6,0
359,11946,2252871,966.1,697.6,930.9,612.0,948.5,654.8,0
359,11947,2252872,966.3,698.1,930.8,612.0,948.55,655.05,0
359,11948,2252873,966.5,698.4,930.7,612.4,948.6,655.4,0
359,11949,2252874,966.7,698.7,930.6,612.8,948.65,655.75,0
359,11950,2252875,966.9,699.0,930.7,613.3,948.8,656.15,0
359,11951,2252876,967.1,699.0,930.6,614.0,948.85,656.5,0
359,11952,2252877,967.2,699.0,930.5,614.9,948.85,656.95,0
359,11953,2252878,967.2,698.9,930.4,615.7,948.8,657.3,0
359,11954,2252879,967.3,698.8,930.3,616.4,948.8,657.6,0
359,11955,2252880,967.4,698.7,930.4,616.8,948.9,657.75,0
359,11956,2252881,967.4,698.6,930.5,617.2,948.95,657.9,0
359,11957,2252882,967.4,698.5,930.6,617.6,949.0,658.05,0
359,11958,2252883,967.4,698.5,930.8,617.7,949.1,658.1,0
359,11959,2252884,967.4,698.4,931.1,617.5,949.25,657.95,0
359,11960,2252885,967.4,698.4,931.4,617.4,949.4,657.9,0
359,11961,2252886,967.3,698.7,931.6,617.5,949.45,658.1,0
359,11962,2252887,967.2,698.9,931.8,617.7,949.5,658.3,0
359,11963,2252888,967.0,699.1,931.8,618.0,949.4,658.55,0
359,11964,2252889,966.8,699.3,931.9,618.2,949.35,658.75,0
359,11965,2252890,966.7,699.5,931.9,618.4,949.3,658.95,0
359,11966,2252891,966.5,699.7,932.0,618.6,949.25,659.15,0
360,11967,2252892,966.3,699.9,932.0,618.8,949.15,659.35,0
360,11968,2252893,966.3,699.9,932.1,618.8,949.2,659.35,0
360,11969,2252894,966.3,699.9,932.1,618.7,949.2,659.3,0
360,11970,2252895,966.5,699.9,932.2,618.7,949.35,659.3,0
360,11971,2252896,966.6,699.9,932.2,618.8,949.4,659.35,0
360,11972,2252897,966.8,700.0,932.3,619.1,949.55,659.55,0
360,11973,2252898,966.9,700.0,932.5,619.8,949.7,659.9,0
360,11974,2252899,967.1,700.1,932.8,620.4,949.95,660.25,0
360,11975,2252900,967.2,700.3,933.0,621.1,950.1,660.7,0
360,11976,2252901,967.2,700.5,933.1,621.8,950.15,661.15,0
360,11977,2252902,967.1,700.8,933.3,622.5,950.2,661.65,0
360,11978,2252903,967.0,701.1,933.3,623.1,950.15,662.1,0
360,11979,2252904,967.0,701.3,933.3,623.4,950.15,662.35,0
360,11980,2252905,966.9,701.6,933.0,623.4,949.95,662.5,0
360,11981,2252906,966.9,701.8,932.8,623.2,949.85,662.5,0
360,11982,2252907,967.0,701.9,932.5,623.2,949.75,662.55,0
360,11983,2252908,967.0,702.0,932.3,623.0,949.65,662.5,0
360,11984,2252909,967.0,702.0,932.3,622.9,949.65,662.45,0
360,11985,2252910,967.1,702.1,932.5,622.9,949.8,662.5,0
360,11986,2252911,967.2,702.1,932.8,623.0,950.0,662.55,0
360,11987,2252912,967.3,702.1,933.3,623.2,950.3,662.65,0
360,11988,2252913,967.4,702.1,933.7,623.5,950.55,662.8,0
360,11989,2252914,967.6,702.2,934.1,623.9,950.85,663.05,0
360,11990,2252915,967.8,702.3,934.5,624.4,951.15,663.35,0
360,11991,2252916,967.9,702.4,934.8,624.8,951.35,663.6,0
360,11992,2252917,967.9,702.3,934.7,625.1,951.3,663.7,0
360,11993,2252918,968.0,702.4,934.6,625.3,951.3,663.85,0
360,11994,2252919,968.0,702.4,934.5,625.4,951.25,663.9,0
360,11995,2252920,968.1,702.5,934.5,625.4,951.3,663.95,0
360,11996,2252921,968.1,702.5,934.5,625.1,951.3,663.8,0
360,11997,2252922,968.2,702.6,934.6,624.8,951.4,663.7,0
360,11998,2252923,968.3,702.6,934.7,624.5,951.5,663.55,0
360,11999,2252924,968.4,702.8,935.0,624.3,951.7,663.55,0
360,12000,2252925,968.5,702.9,935.2,624.1,951.85,663.5,0
361,12001,2252926,968.7,703.0,935.4,623.7,952.05,663.35,0
361,12002,2252927,969.0,703.1,935.6,623.4,952.3,663.25,0
361,12003,2252928,969.3,703.3,935.8,623.1,952.55,663.2,0
361,12004,2252929,969.6,703.4,935.7,622.8,952.65,663.1,0
361,12005,2252930,969.8,703.4,935.6,622.4,952.7,662.9,0
361,12006,2252931,970.1,703.5,935.5,622.1,952.8,662.8,0
361,12007,2252932,970.3,703.5,935.5,621.6,952.9,662.55,0
361,12008,2252933,970.2,703.5,935.4,621.4,952.8,662.45,0
361,12009,2252934,970.0,703.5,935.4,621.2,952.7,662.35,0
361,12010,2252935,969.8,703.5,935.4,620.6,952.6,662.05,0
361,12011,2252936,969.6,703.4,935.5,620.0,952.55,661.7,0
361,12012,2252937,969.3,703.5,935.7,619.6,952.5,661.55,0
361,12013,2252938,969.3,703.6,935.9,619.1,952.6,661.35,0
361,12014,2252939,969.3,703.7,936.1,618.8,952.7,661.25,0
361,12015,2252940,969.4,703.9,936.2,618.6,952.8,661.25,0
361,12016,2252941,969.5,703.9,936.3,618.3,952.9,661.1,0
361,12017,2252942,969.5,703.9,936.4,618.4,952.95,661.15,0
361,12018,2252943,969.5,703.9,936.5,618.5,953.0,661.2,0
361,12019,2252944,969.5,704.0,936.4,618.5,952.95,661.25,0
361,12020,2252945,969.3,704.1,936.3,618.5,952.8,661.3,0
361,12021,2252946,969.1,704.2,936.2,618.4,952.65,661.3,0
361,12022,2252947,968.9,704.2,936.1,618.2,952.5,661.2,0
361,12023,2252948,968.6,704.3,935.9,618.2,952.25,661.25,0
361,12024,2252949,968.5,704.4,935.8,618.2,952.15,661.3,0
361,12025,2252950,968.3,704.4,935.6,618.2,951.95,661.3,0
361,12026,2252951,968.2,704.3,935.5,618.2,951.85,661.25,0
361,12027,2252952,968.1,704.3,935.5,618.3,951.8,661.3,0
361,12028,2252953,968.0,704.3,935.4,618.4,951.7,661.35,0
361,12029,2252954,968.0,704.4,935.4,618.6,951.7,661.5,0
361,12030,2252955,968.0,704.6,935.4,618.8,951.7,661.7,0
361,12031,2252956,968.0,704.8,935.4,618.9,951.7,661.85,0
361,12032,2252957,968.0,705.1,935.4,619.0,951.7,662.05,0
361,12033,2252958,968.0,705.4,935.5,618.9,951.75,662.15,0
362,12034,2252959,968.0,705.7,935.5,618.9,951.75,662.3,0
362,12035,2252960,967.9,705.8,935.6,618.8,951.75,662.3,0
362,12036,2252961,967.9,705.9,935.8,618.7,951.85,662.3,0
362,12037,2252962,967.9,705.9,935.9,618.9,951.9,662.4,0
362,12038,2252963,968.0,706.0,936.0,619.1,952.0,662.55,0
362,12039,2252964,968.1,706.0,936.0,619.4,952.05,662.7,0
362,12040,2252965,968.1,705.9,935.9,619.7,952.0,662.8,0
362,12041,2252966,968.1,705.8,935.8,620.0,951.95,662.9,0
362,12042,2252967,968.1,705.5,935.6,620.3,951.85,662.9,0
362,12043,2252968,968.1,705.3,935.4,620.5,951.75,662.9,0
362,12044,2252969,968.1,705.1,935.3,620.5,951.7,662.8,0
362,12045,2252970,968.0,705.0,935.1,620.7,951.55,662.85,0
362,12046,2252971,967.8,705.1,935.1,620.9,951.45,663.0,0
362,12047,2252972,967.8,705.2,935.1,621.3,951.45,663.25,0
362,12048,2252973,967.8,705.4,935.1,621.6,951.45,663.5,0
362,12049,2252974,968.1,705.7,935.0,622.2,951.55,663.95,0
362,12050,2252975,968.4,706.0,934.8,622.8,951.6,664.4,0
362,12051,2252976,968.7,706.2,934.7,623.3,951.7,664.75,0
362,12052,2252977,969.0,706.3,934.5,623.6,951.75,664.95,0
362,12053,2252978,969.4,706.2,934.3,623.9,951.85,665.05,0
362,12054,2252979,969.6,706.0,934.2,624.1,951.9,665.05,0
362,12055,2252980,969.8,705.7,934.0,624.3,951.9,665.0,0
362,12056,2252981,969.7,705.4,933.9,624.3,951.8,664.85,0
362,12057,2252982,969.6,705.1,933.7,624.3,951.65,664.7,0
362,12058,2252983,969.5,704.8,933.5,624.4,951.5,664.6,0
362,12059,2252984,969.4,704.5,933.3,624.6,951.35,664.55,0
362,12060,2252985,969.5,704.3,933.1,624.8,951.3,664.55,0
362,12061,2252986,969.5,704.2,932.9,625.1,951.2,664.65,0
362,12062,2252987,969.6,704.1,932.8,625.5,951.2,664.8,0
362,12063,2252988,969.7,704.1,932.7,625.8,951.2,664.95,0
362,12064,2252989,969.7,704.0,932.7,626.2,951.2,665.1,0
362,12065,2252990,969.7,704.0,932.6,626.5,951.15,665.25,0
362,12066,2252991,969.7,704.0,932.5,626.8,951.1,665.4,0
363,12067,2252992,969.6,703.9,932.5,627.0,951.05,665.45,0
363,12068,2252993,969.5,703.8,932.3,627.1,950.9,665.45,0
363,12069,2252994,969.3,703.8,932.1,627.2,950.7,665.5,0
363,12070,2252995,969.2,703.7,931.9,627.3,950.55,665.5,0
363,12071,2252996,969.1,703.6,931.8,627.5,950.45,665.55,0
363,12072,2252997,969.0,703.5,931.7,627.6,950.35,665.55,0
363,12073,2252998,968.9,703.3,931.6,627.7,950.25,665.5,0
363,12074,2252999,968.9,703.2,931.6,628.0,950.25,665.6,0
363,12075,2253000,968.9,703.1,931.8,628.2,950.35,665.65,0
363,12076,2253001,968.9,703.1,931.9,628.5,950.4,665.8,0
363,12077,2253002,969.0,703.0,932.0,628.8,950.5,665.9,0
363,12078,2253003,969.1,702.9,932.1,628.9,950.6,665.9,0
363,12079,2253004,969.3,702.7,932.2,629.1,950.75,665.9,0
363,12080,2253005,969.3,702.7,932.2,629.4,950.75,666.05,0
363,12081,2253006,969.3,702.7,932.2,629.5,950.75,666.1,0
363,12082,2253007,969.2,702.6,932.1,629.7,950.65,666.15,0
363,12083,2253008,969.2,702.5,932.1,629.9,950.65,666.2,0
363,12084,2253009,969.1,702.4,932.1,630.1,950.6,666.25,0
363,12085,2253010,969.0,702.3,932.0,630.3,950.5,666.3,0
363,12086,2253011,969.0,702.3,932.0,630.5,950.5,666.4,0
363,12087,2253012,969.0,702.2,931.8,630.6,950.4,666.4,0
363,12088,2253013,969.1,702.1,931.7,630.7,950.4,666.4,0
363,12089,2253014,969.2,702.1,931.6,630.6,950.4,666.35,0
363,12090,2253015,969.2,701.9,931.5,630.6,950.35,666.25,0
363,12091,2253016,969.3,701.7,931.4,630.6,950.35,666.15,0
363,12092,2253017,969.3,701.6,931.6,630.6,950.45,666.1,0
363,12093,2253018,969.3,701.4,931.8,630.6,950.55,666.0,0
363,12094,2253019,969.4,701.3,932.1,630.6,950.75,665.95,0
363,12095,2253020,969.4,701.2,932.4,630.7,950.9,665.95,0
363,12096,2253021,969.3,701.0,932.8,630.8,951.05,665.9,0
363,12097,2253022,969.3,701.0,933.1,631.1,951.2,666.05,0
363,12098,2253023,969.3,700.9,933.4,631.4,951.35,666.15,0
363,12099,2253024,969.2,700.9,933.4,631.8,951.3,666.35,0
363,12100,2253025,969.2,700.9,933.7,632.3,951.45,666.6,0
364,12101,2253026,969.2,700.9,933.9,632.8,951.55,666.85,0
364,12102,2253027,969.2,701.0,934.0,633.2,951.6,667.1,0
364,12103,2253028,969.2,701.1,934.1,633.5,951.65,667.3,0
364,12104,2253029,969.1,701.2,934.0,633.5,951.55,667.35,0
364,12105,2253030,969.1,701.2,933.9,633.3,951.5,667.25,0
364,12106,2253031,969.0,701.3,933.6,633.0,951.3,667.15,0
364,12107,2253032,969.0,701.3,933.2,632.5,951.1,666.9,0
364,12108,2253033,968.9,701.3,932.7,632.1,950.8,666.7,0
364,12109,2253034,968.9,701.2,932.3,631.7,950.6,666.45,0
364,12110,2253035,969.0,701.2,932.0,631.4,950.5,666.3,0
364,12111,2253036,969.1,701.2,932.0,631.2,950.55,666.2,0
364,12112,2253037,969.2,701.1,932.3,631.4,950.75,666.25,0
364,12113,2253038,969.4,701.0,932.8,631.7,951.1,666.35,0
364,12114,2253039,969.6,700.8,933.3,631.9,951.45,666.35,0
364,12115,2253040,969.8,700.7,933.8,632.2,951.8,666.45,0
364,12116,2253041,969.9,700.5,934.2,632.5,952.05,666.5,0
364,12117,2253042,970.0,700.4,934.6,632.8,952.3,666.6,0
364,12118,2253043,970.1,700.2,934.9,633.1,952.5,666.65,0
364,12119,2253044,970.2,700.2,934.9,633.3,952.55,666.75,0
364,12120,2253045,970.1,700.2,934.9,633.7,952.5,666.95,0
364,12121,2253046,970.1,700.2,934.9,634.0,952.5,667.1,0
364,12122,2253047,970.0,700.3,934.9,634.5,952.45,667.4,0
364,12123,2253048,969.9,700.5,934.9,635.0,952.4,667.75,0
364,12124,2253049,969.8,700.6,935.0,635.4,952.4,668.0,0
364,12125,2253050,969.7,700.7,935.0,635.8,952.35,668.25,0
364,12126,2253051,969.6,700.8,935.1,636.1,952.35,668.45,0
364,12127,2253052,969.4,700.8,935.1,636.3,952.25,668.55,0
364,12128,2253053,969.3,700.7,935.1,636.5,952.2,668.6,0
364,12129,2253054,969.1,700.7,935.1,636.6,952.1,668.65,0
364,12130,2253055,969.0,700.6,935.2,636.7,952.1,668.65,0
364,12131,2253056,969.0,700.5,935.4,636.8,952.2,668.65,0
364,12132,2253057,968.9,700.4,935.5,637.0,952.2,668.7,0
364,12133,2253058,968.9,700.4,935.6,637.1,952.25,668.75,0
365,12134,2253059,968.9,700.4,935.7,637.1,952.3,668.75,0
365,12135,2253060,968.9,700.4,935.8,637.1,952.35,668.75,0
365,12136,2253061,968.9,700.4,936.0,637.2,952.45,668.8,0
365,12137,2253062,968.9,700.7,935.9,637.5,952.4,669.1,0
365,12138,2253063,968.9,701.0,935.9,637.6,952.4,669.3,0
365,12139,2253064,968.9,701.3,935.8,637.8,952.35,669.55,0
365,12140,2253065,968.9,701.5,935.7,638.1,952.3,669.8,0
365,12141,2253066,968.9,701.7,935.6,638.5,952.25,670.1,0
365,12142,2253067,968.8,701.8,935.6,638.8,952.2,670.3,0
365,12143,2253068,968.8,702.0,935.5,639.1,952.15,670.55,0
365,12144,2253069,968.9,702.0,935.4,639.3,952.15,670.65,0
365,12145,2253070,969.0,701.9,935.4,639.4,952.2,670.65,0
365,12146,2253071,969.0,701.9,935.4,639.4,952.2,670.65,0
365,12147,2253072,969.0,701.9,935.5,639.5,952.25,670.7,0
365,12148,2253073,969.0,701.9,935.6,639.5,952.3,670.7,0
365,12149,2253074,969.1,702.0,935.6,639.4,952.35,670.7,0
365,12150,2253075,969.2,702.1,935.6,639.4,952.4,670.75,0
365,12151,2253076,969.3,702.2,935.5,639.3,952.4,670.75,0
365,12152,2253077,969.3,702.4,935.4,639.1,952.35,670.75,0
365,12153,2253078,969.4,702.6,935.4,638.9,952.4,670.75,0
365,12154,2253079,969.5,702.8,935.2,638.8,952.35,670.8,0
365,12155,2253080,969.7,703.0,935.1,638.6,952.4,670.8,0
365,12156,2253081,969.8,703.1,935.0,638.4,952.4,670.75,0
365,12157,2253082,969.9,703.2,935.0,638.2,952.45,670.7,0
365,12158,2253083,970.0,703.2,935.0,638.0,952.5,670.6,0
365,12159,2253084,970.0,703.2,935.0,637.9,952.5,670.55,0
365,12160,2253085,970.1,703.1,935.0,637.8,952.55,670.45,0
365,12161,2253086,970.2,703.0,935.0,637.8,952.6,670.4,0
365,12162,2253087,970.2,702.9,935.0,637.9,952.6,670.4,0
365,12163,2253088,970.2,702.8,935.0,638.1,952.6,670.45,0
365,12164,2253089,970.4,702.8,935.1,638.3,952.75,670.55,0
365,12165,2253090,970.5,702.7,935.1,638.6,952.8,670.65,0
365,12166,2253091,970.7,702.8,935.1,638.8,952.9,670.8,0
366,12167,2253092,970.9,702.9,935.2,639.0,953.05,670.95,0
366,12168,2253093,971.1,703.0,935.3,639.2,953.2,671.1,0
366,12169,2253094,971.2,703.3,935.6,639.2,953.4,671.25,0
366,12170,2253095,971.3,703.5,935.8,639.3,953.55,671.4,0
366,12171,2253096,971.3,703.8,936.1,639.3,953.7,671.55,0
366,12172,2253097,971.2,704.1,936.4,639.7,953.8,671.9,0
366,12173,2253098,971.1,704.3,936.6,640.2,953.85,672.25,0
366,12174,2253099,971.0,704.5,936.9,640.6,953.95,672.55,0
366,12175,2253100,970.9,704.8,937.1,640.8,954.0,672.8,0
366,12176,2253101,970.9,704.8,937.2,641.1,954.05,672.95,0
366,12177,2253102,971.0,704.9,937.4,641.2,954.2,673.05,0
366,12178,2253103,971.2,704.9,937.6,641.4,954.4,673.15,0
366,12179,2253104,971.4,704.9,937.9,641.2,954.65,673.05,0
366,12180,2253105,971.7,705.0,938.1,641.1,954.9,673.05,0
366,12181,2253106,972.0,705.0,938.2,640.9,955.1,672.95,0
366,12182,2253107,972.3,705.0,938.3,641.1,955.3,673.05,0
366,12183,2253108,972.4,705.1,938.4,641.3,955.4,673.2,0
366,12184,2253109,972.6,705.2,938.5,641.5,955.55,673.35,0
366,12185,2253110,972.8,705.3,938.5,641.7,955.65,673.5,0
366,12186,2253111,972.9,705.4,938.5,642.0,955.7,673.7,0
366,12187,2253112,973.0,705.6,938.4,642.1,955.7,673.85,0
366,12188,2253113,973.2,705.8,938.3,642.1,955.75,673.95,0
366,12189,2253114,973.3,706.0,938.2,641.8,955.75,673.9,0
366,12190,2253115,973.4,706.4,938.1,641.5,955.75,673.95,0
366,12191,2253116,973.5,706.7,938.1,641.1,955.8,673.9,0
366,12192,2253117,973.4,707.1,938.1,640.7,955.75,673.9,0
366,12193,2253118,973.3,707.4,938.1,640.3,955.7,673.85,0
366,12194,2253119,973.3,707.7,938.1,640.1,955.7,673.9,0
366,12195,2253120,973.1,708.0,938.2,640.2,955.65,674.1,0
366,12196,2253121,972.9,708.2,938.3,640.3,955.6,674.25,0
366,12197,2253122,972.7,708.3,938.3,640.5,955.5,674.4,0
366,12198,2253123,972.5,708.3,938.0,640.8,955.25,674.55,0
366,12199,2253124,972.3,708.4,937.8,641.1,955.05,674.75,0
366,12200,2253125,972.1,708.5,937.6,641.2,954.85,674.85,0
367,12201,2253126,972.0,708.7,937.5,641.2,954.75,674.95,0
367,12202,2253127,972.0,708.9,937.4,640.7,954.7,674.8,0
367,12203,2253128,972.1,709.2,937.4,640.2,954.75,674.7,0
367,12204,2253129,972.2,709.4,937.5,639.9,954.85,674.65,0
367,12205,2253130,972.4,709.9,937.8,639.5,955.1,674.7,0
367,12206,2253131,972.6,710.2,938.0,639.1,955.3,674.65,0
367,12207,2253132,972.8,710.6,938.2,638.6,955.5,674.6,0
367,12208,2253133,972.9,710.8,938.2,638.1,955.55,674.45,0
367,12209,2253134,973.0,711.1,938.3,637.9,955.65,674.5,0
367,12210,2253135,973.0,711.4,938.4,637.6,955.7,674.5,0
367,12211,2253136,973.1,711.6,938.4,637.3,955.75,674.45,0
367,12212,2253137,973.0,711.7,938.4,637.0,955.7,674.35,0
367,12213,2253138,972.9,711.7,938.5,636.8,955.7,674.25,0
367,12214,2253139,972.9,711.8,938.6,636.8,955.75,674.3,0
367,12215,2253140,972.8,711.8,938.7,636.9,955.75,674.35,0
367,12216,2253141,972.7,711.9,938.7,636.9,955.7,674.4,0
367,12217,2253142,972.6,712.0,938.6,637.0,955.6,674.5,0
367,12218,2253143,972.5,712.1,938.6,637.0,955.55,674.55,0
367,12219,2253144,972.4,712.1,938.6,637.1,955.5,674.6,0
367,12220,2253145,972.4,712.2,938.6,637.1,955.5,674.65,0
367,12221,2253146,972.4,712.6,938.5,637.1,955.45,674.85,0
367,12222,2253147,972.4,712.9,938.6,637.1,955.5,675.0,0
367,12223,2253148,972.4,713.2,938.8,637.0,955.6,675.1,0
367,12224,2253149,972.4,713.6,938.9,636.8,955.65,675.2,0
367,12225,2253150,972.3,714.1,939.1,636.6,955.7,675.35,0
367,12226,2253151,972.3,714.5,939.1,636.4,955.7,675.45,0
367,12227,2253152,972.2,714.9,939.2,636.4,955.7,675.65,0
367,12228,2253153,972.1,715.1,939.2,636.4,955.65,675.75,0
367,12229,2253154,972.0,715.5,939.2,636.4,955.6,675.95,0
367,12230,2253155,971.9,715.7,939.2,636.5,955.55,676.1,0
367,12231,2253156,971.9,715.9,939.2,636.6,955.55,676.25,0
367,12232,2253157,972.1,716.1,939.2,636.8,955.65,676.45,0
367,12233,2253158,972.3,716.4,939.1,636.7,955.7,676.55,0
368,12234,2253159,972.4,716.4,939.1,636.4,955.75,676.4,0
368,12235,2253160,972.6,716.4,939.2,636.1,955.9,676.25,0
368,12236,2253161,972.8,716.3,939.2,635.8,956.0,676.05,0
368,12237,2253162,973.0,716.2,939.3,635.5,956.15,675.85,0
368,12238,2253163,973.2,716.1,939.6,635.3,956.4,675.7,0
368,12239,2253164,973.3,716.0,939.8,635.1,956.55,675.55,0
368,12240,2253165,973.4,715.9,940.1,635.2,956.75,675.55,0
368,12241,2253166,973.5,715.9,940.3,635.2,956.9,675.55,0
368,12242,2253167,973.5,715.9,940.5,635.1,957.0,675.5,0
368,12243,2253168,973.6,715.8,940.6,635.1,957.1,675.45,0
368,12244,2253169,973.6,715.8,940.7,635.1,957.15,675.45,0
368,12245,2253170,973.6,715.7,940.6,635.1,957.1,675.4,0
368,12246,2253171,973.5,715.6,940.5,635.2,957.0,675.4,0
368,12247,2253172,973.4,715.4,940.4,635.3,956.9,675.35,0
368,12248,2253173,973.3,715.3,940.2,635.4,956.75,675.35,0
368,12249,2253174,973.2,715.2,940.1,635.7,956.65,675.45,0
368,12250,2253175,973.1,715.2,939.9,635.8,956.5,675.5,0
368,12251,2253176,973.0,715.2,939.6,635.9,956.3,675.55,0
368,12252,2253177,972.9,715.2,939.3,636.0,956.1,675.6,0
368,12253,2253178,972.9,715.2,939.0,635.9,955.95,675.55,0
368,12254,2253179,973.0,715.3,938.7,635.7,955.85,675.5,0
368,12255,2253180,973.1,715.3,938.5,635.6,955.8,675.45,0
368,12256,2253181,973.1,715.3,938.3,635.4,955.7,675.35,0
368,12257,2253182,973.1,715.3,938.1,635.2,955.6,675.25,0
368,12258,2253183,973.0,715.2,937.7,635.0,955.35,675.1,0
368,12259,2253184,973.0,715.2,937.4,634.9,955.2,675.05,0
368,12260,2253185,972.9,715.1,937.0,634.9,954.95,675.0,0
368,12261,2253186,972.9,715.0,936.7,635.0,954.8,675.0,0
368,12262,2253187,972.8,714.8,936.3,635.1,954.55,674.95,0
368,12263,2253188,972.8,714.4,936.0,635.3,954.4,674.85,0
368,12264,2253189,972.9,714.1,935.7,635.7,954.3,674.9,0
368,12265,2253190,973.1,713.9,935.7,636.0,954.4,674.95,0
368,12266,2253191,973.4,713.6,935.7,636.3,954.55,674.95,0
369,12267,2253192,973.6,713.3,935.7,636.5,954.65,674.9,0
369,12268,2253193,973.9,713.1,935.6,636.6,954.75,674.85,0
369,12269,2253194,974.1,713.0,935.6,636.7,954.85,674.85,0
369,12270,2253195,974.2,713.1,935.6,636.7,954.9,674.9,0
369,12271,2253196,974.4,713.6,935.7,636.8,955.05,675.2,0
369,12272,2253197,974.3,714.1,935.8,636.8,955.05,675.45,0
369,12273,2253198,974.2,714.5,935.9,637.0,955.05,675.75,0
369,12274,2253199,974.1,715.0,936.1,637.3,955.1,676.15,0
369,12275,2253200,974.0,715.4,936.2,637.5,955.1,676.45,0
369,12276,2253201,974.0,715.8,936.5,637.5,955.25,676.65,0
369,12277,2253202,974.0,716.0,936.8,637.1,955.4,676.55,0
369,12278,2253203,973.9,716.0,937.0,636.6,955.45,676.3,0
369,12279,2253204,974.0,716.0,937.1,636.2,955.55,676.1,0
369,12280,2253205,973.8,715.9,937.3,635.6,955.55,675.75,0
369,12281,2253206,973.5,716.0,937.4,635.0,955.45,675.5,0
369,12282,2253207,973.3,716.1,937.6,634.6,955.45,675.35,0
369,12283,2253208,973.1,716.4,937.6,634.3,955.35,675.35,0
369,12284,2253209,972.9,716.7,937.6,634.4,955.25,675.55,0
369,12285,2253210,972.6,716.9,937.6,634.5,955.1,675.7,0
369,12286,2253211,972.4,717.2,937.3,634.5,954.85,675.85,0
369,12287,2253212,972.4,717.4,937.2,634.5,954.8,675.95,0
369,12288,2253213,972.4,717.6,937.0,634.5,954.7,676.05,0
369,12289,2253214,972.5,717.8,937.1,634.4,954.8,676.1,0
369,12290,2253215,972.6,717.8,937.2,634.2,954.9,676.0,0
369,12291,2253216,972.8,718.0,937.3,633.9,955.05,675.95,0
369,12292,2253217,973.0,718.1,937.6,633.6,955.3,675.85,0
369,12293,2253218,973.2,718.3,938.3,632.7,955.75,675.5,0
369,12294,2253219,974.4,718.0,939.3,631.9,956.85,674.95,0
369,12295,2253220,976.2,717.5,940.6,630.3,958.4,673.9,0
369,12296,2253221,978.8,716.9,942.7,626.9,960.75,671.9,0
369,12297,2253222,982.5,715.2,946.6,622.6,964.55,668.9,0
369,12298,2253223,987.3,713.0,952.0,615.7,969.65,664.35,0
369,12299,2253224,992.9,709.4,958.5,606.2,975.7,657.8,0
369,12300,2253225,999.2,704.0,966.7,594.7,982.95,649.35,0
370,12301,2253226,1005.1,696.7,976.2,579.5,990.65,638.1,0
370,12302,2253227,1011.3,687.2,986.4,563.0,998.85,625.1,0
370,12303,2253228,1017.1,675.5,997.2,546.0,1007.15,610.75,0
370,12304,2253229,1021.7,663.3,1007.0,527.2,1014.35,595.25,0
370,12305,2253230,1025.2,649.7,1015.3,509.0,1020.25,579.35,0
370,12306,2253231,1028.0,635.6,1022.3,491.4,1025.15,563.5,0
370,12307,2253232,1030.0,622.0,1027.3,474.8,1028.65,548.4,0
370,12308,2253233,1031.4,610.0,1030.1,461.5,1030.75,535.75,0
370,12309,2253234,1031.6,599.5,1031.3,449.5,1031.45,524.5,0
370,12310,2253235,1031.3,590.2,1030.4,438.8,1030.85,514.5,0
370,12311,2253236,1030.9,581.8,1028.1,429.8,1029.5,505.8,0
370,12312,2253237,1030.4,574.5,1025.8,422.6,1028.1,498.55,0
370,12313,2253238,1029.9,568.9,1023.4,417.4,1026.65,493.15,0
370,12314,2253239,1029.4,564.2,1021.0,413.1,1025.2,488.65,0
370,12315,2253240,1029.0,560.0,1019.2,408.6,1024.1,484.3,0
370,12316,2253241,1028.8,556.7,1017.9,405.1,1023.35,480.9,0
370,12317,2253242,1029.0,554.1,1017.5,402.4,1023.25,478.25,0
370,12318,2253243,1029.3,551.6,1017.9,400.5,1023.6,476.05,0
370,12319,2253244,1029.7,549.9,1018.4,398.9,1024.05,474.4,0
370,12320,2253245,1030.1,548.4,1019.2,397.0,1024.65,472.7,0
370,12321,2253246,1030.6,547.2,1020.5,395.8,1025.55,471.5,0
370,12322,2253247,1031.0,545.7,1021.7,394.7,1026.35,470.2,0
370,12323,2253248,1031.3,544.6,1023.0,393.5,1027.15,469.05,0
370,12324,2253249,1031.5,543.6,1023.9,392.4,1027.7,468.0,0
370,12325,2253250,1031.5,543.1,1024.7,391.3,1028.1,467.2,0
370,12326,2253251,1031.2,543.1,1025.2,390.7,1028.2,466.9,0
370,12327,2253252,1030.8,543.1,1025.6,390.7,1028.2,466.9,0
370,12328,2253253,1030.3,543.3,1025.7,390.7,1028.0,467.0,0
370,12329,2253254,1029.7,543.8,1025.6,391.3,1027.65,467.55,0
370,12330,2253255,1029.0,544.7,1025.2,392.3,1027.1,468.5,0
370,12331,2253256,1028.3,545.7,1024.6,393.5,1026.45,469.6,0
370,12332,2253257,1027.8,547.3,1023.7,394.7,1025.75,471.0,0
370,12333,2253258,1027.5,548.6,1022.7,395.8,1025.1,472.2,0
371,12334,2253259,1027.2,550.1,1021.8,396.7,1024.5,473.4,0
371,12335,2253260,1027.0,551.5,1020.9,397.6,1023.95,474.55,0
371,12336,2253261,1026.8,552.9,1019.6,398.5,1023.2,475.7,0
371,12337,2253262,1026.7,553.9,1018.6,399.2,1022.65,476.55,0
371,12338,2253263,1026.7,554.8,1017.8,399.9,1022.25,477.35,0
371,12339,2253264,1026.6,555.0,1017.6,400.5,1022.1,477.75,0
371,12340,2253265,1026.6,555.2,1017.3,400.7,1021.95,477.95,0
371,12341,2253266,1026.6,555.2,1017.3,400.9,1021.95,478.05,0
371,12342,2253267,1026.6,555.2,1017.2,401.0,1021.9,478.1,0
371,12343,2253268,1026.6,555.2,1017.6,401.0,1022.1,478.1,0
371,12344,2253269,1026.7,555.2,1018.2,400.7,1022.45,477.95,0
371,12345,2253270,1026.8,555.2,1018.8,400.4,1022.8,477.8,0
371,12346,2253271,1026.9,555.3,1019.2,400.0,1023.05,477.65,0
371,12347,2253272,1027.0,555.5,1019.7,399.8,1023.35,477.65,0
371,12348,2253273,1027.1,555.7,1020.1,399.3,1023.6,477.5,0
371,12349,2253274,1027.2,555.9,1020.5,398.9,1023.85,477.4,0
371,12350,2253275,1027.4,556.1,1020.9,398.5,1024.15,477.3,0
371,12351,2253276,1027.5,556.2,1020.9,398.1,1024.2,477.15,0
371,12352,2253277,1027.6,556.2,1020.8,397.8,1024.2,477.0,0
371,12353,2253278,1027.9,556.0,1020.7,397.5,1024.3,476.75,0
371,12354,2253279,1028.2,555.8,1020.5,397.1,1024.35,476.45,0
371,12355,2253280,1028.5,555.6,1019.9,397.0,1024.2,476.3,0
371,12356,2253281,1028.7,555.4,1019.3,396.5,1024.0,475.95,0
371,12357,2253282,1028.9,555.3,1018.6,396.1,1023.75,475.7,0
371,12358,2253283,1029.1,555.3,1018.0,395.7,1023.55,475.5,0
371,12359,2253284,1029.3,555.3,1017.5,395.3,1023.4,475.3,0
371,12360,2253285,1029.2,555.4,1016.9,394.9,1023.05,475.15,0
371,12361,2253286,1029.2,555.4,1016.4,394.6,1022.8,475.0,0
371,12362,2253287,1029.2,555.3,1016.2,394.2,1022.7,474.75,0
371,12363,2253288,1029.2,555.2,1016.1,394.2,1022.65,474.7,0
371,12364,2253289,1029.3,555.0,1016.0,394.2,1022.65,474.6,0
371,12365,2253290,1029.3,554.8,1016.1,394.3,1022.7,474.55,0
371,12366,2253291,1029.3,554.6,1016.6,394.3,1022.95,474.45,0
372,12367,2253292,1029.3,554.4,1017.2,394.2,1023.25,474.3,0
372,12368,2253293,1029.2,554.3,1017.7,394.1,1023.45,474.2,0
372,12369,2253294,1029.2,554.2,1018.6,393.9,1023.9,474.05,0
372,12370,2253295,1029.2,553.9,1019.4,393.8,1024.3,473.85,0
372,12371,2253296,1029.1,553.6,1020.3,393.6,1024.7,473.6,0
372,12372,2253297,1029.2,553.3,1020.6,393.5,1024.9,473.4,0
372,12373,2253298,1029.2,553.0,1020.4,393.3,1024.8,473.15,0
372,12374,2253299,1029.4,552.7,1020.3,393.3,1024.85,473.0,0
372,12375,2253300,1029.6,552.5,1020.1,393.7,1024.85,473.1,0
372,12376,2253301,1029.7,552.4,1019.2,394.1,1024.45,473.25,0
372,12377,2253302,1029.9,552.5,1018.3,394.5,1024.1,473.5,0
372,12378,2253303,1030.1,552.7,1017.5,394.9,1023.8,473.8,0
372,12379,2253304,1030.2,552.8,1017.1,395.3,1023.65,474.05,0
372,12380,2253305,1030.3,552.9,1017.0,395.6,1023.65,474.25,0
372,12381,2253306,1030.4,553.0,1017.0,395.8,1023.7,474.4,0
372,12382,2253307,1030.4,553.1,1017.1,395.8,1023.75,474.45,0
372,12383,2253308,1030.4,553.1,1017.7,395.7,1024.05,474.4,0
372,12384,2253309,1030.5,553.1,1018.4,395.3,1024.45,474.2,0
372,12385,2253310,1030.5,553.1,1019.5,394.8,1025.0,473.95,0
372,12386,2253311,1030.6,553.1,1020.5,394.4,1025.55,473.75,0
372,12387,2253312,1030.7,553.1,1021.3,394.0,1026.0,473.55,0
372,12388,2253313,1030.9,553.1,1021.9,393.6,1026.4,473.35,0
372,12389,2253314,1031.0,552.8,1022.3,393.3,1026.65,473.05,0
372,12390,2253315,1031.2,552.5,1022.5,393.1,1026.85,472.8,0
372,12391,2253316,1031.3,552.2,1022.0,393.1,1026.65,472.65,0
372,12392,2253317,1031.5,551.9,1021.1,393.2,1026.3,472.55,0
372,12393,2253318,1031.6,551.6,1020.1,393.2,1025.85,472.4,0
372,12394,2253319,1031.7,551.3,1019.1,393.3,1025.4,472.3,0
372,12395,2253320,1031.7,551.0,1018.1,393.5,1024.9,472.25,0
372,12396,2253321,1031.6,551.1,1017.2,393.6,1024.4,472.35,0
372,12397,2253322,1031.5,551.2,1016.6,393.9,1024.05,472.55,0
372,12398,2253323,1031.4,551.4,1016.4,394.2,1023.9,472.8,0
372,12399,2253324,1031.3,551.6,1016.4,394.4,1023.85,473.0,0
372,12400,2253325,1031.2,551.9,1016.5,394.4,1023.85,473.15,0
373,12401,2253326,1031.1,552.1,1016.7,394.4,1023.9,473.25,0
373,12402,2253327,1031.1,552.4,1017.2,394.4,1024.15,473.4,0
373,12403,2253328,1031.2,552.6,1017.7,394.3,1024.45,473.45,0
373,12404,2253329,1031.5,552.8,1018.3,394.2,1024.9,473.5,0
373,12405,2253330,1031.7,553.0,1018.7,394.1,1025.2,473.55,0
373,12406,2253331,1032.0,553.0,1018.9,394.0,1025.45,473.5,0
373,12407,2253332,1032.0,553.1,1018.8,394.1,1025.4,473.6,0
373,12408,2253333,1032.1,553.2,1018.7,394.2,1025.4,473.7,0
373,12409,2253334,1032.0,553.2,1018.2,394.4,1025.1,473.8,0
373,12410,2253335,1031.8,553.4,1017.6,394.5,1024.7,473.95,0
373,12411,2253336,1031.5,553.4,1016.8,394.7,1024.15,474.05,0
373,12412,2253337,1031.1,553.5,1016.1,394.7,1023.6,474.1,0
373,12413,2253338,1030.8,553.7,1015.5,394.8,1023.15,474.25,0
373,12414,2253339,1030.6,553.8,1015.2,394.8,1022.9,474.3,0
373,12415,2253340,1030.4,554.0,1015.0,394.9,1022.7,474.45,0
373,12416,2253341,1030.3,554.1,1015.1,395.0,1022.7,474.55,0
373,12417,2253342,1030.2,554.1,1015.5,394.6,1022.85,474.35,0
373,12418,2253343,1030.2,554.2,1016.1,394.2,1023.15,474.2,0
373,12419,2253344,1030.2,554.1,1016.8,393.7,1023.5,473.9,0
373,12420,2253345,1030.3,554.0,1017.8,393.2,1024.05,473.6,0
373,12421,2253346,1030.4,553.9,1018.8,392.7,1024.6,473.3,0
373,12422,2253347,1030.6,553.7,1019.5,392.2,1025.05,472.95,0
373,12423,2253348,1030.8,553.6,1019.7,391.7,1025.25,472.65,0
373,12424,2253349,1031.0,553.4,1019.6,391.8,1025.3,472.6,0
373,12425,2253350,1031.2,553.2,1019.3,392.0,1025.25,472.6,0
373,12426,2253351,1031.3,552.9,1018.9,392.3,1025.1,472.6,0
373,12427,2253352,1031.3,552.6,1017.8,392.6,1024.55,472.6,0
373,12428,2253353,1031.2,552.3,1016.8,393.0,1024.0,472.65,0
373,12429,2253354,1030.9,552.0,1015.9,393.3,1023.4,472.65,0
373,12430,2253355,1030.6,551.8,1015.3,393.6,1022.95,472.7,0
373,12431,2253356,1030.1,551.7,1014.8,393.8,1022.45,472.75,0
373,12432,2253357,1029.7,551.7,1014.5,393.9,1022.1,472.8,0
373,12433,2253358,1029.3,551.8,1014.4,394.0,1021.85,472.9,0
374,12434,2253359,1029.0,551.9,1014.9,394.0,1021.95,472.95,0
374,12435,2253360,1029.1,552.1,1015.5,394.1,1022.3,473.1,0
374,12436,2253361,1029.2,552.2,1016.4,394.1,1022.8,473.15,0
374,12437,2253362,1029.4,552.3,1017.3,394.0,1023.35,473.15,0
374,12438,2253363,1029.9,552.4,1018.2,394.0,1024.05,473.2,0
374,12439,2253364,1030.4,552.5,1019.0,394.0,1024.7,473.25,0
374,12440,2253365,1030.8,552.6,1019.8,394.0,1025.3,473.3,0
374,12441,2253366,1031.4,552.7,1020.0,394.0,1025.7,473.35,0
374,12442,2253367,1031.7,552.9,1020.1,394.1,1025.9,473.5,0
374,12443,2253368,1032.0,553.1,1020.0,394.1,1026.0,473.6,0
374,12444,2253369,1032.3,553.4,1019.8,394.1,1026.05,473.75,0
374,12445,2253370,1032.4,553.8,1019.5,394.1,1025.95,473.95,0
374,12446,2253371,1032.5,554.2,1018.7,394.0,1025.6,474.1,0
374,12447,2253372,1032.4,554.5,1017.8,393.9,1025.1,474.2,0
374,12448,2253373,1032.3,554.8,1017.0,393.8,1024.65,474.3,0
374,12449,2253374,1032.1,554.8,1016.3,393.7,1024.2,474.25,0
374,12450,2253375,1031.9,554.8,1015.5,393.7,1023.7,474.25,0
374,12451,2253376,1031.7,554.7,1014.8,393.7,1023.25,474.2,0
374,12452,2253377,1031.5,554.4,1014.4,393.5,1022.95,473.95,0
374,12453,2253378,1031.5,554.2,1014.8,393.4,1023.15,473.8,0
374,12454,2253379,1031.4,554.0,1015.2,393.2,1023.3,473.6,0
374,12455,2253380,1031.4,553.7,1016.0,393.0,1023.7,473.35,0
374,12456,2253381,1031.2,553.5,1016.8,392.8,1024.0,473.15,0
374,12457,2253382,1031.1,553.3,1017.5,392.6,1024.3,472.95,0
374,12458,2253383,1031.0,553.2,1018.3,392.4,1024.65,472.8,0
374,12459,2253384,1030.9,553.0,1018.9,392.3,1024.9,472.65,0
374,12460,2253385,1030.8,552.8,1019.3,392.1,1025.05,472.45,0
374,12461,2253386,1030.7,552.7,1019.7,391.9,1025.2,472.3,0
374,12462,2253387,1030.6,552.7,1019.7,391.7,1025.15,472.2,0
374,12463,2253388,1030.6,552.7,1019.7,391.5,1025.15,472.1,0
374,12464,2253389,1030.7,552.8,1019.7,391.3,1025.2,472.05,0
374,12465,2253390,1030.7,553.1,1019.4,391.1,1025.05,472.1,0
374,12466,2253391,1030.7,553.4,1018.9,390.9,1024.8,472.15,0
375,12467,2253392,1030.7,553.8,1018.4,390.9,1024.55,472.35,0
375,12468,2253393,1030.7,554.2,1017.7,390.8,1024.2,472.5,0
375,12469,2253394,1030.8,554.6,1016.8,390.8,1023.8,472.7,0
375,12470,2253395,1030.9,555.0,1016.0,390.8,1023.45,472.9,0
375,12471,2253396,1030.9,555.3,1015.3,390.8,1023.1,473.05,0
375,12472,2253397,1031.0,555.3,1014.7,390.8,1022.85,473.05,0
375,12473,2253398,1031.1,555.2,1014.6,390.9,1022.85,473.05,0
375,12474,2253399,1031.2,555.0,1014.6,390.8,1022.9,472.9,0
375,12475,2253400,1031.3,554.7,1015.0,390.7,1023.15,472.7,0
375,12476,2253401,1031.3,554.5,1015.8,390.6,1023.55,472.55,0
375,12477,2253402,1031.1,554.2,1016.7,390.2,1023.9,472.2,0
375,12478,2253403,1030.9,554.0,1017.9,389.8,1024.4,471.9,0
375,12479,2253404,1030.6,553.8,1019.1,389.3,1024.85,471.55,0
375,12480,2253405,1030.4,553.8,1020.2,388.8,1025.3,471.3,0
375,12481,2253406,1030.1,553.8,1021.2,388.4,1025.65,471.1,0
375,12482,2253407,1029.9,553.8,1022.0,388.1,1025.95,470.95,0
375,12483,2253408,1029.8,553.8,1022.5,387.7,1026.15,470.75,0
375,12484,2253409,1029.8,553.9,1022.7,387.7,1026.25,470.8,0
375,12485,2253410,1029.9,554.0,1022.5,387.7,1026.2,470.85,0
375,12486,2253411,1030.1,554.2,1022.2,387.7,1026.15,470.95,0
375,12487,2253412,1030.3,554.4,1021.6,387.7,1025.95,471.05,0
375,12488,2253413,1030.6,554.6,1020.7,387.7,1025.65,471.15,0
375,12489,2253414,1030.7,554.8,1019.8,387.5,1025.25,471.15,0
375,12490,2253415,1030.8,555.0,1018.9,387.2,1024.85,471.1,0
375,12491,2253416,1030.9,555.2,1018.2,386.9,1024.55,471.05,0
375,12492,2253417,1030.9,555.2,1017.6,386.6,1024.25,470.9,0
375,12493,2253418,1030.9,555.2,1017.0,386.4,1023.95,470.8,0
375,12494,2253419,1030.9,555.1,1016.9,386.3,1023.9,470.7,0
375,12495,2253420,1030.7,554.7,1017.3,386.1,1024.0,470.4,0
375,12496,2253421,1030.6,554.3,1017.9,385.9,1024.25,470.1,0
375,12497,2253422,1030.5,553.9,1018.4,385.7,1024.45,469.8,0
375,12498,2253423,1030.3,553.5,1019.0,385.6,1024.65,469.55,0
375,12499,2253424,1030.2,553.1,1019.6,385.5,1024.9,469.3,0
375,12500,2253425,1030.1,552.7,1020.2,385.1,1025.15,468.9,0
376,12501,2253426,1030.0,552.5,1021.0,384.9,1025.5,468.7,0
376,12502,2253427,1030.0,552.5,1021.4,384.6,1025.7,468.55,0
376,12503,2253428,1030.0,552.7,1021.8,384.5,1025.9,468.6,0
376,12504,2253429,1029.9,552.9,1022.1,384.4,1026.0,468.65,0
376,12505,2253430,1029.9,553.2,1022.5,384.2,1026.2,468.7,0
376,12506,2253431,1029.8,553.4,1022.5,384.2,1026.15,468.8,0
376,12507,2253432,1029.7,553.9,1022.3,384.1,1026.0,469.0,0
376,12508,2253433,1029.6,554.4,1021.7,384.1,1025.65,469.25,0
376,12509,2253434,1029.4,554.8,1021.0,384.1,1025.2,469.45,0
376,12510,2253435,1029.1,555.1,1020.1,384.1,1024.6,469.6,0
376,12511,2253436,1028.7,555.3,1019.2,384.2,1023.95,469.75,0
376,12512,2253437,1028.3,555.5,1018.3,384.2,1023.3,469.85,0
376,12513,2253438,1027.9,555.7,1017.8,384.2,1022.85,469.95,0
376,12514,2253439,1027.5,555.6,1017.5,384.2,1022.5,469.9,0
376,12515,2253440,1027.2,555.6,1017.4,384.2,1022.3,469.9,0
376,12516,2253441,1026.9,555.6,1017.8,384.1,1022.35,469.85,0
376,12517,2253442,1027.2,555.6,1018.4,384.1,1022.8,469.85,0
376,12518,2253443,1027.6,555.6,1019.0,384.0,1023.3,469.8,0
376,12519,2253444,1028.0,555.6,1019.6,383.9,1023.8,469.75,0
376,12520,2253445,1028.3,555.7,1020.4,383.8,1024.35,469.75,0
376,12521,2253446,1028.5,556.0,1021.1,383.7,1024.8,469.85,0
376,12522,2253447,1028.6,556.4,1021.7,383.6,1025.15,470.0,0
376,12523,2253448,1028.7,556.7,1021.5,383.4,1025.1,470.05,0
376,12524,2253449,1028.5,557.1,1021.3,383.4,1024.9,470.25,0
376,12525,2253450,1028.2,557.4,1021.0,383.7,1024.6,470.55,0
376,12526,2253451,1027.8,557.6,1020.6,384.0,1024.2,470.8,0
376,12527,2253452,1027.5,557.8,1020.1,384.3,1023.8,471.05,0
376,12528,2253453,1027.3,557.7,1019.4,384.7,1023.35,471.2,0
376,12529,2253454,1027.0,557.5,1018.7,385.1,1022.85,471.3,0
376,12530,2253455,1026.8,557.3,1018.4,385.5,1022.6,471.4,0
376,12531,2253456,1026.5,557.0,1018.2,385.8,1022.35,471.4,0
376,12532,2253457,1026.3,556.7,1017.9,385.9,1022.1,471.3,0
376,12533,2253458,1026.2,556.3,1017.8,385.8,1022.0,471.05,0
377,12534,2253459,1026.2,555.9,1017.8,385.8,1022.0,470.85,0
377,12535,2253460,1026.2,555.7,1018.1,385.9,1022.15,470.8,0
377,12536,2253461,1026.3,556.0,1018.4,386.2,1022.35,471.1,0
377,12537,2253462,1026.5,556.5,1018.8,386.7,1022.65,471.6,0
377,12538,2253463,1026.6,556.9,1019.2,387.2,1022.9,472.05,0
377,12539,2253464,1026.7,557.4,1019.6,387.7,1023.15,472.55,0
377,12540,2253465,1026.7,557.8,1019.9,388.2,1023.3,473.0,0
377,12541,2253466,1026.7,558.2,1020.1,388.6,1023.4,473.4,0
377,12542,2253467,1026.6,558.4,1020.1,388.9,1023.35,473.65,0
377,12543,2253468,1026.4,558.2,1019.7,389.1,1023.05,473.65,0
377,12544,2253469,1026.2,557.9,1019.1,389.0,1022.65,473.45,0
377,12545,2253470,1025.8,557.7,1018.5,388.9,1022.15,473.3,0
377,12546,2253471,1025.5,557.5,1018.0,388.8,1021.75,473.15,0
377,12547,2253472,1025.2,557.4,1017.6,388.7,1021.4,473.05,0
377,12548,2253473,1025.0,557.3,1017.5,388.8,1021.25,473.05,0
377,12549,2253474,1024.9,557.3,1017.5,389.3,1021.2,473.3,0
377,12550,2253475,1024.8,557.4,1018.2,389.8,1021.5,473.6,0
377,12551,2253476,1024.8,557.6,1019.0,390.6,1021.9,474.1,0
377,12552,2253477,1024.9,557.8,1019.9,391.5,1022.4,474.65,0
377,12553,2253478,1025.1,558.0,1020.7,392.5,1022.9,475.25,0
377,12554,2253479,1025.2,558.2,1021.4,393.8,1023.3,476.0,0
377,12555,2253480,1025.3,559.0,1021.8,395.4,1023.55,477.2,0
377,12556,2253481,1025.4,560.6,1022.0,396.7,1023.7,478.65,0
377,12557,2253482,1025.5,562.9,1021.7,398.4,1023.6,480.65,0
377,12558,2253483,1024.7,566.1,1021.4,401.1,1023.05,483.6,0
377,12559,2253484,1023.8,570.2,1020.0,405.7,1021.9,487.95,0
377,12560,2253485,1022.4,576.3,1018.2,411.8,1020.3,494.05,0
377,12561,2253486,1020.4,583.7,1015.8,419.3,1018.1,501.5,0
377,12562,2253487,1017.6,593.2,1012.9,429.1,1015.25,511.15,0
377,12563,2253488,1014.1,604.2,1007.9,442.3,1011.0,523.25,0
377,12564,2253489,1009.8,616.5,1000.5,459.0,1005.15,537.75,0
377,12565,2253490,1004.9,628.7,991.0,476.8,997.95,552.75,0
377,12566,2253491,999.4,642.0,981.2,494.2,990.3,568.1,0
378,12567,2253492,993.4,654.4,970.5,511.9,981.95,583.15,0
378,12568,2253493,987.5,667.0,958.8,530.9,973.15,598.95,0
378,12569,2253494,981.8,677.7,947.2,548.4,964.5,613.05,0
378,12570,2253495,976.0,686.6,937.6,563.6,956.8,625.1,0
378,12571,2253496,970.4,694.0,929.9,576.2,950.15,635.1,0
378,12572,2253497,966.0,701.3,924.5,587.8,945.25,644.55,0
378,12573,2253498,962.7,706.8,920.4,598.1,941.55,652.45,0
378,12574,2253499,960.6,711.4,917.9,607.6,939.25,659.5,0
378,12575,2253500,959.5,714.5,916.9,614.2,938.2,664.35,0
378,12576,2253501,959.0,716.7,917.3,619.6,938.15,668.15,0
378,12577,2253502,959.4,718.5,918.3,623.7,938.85,671.1,0
378,12578,2253503,961.0,719.5,920.5,626.2,940.75,672.85,0
378,12579,2253504,963.3,719.5,922.6,627.3,942.95,673.4,0
378,12580,2253505,965.7,719.5,925.3,627.7,945.5,673.6,0
378,12581,2253506,967.7,719.1,928.3,627.1,948.0,673.1,0
378,12582,2253507,969.2,718.0,931.3,626.5,950.25,672.25,0
378,12583,2253508,970.8,716.9,933.5,625.5,952.15,671.2,0
378,12584,2253509,972.3,715.8,935.4,624.0,953.85,669.9,0
378,12585,2253510,973.1,714.4,936.9,622.9,955.0,668.65,0
378,12586,2253511,973.0,712.5,938.3,620.9,955.65,666.7,0
378,12587,2253512,972.4,710.6,939.1,619.0,955.75,664.8,0
378,12588,2253513,971.7,708.6,939.5,617.1,955.6,662.85,0
378,12589,2253514,971.0,707.4,939.9,615.2,955.45,661.3,0
378,12590,2253515,970.3,706.2,940.2,613.6,955.25,659.9,0
378,12591,2253516,969.6,705.2,940.3,612.4,954.95,658.8,0
378,12592,2253517,969.0,704.6,940.3,611.3,954.65,657.95,0
378,12593,2253518,968.6,704.6,940.2,611.0,954.4,657.8,0
378,12594,2253519,968.7,704.6,940.1,610.9,954.4,657.75,0
378,12595,2253520,969.0,704.7,939.9,610.7,954.45,657.7,0
378,12596,2253521,969.2,704.8,939.6,610.7,954.4,657.75,0
378,12597,2253522,969.6,704.8,939.4,610.8,954.5,657.8,0
378,12598,2253523,969.8,704.8,939.3,611.3,954.55,658.05,0
378,12599,2253524,969.9,704.9,939.3,611.8,954.6,658.35,0
378,12600,2253525,969.7,705.1,939.3,612.4,954.5,658.75,0
379,12601,2253526,969.6,705.3,939.4,613.4,954.5,659.35,0
379,12602,2253527,969.2,705.7,939.4,614.8,954.3,660.25,0
379,12603,2253528,968.9,706.2,939.2,616.1,954.05,661.15,0
379,12604,2253529,968.5,706.7,938.8,617.2,953.65,661.95,0
379,12605,2253530,968.2,707.1,938.3,617.9,953.25,662.5,0
379,12606,2253531,968.1,707.5,937.6,618.6,952.85,663.05,0
379,12607,2253532,968.5,707.9,936.8,619.2,952.65,663.55,0
379,12608,2253533,969.0,708.4,936.1,619.5,952.55,663.95,0
379,12609,2253534,969.4,708.9,935.5,619.5,952.45,664.2,0
379,12610,2253535,969.8,709.5,935.3,619.7,952.55,664.6,0
379,12611,2253536,970.1,710.1,935.3,620.0,952.7,665.05,0
379,12612,2253537,970.4,710.7,935.4,620.2,952.9,665.45,0
379,12613,2253538,970.5,711.3,935.6,620.5,953.05,665.9,0
379,12614,2253539,969.9,711.9,935.8,620.7,952.85,666.3,0
379,12615,2253540,969.4,712.3,935.7,621.0,952.55,666.65,0
379,12616,2253541,968.9,712.6,935.5,621.7,952.2,667.15,0
379,12617,2253542,968.6,712.8,935.1,622.6,951.85,667.7,0
379,12618,2253543,968.5,713.1,934.7,623.4,951.6,668.25,0
379,12619,2253544,968.4,713.4,934.3,624.2,951.35,668.8,0
379,12620,2253545,968.5,714.1,934.2,625.1,951.35,669.6,0
379,12621,2253546,968.8,714.7,934.2,625.9,951.5,670.3,0
379,12622,2253547,969.1,715.5,934.4,626.7,951.75,671.1,0
379,12623,2253548,969.3,716.4,934.7,626.9,952.0,671.65,0
379,12624,2253549,969.4,717.2,934.9,626.9,952.15,672.05,0
379,12625,2253550,969.4,718.0,935.1,626.9,952.25,672.45,0
379,12626,2253551,969.3,718.8,935.2,627.1,952.25,672.95,0
379,12627,2253552,969.2,719.3,935.0,627.4,952.1,673.35,0
379,12628,2253553,969.1,719.8,934.9,627.7,952.0,673.75,0
379,12629,2253554,968.9,720.1,934.7,628.1,951.8,674.1,0
379,12630,2253555,968.8,720.6,934.5,628.4,951.65,674.5,0
379,12631,2253556,968.7,721.0,934.3,628.7,951.5,674.85,0
379,12632,2253557,968.6,721.4,934.0,628.8,951.3,675.1,0
379,12633,2253558,968.5,721.8,933.7,628.9,951.1,675.35,0
380,12634,2253559,968.4,722.0,933.4,628.9,950.9,675.45,0
380,12635,2253560,968.3,722.3,933.5,628.9,950.9,675.6,0
380,12636,2253561,968.3,722.5,933.6,629.0,950.95,675.75,0
380,12637,2253562,968.2,722.5,933.7,629.3,950.95,675.9,0
380,12638,2253563,968.1,722.8,933.8,629.7,950.95,676.25,0
380,12639,2253564,967.9,723.0,933.9,630.1,950.9,676.55,0
380,12640,2253565,967.6,723.2,934.0,630.7,950.8,676.95,0
380,12641,2253566,967.5,723.5,934.1,631.4,950.8,677.45,0
380,12642,2253567,967.4,723.7,933.8,631.9,950.6,677.8,0
380,12643,2253568,967.5,724.0,933.5,632.4,950.5,678.2,0
380,12644,2253569,967.7,724.3,933.2,632.6,950.45,678.45,0
380,12645,2253570,967.8,724.3,933.1,632.7,950.45,678.5,0
380,12646,2253571,968.1,724.3,932.9,632.8,950.5,678.55,0
380,12647,2253572,968.2,724.2,932.9,632.6,950.55,678.4,0
380,12648,2253573,968.2,724.1,932.9,632.3,950.55,678.2,0
380,12649,2253574,968.1,723.8,932.9,632.1,950.5,677.95,0
380,12650,2253575,967.8,723.6,932.9,632.0,950.35,677.8,0
380,12651,2253576,967.6,723.4,932.9,632.1,950.25,677.75,0
380,12652,2253577,967.3,723.2,932.8,632.3,950.05,677.75,0
380,12653,2253578,967.2,722.7,932.7,632.4,949.95,677.55,0
380,12654,2253579,967.1,722.5,932.5,632.7,949.8,677.6,0
380,12655,2253580,967.2,722.1,932.4,632.9,949.8,677.5,0
380,12656,2253581,967.3,721.9,932.5,633.0,949.9,677.45,0
380,12657,2253582,967.4,721.5,932.5,632.9,949.95,677.2,0
380,12658,2253583,967.5,721.1,932.6,632.6,950.05,676.85,0
380,12659,2253584,967.6,720.7,932.8,632.4,950.2,676.55,0
380,12660,2253585,967.7,720.5,932.8,632.2,950.25,676.35,0
380,12661,2253586,967.6,720.3,932.8,632.0,950.2,676.15,0
380,12662,2253587,967.5,720.1,932.3,632.0,949.9,676.05,0
380,12663,2253588,967.4,720.0,931.8,632.3,949.6,676.15,0
380,12664,2253589,967.3,719.9,931.3,632.6,949.3,676.25,0
380,12665,2253590,967.3,719.8,930.7,633.0,949.0,676.4,0
380,12666,2253591,967.4,719.7,930.0,633.2,948.7,676.45,0
381,12667,2253592,967.5,719.6,929.4,633.3,948.45,676.45,0
381,12668,2253593,967.8,719.4,929.1,633.3,948.45,676.35,0
381,12669,2253594,968.0,719.3,929.3,633.3,948.65,676.3,0
381,12670,2253595,968.2,719.2,929.8,633.0,949.0,676.1,0
381,12671,2253596,968.1,719.2,930.3,632.6,949.2,675.9,0
381,12672,2253597,967.8,719.1,930.8,632.2,949.3,675.65,0
381,12673,2253598,967.4,719.0,931.3,631.9,949.35,675.45,0
381,12674,2253599,967.0,718.5,931.9,631.7,949.45,675.1,0
381,12675,2253600,966.5,718.1,931.8,631.5,949.15,674.8,0
381,12676,2253601,966.0,717.6,931.5,631.2,948.75,674.4,0
381,12677,2253602,965.4,717.1,930.9,631.1,948.15,674.1,0
381,12678,2253603,965.3,716.8,930.4,631.1,947.85,673.95,0
381,12679,2253604,965.1,716.5,929.8,631.2,947.45,673.85,0
381,12680,2253605,965.0,716.3,929.3,631.2,947.15,673.75,0
381,12681,2253606,964.9,716.5,928.7,631.1,946.8,673.8,0
381,12682,2253607,964.9,716.7,928.8,630.6,946.85,673.65,0
381,12683,2253608,965.1,716.8,928.9,630.1,947.0,673.45,0
381,12684,2253609,965.2,716.8,929.2,629.6,947.2,673.2,0
381,12685,2253610,965.2,716.8,929.4,629.0,947.3,672.9,0
381,12686,2253611,965.1,716.7,929.6,628.5,947.35,672.6,0
381,12687,2253612,964.9,716.6,929.6,628.1,947.25,672.35,0
381,12688,2253613,964.6,716.5,929.6,627.8,947.1,672.15,0
381,12689,2253614,964.1,716.3,929.2,628.1,946.65,672.2,0
381,12690,2253615,963.7,716.2,928.7,628.4,946.2,672.3,0
381,12691,2253616,963.3,716.1,928.0,628.7,945.65,672.4,0
381,12692,2253617,963.0,715.9,927.5,628.9,945.25,672.4,0
381,12693,2253618,962.8,715.7,926.7,629.1,944.75,672.4,0
381,12694,2253619,962.8,715.5,926.2,629.2,944.5,672.35,0
381,12695,2253620,962.8,715.2,925.6,629.4,944.2,672.3,0
381,12696,2253621,962.8,714.8,925.4,629.3,944.1,672.05,0
381,12697,2253622,962.9,714.6,925.3,629.3,944.1,671.95,0
381,12698,2253623,963.0,714.4,925.4,629.3,944.2,671.85,0
381,12699,2253624,963.0,714.4,925.4,629.4,944.2,671.9,0
381,12700,2253625,963.1,714.5,926.1,629.5,944.6,672.0,0
382,12701,2253626,963.1,714.6,926.8,629.5,944.95,672.05,0
382,12702,2253627,963.2,714.9,927.5,629.4,945.35,672.15,0
382,12703,2253628,963.2,715.0,928.0,629.3,945.6,672.15,0
382,12704,2253629,963.2,715.1,928.4,629.1,945.8,672.1,0
382,12705,2253630,963.2,714.9,928.1,629.0,945.65,671.95,0
382,12706,2253631,963.1,714.7,927.7,629.0,945.4,671.85,0
382,12707,2253632,963.0,714.4,926.9,628.9,944.95,671.65,0
382,12708,2253633,962.9,714.2,926.1,628.9,944.5,671.55,0
382,12709,2253634,962.8,714.0,925.2,628.9,944.0,671.45,0
382,12710,2253635,962.5,713.8,924.4,628.9,943.45,671.35,0
382,12711,2253636,962.1,713.9,923.6,628.9,942.85,671.4,0
382,12712,2253637,961.8,714.3,923.2,629.0,942.5,671.65,0
382,12713,2253638,961.5,714.7,923.0,629.1,942.25,671.9,0
382,12714,2253639,961.3,715.3,922.8,629.3,942.05,672.3,0
382,12715,2253640,961.0,715.8,922.7,629.6,941.85,672.7,0
382,12716,2253641,960.8,716.4,922.7,629.9,941.75,673.15,0
382,12717,2253642,960.9,717.0,922.9,630.2,941.9,673.6,0
382,12718,2253643,960.9,717.4,923.0,630.6,941.95,674.0,0
382,12719,2253644,961.0,717.8,923.7,630.9,942.35,674.35,0
382,12720,2253645,961.0,718.1,924.4,631.1,942.7,674.6,0
382,12721,2253646,961.0,718.1,925.0,631.3,943.0,674.7,0
382,12722,2253647,961.0,718.1,925.5,631.8,943.25,674.95,0
382,12723,2253648,961.0,718.1,926.0,632.3,943.5,675.2,0
382,12724,2253649,961.0,718.1,926.1,632.9,943.55,675.5,0
382,12725,2253650,961.1,718.1,926.1,633.5,943.6,675.8,0
382,12726,2253651,961.2,718.2,925.5,633.9,943.35,676.05,0
382,12727,2253652,961.2,718.2,925.0,634.4,943.1,676.3,0
382,12728,2253653,961.3,718.3,924.4,635.0,942.85,676.65,0
382,12729,2253654,961.3,718.4,923.9,635.2,942.6,676.8,0
382,12730,2253655,961.3,718.6,923.3,635.4,942.3,677.0,0
382,12731,2253656,961.1,718.9,923.0,635.5,942.05,677.2,0
382,12732,2253657,960.9,719.2,922.7,635.7,941.8,677.45,0
382,12733,2253658,960.4,719.5,922.4,636.0,941.4,677.75,0
383,12734,2253659,959.9,719.8,922.2,636.2,941.05,678.0,0
383,12735,2253660,959.4,720.1,922.1,636.3,940.75,678.2,0
383,12736,2253661,958.9,720.4,922.0,636.5,940.45,678.45,0
383,12737,2253662,958.4,720.5,921.9,636.7,940.15,678.6,0
383,12738,2253663,958.0,721.0,921.9,636.9,939.95,678.95,0
383,12739,2253664,957.7,721.6,922.1,637.1,939.9,679.35,0
383,12740,2253665,957.5,722.1,922.3,637.1,939.9,679.6,0
383,12741,2253666,957.4,722.6,922.5,637.0,939.95,679.8,0
383,12742,2253667,957.4,723.2,922.7,637.0,940.05,680.1,0
383,12743,2253668,957.4,723.8,922.9,637.0,940.15,680.4,0
383,12744,2253669,957.4,724.4,923.1,636.8,940.25,680.6,0
383,12745,2253670,957.5,724.6,923.5,636.7,940.5,680.65,0
383,12746,2253671,957.7,725.2,923.9,636.6,940.8,680.9,0
383,12747,2253672,957.9,725.7,924.3,636.8,941.1,681.25,0
383,12748,2253673,958.1,726.3,924.7,637.0,941.4,681.65,0
383,12749,2253674,958.3,726.8,925.0,637.1,941.65,681.95,0
383,12750,2253675,958.4,727.2,925.3,637.2,941.85,682.2,0
383,12751,2253676,958.4,727.8,925.5,637.2,941.95,682.5,0
383,12752,2253677,958.4,728.6,925.5,637.2,941.95,682.9,0
383,12753,2253678,958.2,729.1,925.4,637.0,941.8,683.05,0
383,12754,2253679,958.1,729.6,925.4,636.8,941.75,683.2,0
383,12755,2253680,958.0,730.2,925.3,636.6,941.65,683.4,0
383,12756,2253681,958.1,730.7,925.2,635.8,941.65,683.25,0
383,12757,2253682,958.2,731.1,925.1,635.1,941.65,683.1,0
383,12758,2253683,958.3,731.4,925.1,634.3,941.7,682.85,0
383,12759,2253684,958.4,731.4,925.0,633.4,941.7,682.4,0
383,12760,2253685,958.6,731.4,924.9,632.6,941.75,682.0,0
383,12761,2253686,958.7,731.2,924.8,631.1,941.75,681.15,0
383,12762,2253687,958.8,731.0,924.7,629.6,941.75,680.3,0
383,12763,2253688,958.7,730.7,924.4,628.6,941.55,679.65,0
383,12764,2253689,958.7,730.5,924.2,627.6,941.45,679.05,0
383,12765,2253690,958.6,730.3,923.9,626.8,941.25,678.55,0
383,12766,2253691,958.5,730.1,923.7,626.3,941.1,678.2,0
384,12767,2253692,958.4,729.8,923.5,625.7,940.95,677.75,0
384,12768,2253693,958.3,729.7,923.3,625.9,940.8,677.8,0
384,12769,2253694,958.2,729.6,923.2,625.9,940.7,677.75,0
384,12770,2253695,958.1,729.2,923.3,625.6,940.7,677.4,0
384,12771,2253696,957.7,728.5,923.2,625.2,940.45,676.85,0
384,12772,2253697,957.3,727.8,923.1,624.8,940.2,676.3,0
384,12773,2253698,956.9,727.0,923.1,624.2,940.0,675.6,0
384,12774,2253699,956.5,726.2,923.0,623.6,939.75,674.9,0
384,12775,2253700,956.2,725.3,922.8,623.0,939.5,674.15,0
384,12776,2253701,955.8,724.3,922.6,622.3,939.2,673.3,0
384,12777,2253702,955.4,723.6,922.4,622.0,938.9,672.8,0
384,12778,2253703,955.4,723.0,922.3,621.7,938.85,672.35,0
384,12779,2253704,955.4,722.4,922.3,621.3,938.85,671.85,0
384,12780,2253705,955.3,721.9,922.2,620.9,938.75,671.4,0
384,12781,2253706,955.1,721.4,922.3,620.4,938.7,670.9,0
384,12782,2253707,954.8,720.9,922.6,619.9,938.7,670.4,0
384,12783,2253708,954.6,720.4,923.0,619.4,938.8,669.9,0
384,12784,2253709,954.3,719.9,923.4,618.9,938.85,669.4,0
384,12785,2253710,954.0,719.5,923.8,618.4,938.9,668.95,0
384,12786,2253711,953.7,719.1,924.2,618.0,938.95,668.55,0
384,12787,2253712,953.4,718.7,924.6,617.7,939.0,668.2,0
384,12788,2253713,953.2,718.4,924.8,617.5,939.0,667.95,0
384,12789,2253714,953.0,718.1,924.9,617.3,938.95,667.7,0
384,12790,2253715,952.9,717.8,924.8,617.3,938.85,667.55,0
384,12791,2253716,952.7,717.7,924.7,617.4,938.7,667.55,0
384,12792,2253717,952.6,717.6,924.1,617.5,938.35,667.55,0
384,12793,2253718,952.7,717.5,923.6,617.6,938.15,667.55,0
384,12794,2253719,952.8,717.4,922.8,617.7,937.8,667.55,0
384,12795,2253720,952.9,717.3,922.1,617.9,937.5,667.6,0
384,12796,2253721,953.0,717.1,921.4,618.1,937.2,667.6,0
384,12797,2253722,953.2,716.9,920.4,618.2,936.8,667.55,0
384,12798,2253723,953.4,716.6,919.5,618.4,936.45,667.5,0
384,12799,2253724,953.6,716.4,919.0,618.5,936.3,667.45,0
384,12800,2253725,953.7,716.2,918.4,618.6,936.05,667.4,0
385,12801,2253726,953.8,716.3,917.9,618.8,935.85,667.55,0
385,12802,2253727,953.9,716.3,917.3,618.9,935.6,667.6,0
385,12803,2253728,953.9,716.4,916.9,618.9,935.4,667.65,0
385,12804,2253729,953.8,716.7,916.5,618.8,935.15,667.75,0
385,12805,2253730,953.7,716.9,916.2,618.4,934.95,667.65,0
385,12806,2253731,953.4,717.2,915.9,618.0,934.65,667.6,0
385,12807,2253732,953.1,717.4,915.7,617.6,934.4,667.5,0
385,12808,2253733,952.8,717.5,915.9,617.2,934.35,667.35,0
385,12809,2253734,952.2,717.6,916.0,616.6,934.1,667.1,0
385,12810,2253735,951.7,717.7,916.2,616.1,933.95,666.9,0
385,12811,2253736,951.1,717.9,916.5,615.9,933.8,666.9,0
385,12812,2253737,950.4,718.3,916.8,615.9,933.6,667.1,0
385,12813,2253738,950.0,718.7,917.4,616.0,933.7,667.35,0
385,12814,2253739,949.6,719.2,918.0,616.2,933.8,667.7,0
385,12815,2253740,949.2,719.7,918.6,616.3,933.9,668.0,0
385,12816,2253741,949.0,720.0,919.2,616.7,934.1,668.35,0
385,12817,2253742,948.8,720.4,919.8,617.0,934.3,668.7,0
385,12818,2253743,948.7,720.6,920.4,617.2,934.55,668.9,0
385,12819,2253744,948.7,720.6,921.1,617.5,934.9,669.05,0
385,12820,2253745,948.7,720.6,921.4,617.7,935.05,669.15,0
385,12821,2253746,948.8,720.9,921.7,617.9,935.25,669.4,0
385,12822,2253747,949.0,721.2,921.9,618.3,935.45,669.75,0
385,12823,2253748,949.2,721.6,922.1,619.1,935.65,670.35,0
385,12824,2253749,949.4,722.0,922.2,619.8,935.8,670.9,0
385,12825,2253750,949.6,722.4,922.2,620.5,935.9,671.45,0
385,12826,2253751,949.8,722.7,922.1,621.1,935.95,671.9,0
385,12827,2253752,950.0,722.9,921.9,621.7,935.95,672.3,0
385,12828,2253753,950.2,722.8,921.8,622.4,936.0,672.6,0
385,12829,2253754,950.2,722.7,921.8,622.7,936.0,672.7,0
385,12830,2253755,950.2,722.6,921.5,622.7,935.85,672.65,0
385,12831,2253756,950.3,722.6,921.1,622.8,935.7,672.7,0
385,12832,2253757,950.3,722.5,920.7,623.1,935.5,672.8,0
385,12833,2253758,950.3,722.6,920.2,623.3,935.25,672.95,0
386,12834,2253759,950.3,722.6,919.6,623.6,934.95,673.1,0
386,12835,2253760,950.3,722.6,918.9,623.9,934.6,673.25,0
386,12836,2253761,950.3,722.6,918.2,624.2,934.25,673.4,0
386,12837,2253762,950.6,722.5,917.6,624.4,934.1,673.45,0
386,12838,2253763,950.8,722.4,917.0,624.6,933.9,673.5,0
386,12839,2253764,951.1,722.3,916.5,624.4,933.8,673.35,0
386,12840,2253765,951.4,722.3,916.1,624.3,933.75,673.3,0
386,12841,2253766,951.7,722.2,915.8,624.0,933.75,673.1,0
386,12842,2253767,952.0,722.1,915.5,623.7,933.75,672.9,0
386,12843,2253768,952.2,722.0,915.3,623.3,933.75,672.65,0
386,12844,2253769,951.9,722.0,915.2,623.0,933.55,672.5,0
386,12845,2253770,951.6,722.0,915.2,622.7,933.4,672.35,0
386,12846,2253771,951.2,722.1,915.2,622.6,933.2,672.35,0
386,12847,2253772,950.9,722.4,915.3,622.5,933.1,672.45,0
386,12848,2253773,950.6,722.7,915.4,622.4,933.0,672.55,0
386,12849,2253774,950.2,723.1,915.5,622.5,932.85,672.8,0
386,12850,2253775,949.7,723.6,915.6,622.6,932.65,673.1,0
386,12851,2253776,949.3,724.1,915.8,622.4,932.55,673.25,0
386,12852,2253777,948.9,724.6,916.0,622.3,932.45,673.45,0
386,12853,2253778,948.5,725.0,916.2,622.1,932.35,673.55,0
386,12854,2253779,948.0,725.2,916.5,621.8,932.25,673.5,0
386,12855,2253780,947.6,725.4,916.7,621.6,932.15,673.5,0
386,12856,2253781,947.2,725.6,916.9,621.4,932.05,673.5,0
386,12857,2253782,946.8,725.7,917.1,621.2,931.95,673.45,0
386,12858,2253783,946.6,725.7,917.4,621.2,932.0,673.45,0
386,12859,2253784,946.3,725.8,917.9,621.2,932.1,673.5,0
386,12860,2253785,946.0,725.8,918.4,621.1,932.2,673.45,0
386,12861,2253786,945.7,725.9,918.8,620.7,932.25,673.3,0
386,12862,2253787,945.4,725.9,919.2,620.2,932.3,673.05,0
386,12863,2253788,945.1,725.6,919.7,619.7,932.4,672.65,0
386,12864,2253789,945.0,725.3,920.0,619.1,932.5,672.2,0
386,12865,2253790,944.8,724.9,920.2,618.5,932.5,671.7,0
386,12866,2253791,944.8,724.6,920.2,618.0,932.5,671.3,0
387,12867,2253792,944.7,724.3,920.2,617.5,932.45,670.9,0
387,12868,2253793,944.7,724.0,920.1,617.2,932.4,670.6,0
387,12869,2253794,944.7,723.7,919.9,617.1,932.3,670.4,0
387,12870,2253795,944.7,723.6,919.7,617.1,932.2,670.35,0
387,12871,2253796,944.7,723.5,919.4,617.3,932.05,670.4,0
387,12872,2253797,944.8,723.3,919.0,617.5,931.9,670.4,0
387,12873,2253798,945.0,723.1,918.4,617.8,931.7,670.45,0
387,12874,2253799,945.2,722.9,917.9,618.1,931.55,670.5,0
387,12875,2253800,945.3,722.7,917.1,618.3,931.2,670.5,0
387,12876,2253801,945.5,722.5,916.3,618.1,930.9,670.3,0
387,12877,2253802,945.7,722.4,915.5,617.9,930.6,670.15,0
387,12878,2253803,945.9,722.2,914.6,617.3,930.25,669.75,0
387,12879,2253804,945.9,722.0,913.9,616.7,929.9,669.35,0
387,12880,2253805,946.0,721.5,913.1,616.1,929.55,668.8,0
387,12881,2253806,946.2,721.0,912.5,615.3,929.35,668.15,0
387,12882,2253807,946.4,720.6,912.1,614.7,929.25,667.65,0
387,12883,2253808,946.6,720.1,911.7,614.2,929.15,667.15,0
387,12884,2253809,946.7,719.6,911.5,613.8,929.1,666.7,0
387,12885,2253810,946.9,719.2,911.5,613.6,929.2,666.4,0
387,12886,2253811,947.1,719.0,911.7,613.4,929.4,666.2,0
387,12887,2253812,947.2,719.2,911.8,613.3,929.5,666.25,0
387,12888,2253813,947.2,719.4,912.0,613.2,929.6,666.3,0
387,12889,2253814,947.1,719.6,912.3,613.1,929.7,666.35,0
387,12890,2253815,946.7,719.8,912.7,613.0,929.7,666.4,0
387,12891,2253816,946.3,720.0,913.3,613.0,929.8,666.5,0
387,12892,2253817,945.9,720.3,913.9,612.9,929.9,666.6,0
387,12893,2253818,945.4,720.4,914.4,612.8,929.9,666.6,0
387,12894,2253819,945.0,720.4,915.0,612.5,930.0,666.45,0
387,12895,2253820,944.3,720.3,915.8,612.1,930.05,666.2,0
387,12896,2253821,943.6,720.1,916.3,611.7,929.95,665.9,0
387,12897,2253822,943.0,719.8,916.8,611.2,929.9,665.5,0
387,12898,2253823,942.5,719.5,917.1,610.8,929.8,665.15,0
387,12899,2253824,942.0,719.2,917.4,610.3,929.7,664.75,0
387,12900,2253825,941.5,719.0,917.6,610.0,929.55,664.5,0
388,12901,2253826,941.1,718.7,917.7,609.9,929.4,664.3,0
388,12902,2253827,940.9,718.5,917.5,609.8,929.2,664.15,0
388,12903,2253828,940.7,718.4,917.4,609.8,929.05,664.1,0
388,12904,2253829,940.8,718.1,917.1,609.9,928.95,664.0,0
388,12905,2253830,940.8,717.9,916.8,609.9,928.8,663.9,0
388,12906,2253831,940.8,717.6,916.4,610.0,928.6,663.8,0
388,12907,2253832,940.9,717.2,916.1,610.1,928.5,663.65,0
388,12908,2253833,940.9,716.9,915.6,610.2,928.25,663.55,0
388,12909,2253834,940.7,716.6,915.2,610.2,927.95,663.4,0
388,12910,2253835,940.4,716.4,914.8,610.2,927.6,663.3,0
388,12911,2253836,940.2,716.4,914.4,610.2,927.3,663.3,0
388,12912,2253837,940.1,716.4,914.1,610.3,927.1,663.35,0
388,12913,2253838,939.9,716.5,913.7,610.3,926.8,663.4,0
388,12914,2253839,939.8,716.6,913.2,610.6,926.5,663.6,0
388,12915,2253840,939.7,716.7,912.8,610.8,926.25,663.75,0
388,12916,2253841,940.0,716.8,912.5,611.1,926.25,663.95,0
388,12917,2253842,940.2,716.9,912.1,611.7,926.15,664.3,0
388,12918,2253843,940.4,716.9,911.8,612.3,926.1,664.6,0
388,12919,2253844,940.7,716.9,911.6,612.9,926.15,664.9,0
388,12920,2253845,940.9,716.8,911.4,613.6,926.15,665.2,0
388,12921,2253846,941.1,716.8,911.4,614.4,926.25,665.6,0
388,12922,2253847,941.1,716.8,911.4,615.2,926.25,666.0,0
388,12923,2253848,941.1,716.7,911.4,616.1,926.25,666.4,0
388,12924,2253849,941.0,716.7,911.4,617.2,926.2,666.95,0
388,12925,2253850,940.8,716.7,911.3,618.2,926.05,667.45,0
388,12926,2253851,940.6,716.6,911.2,619.1,925.9,667.85,0
388,12927,2253852,940.3,716.5,911.1,620.0,925.7,668.25,0
388,12928,2253853,940.2,716.2,911.1,620.7,925.65,668.45,0
388,12929,2253854,940.0,715.9,911.1,621.4,925.55,668.65,0
388,12930,2253855,940.1,715.4,911.1,622.0,925.6,668.7,0
388,12931,2253856,940.1,714.8,911.1,622.1,925.6,668.45,0
388,12932,2253857,940.1,714.3,910.9,622.3,925.5,668.3,0
388,12933,2253858,940.0,713.8,910.7,622.5,925.35,668.15,0
389,12934,2253859,939.9,713.5,910.5,622.7,925.2,668.1,0
389,12935,2253860,939.7,713.4,910.1,622.8,924.9,668.1,0
389,12936,2253861,939.3,713.4,909.7,622.9,924.5,668.15,0
389,12937,2253862,938.8,713.8,909.2,623.2,924.0,668.5,0
389,12938,2253863,938.3,714.2,908.9,623.5,923.6,668.85,0
389,12939,2253864,937.9,714.6,908.7,624.4,923.3,669.5,0
389,12940,2253865,937.8,714.9,908.5,625.3,923.15,670.1,0
389,12941,2253866,937.6,715.3,908.6,626.2,923.1,670.75,0
389,12942,2253867,937.6,715.4,908.9,627.1,923.25,671.25,0
389,12943,2253868,937.4,715.4,909.2,628.1,923.3,671.75,0
389,12944,2253869,937.3,715.3,909.6,628.9,923.45,672.1,0
389,12945,2253870,937.1,715.1,909.8,629.8,923.45,672.45,0
389,12946,2253871,937.0,715.0,910.2,630.0,923.6,672.5,0
389,12947,2253872,936.7,714.9,910.6,630.3,923.65,672.6,0
389,12948,2253873,936.6,714.8,910.8,630.6,923.7,672.7,0
389,12949,2253874,936.4,714.8,910.9,631.1,923.65,672.95,0
389,12950,2253875,936.5,715.0,911.1,631.7,923.8,673.35,0
389,12951,2253876,936.6,715.1,911.2,632.1,923.9,673.6,0
389,12952,2253877,936.7,715.3,910.9,633.1,923.8,674.2,0
389,12953,2253878,936.8,715.5,910.5,634.1,923.65,674.8,0
389,12954,2253879,936.9,715.6,910.1,635.0,923.5,675.3,0
389,12955,2253880,936.9,715.6,909.7,635.6,923.3,675.6,0
389,12956,2253881,936.9,715.6,909.3,636.0,923.1,675.8,0
389,12957,2253882,936.9,715.5,908.9,636.2,922.9,675.85,0
389,12958,2253883,937.0,715.3,908.4,636.5,922.7,675.9,0
389,12959,2253884,937.0,715.1,908.4,636.1,922.7,675.6,0
389,12960,2253885,937.1,714.9,908.5,635.8,922.8,675.35,0
389,12961,2253886,937.2,714.4,908.5,635.4,922.85,674.9,0
389,12962,2253887,937.2,714.0,908.6,635.4,922.9,674.7,0
389,12963,2253888,937.2,713.5,908.7,635.4,922.95,674.45,0
389,12964,2253889,937.0,713.2,908.9,635.5,922.95,674.35,0
389,12965,2253890,936.9,712.6,909.1,635.5,923.0,674.05,0
389,12966,2253891,936.8,712.0,909.3,635.5,923.05,673.75,0
390,12967,2253892,936.6,711.5,909.5,635.7,923.05,673.6,0
390,12968,2253893,936.4,711.2,909.6,636.0,923.0,673.6,0
390,12969,2253894,935.9,711.0,909.8,636.4,922.85,673.7,0
390,12970,2253895,935.5,710.8,909.9,636.9,922.7,673.85,0
390,12971,2253896,935.0,710.6,910.3,637.6,922.65,674.1,0
390,12972,2253897,934.6,710.7,910.6,638.4,922.6,674.55,0
390,12973,2253898,934.3,710.8,911.0,639.2,922.65,675.0,0
390,12974,2253899,934.0,711.1,911.2,639.8,922.6,675.45,0
390,12975,2253900,933.8,711.4,911.3,640.2,922.55,675.8,0
390,12976,2253901,933.9,711.7,911.4,640.3,922.65,676.0,0
390,12977,2253902,933.9,712.0,911.3,640.3,922.6,676.15,0
390,12978,2253903,934.1,712.2,910.9,640.0,922.5,676.1,0
390,12979,2253904,934.1,712.5,910.4,639.5,922.25,676.0,0
390,12980,2253905,934.2,712.7,909.9,639.0,922.05,675.85,0
390,12981,2253906,934.2,712.7,909.4,638.5,921.8,675.6,0
390,12982,2253907,934.2,712.8,909.0,637.9,921.6,675.35,0
390,12983,2253908,934.2,713.1,908.3,637.4,921.25,675.25,0
390,12984,2253909,934.3,713.5,907.6,636.7,920.95,675.1,0
390,12985,2253910,934.3,713.9,907.2,636.0,920.75,674.95,0
390,12986,2253911,934.5,714.4,906.4,635.3,920.45,674.85,0
390,12987,2253912,934.8,714.9,905.6,634.7,920.2,674.8,0
390,12988,2253913,934.9,715.4,904.8,634.2,919.85,674.8,0
390,12989,2253914,935.0,715.9,904.1,633.7,919.55,674.8,0
390,12990,2253915,934.8,716.0,903.0,633.4,918.9,674.7,0
390,12991,2253916,934.6,716.1,901.9,633.2,918.25,674.65,0
390,12992,2253917,934.4,716.2,900.7,633.0,917.55,674.6,0
390,12993,2253918,933.9,716.2,899.9,632.6,916.9,674.4,0
390,12994,2253919,933.4,716.3,899.1,632.1,916.25,674.2,0
390,12995,2253920,933.0,716.4,898.1,631.6,915.55,674.0,0
390,12996,2253921,932.6,716.4,897.1,631.1,914.85,673.75,0
390,12997,2253922,932.4,716.4,896.7,630.6,914.55,673.5,0
390,12998,2253923,931.9,716.2,896.3,630.1,914.1,673.15,0
390,12999,2253924,931.4,716.0,896.0,629.6,913.7,672.8,0
390,13000,2253925,931.0,715.8,895.7,629.4,913.35,672.6,0
391,13001,2253926,930.7,715.6,895.5,629.1,913.1,672.35,0
391,13002,2253927,930.3,715.3,895.5,628.7,912.9,672.0,0
391,13003,2253928,930.0,715.0,895.6,628.4,912.8,671.7,0
391,13004,2253929,929.7,714.7,895.8,628.1,912.75,671.4,0
391,13005,2253930,929.6,714.6,895.9,627.8,912.75,671.2,0
391,13006,2253931,929.5,714.4,895.9,627.5,912.7,670.95,0
391,13007,2253932,929.5,714.1,896.0,627.1,912.75,670.6,0
391,13008,2253933,929.4,713.7,896.1,626.9,912.75,670.3,0
391,13009,2253934,929.3,713.2,896.2,626.8,912.75,670.0,0
391,13010,2253935,929.2,712.8,896.4,626.4,912.8,669.6,0
391,13011,2253936,929.2,712.4,896.6,626.0,912.9,669.2,0
391,13012,2253937,929.1,712.0,896.8,625.5,912.95,668.75,0
391,13013,2253938,929.1,711.7,897.0,625.1,913.05,668.4,0
391,13014,2253939,929.0,711.3,897.3,624.8,913.15,668.05,0
391,13015,2253940,928.9,711.0,897.6,624.5,913.25,667.75,0
391,13016,2253941,928.8,710.7,897.8,624.3,913.3,667.5,0
391,13017,2253942,928.7,710.4,898.0,624.2,913.35,667.3,0
391,13018,2253943,928.5,710.1,898.2,624.2,913.35,667.15,0
391,13019,2253944,928.1,709.8,898.4,624.2,913.25,667.0,0
391,13020,2253945,927.6,709.6,898.5,624.1,913.05,666.85,0
391,13021,2253946,927.2,709.5,898.7,624.0,912.95,666.75,0
391,13022,2253947,926.9,709.4,899.1,623.9,913.0,666.65,0
391,13023,2253948,926.5,709.3,899.4,623.8,912.95,666.55,0
391,13024,2253949,926.2,709.3,899.7,623.7,912.95,666.5,0
391,13025,2253950,926.1,709.3,900.0,623.6,913.05,666.45,0
391,13026,2253951,926.1,709.3,900.3,623.5,913.2,666.4,0
391,13027,2253952,926.2,709.3,900.5,623.5,913.35,666.4,0
391,13028,2253953,926.3,709.4,900.6,623.5,913.45,666.45,0
391,13029,2253954,926.4,709.4,900.6,623.2,913.5,666.3,0
391,13030,2253955,926.5,709.4,900.5,623.0,913.5,666.2,0
391,13031,2253956,926.6,709.5,900.4,622.7,913.5,666.1,0
391,13032,2253957,926.7,709.4,900.2,622.5,913.45,665.95,0
391,13033,2253958,926.8,709.4,900.1,622.3,913.45,665.85,0
392,13034,2253959,926.9,709.1,899.9,622.1,913.4,665.6,0
392,13035,2253960,926.9,708.8,899.8,622.1,913.35,665.45,0
392,13036,2253961,926.9,708.5,899.6,622.3,913.25,665.4,0
392,13037,2253962,926.8,708.2,899.5,622.6,913.15,665.4,0
392,13038,2253963,926.6,707.9,899.4,622.8,913.0,665.35,0
392,13039,2253964,926.4,707.7,899.3,623.0,912.85,665.35,0
392,13040,2253965,926.1,707.5,899.2,623.2,912.65,665.35,0
392,13041,2253966,925.8,707.6,899.0,623.2,912.4,665.4,0
392,13042,2253967,925.6,707.7,898.8,623.2,912.2,665.45,0
392,13043,2253968,925.5,707.9,898.6,623.1,912.05,665.5,0
392,13044,2253969,925.4,708.1,898.4,623.0,911.9,665.55,0
392,13045,2253970,925.3,708.3,898.3,623.0,911.8,665.65,0
392,13046,2253971,925.2,708.5,898.0,622.9,911.6,665.7,0
392,13047,2253972,925.1,708.7,897.7,622.7,911.4,665.7,0
392,13048,2253973,925.1,708.9,897.5,622.6,911.3,665.75,0
392,13049,2253974,925.0,709.0,896.9,622.5,910.95,665.75,0
392,13050,2253975,924.8,709.1,896.4,622.5,910.6,665.8,0
392,13051,2253976,924.7,709.1,895.8,622.5,910.25,665.8,0
392,13052,2253977,924.6,709.3,895.3,622.5,909.95,665.9,0
392,13053,2253978,924.5,709.5,894.9,622.6,909.7,666.05,0
392,13054,2253979,924.4,709.7,894.5,622.9,909.45,666.3,0
392,13055,2253980,924.2,709.9,894.2,623.3,909.2,666.6,0
392,13056,2253981,924.0,710.0,894.1,623.6,909.05,666.8,0
392,13057,2253982,923.8,710.1,894.0,623.9,908.9,667.0,0
392,13058,2253983,923.7,710.1,893.7,624.1,908.7,667.1,0
392,13059,2253984,923.5,709.9,893.5,624.4,908.5,667.15,0
392,13060,2253985,923.3,709.7,893.3,624.6,908.3,667.15,0
392,13061,2253986,923.2,709.5,892.8,624.6,908.0,667.05,0
392,13062,2253987,923.3,709.3,892.5,624.6,907.9,666.95,0
392,13063,2253988,923.4,709.0,892.2,624.7,907.8,666.85,0
392,13064,2253989,923.5,708.8,892.2,624.7,907.85,666.75,0
392,13065,2253990,923.6,708.7,892.3,624.8,907.95,666.75,0
392,13066,2253991,923.7,708.4,892.4,624.7,908.05,666.55,0
393,13067,2253992,923.8,708.2,892.4,624.6,908.1,666.4,0
393,13068,2253993,923.9,708.0,892.5,624.6,908.2,666.3,0
393,13069,2253994,923.9,707.7,892.2,624.5,908.05,666.1,0
393,13070,2253995,923.8,707.5,892.0,624.4,907.9,665.95,0
393,13071,2253996,923.7,707.2,891.5,624.2,907.6,665.7,0
393,13072,2253997,923.6,707.0,891.1,624.1,907.35,665.55,0
393,13073,2253998,923.5,706.7,890.6,624.0,907.05,665.35,0
393,13074,2253999,923.3,706.6,890.3,623.9,906.8,665.25,0
393,13075,2254000,923.0,706.7,890.2,623.9,906.6,665.3,0
393,13076,2254001,922.8,706.8,890.4,624.0,906.6,665.4,0
393,13077,2254002,922.6,707.0,890.5,624.1,906.55,665.55,0
393,13078,2254003,922.5,707.3,890.7,624.4,906.6,665.85,0
393,13079,2254004,922.4,707.6,890.8,624.8,906.6,666.2,0
393,13080,2254005,922.3,707.7,890.8,625.1,906.55,666.4,0
393,13081,2254006,922.3,707.7,890.7,625.5,906.5,666.6,0
393,13082,2254007,922.4,707.7,890.6,625.8,906.5,666.75,0
393,13083,2254008,922.4,707.7,890.4,626.1,906.4,666.9,0
393,13084,2254009,922.5,707.7,890.3,626.4,906.4,667.05,0
393,13085,2254010,922.6,707.8,890.5,626.4,906.55,667.1,0
393,13086,2254011,922.6,707.9,890.8,626.5,906.7,667.2,0
393,13087,2254012,922.6,708.0,891.2,626.6,906.9,667.3,0
393,13088,2254013,922.5,708.1,891.6,626.7,907.05,667.4,0
393,13089,2254014,922.4,708.3,891.9,626.8,907.15,667.55,0
393,13090,2254015,922.4,708.3,892.0,626.8,907.2,667.55,0
393,13091,2254016,922.3,708.3,892.0,626.9,907.15,667.6,0
393,13092,2254017,922.1,708.3,891.8,627.0,906.95,667.65,0
393,13093,2254018,922.0,708.2,891.5,627.1,906.75,667.65,0
393,13094,2254019,921.9,708.2,891.1,627.1,906.5,667.65,0
393,13095,2254020,921.9,708.1,890.7,627.2,906.3,667.65,0
393,13096,2254021,921.9,708.1,890.4,627.3,906.15,667.7,0
393,13097,2254022,921.8,708.1,890.3,627.4,906.05,667.75,0
393,13098,2254023,921.7,708.1,890.0,627.5,905.85,667.8,0
393,13099,2254024,921.5,708.1,889.7,627.6,905.6,667.85,0
393,13100,2254025,921.3,708.1,889.4,627.7,905.35,667.9,0
394,13101,2254026,921.1,707.8,889.1,627.7,905.1,667.75,0
394,13102,2254027,921.0,707.5,888.8,627.8,904.9,667.65,0
394,13103,2254028,920.8,707.1,888.3,628.0,904.55,667.55,0
394,13104,2254029,920.7,706.7,887.8,628.1,904.25,667.4,0
394,13105,2254030,920.6,706.2,887.3,628.3,903.95,667.25,0
394,13106,2254031,920.6,705.8,886.9,628.4,903.75,667.1,0
394,13107,2254032,920.5,705.3,886.5,628.5,903.5,666.9,0
394,13108,2254033,920.7,705.2,885.6,628.7,903.15,666.95,0
394,13109,2254034,920.8,705.0,884.8,628.8,902.8,666.9,0
394,13110,2254035,921.0,704.8,884.2,628.8,902.6,666.8,0
394,13111,2254036,921.2,704.7,883.5,629.0,902.35,666.85,0
394,13112,2254037,921.4,704.5,883.0,629.1,902.2,666.8,0
394,13113,2254038,921.7,704.3,882.4,629.2,902.05,666.75,0
394,13114,2254039,922.0,704.1,881.6,629.3,901.8,666.7,0
394,13115,2254040,922.1,704.0,881.4,629.4,901.75,666.7,0
394,13116,2254041,922.2,703.9,881.2,629.6,901.7,666.75,0
394,13117,2254042,922.3,703.9,880.8,629.7,901.55,666.8,0
394,13118,2254043,922.2,703.8,880.3,629.9,901.25,666.85,0
394,13119,2254044,922.2,703.8,879.9,630.0,901.05,666.9,0
394,13120,2254045,922.0,703.8,879.4,630.1,900.7,666.95,0
394,13121,2254046,921.9,703.7,879.1,630.2,900.5,666.95,0
394,13122,2254047,921.6,703.7,878.9,630.3,900.25,667.0,0
394,13123,2254048,921.4,703.8,879.1,630.3,900.25,667.05,0
394,13124,2254049,921.3,703.9,879.4,630.3,900.35,667.1,0
394,13125,2254050,921.1,704.1,880.1,630.2,900.6,667.15,0
394,13126,2254051,921.0,704.3,881.0,630.2,901.0,667.25,0
394,13127,2254052,920.9,704.4,882.0,630.1,901.45,667.25,0
394,13128,2254053,920.6,704.6,883.0,630.0,901.8,667.3,0
394,13129,2254054,920.5,704.7,883.9,629.9,902.2,667.3,0
394,13130,2254055,920.4,704.8,884.3,629.8,902.35,667.3,0
394,13131,2254056,920.2,704.8,884.7,629.7,902.45,667.25,0
394,13132,2254057,920.1,704.8,884.9,629.5,902.5,667.15,0
394,13133,2254058,920.0,704.7,884.6,629.3,902.3,667.0,0
395,13134,2254059,919.8,704.7,884.3,629.1,902.05,666.9,0
395,13135,2254060,919.7,704.5,883.8,628.9,901.75,666.7,0
395,13136,2254061,919.6,704.3,883.5,628.8,901.55,666.55,0
395,13137,2254062,919.5,703.9,882.7,628.8,901.1,666.35,0
395,13138,2254063,919.4,703.5,881.9,628.9,900.65,666.2,0
395,13139,2254064,919.3,703.1,880.9,629.0,900.1,666.05,0
395,13140,2254065,919.1,702.7,880.1,629.1,899.6,665.9,0
395,13141,2254066,919.1,702.3,879.0,629.2,899.05,665.75,0
395,13142,2254067,919.0,702.0,877.9,629.3,898.45,665.65,0
395,13143,2254068,919.0,701.9,876.9,629.5,897.95,665.7,0
395,13144,2254069,919.0,701.9,876.6,629.7,897.8,665.8,0
395,13145,2254070,919.0,702.1,876.3,630.2,897.65,666.15,0
395,13146,2254071,919.0,702.4,876.2,630.5,897.6,666.45,0
395,13147,2254072,918.9,703.0,876.2,630.8,897.55,666.9,0
395,13148,2254073,918.8,703.5,876.4,630.8,897.6,667.15,0
395,13149,2254074,918.6,704.1,877.0,630.8,897.8,667.45,0
395,13150,2254075,918.4,704.5,877.9,630.7,898.15,667.6,0
395,13151,2254076,918.1,704.9,878.7,630.4,898.4,667.65,0
395,13152,2254077,917.8,705.2,879.4,630.0,898.6,667.6,0
395,13153,2254078,917.6,705.2,880.1,629.7,898.85,667.45,0
395,13154,2254079,917.5,705.0,880.9,629.4,899.2,667.2,0
395,13155,2254080,917.5,704.8,881.2,629.3,899.35,667.05,0
395,13156,2254081,917.4,704.6,881.1,629.2,899.25,666.9,0
395,13157,2254082,917.4,704.4,880.6,629.1,899.0,666.75,0
395,13158,2254083,917.5,704.6,880.0,629.0,898.75,666.8,0
395,13159,2254084,917.7,704.9,878.9,628.8,898.3,666.85,0
395,13160,2254085,917.8,705.4,877.8,628.6,897.8,667.0,0
395,13161,2254086,917.9,705.9,876.7,628.5,897.3,667.2,0
395,13162,2254087,917.8,706.5,876.0,628.7,896.9,667.6,0
395,13163,2254088,917.6,707.1,875.2,628.8,896.4,667.95,0
395,13164,2254089,917.4,707.7,874.4,629.1,895.9,668.4,0
395,13165,2254090,917.2,707.9,873.8,629.4,895.5,668.65,0
395,13166,2254091,916.9,708.1,873.6,629.9,895.25,669.0,0
396,13167,2254092,916.8,708.3,873.7,630.4,895.25,669.35,0
396,13168,2254093,916.7,709.0,873.8,630.9,895.25,669.95,0
396,13169,2254094,916.6,709.7,874.0,630.6,895.3,670.15,0
396,13170,2254095,916.7,710.2,874.2,630.2,895.45,670.2,0
396,13171,2254096,916.4,710.6,874.2,629.8,895.3,670.2,0
396,13172,2254097,916.1,710.9,874.2,629.3,895.15,670.1,0
396,13173,2254098,915.6,711.1,873.3,628.6,894.45,669.85,0
396,13174,2254099,914.2,711.3,871.7,627.8,892.95,669.55,0
396,13175,2254100,912.2,710.9,869.0,626.8,890.6,668.85,0
396,13176,2254101,909.8,710.6,865.5,625.6,887.65,668.1,0
396,13177,2254102,907.3,709.9,861.7,623.6,884.5,666.75,0
396,13178,2254103,904.2,709.5,857.7,621.8,880.95,665.65,0
396,13179,2254104,901.1,708.5,853.7,619.9,877.4,664.2,0
396,13180,2254105,897.6,707.4,850.7,618.0,874.15,662.7,0
396,13181,2254106,894.9,706.3,848.2,615.9,871.55,661.1,0
396,13182,2254107,892.6,705.0,846.9,613.6,869.75,659.3,0
396,13183,2254108,891.1,703.6,846.4,612.0,868.75,657.8,0
396,13184,2254109,890.3,702.6,846.3,610.8,868.3,656.7,0
396,13185,2254110,890.4,701.6,846.9,609.6,868.65,655.6,0
396,13186,2254111,890.7,701.1,847.7,608.5,869.2,654.8,0
396,13187,2254112,892.0,700.7,848.4,607.4,870.2,654.05,0
396,13188,2254113,893.6,700.3,849.1,606.7,871.35,653.5,0
396,13189,2254114,895.4,700.2,849.6,606.3,872.5,653.25,0
396,13190,2254115,896.9,700.1,850.1,606.1,873.5,653.1,0
396,13191,2254116,897.9,700.1,850.2,606.7,874.05,653.4,0
396,13192,2254117,898.9,700.4,850.0,607.3,874.45,653.85,0
396,13193,2254118,899.8,700.8,849.7,608.1,874.75,654.45,0
396,13194,2254119,900.3,701.2,849.3,608.9,874.8,655.05,0
396,13195,2254120,900.4,701.7,849.1,609.7,874.75,655.7,0
396,13196,2254121,900.3,702.3,848.9,610.5,874.6,656.4,0
396,13197,2254122,900.1,703.0,848.9,611.1,874.5,657.05,0
396,13198,2254123,899.9,703.6,849.5,611.3,874.7,657.45,0
396,13199,2254124,899.7,704.0,850.2,611.5,874.95,657.75,0
396,13200,2254125,899.4,704.4,850.8,611.4,875.1,657.9,0
397,13201,2254126,899.2,704.8,851.5,611.4,875.35,658.1,0
397,13202,2254127,899.0,705.3,852.1,611.4,875.55,658.35,0
397,13203,2254128,898.9,705.7,852.7,611.5,875.8,658.6,0
397,13204,2254129,898.9,706.1,853.0,611.5,875.95,658.8,0
397,13205,2254130,898.9,706.4,853.0,611.6,875.95,659.0,0
397,13206,2254131,898.9,706.8,852.6,611.6,875.75,659.2,0
397,13207,2254132,899.0,707.1,852.2,611.6,875.6,659.35,0
397,13208,2254133,899.1,707.5,851.8,611.5,875.45,659.5,0
397,13209,2254134,899.2,707.7,851.3,611.3,875.25,659.5,0
397,13210,2254135,899.3,707.9,850.6,611.0,874.95,659.45,0
397,13211,2254136,899.3,708.0,849.9,610.6,874.6,659.3,0
397,13212,2254137,899.3,708.1,849.2,610.3,874.25,659.2,0
397,13213,2254138,899.3,708.2,848.8,610.0,874.05,659.1,0
397,13214,2254139,899.3,708.3,848.4,609.8,873.85,659.05,0
397,13215,2254140,899.2,708.2,848.0,609.5,873.6,658.85,0
397,13216,2254141,899.1,708.0,847.7,609.2,873.4,658.6,0
397,13217,2254142,899.0,707.7,848.0,608.9,873.5,658.3,0
397,13218,2254143,898.9,707.5,848.5,608.8,873.7,658.15,0
397,13219,2254144,898.8,707.3,849.3,608.7,874.05,658.0,0
397,13220,2254145,898.7,706.9,850.1,608.5,874.4,657.7,0
397,13221,2254146,898.5,706.5,850.9,608.4,874.7,657.45,0
397,13222,2254147,898.4,706.2,851.6,608.5,875.0,657.35,0
397,13223,2254148,898.3,706.0,852.1,608.7,875.2,657.35,0
397,13224,2254149,898.3,705.7,851.8,608.9,875.05,657.3,0
397,13225,2254150,898.2,705.2,851.2,609.1,874.7,657.15,0
397,13226,2254151,898.2,704.8,850.3,609.3,874.25,657.05,0
397,13227,2254152,898.2,704.4,849.3,609.5,873.75,656.95,0
397,13228,2254153,898.2,704.2,848.4,609.6,873.3,656.9,0
397,13229,2254154,898.2,703.9,847.6,609.7,872.9,656.8,0
397,13230,2254155,898.3,703.6,847.0,609.7,872.65,656.65,0
397,13231,2254156,898.4,703.2,846.7,609.7,872.55,656.45,0
397,13232,2254157,898.4,703.0,846.7,609.5,872.55,656.25,0
397,13233,2254158,898.5,702.6,846.7,609.3,872.6,655.95,0
398,13234,2254159,898.5,702.1,846.7,609.1,872.6,655.6,0
398,13235,2254160,898.5,701.1,846.9,608.8,872.7,654.95,0
398,13236,2254161,898.4,700.2,847.0,608.5,872.7,654.35,0
398,13237,2254162,898.1,699.3,847.2,608.5,872.65,653.9,0
398,13238,2254163,897.8,698.5,847.4,608.5,872.6,653.5,0
398,13239,2254164,897.5,697.8,847.6,608.8,872.55,653.3,0
398,13240,2254165,897.3,697.1,847.7,609.6,872.5,653.35,0
398,13241,2254166,897.2,696.5,847.7,610.3,872.45,653.4,0
398,13242,2254167,897.1,696.4,847.5,611.2,872.3,653.8,0
398,13243,2254168,897.0,696.1,847.4,612.0,872.2,654.05,0
398,13244,2254169,897.2,695.8,847.3,612.7,872.25,654.25,0
398,13245,2254170,897.3,695.4,847.1,613.3,872.2,654.35,0
398,13246,2254171,897.5,695.0,846.9,613.8,872.2,654.4,0
398,13247,2254172,897.5,694.7,846.7,614.0,872.1,654.35,0
398,13248,2254173,897.6,694.2,846.6,614.0,872.1,654.1,0
398,13249,2254174,897.6,693.7,846.6,613.9,872.1,653.8,0
398,13250,2254175,897.5,693.4,846.5,613.6,872.0,653.5,0
398,13251,2254176,897.3,693.1,846.3,613.3,871.8,653.2,0
398,13252,2254177,897.1,692.8,846.0,613.0,871.55,652.9,0
398,13253,2254178,896.8,692.6,845.9,612.7,871.35,652.65,0
398,13254,2254179,896.6,692.4,845.7,612.5,871.15,652.45,0
398,13255,2254180,896.4,692.5,845.5,612.2,870.95,652.35,0
398,13256,2254181,896.3,692.6,845.3,612.2,870.8,652.4,0
398,13257,2254182,896.3,692.7,845.1,612.7,870.7,652.7,0
398,13258,2254183,896.5,692.9,845.1,613.3,870.8,653.1,0
398,13259,2254184,896.6,692.9,845.1,613.8,870.85,653.35,0
398,13260,2254185,896.6,692.9,845.2,614.5,870.9,653.7,0
398,13261,2254186,896.6,692.9,845.2,615.1,870.9,654.0,0
398,13262,2254187,896.5,692.8,845.2,615.8,870.85,654.3,0
398,13263,2254188,896.3,692.6,845.3,616.4,870.8,654.5,0
398,13264,2254189,896.0,692.4,845.5,616.3,870.75,654.35,0
398,13265,2254190,895.8,692.2,845.6,616.1,870.7,654.15,0
398,13266,2254191,895.6,692.1,846.0,615.8,870.8,653.95,0
399,13267,2254192,895.7,692.0,846.2,615.3,870.95,653.65,0
399,13268,2254193,895.7,691.7,846.5,614.7,871.1,653.2,0
399,13269,2254194,895.8,691.6,846.4,614.2,871.1,652.9,0
399,13270,2254195,895.8,691.4,846.3,613.8,871.05,652.6,0
399,13271,2254196,895.9,691.2,846.1,613.7,871.0,652.45,0
399,13272,2254197,895.9,691.1,845.9,613.7,870.9,652.4,0
399,13273,2254198,895.9,691.2,845.5,614.0,870.7,652.6,0
399,13274,2254199,895.9,691.3,845.1,614.3,870.5,652.8,0
399,13275,2254200,896.0,691.5,844.6,615.1,870.3,653.3,0
399,13276,2254201,896.1,691.7,844.4,615.9,870.25,653.8,0
399,13277,2254202,896.3,691.9,844.1,616.6,870.2,654.25,0
399,13278,2254203,896.4,692.1,844.1,617.4,870.25,654.75,0
399,13279,2254204,896.7,692.2,844.2,618.2,870.45,655.2,0
399,13280,2254205,896.9,692.1,844.3,618.7,870.6,655.4,0
399,13281,2254206,897.1,692.0,844.5,619.1,870.8,655.55,0
399,13282,2254207,897.1,691.9,845.0,618.8,871.05,655.35,0
399,13283,2254208,897.2,691.7,845.5,618.4,871.35,655.05,0
399,13284,2254209,897.2,691.6,845.9,618.0,871.55,654.8,0
399,13285,2254210,897.2,691.7,846.3,617.3,871.75,654.5,0
399,13286,2254211,897.2,691.7,846.6,616.7,871.9,654.2,0
399,13287,2254212,897.2,691.8,846.9,616.2,872.05,654.0,0
399,13288,2254213,897.2,692.0,847.1,615.8,872.15,653.9,0
399,13289,2254214,897.0,692.2,847.1,615.6,872.05,653.9,0
399,13290,2254215,896.9,692.3,847.1,615.5,872.0,653.9,0
399,13291,2254216,896.8,692.4,846.9,615.5,871.85,653.95,0
399,13292,2254217,896.6,692.3,846.7,615.5,871.65,653.9,0
399,13293,2254218,896.5,692.2,846.4,615.6,871.45,653.9,0
399,13294,2254219,896.3,692.0,846.0,615.6,871.15,653.8,0
399,13295,2254220,896.2,691.7,845.6,615.7,870.9,653.7,0
399,13296,2254221,896.1,691.5,845.2,615.5,870.65,653.5,0
399,13297,2254222,896.1,691.3,845.2,615.3,870.65,653.3,0
399,13298,2254223,896.2,691.0,845.3,615.0,870.75,653.0,0
399,13299,2254224,896.4,690.8,845.4,614.7,870.9,652.75,0
399,13300,2254225,896.6,690.6,846.0,614.5,871.3,652.55,0
400,13301,2254226,896.7,690.5,846.6,614.1,871.65,652.3,0
400,13302,2254227,896.9,690.5,847.3,613.8,872.1,652.15,0
400,13303,2254228,896.9,690.6,848.0,613.8,872.45,652.2,0
400,13304,2254229,897.0,690.7,848.4,613.7,872.7,652.2,0
400,13305,2254230,897.0,690.9,848.8,613.7,872.9,652.3,0
400,13306,2254231,896.8,691.0,849.1,613.7,872.95,652.35,0
400,13307,2254232,896.6,691.2,849.1,613.8,872.85,652.5,0
400,13308,2254233,896.4,691.3,848.9,613.8,872.65,652.55,0
400,13309,2254234,896.2,691.3,848.7,613.8,872.45,652.55,0
400,13310,2254235,896.2,691.2,848.4,613.8,872.3,652.5,0
400,13311,2254236,896.2,691.3,848.2,613.9,872.2,652.6,0
400,13312,2254237,896.2,691.4,847.8,613.9,872.0,652.65,0
400,13313,2254238,896.3,691.5,847.5,613.7,871.9,652.6,0
400,13314,2254239,896.3,691.6,847.2,613.6,871.75,652.6,0
400,13315,2254240,896.4,691.8,847.0,613.3,871.7,652.55,0
400,13316,2254241,896.4,691.9,847.3,612.8,871.85,652.35,0
400,13317,2254242,896.5,691.9,847.8,612.4,872.15,652.15,0
400,13318,2254243,896.5,691.8,848.3,611.7,872.4,651.75,0
400,13319,2254244,896.6,691.7,849.1,611.1,872.85,651.4,0
400,13320,2254245,896.6,691.6,850.0,610.7,873.3,651.15,0
400,13321,2254246,896.8,691.5,850.8,610.3,873.8,650.9,0
400,13322,2254247,897.0,691.5,851.6,610.0,874.3,650.75,0
400,13323,2254248,897.2,691.4,851.8,609.8,874.5,650.6,0
400,13324,2254249,897.4,691.4,851.9,609.7,874.65,650.55,0
400,13325,2254250,897.4,691.4,851.7,609.7,874.55,650.55,0
400,13326,2254251,897.4,691.4,851.3,609.6,874.35,650.5,0
400,13327,2254252,897.4,691.4,851.0,609.6,874.2,650.5,0
400,13328,2254253,897.2,691.3,850.6,609.4,873.9,650.35,0
400,13329,2254254,897.0,691.3,850.3,609.1,873.65,650.2,0
400,13330,2254255,896.7,691.3,850.0,608.9,873.35,650.1,0
400,13331,2254256,896.4,691.2,849.8,608.7,873.1,649.95,0
400,13332,2254257,896.2,691.1,849.9,608.5,873.05,649.8,0
400,13333,2254258,896.0,691.1,850.0,608.3,873.0,649.7,0
401,13334,2254259,895.9,691.2,850.2,608.0,873.05,649.6,0
401,13335,2254260,896.0,691.2,850.4,607.7,873.2,649.45,0
401,13336,2254261,896.1,691.2,850.7,607.4,873.4,649.3,0
401,13337,2254262,896.4,691.2,850.9,607.0,873.65,649.1,0
401,13338,2254263,896.7,691.3,851.2,606.6,873.95,648.95,0
401,13339,2254264,896.9,691.2,851.4,606.1,874.15,648.65,0
401,13340,2254265,897.0,691.2,851.5,605.5,874.25,648.35,0
401,13341,2254266,896.7,691.1,851.5,604.9,874.1,648.0,0
401,13342,2254267,896.3,691.1,851.5,604.5,873.9,647.8,0
401,13343,2254268,896.0,691.0,851.5,604.3,873.75,647.65,0
401,13344,2254269,895.7,691.0,851.4,604.2,873.55,647.6,0
401,13345,2254270,895.6,691.0,851.4,604.2,873.5,647.6,0
401,13346,2254271,895.5,691.0,851.4,604.2,873.45,647.6,0
401,13347,2254272,895.4,690.9,851.5,604.3,873.45,647.6,0
401,13348,2254273,895.7,690.6,851.7,604.5,873.7,647.55,0
401,13349,2254274,896.0,690.3,851.8,604.6,873.9,647.45,0
401,13350,2254275,896.3,690.0,851.9,604.0,874.1,647.0,0
401,13351,2254276,896.5,689.7,852.0,603.4,874.25,646.55,0
401,13352,2254277,896.5,689.6,852.1,602.6,874.3,646.1,0
401,13353,2254278,896.5,689.7,852.2,601.8,874.35,645.75,0
401,13354,2254279,896.6,689.7,852.2,601.0,874.4,645.35,0
401,13355,2254280,896.5,690.0,852.2,600.2,874.35,645.1,0
401,13356,2254281,896.5,690.2,852.2,599.7,874.35,644.95,0
401,13357,2254282,896.5,690.4,852.3,599.6,874.4,645.0,0
401,13358,2254283,896.5,690.5,852.3,599.6,874.4,645.05,0
401,13359,2254284,896.4,690.3,852.4,599.8,874.4,645.05,0
401,13360,2254285,896.4,689.9,852.5,600.0,874.45,644.95,0
401,13361,2254286,896.3,689.3,852.5,600.2,874.4,644.75,0
401,13362,2254287,896.3,688.7,852.6,600.1,874.45,644.4,0
401,13363,2254288,896.2,688.2,852.6,599.9,874.4,644.05,0
401,13364,2254289,896.1,687.7,852.7,599.6,874.4,643.65,0
401,13365,2254290,896.1,687.3,852.7,599.4,874.4,643.35,0
401,13366,2254291,896.2,687.1,852.7,599.1,874.45,643.1,0
402,13367,2254292,896.2,687.0,852.7,598.8,874.45,642.9,0
402,13368,2254293,896.3,687.2,852.7,598.7,874.5,642.95,0
402,13369,2254294,896.5,687.5,852.0,598.8,874.25,643.15,0
402,13370,2254295,896.6,688.0,851.3,598.9,873.95,643.45,0
402,13371,2254296,896.7,688.5,850.6,599.0,873.65,643.75,0
402,13372,2254297,896.8,689.0,850.1,599.1,873.45,644.05,0
402,13373,2254298,896.8,689.4,849.9,599.2,873.35,644.3,0
402,13374,2254299,896.8,689.8,849.8,599.2,873.3,644.5,0
402,13375,2254300,896.8,690.2,849.8,599.1,873.3,644.65,0
402,13376,2254301,896.6,690.4,850.4,599.1,873.5,644.75,0
402,13377,2254302,896.2,690.5,851.0,599.0,873.6,644.75,0
402,13378,2254303,895.8,690.5,851.5,598.6,873.65,644.55,0
402,13379,2254304,895.4,690.5,851.9,598.3,873.65,644.4,0
402,13380,2254305,895.0,690.8,851.9,598.0,873.45,644.4,0
402,13381,2254306,894.7,691.1,852.0,597.7,873.35,644.4,0
402,13382,2254307,894.3,691.5,852.1,597.5,873.2,644.5,0
402,13383,2254308,894.4,692.0,852.2,597.3,873.3,644.65,0
402,13384,2254309,894.8,692.5,852.3,597.1,873.55,644.8,0
402,13385,2254310,895.3,693.1,852.5,597.1,873.9,645.1,0
402,13386,2254311,895.8,693.6,852.7,597.1,874.25,645.35,0
402,13387,2254312,895.8,694.2,853.0,597.0,874.4,645.6,0
402,13388,2254313,895.8,694.8,853.3,596.8,874.55,645.8,0
402,13389,2254314,895.7,695.3,853.5,596.6,874.6,645.95,0
402,13390,2254315,895.4,696.0,853.7,596.5,874.55,646.25,0
402,13391,2254316,894.8,696.4,854.0,596.3,874.4,646.35,0
402,13392,2254317,894.3,696.9,854.2,596.1,874.25,646.5,0
402,13393,2254318,893.8,697.5,854.4,596.0,874.1,646.75,0
402,13394,2254319,893.7,697.9,854.6,596.0,874.15,646.95,0
402,13395,2254320,893.7,698.8,854.8,596.3,874.25,647.55,0
402,13396,2254321,893.7,699.7,855.2,596.6,874.45,648.15,0
402,13397,2254322,893.6,700.6,855.7,596.8,874.65,648.7,0
402,13398,2254323,893.4,701.5,856.6,596.9,875.0,649.2,0
402,13399,2254324,893.3,702.3,857.5,596.7,875.4,649.5,0
402,13400,2254325,892.7,703.0,858.4,596.4,875.55,649.7,0
403,13401,2254326,892.2,703.5,859.3,596.1,875.75,649.8,0
403,13402,2254327,891.6,703.5,860.1,595.5,875.85,649.5,0
403,13403,2254328,891.0,703.7,860.7,595.0,875.85,649.35,0
403,13404,2254329,890.6,703.8,861.2,594.7,875.9,649.25,0
403,13405,2254330,890.2,704.1,861.2,595.2,875.7,649.65,0
403,13406,2254331,889.8,704.8,861.2,596.1,875.5,650.45,0
403,13407,2254332,889.8,705.6,861.1,597.1,875.45,651.35,0
403,13408,2254333,889.9,706.4,861.0,598.1,875.45,652.25,0
403,13409,2254334,889.9,707.1,860.9,599.0,875.4,653.05,0
403,13410,2254335,889.9,707.6,860.6,599.8,875.25,653.7,0
403,13411,2254336,889.9,708.0,860.2,600.5,875.05,654.25,0
403,13412,2254337,889.9,708.3,859.8,600.9,874.85,654.6,0
403,13413,2254338,889.9,708.2,859.2,602.0,874.55,655.1,0
403,13414,2254339,889.9,708.0,858.7,603.1,874.3,655.55,0
403,13415,2254340,889.8,707.7,858.2,604.3,874.0,656.0,0
403,13416,2254341,889.8,707.1,857.4,605.8,873.6,656.45,0
403,13417,2254342,889.8,706.5,856.8,607.7,873.3,657.1,0
403,13418,2254343,889.8,706.0,856.3,609.9,873.05,657.95,0
403,13419,2254344,889.8,705.6,855.5,612.0,872.65,658.8,0
403,13420,2254345,889.8,705.1,854.6,614.0,872.2,659.55,0
403,13421,2254346,889.9,704.7,853.7,616.1,871.8,660.4,0
403,13422,2254347,890.0,704.4,852.7,618.7,871.35,661.55,0
403,13423,2254348,890.2,704.6,851.8,621.2,871.0,662.9,0
403,13424,2254349,890.4,704.8,850.8,623.8,870.6,664.3,0
403,13425,2254350,890.7,705.1,849.8,626.6,870.25,665.85,0
403,13426,2254351,891.0,705.2,849.1,629.4,870.05,667.3,0
403,13427,2254352,891.2,705.8,848.3,632.1,869.75,668.95,0
403,13428,2254353,891.2,706.6,846.8,635.4,869.0,671.0,0
403,13429,2254354,891.2,707.9,845.3,638.9,868.25,673.4,0
403,13430,2254355,891.2,709.2,843.8,642.5,867.5,675.85,0
403,13431,2254356,891.0,710.7,842.3,645.7,866.65,678.2,0
403,13432,2254357,890.8,712.3,840.7,648.2,865.75,680.25,0
403,13433,2254358,890.7,714.0,838.8,650.5,864.75,682.25,0
404,13434,2254359,890.5,715.3,836.4,651.9,863.45,683.6,0
404,13435,2254360,890.8,716.6,834.8,652.1,862.8,684.35,0
404,13436,2254361,891.2,717.5,833.2,651.6,862.2,684.55,0
404,13437,2254362,891.7,718.3,831.4,650.8,861.55,684.55,0
404,13438,2254363,892.6,718.8,829.8,649.9,861.2,684.35,0
404,13439,2254364,893.6,719.3,828.5,648.8,861.05,684.05,0
404,13440,2254365,894.9,719.6,827.8,648.0,861.35,683.8,0
404,13441,2254366,896.1,719.9,828.6,652.6,862.35,686.25,0
404,13442,2254367,897.5,723.3,830.6,663.2,864.05,693.25,0
404,13443,2254368,899.2,727.1,832.3,680.7,865.75,703.9,0
404,13444,2254369,901.1,733.9,834.0,705.1,867.55,719.5,0
404,13445,2254370,901.8,747.0,834.8,738.6,868.3,742.8,0
404,13446,2254371,901.2,769.6,834.3,790.2,867.75,779.9,0
404,13447,2254372,897.2,808.8,832.4,850.1,864.8,829.45,0
404,13448,2254373,892.0,853.6,828.2,911.2,860.1,882.4,0
404,13449,2254374,884.8,901.2,821.8,966.5,853.3,933.85,0
404,13450,2254375,875.3,954.8,811.0,1033.2,843.15,994.0,0
404,13451,2254376,861.9,1012.0,799.7,1092.3,830.8,1052.15,0
404,13452,2254377,846.8,1072.5,843.6,1156.6,845.2,1114.55,0
404,13453,2254378,822.6,1131.1,947.9,1208.4,885.25,1169.75,0
404,13454,2254379,749.0,1189.5,1283.4,1288.1,1016.2,1238.8,0
404,13455,2254380,668.5,1249.5,1620.5,1333.4,1144.5,1291.45,0
404,13456,2254381,312.0,1333.7,1962.7,1341.9,1137.35,1337.8,0
404,13457,2254382,-102.6,1436.2,2327.1,1273.2,1112.25,1354.7,0
404,13458,2254383,-605.3,1566.6,2664.5,1118.1,1029.6,1342.35,0
404,13459,2254384,NaN,NaN,2924.4,911.8,2924.4,911.8,0
404,13460,2254385,NaN,NaN,3101.5,706.3,3101.5,706.3,0
404,13461,2254386,NaN,NaN,3148.3,667.9,3148.3,667.9,0
404,13462,2254387,NaN,NaN,3210.3,609.6,3210.3,609.6,0
404,13463,2254388,NaN,NaN,3267.2,536.4,3267.2,536.4,0
404,13464,2254389,NaN,NaN,3267.6,535.9,3267.6,535.9,0
404,13465,2254390,NaN,NaN,3267.7,535.7,3267.7,535.7,0
404,13466,2254391,NaN,NaN,NaN,NaN,NaN,NaN,0
405,13467,2254392,NaN,NaN,NaN,NaN,NaN,NaN,0
405,13468,2254393,NaN,NaN,NaN,NaN,NaN,NaN,0
405,13469,2254394,NaN,NaN,NaN,NaN,NaN,NaN,0
405,13470,2254395,NaN,NaN,NaN,NaN,NaN,NaN,0
405,13471,2254396,NaN,NaN,NaN,NaN,NaN,NaN,0
405,13472,2254397,NaN,NaN,NaN,NaN,NaN,NaN,0
405,13473,2254398,NaN,NaN,NaN,NaN,NaN,NaN,0
405,13474,2254399,NaN,NaN,NaN,NaN,NaN,NaN,0
405,13475,2254400,NaN,NaN,NaN,NaN,NaN,NaN,0
405,13476,2254401,NaN,NaN,NaN,NaN,NaN,NaN,0
405,13477,2254402,NaN,NaN,NaN,NaN,NaN,NaN,0
405,13478,2254403,NaN,NaN,NaN,NaN,NaN,NaN,0
405,13479,2254404,NaN,NaN,NaN,NaN,NaN,NaN,0
405,13480,2254405,NaN,NaN,NaN,NaN,NaN,NaN,0
405,13481,2254406,NaN,NaN,NaN,NaN,NaN,NaN,0
405,13482,2254407,NaN,NaN,NaN,NaN,NaN,NaN,0
405,13483,2254408,NaN,NaN,NaN,NaN,NaN,NaN,0
405,13484,2254409,NaN,NaN,NaN,NaN,NaN,NaN,0
405,13485,2254410,NaN,NaN,NaN,NaN,NaN,NaN,0
405,13486,2254411,NaN,NaN,NaN,NaN,NaN,NaN,0
405,13487,2254412,NaN,NaN,NaN,NaN,NaN,NaN,0
405,13488,2254413,NaN,NaN,NaN,NaN,NaN,NaN,0
405,13489,2254414,NaN,NaN,NaN,NaN,NaN,NaN,0
405,13490,2254415,NaN,NaN,NaN,NaN,NaN,NaN,0
405,13491,2254416,NaN,NaN,NaN,NaN,NaN,NaN,0
405,13492,2254417,NaN,NaN,NaN,NaN,NaN,NaN,0
405,13493,2254418,NaN,NaN,NaN,NaN,NaN,NaN,0
405,13494,2254419,NaN,NaN,NaN,NaN,NaN,NaN,0
405,13495,2254420,NaN,NaN,NaN,NaN,NaN,NaN,0
405,13496,2254421,NaN,NaN,NaN,NaN,NaN,NaN,0
405,13497,2254422,NaN,NaN,NaN,NaN,NaN,NaN,0
405,13498,2254423,NaN,NaN,NaN,NaN,NaN,NaN,0
405,13499,2254424,NaN,NaN,NaN,NaN,NaN,NaN,0
405,13500,2254425,NaN,NaN,NaN,NaN,NaN,NaN,0
406,13501,2254426,NaN,NaN,NaN,NaN,NaN,NaN,0
406,13502,2254427,NaN,NaN,NaN,NaN,NaN,NaN,0
406,13503,2254428,NaN,NaN,NaN,NaN,NaN,NaN,0
406,13504,2254429,NaN,NaN,NaN,NaN,NaN,NaN,0
406,13505,2254430,NaN,NaN,NaN,NaN,NaN,NaN,0
406,13506,2254431,NaN,NaN,NaN,NaN,NaN,NaN,0
406,13507,2254432,NaN,NaN,NaN,NaN,NaN,NaN,0
406,13508,2254433,NaN,NaN,NaN,NaN,NaN,NaN,0
406,13509,2254434,NaN,NaN,NaN,NaN,NaN,NaN,0
406,13510,2254435,NaN,NaN,NaN,NaN,NaN,NaN,0
406,13511,2254436,NaN,NaN,NaN,NaN,NaN,NaN,0
406,13512,2254437,NaN,NaN,NaN,NaN,NaN,NaN,0
406,13513,2254438,NaN,NaN,NaN,NaN,NaN,NaN,0
406,13514,2254439,-663.2,1515.1,NaN,NaN,-663.2,1515.1,0
406,13515,2254440,41.7,1359.2,NaN,NaN,41.7,1359.2,0
406,13516,2254441,610.3,1217.7,NaN,NaN,610.3,1217.7,0
406,13517,2254442,654.3,1190.6,NaN,NaN,654.3,1190.6,0
406,13518,2254443,696.4,1164.5,NaN,NaN,696.4,1164.5,0
406,13519,2254444,737.3,1136.5,NaN,NaN,737.3,1136.5,0
406,13520,2254445,752.7,1113.4,NaN,NaN,752.7,1113.4,0
406,13521,2254446,768.0,1088.9,NaN,NaN,768.0,1088.9,0
406,13522,2254447,781.1,1064.1,2881.9,-499.5,1831.5,282.3,0
406,13523,2254448,792.6,1039.1,2886.7,-40.5,1839.65,499.3,0
406,13524,2254449,800.3,1015.7,2818.1,335.1,1809.2,675.4,0
406,13525,2254450,807.3,993.0,2551.5,817.4,1679.4,905.2,0
406,13526,2254451,813.7,970.4,2093.4,1025.2,1453.55,997.8,0
406,13527,2254452,817.9,948.5,1503.0,1005.7,1160.45,977.1,0
406,13528,2254453,822.7,929.3,855.5,850.6,839.1,889.95,0
406,13529,2254454,829.2,899.6,851.4,838.7,840.3,869.15,0
406,13530,2254455,835.7,872.1,847.3,826.0,841.5,849.05,0
406,13531,2254456,845.1,839.6,844.2,800.5,844.65,820.05,0
406,13532,2254457,853.8,809.9,841.8,764.6,847.8,787.25,0
406,13533,2254458,862.1,782.0,839.5,724.3,850.8,753.15,0
407,13534,2254459,868.2,751.9,841.5,691.4,854.85,721.65,0
407,13535,2254460,872.6,721.0,843.5,658.5,858.05,689.75,0
407,13536,2254461,875.2,701.3,845.6,621.1,860.4,661.2,0
407,13537,2254462,876.8,683.0,847.8,582.6,862.3,632.8,0
407,13538,2254463,875.2,669.5,849.4,555.3,862.3,612.4,0
407,13539,2254464,873.7,656.3,850.8,537.9,862.25,597.1,0
407,13540,2254465,872.1,639.6,852.0,524.7,862.05,582.15,0
407,13541,2254466,870.9,628.4,853.1,507.0,862.0,567.7,0
407,13542,2254467,869.3,620.1,854.1,487.2,861.7,553.65,0
407,13543,2254468,868.2,612.8,854.8,476.2,861.5,544.5,0
407,13544,2254469,867.3,603.6,854.8,463.5,861.05,533.55,0
407,13545,2254470,866.7,596.6,854.3,451.6,860.5,524.1,0
407,13546,2254471,866.1,589.6,853.5,439.9,859.8,514.75,0
407,13547,2254472,865.5,586.9,852.4,427.1,858.95,507.0,0
407,13548,2254473,864.9,583.9,851.1,418.5,858.0,501.2,0
407,13549,2254474,864.7,580.1,849.7,412.1,857.2,496.1,0
407,13550,2254475,864.4,576.5,847.7,405.3,856.05,490.9,0
407,13551,2254476,864.1,574.7,845.8,402.2,854.95,488.45,0
407,13552,2254477,863.7,573.0,844.2,399.9,853.95,486.45,0
407,13553,2254478,863.1,571.3,842.3,397.6,852.7,484.45,0
407,13554,2254479,862.5,569.8,840.4,396.5,851.45,483.15,0
407,13555,2254480,861.9,568.6,838.5,395.3,850.2,481.95,0
407,13556,2254481,861.1,568.5,836.6,394.0,848.85,481.25,0
407,13557,2254482,860.3,568.3,835.2,393.1,847.75,480.7,0
407,13558,2254483,859.6,568.2,834.0,392.2,846.8,480.2,0
407,13559,2254484,858.9,568.1,832.5,390.9,845.7,479.5,0
407,13560,2254485,858.6,568.0,831.3,389.6,844.95,478.8,0
407,13561,2254486,858.1,567.9,830.5,388.6,844.3,478.25,0
407,13562,2254487,857.9,567.8,829.6,387.8,843.75,477.8,0
407,13563,2254488,857.6,567.7,828.8,387.6,843.2,477.65,0
407,13564,2254489,857.4,568.0,828.1,387.3,842.75,477.65,0
407,13565,2254490,857.1,568.2,827.7,387.0,842.4,477.6,0
407,13566,2254491,856.8,568.6,827.6,387.5,842.2,478.05,0
408,13567,2254492,856.3,568.9,827.4,388.0,841.85,478.45,0
408,13568,2254493,856.0,569.1,827.0,388.6,841.5,478.85,0
408,13569,2254494,855.6,569.6,826.6,389.5,841.1,479.55,0
408,13570,2254495,855.4,570.1,826.2,390.9,840.8,480.5,0
408,13571,2254496,855.3,570.7,825.8,392.3,840.55,481.5,0
408,13572,2254497,855.3,571.3,825.5,393.7,840.4,482.5,0
408,13573,2254498,855.5,571.9,825.2,394.6,840.35,483.25,0
408,13574,2254499,855.9,572.5,825.4,395.6,840.65,484.05,0
408,13575,2254500,856.3,573.2,825.7,396.0,841.0,484.6,0
408,13576,2254501,857.1,573.8,826.1,396.1,841.6,484.95,0
408,13577,2254502,857.9,574.4,826.5,395.5,842.2,484.95,0
408,13578,2254503,858.8,574.7,826.8,395.0,842.8,484.85,0
408,13579,2254504,859.5,575.1,827.0,394.4,843.25,484.75,0
408,13580,2254505,860.1,575.4,827.1,393.4,843.6,484.4,0
408,13581,2254506,860.7,575.8,827.0,392.5,843.85,484.15,0
408,13582,2254507,861.3,576.2,826.9,392.1,844.1,484.15,0
408,13583,2254508,861.5,576.6,827.1,391.8,844.3,484.2,0
408,13584,2254509,861.8,577.0,827.3,391.4,844.55,484.2,0
408,13585,2254510,861.9,577.2,827.6,391.1,844.75,484.15,0
408,13586,2254511,862.1,577.3,828.1,390.8,845.1,484.05,0
408,13587,2254512,862.1,577.5,828.9,390.8,845.5,484.15,0
408,13588,2254513,862.2,577.5,829.7,390.7,845.95,484.1,0
408,13589,2254514,862.2,577.6,830.4,390.7,846.3,484.15,0
408,13590,2254515,862.1,577.6,830.8,390.5,846.45,484.05,0
408,13591,2254516,862.0,577.5,831.2,390.4,846.6,483.95,0
408,13592,2254517,861.9,577.5,831.6,390.3,846.75,483.9,0
408,13593,2254518,861.7,577.5,831.9,390.3,846.8,483.9,0
408,13594,2254519,861.5,577.5,831.8,390.2,846.65,483.85,0
408,13595,2254520,861.4,577.6,832.0,390.2,846.7,483.9,0
408,13596,2254521,861.3,577.6,832.2,390.2,846.75,483.9,0
408,13597,2254522,861.1,577.6,832.4,390.1,846.75,483.85,0
408,13598,2254523,861.0,577.6,832.6,389.5,846.8,483.55,0
408,13599,2254524,860.9,577.7,832.8,388.9,846.85,483.3,0
408,13600,2254525,860.9,577.9,833.0,388.3,846.95,483.1,0
409,13601,2254526,860.8,578.0,833.1,387.8,846.95,482.9,0
409,13602,2254527,860.7,578.1,832.9,387.3,846.8,482.7,0
409,13603,2254528,860.6,578.2,832.6,386.8,846.6,482.5,0
409,13604,2254529,860.5,578.3,832.3,386.3,846.4,482.3,0
409,13605,2254530,860.5,578.3,831.9,386.2,846.2,482.25,0
409,13606,2254531,860.4,578.5,831.4,386.1,845.9,482.3,0
409,13607,2254532,860.2,578.6,830.9,386.0,845.55,482.3,0
409,13608,2254533,860.1,578.6,830.5,385.7,845.3,482.15,0
409,13609,2254534,859.9,578.7,830.0,385.4,844.95,482.05,0
409,13610,2254535,859.8,578.8,829.7,384.9,844.75,481.85,0
409,13611,2254536,859.7,578.9,829.4,384.4,844.55,481.65,0
409,13612,2254537,859.6,578.9,829.0,383.9,844.3,481.4,0
409,13613,2254538,859.5,578.9,828.9,383.4,844.2,481.15,0
409,13614,2254539,859.5,578.8,828.3,382.3,843.9,480.55,0
409,13615,2254540,859.5,578.7,827.8,381.0,843.65,479.85,0
409,13616,2254541,859.5,578.5,827.3,379.7,843.4,479.1,0
409,13617,2254542,859.6,578.1,826.8,378.6,843.2,478.35,0
409,13618,2254543,859.8,577.7,826.4,377.6,843.1,477.65,0
409,13619,2254544,859.9,577.3,826.0,376.6,842.95,476.95,0
409,13620,2254545,860.0,576.9,825.7,375.6,842.85,476.25,0
409,13621,2254546,860.2,576.5,825.6,375.3,842.9,475.9,0
409,13622,2254547,860.3,576.1,825.6,375.3,842.95,475.7,0
409,13623,2254548,860.3,575.6,825.4,375.1,842.85,475.35,0
409,13624,2254549,860.2,575.4,825.2,374.8,842.7,475.1,0
409,13625,2254550,860.1,575.2,824.8,374.4,842.45,474.8,0
409,13626,2254551,859.8,574.9,824.5,374.0,842.15,474.45,0
409,13627,2254552,859.4,574.7,824.2,373.4,841.8,474.05,0
409,13628,2254553,859.1,574.4,823.9,372.7,841.5,473.55,0
409,13629,2254554,858.8,574.2,823.6,372.1,841.2,473.15,0
409,13630,2254555,858.5,574.1,823.4,371.5,840.95,472.8,0
409,13631,2254556,858.3,573.9,823.3,371.1,840.8,472.5,0
409,13632,2254557,858.0,573.8,823.2,370.5,840.6,472.15,0
409,13633,2254558,857.9,573.6,823.1,369.8,840.5,471.7,0
410,13634,2254559,857.9,573.4,823.1,369.4,840.5,471.4,0
410,13635,2254560,857.9,573.2,823.0,368.9,840.45,471.05,0
410,13636,2254561,857.9,573.0,823.0,368.5,840.45,470.75,0
410,13637,2254562,858.0,572.8,823.1,367.9,840.55,470.35,0
410,13638,2254563,858.0,572.7,823.1,367.1,840.55,469.9,0
410,13639,2254564,858.1,572.6,823.1,366.5,840.6,469.55,0
410,13640,2254565,858.2,572.6,823.1,366.0,840.65,469.3,0
410,13641,2254566,858.3,572.6,823.1,365.4,840.7,469.0,0
410,13642,2254567,858.3,572.5,823.0,364.9,840.65,468.7,0
410,13643,2254568,858.4,572.5,823.0,364.4,840.7,468.45,0
410,13644,2254569,858.5,572.3,823.0,364.2,840.75,468.25,0
410,13645,2254570,858.5,572.1,822.9,364.0,840.7,468.05,0
410,13646,2254571,858.6,571.8,822.9,363.8,840.75,467.8,0
410,13647,2254572,858.7,571.5,822.8,363.6,840.75,467.55,0
410,13648,2254573,858.7,571.0,822.7,363.5,840.7,467.25,0
410,13649,2254574,858.7,570.5,822.7,363.2,840.7,466.85,0
410,13650,2254575,858.7,570.0,822.7,363.0,840.7,466.5,0
410,13651,2254576,858.7,569.6,822.7,362.8,840.7,466.2,0
410,13652,2254577,858.8,569.1,822.7,362.8,840.75,465.95,0
410,13653,2254578,859.0,568.6,822.9,362.8,840.95,465.7,0
410,13654,2254579,859.1,568.2,823.1,362.7,841.1,465.45,0
410,13655,2254580,859.2,568.0,823.4,362.6,841.3,465.3,0
410,13656,2254581,859.3,567.7,823.6,362.5,841.45,465.1,0
410,13657,2254582,859.4,567.4,824.1,362.5,841.75,464.95,0
410,13658,2254583,859.5,567.1,824.4,362.4,841.95,464.75,0
410,13659,2254584,859.6,566.7,824.8,362.4,842.2,464.55,0
410,13660,2254585,859.7,566.1,825.2,362.6,842.45,464.35,0
410,13661,2254586,859.9,565.5,825.4,362.8,842.65,464.15,0
410,13662,2254587,860.0,564.9,825.6,363.1,842.8,464.0,0
410,13663,2254588,860.2,564.3,825.7,363.4,842.95,463.85,0
410,13664,2254589,860.3,564.0,825.6,363.9,842.95,463.95,0
410,13665,2254590,860.4,563.6,825.5,364.3,842.95,463.95,0
410,13666,2254591,860.3,563.2,825.5,364.6,842.9,463.9,0
411,13667,2254592,860.1,563.2,825.4,364.9,842.75,464.05,0
411,13668,2254593,859.9,563.1,825.5,365.3,842.7,464.2,0
411,13669,2254594,859.8,562.7,825.6,365.6,842.7,464.15,0
411,13670,2254595,859.6,562.2,825.8,365.9,842.7,464.05,0
411,13671,2254596,859.5,561.8,826.1,366.2,842.8,464.0,0
411,13672,2254597,859.6,561.3,826.4,366.7,843.0,464.0,0
411,13673,2254598,859.7,560.9,826.7,367.4,843.2,464.15,0
411,13674,2254599,859.8,560.3,827.1,368.2,843.45,464.25,0
411,13675,2254600,860.2,559.7,827.4,369.0,843.8,464.35,0
411,13676,2254601,860.5,559.5,827.7,370.1,844.1,464.8,0
411,13677,2254602,860.9,559.3,828.1,371.2,844.5,465.25,0
411,13678,2254603,861.2,559.0,828.4,372.3,844.8,465.65,0
411,13679,2254604,861.4,558.8,828.7,373.2,845.05,466.0,0
411,13680,2254605,861.4,558.7,829.0,374.1,845.2,466.4,0
411,13681,2254606,861.4,558.8,829.1,375.0,845.25,466.9,0
411,13682,2254607,861.3,558.8,829.2,376.0,845.25,467.4,0
411,13683,2254608,861.2,558.9,829.4,376.6,845.3,467.75,0
411,13684,2254609,861.2,559.1,829.5,377.2,845.35,468.15,0
411,13685,2254610,861.2,559.6,829.7,377.9,845.45,468.75,0
411,13686,2254611,861.2,560.1,829.7,378.8,845.45,469.45,0
411,13687,2254612,861.4,560.5,829.8,379.5,845.6,470.0,0
411,13688,2254613,861.7,561.0,829.9,380.3,845.8,470.65,0
411,13689,2254614,861.9,561.4,829.9,381.0,845.9,471.2,0
411,13690,2254615,862.1,561.6,830.0,381.7,846.05,471.65,0
411,13691,2254616,862.2,561.7,830.1,382.4,846.15,472.05,0
411,13692,2254617,862.4,561.5,830.2,383.2,846.3,472.35,0
411,13693,2254618,862.5,561.1,830.2,383.7,846.35,472.4,0
411,13694,2254619,862.6,560.8,830.3,384.2,846.45,472.5,0
411,13695,2254620,862.7,560.5,830.3,384.3,846.5,472.4,0
411,13696,2254621,862.8,560.3,830.3,384.5,846.55,472.4,0
411,13697,2254622,862.8,560.2,830.2,384.7,846.5,472.45,0
411,13698,2254623,862.9,560.2,830.1,385.1,846.5,472.65,0
411,13699,2254624,863.0,560.3,829.9,385.7,846.45,473.0,0
411,13700,2254625,863.0,560.3,829.7,386.1,846.35,473.2,0
412,13701,2254626,863.0,560.2,829.4,386.4,846.2,473.3,0
412,13702,2254627,863.0,560.1,829.2,386.8,846.1,473.45,0
412,13703,2254628,863.1,560.0,829.0,387.3,846.05,473.65,0
412,13704,2254629,863.1,559.9,828.9,387.8,846.0,473.85,0
412,13705,2254630,863.2,559.8,828.8,388.4,846.0,474.1,0
412,13706,2254631,863.3,559.6,828.8,388.7,846.05,474.15,0
412,13707,2254632,863.3,559.6,828.8,389.0,846.05,474.3,0
412,13708,2254633,863.4,559.6,828.7,389.2,846.05,474.4,0
412,13709,2254634,863.4,559.7,828.5,389.4,845.95,474.55,0
412,13710,2254635,863.4,559.9,828.2,389.6,845.8,474.75,0
412,13711,2254636,863.4,560.4,827.9,389.8,845.65,475.1,0
412,13712,2254637,863.5,560.9,827.6,390.0,845.55,475.45,0
412,13713,2254638,863.5,561.5,827.3,390.3,845.4,475.9,0
412,13714,2254639,863.5,562.0,827.1,390.6,845.3,476.3,0
412,13715,2254640,863.6,562.5,827.0,390.9,845.3,476.7,0
412,13716,2254641,863.7,563.4,827.0,391.2,845.35,477.3,0
412,13717,2254642,863.8,564.1,827.1,391.4,845.45,477.75,0
412,13718,2254643,864.0,564.6,827.1,391.6,845.55,478.1,0
412,13719,2254644,864.1,565.0,827.2,391.7,845.65,478.35,0
412,13720,2254645,864.2,565.5,826.8,391.7,845.5,478.6,0
412,13721,2254646,864.2,566.2,826.5,391.7,845.35,478.95,0
412,13722,2254647,864.1,566.8,826.2,391.7,845.15,479.25,0
412,13723,2254648,864.1,567.0,825.9,391.5,845.0,479.25,0
412,13724,2254649,864.0,567.2,825.7,391.3,844.85,479.25,0
412,13725,2254650,864.0,567.4,825.5,391.1,844.75,479.25,0
412,13726,2254651,863.9,567.6,825.3,390.9,844.6,479.25,0
412,13727,2254652,863.9,567.7,825.4,390.7,844.65,479.2,0
412,13728,2254653,863.9,567.7,825.5,390.5,844.7,479.1,0
412,13729,2254654,864.0,567.7,825.5,390.4,844.75,479.05,0
412,13730,2254655,864.0,567.7,825.5,390.5,844.75,479.1,0
412,13731,2254656,864.0,567.7,825.3,390.6,844.65,479.15,0
412,13732,2254657,864.0,567.9,825.1,390.6,844.55,479.25,0
412,13733,2254658,864.0,568.1,824.9,390.7,844.45,479.4,0
413,13734,2254659,864.0,568.3,824.6,390.8,844.3,479.55,0
413,13735,2254660,864.0,568.7,824.1,390.9,844.05,479.8,0
413,13736,2254661,864.1,569.0,823.6,390.8,843.85,479.9,0
413,13737,2254662,864.1,569.3,823.2,390.7,843.65,480.0,0
413,13738,2254663,864.1,569.7,822.8,390.6,843.45,480.15,0
413,13739,2254664,864.2,569.9,822.4,390.5,843.3,480.2,0
413,13740,2254665,864.2,570.0,822.1,390.4,843.15,480.2,0
413,13741,2254666,864.2,570.2,821.8,390.4,843.0,480.3,0
413,13742,2254667,864.2,570.3,821.7,390.5,842.95,480.4,0
413,13743,2254668,864.3,570.4,821.6,390.6,842.95,480.5,0
413,13744,2254669,864.3,570.6,821.5,390.6,842.9,480.6,0
413,13745,2254670,864.3,570.8,821.3,390.6,842.8,480.7,0
413,13746,2254671,864.2,571.1,821.0,390.6,842.6,480.85,0
413,13747,2254672,864.2,571.3,820.7,390.6,842.45,480.95,0
413,13748,2254673,864.0,571.4,820.3,390.5,842.15,480.95,0
413,13749,2254674,863.8,571.5,820.0,390.5,841.9,481.0,0
413,13750,2254675,863.6,571.5,819.7,390.4,841.65,480.95,0
413,13751,2254676,863.4,571.4,819.3,390.4,841.35,480.9,0
413,13752,2254677,863.2,571.3,819.1,390.4,841.15,480.85,0
413,13753,2254678,863.1,571.2,818.7,390.4,840.9,480.8,0
413,13754,2254679,863.1,571.2,818.3,390.4,840.7,480.8,0
413,13755,2254680,863.4,571.3,817.9,390.3,840.65,480.8,0
413,13756,2254681,863.8,571.5,817.2,390.1,840.5,480.8,0
413,13757,2254682,864.1,571.7,816.5,390.0,840.3,480.85,0
413,13758,2254683,864.5,571.9,815.9,389.6,840.2,480.75,0
413,13759,2254684,864.8,572.1,815.3,389.3,840.05,480.7,0
413,13760,2254685,865.2,572.3,815.0,389.0,840.1,480.65,0
413,13761,2254686,865.5,572.5,814.7,388.8,840.1,480.65,0
413,13762,2254687,865.7,572.7,814.5,388.7,840.1,480.7,0
413,13763,2254688,865.8,572.9,814.6,388.8,840.2,480.85,0
413,13764,2254689,865.9,573.2,814.7,388.9,840.3,481.05,0
413,13765,2254690,865.9,573.4,814.8,389.3,840.35,481.35,0
413,13766,2254691,865.8,573.7,815.0,389.7,840.4,481.7,0
414,13767,2254692,865.7,574.0,815.4,390.1,840.55,482.05,0
414,13768,2254693,865.6,574.4,815.8,390.5,840.7,482.45,0
414,13769,2254694,865.4,574.7,816.2,390.9,840.8,482.8,0
414,13770,2254695,865.3,575.0,817.0,391.1,841.15,483.05,0
414,13771,2254696,865.1,575.2,817.8,390.9,841.45,483.05,0
414,13772,2254697,864.9,575.4,819.0,390.8,841.95,483.1,0
414,13773,2254698,864.8,575.6,820.4,390.6,842.6,483.1,0
414,13774,2254699,864.7,575.8,821.8,390.4,843.25,483.1,0
414,13775,2254700,864.6,575.8,823.2,390.2,843.9,483.0,0
414,13776,2254701,864.5,575.9,824.5,390.0,844.5,482.95,0
414,13777,2254702,864.4,575.9,825.3,389.8,844.85,482.85,0
414,13778,2254703,864.4,576.1,826.2,389.9,845.3,483.0,0
414,13779,2254704,864.4,576.1,826.5,390.0,845.45,483.05,0
414,13780,2254705,864.5,576.2,826.5,389.9,845.5,483.05,0
414,13781,2254706,864.7,576.1,826.1,389.8,845.4,482.95,0
414,13782,2254707,864.8,576.1,825.6,389.6,845.2,482.85,0
414,13783,2254708,864.8,576.0,825.1,389.4,844.95,482.7,0
414,13784,2254709,864.7,575.8,824.6,389.2,844.65,482.5,0
414,13785,2254710,864.7,575.5,824.1,388.9,844.4,482.2,0
414,13786,2254711,864.6,575.2,823.7,388.3,844.15,481.75,0
414,13787,2254712,864.5,575.0,822.9,387.8,843.7,481.4,0
414,13788,2254713,864.5,574.8,822.3,387.5,843.4,481.15,0
414,13789,2254714,864.5,574.6,821.9,387.4,843.2,481.0,0
414,13790,2254715,864.5,574.3,821.4,387.3,842.95,480.8,0
414,13791,2254716,864.7,574.2,820.9,387.2,842.8,480.7,0
414,13792,2254717,864.9,574.2,820.3,387.4,842.6,480.8,0
414,13793,2254718,865.1,574.1,819.7,388.1,842.4,481.1,0
414,13794,2254719,865.2,574.0,819.6,388.7,842.4,481.35,0
414,13795,2254720,865.4,573.9,819.7,389.3,842.55,481.6,0
414,13796,2254721,865.6,573.9,819.9,389.8,842.75,481.85,0
414,13797,2254722,865.7,573.9,820.2,390.4,842.95,482.15,0
414,13798,2254723,865.8,573.9,820.6,391.0,843.2,482.45,0
414,13799,2254724,865.8,573.9,821.4,391.5,843.6,482.7,0
414,13800,2254725,865.7,574.1,822.5,391.9,844.1,483.0,0
415,13801,2254726,865.6,574.2,823.6,392.3,844.6,483.25,0
415,13802,2254727,865.4,574.4,824.5,392.5,844.95,483.45,0
415,13803,2254728,865.2,574.5,825.4,392.8,845.3,483.65,0
415,13804,2254729,865.0,574.7,826.1,392.8,845.55,483.75,0
415,13805,2254730,864.8,574.8,826.8,392.7,845.8,483.75,0
415,13806,2254731,864.5,574.9,827.2,392.7,845.85,483.8,0
415,13807,2254732,864.5,574.9,827.3,392.2,845.9,483.55,0
415,13808,2254733,864.4,574.3,827.4,391.7,845.9,483.0,0
415,13809,2254734,864.3,573.8,827.5,391.3,845.9,482.55,0
415,13810,2254735,864.3,573.2,827.5,390.4,845.9,481.8,0
415,13811,2254736,864.3,572.7,827.5,389.6,845.9,481.15,0
415,13812,2254737,864.4,572.2,827.6,388.8,846.0,480.5,0
415,13813,2254738,864.4,571.4,827.3,388.1,845.85,479.75,0
415,13814,2254739,864.4,570.6,827.0,387.7,845.7,479.15,0
415,13815,2254740,864.4,570.3,826.6,387.3,845.5,478.8,0
415,13816,2254741,864.4,570.0,826.2,387.0,845.3,478.5,0
415,13817,2254742,864.4,569.8,825.7,387.2,845.05,478.5,0
415,13818,2254743,864.3,569.7,825.1,387.4,844.7,478.55,0
415,13819,2254744,864.2,569.7,824.5,387.9,844.35,478.8,0
415,13820,2254745,864.2,569.9,824.1,388.5,844.15,479.2,0
415,13821,2254746,864.2,570.1,823.8,388.9,844.0,479.5,0
415,13822,2254747,864.2,570.3,823.7,389.7,843.95,480.0,0
415,13823,2254748,864.1,570.5,823.6,390.4,843.85,480.45,0
415,13824,2254749,864.1,570.7,823.6,391.2,843.85,480.95,0
415,13825,2254750,864.3,570.7,824.1,392.0,844.2,481.35,0
415,13826,2254751,864.4,571.1,824.8,392.6,844.6,481.85,0
415,13827,2254752,864.5,571.4,825.6,393.2,845.05,482.3,0
415,13828,2254753,864.6,571.8,826.4,393.6,845.5,482.7,0
415,13829,2254754,864.7,572.3,827.1,393.7,845.9,483.0,0
415,13830,2254755,864.7,572.9,827.8,393.8,846.25,483.35,0
415,13831,2254756,864.8,573.6,828.7,393.6,846.75,483.6,0
415,13832,2254757,864.7,574.3,829.2,393.4,846.95,483.85,0
415,13833,2254758,864.6,574.6,829.5,393.2,847.05,483.9,0
416,13834,2254759,864.4,574.9,829.7,392.9,847.05,483.9,0
416,13835,2254760,864.2,575.1,829.7,392.6,846.95,483.85,0
416,13836,2254761,864.1,575.2,829.4,392.4,846.75,483.8,0
416,13837,2254762,864.1,575.3,829.1,392.1,846.6,483.7,0
416,13838,2254763,864.2,575.3,828.7,392.0,846.45,483.65,0
416,13839,2254764,864.3,575.4,828.2,391.9,846.25,483.65,0
416,13840,2254765,864.6,575.4,827.4,391.7,846.0,483.55,0
416,13841,2254766,864.6,575.5,826.7,391.5,845.65,483.5,0
416,13842,2254767,864.7,575.6,826.2,391.4,845.45,483.5,0
416,13843,2254768,864.6,575.7,825.8,391.3,845.2,483.5,0
416,13844,2254769,864.5,575.7,825.5,391.3,845.0,483.5,0
416,13845,2254770,864.3,575.7,825.1,391.7,844.7,483.7,0
416,13846,2254771,864.1,575.7,824.9,392.2,844.5,483.95,0
416,13847,2254772,864.1,575.7,824.8,392.8,844.45,484.25,0
416,13848,2254773,864.3,575.6,825.1,393.3,844.7,484.45,0
416,13849,2254774,864.4,575.6,825.4,394.0,844.9,484.8,0
416,13850,2254775,864.7,575.8,825.8,394.9,845.25,485.35,0
416,13851,2254776,864.9,576.0,826.3,395.7,845.6,485.85,0
416,13852,2254777,865.2,576.2,827.1,396.2,846.15,486.2,0
416,13853,2254778,865.4,576.6,827.9,396.6,846.65,486.6,0
416,13854,2254779,865.4,576.9,828.7,397.0,847.05,486.95,0
416,13855,2254780,865.5,577.4,829.1,397.4,847.3,487.4,0
416,13856,2254781,865.7,578.1,829.5,397.5,847.6,487.8,0
416,13857,2254782,865.8,578.9,829.8,397.4,847.8,488.15,0
416,13858,2254783,866.0,579.7,829.8,396.8,847.9,488.25,0
416,13859,2254784,866.2,580.4,829.3,396.1,847.75,488.25,0
416,13860,2254785,866.5,581.0,828.8,395.4,847.65,488.2,0
416,13861,2254786,866.9,581.7,828.1,394.7,847.5,488.2,0
416,13862,2254787,867.1,582.2,827.5,394.0,847.3,488.1,0
416,13863,2254788,867.4,582.3,827.0,393.5,847.2,487.9,0
416,13864,2254789,867.6,582.4,826.4,393.0,847.0,487.7,0
416,13865,2254790,867.8,582.4,826.1,393.0,846.95,487.7,0
416,13866,2254791,867.9,582.4,826.0,393.1,846.95,487.75,0
417,13867,2254792,867.9,582.4,825.8,393.2,846.85,487.8,0
417,13868,2254793,867.9,582.5,825.8,393.5,846.85,488.0,0
417,13869,2254794,867.9,582.6,825.7,393.8,846.8,488.2,0
417,13870,2254795,867.8,582.8,825.6,394.2,846.7,488.5,0
417,13871,2254796,867.7,582.9,825.6,394.5,846.65,488.7,0
417,13872,2254797,867.3,583.1,825.6,394.8,846.45,488.95,0
417,13873,2254798,867.0,583.3,825.7,395.2,846.35,489.25,0
417,13874,2254799,866.7,583.5,826.1,395.6,846.4,489.55,0
417,13875,2254800,866.3,583.7,826.5,395.8,846.4,489.75,0
417,13876,2254801,866.0,584.1,827.1,395.9,846.55,490.0,0
417,13877,2254802,865.7,584.5,827.6,396.0,846.65,490.25,0
417,13878,2254803,865.4,584.8,828.0,396.1,846.7,490.45,0
417,13879,2254804,865.4,585.1,828.4,396.1,846.9,490.6,0
417,13880,2254805,865.5,585.5,828.6,396.1,847.05,490.8,0
417,13881,2254806,865.5,585.9,828.3,396.0,846.9,490.95,0
417,13882,2254807,865.8,586.1,828.0,396.0,846.9,491.05,0
417,13883,2254808,866.1,586.2,827.6,396.0,846.85,491.1,0
417,13884,2254809,866.4,586.4,827.1,395.9,846.75,491.15,0
417,13885,2254810,866.7,586.5,826.5,395.9,846.6,491.2,0
417,13886,2254811,867.1,586.7,826.0,395.8,846.55,491.25,0
417,13887,2254812,867.5,586.9,825.3,395.7,846.4,491.3,0
417,13888,2254813,867.9,587.2,824.7,395.7,846.3,491.45,0
417,13889,2254814,868.2,587.7,824.2,395.7,846.2,491.7,0
417,13890,2254815,868.5,588.2,823.7,395.7,846.1,491.95,0
417,13891,2254816,868.8,588.7,823.4,395.7,846.1,492.2,0
417,13892,2254817,869.1,589.1,823.1,395.6,846.1,492.35,0
417,13893,2254818,869.3,589.5,822.8,395.5,846.05,492.5,0
417,13894,2254819,869.5,589.7,822.7,395.5,846.1,492.6,0
417,13895,2254820,869.6,589.6,822.8,395.4,846.2,492.5,0
417,13896,2254821,869.6,589.4,823.3,395.3,846.45,492.35,0
417,13897,2254822,869.6,589.3,823.8,395.3,846.7,492.3,0
417,13898,2254823,869.5,589.3,824.3,395.5,846.9,492.4,0
417,13899,2254824,869.3,589.4,824.9,395.8,847.1,492.6,0
417,13900,2254825,869.1,589.5,825.5,396.1,847.3,492.8,0
418,13901,2254826,868.6,589.5,826.0,396.6,847.3,493.05,0
418,13902,2254827,868.0,589.8,826.5,397.1,847.25,493.45,0
418,13903,2254828,867.5,589.9,826.5,397.7,847.0,493.8,0
418,13904,2254829,867.2,589.9,826.6,398.1,846.9,494.0,0
418,13905,2254830,867.0,589.8,826.5,398.4,846.75,494.1,0
418,13906,2254831,866.9,590.0,826.5,398.7,846.7,494.35,0
418,13907,2254832,866.9,590.2,826.1,399.0,846.5,494.6,0
418,13908,2254833,867.2,590.5,825.7,399.1,846.45,494.8,0
418,13909,2254834,867.6,590.8,825.1,399.3,846.35,495.05,0
418,13910,2254835,868.1,591.2,824.6,399.5,846.35,495.35,0
418,13911,2254836,868.5,591.7,823.9,399.7,846.2,495.7,0
418,13912,2254837,868.9,592.2,823.2,400.0,846.05,496.1,0
418,13913,2254838,869.3,592.4,822.6,400.3,845.95,496.35,0
418,13914,2254839,869.7,592.6,822.2,400.7,845.95,496.65,0
418,13915,2254840,869.9,592.8,821.9,401.0,845.9,496.9,0
418,13916,2254841,869.8,593.0,821.7,401.2,845.75,497.1,0
418,13917,2254842,869.6,593.2,821.5,401.4,845.55,497.3,0
418,13918,2254843,869.2,593.4,821.4,401.4,845.3,497.4,0
418,13919,2254844,868.7,593.5,821.4,401.2,845.05,497.35,0
418,13920,2254845,868.3,593.6,821.4,401.1,844.85,497.35,0
418,13921,2254846,867.9,593.6,821.4,400.9,844.65,497.25,0
418,13922,2254847,867.6,593.8,821.6,400.7,844.6,497.25,0
418,13923,2254848,867.6,593.9,822.2,400.5,844.9,497.2,0
418,13924,2254849,867.7,594.0,822.7,400.2,845.2,497.1,0
418,13925,2254850,867.8,594.2,823.3,400.1,845.55,497.15,0
418,13926,2254851,868.0,594.4,823.9,400.0,845.95,497.2,0
418,13927,2254852,868.2,594.5,824.5,399.9,846.35,497.2,0
418,13928,2254853,868.5,594.7,824.9,399.9,846.7,497.3,0
418,13929,2254854,868.7,594.9,825.2,399.8,846.95,497.35,0
418,13930,2254855,868.9,595.0,824.7,399.8,846.8,497.4,0
418,13931,2254856,869.1,595.1,824.1,399.8,846.6,497.45,0
418,13932,2254857,869.1,595.1,823.5,399.8,846.3,497.45,0
418,13933,2254858,869.1,595.1,822.9,400.0,846.0,497.55,0
419,13934,2254859,869.2,595.2,822.3,400.7,845.75,497.95,0
419,13935,2254860,869.2,595.3,821.8,401.3,845.5,498.3,0
419,13936,2254861,869.2,595.4,821.2,401.9,845.2,498.65,0
419,13937,2254862,869.3,595.5,820.9,402.5,845.1,499.0,0
419,13938,2254863,869.4,596.0,820.5,403.2,844.95,499.6,0
419,13939,2254864,869.5,596.5,820.2,403.7,844.85,500.1,0
419,13940,2254865,869.6,597.0,819.8,404.1,844.7,500.55,0
419,13941,2254866,869.8,597.4,819.5,404.1,844.65,500.75,0
419,13942,2254867,869.9,597.9,819.2,404.1,844.55,501.0,0
419,13943,2254868,869.9,598.1,819.2,404.1,844.55,501.1,0
419,13944,2254869,869.9,598.1,819.3,404.2,844.6,501.15,0
419,13945,2254870,869.8,597.7,819.6,404.2,844.7,500.95,0
419,13946,2254871,869.7,597.4,819.9,404.2,844.8,500.8,0
419,13947,2254872,869.6,597.0,820.8,404.3,845.2,500.65,0
419,13948,2254873,869.6,596.7,821.7,404.5,845.65,500.6,0
419,13949,2254874,869.9,596.5,822.7,404.7,846.3,500.6,0
419,13950,2254875,870.2,596.4,823.5,405.1,846.85,500.75,0
419,13951,2254876,870.5,596.4,824.2,405.5,847.35,500.95,0
419,13952,2254877,870.7,596.4,824.9,405.9,847.8,501.15,0
419,13953,2254878,870.9,596.5,825.4,406.3,848.15,501.4,0
419,13954,2254879,870.9,596.5,825.3,406.6,848.1,501.55,0
419,13955,2254880,871.0,596.5,824.8,406.9,847.9,501.7,0
419,13956,2254881,870.6,596.5,824.2,407.1,847.4,501.8,0
419,13957,2254882,870.2,596.5,823.7,407.1,846.95,501.8,0
419,13958,2254883,869.8,596.5,823.1,407.2,846.45,501.85,0
419,13959,2254884,869.5,596.5,822.4,407.1,845.95,501.8,0
419,13960,2254885,869.3,596.5,821.7,407.1,845.5,501.8,0
419,13961,2254886,869.1,596.4,821.0,407.0,845.05,501.7,0
419,13962,2254887,868.9,596.4,820.6,406.9,844.75,501.65,0
419,13963,2254888,869.0,596.3,820.2,406.8,844.6,501.55,0
419,13964,2254889,869.2,596.3,819.9,406.7,844.55,501.5,0
419,13965,2254890,869.4,596.3,819.5,406.6,844.45,501.45,0
419,13966,2254891,869.6,596.2,819.3,406.5,844.45,501.35,0
420,13967,2254892,869.7,596.2,819.1,406.5,844.4,501.35,0
420,13968,2254893,869.8,596.1,819.1,406.5,844.45,501.3,0
420,13969,2254894,869.7,596.1,819.1,406.7,844.4,501.4,0
420,13970,2254895,869.5,596.1,819.2,407.0,844.35,501.55,0
420,13971,2254896,869.3,596.0,819.4,407.3,844.35,501.65,0
420,13972,2254897,869.0,595.8,819.7,407.5,844.35,501.65,0
420,13973,2254898,868.6,595.5,820.3,407.6,844.45,501.55,0
420,13974,2254899,868.3,595.0,820.8,407.6,844.55,501.3,0
420,13975,2254900,868.1,594.5,821.7,407.6,844.9,501.05,0
420,13976,2254901,868.1,594.1,822.5,407.5,845.3,500.8,0
420,13977,2254902,868.1,593.6,823.2,407.5,845.65,500.55,0
420,13978,2254903,868.1,593.2,823.8,407.4,845.95,500.3,0
420,13979,2254904,868.1,592.9,824.3,407.3,846.2,500.1,0
420,13980,2254905,868.1,592.7,824.4,407.3,846.25,500.0,0
420,13981,2254906,868.1,592.8,824.6,407.3,846.35,500.05,0
420,13982,2254907,868.3,592.8,824.4,407.3,846.35,500.05,0
420,13983,2254908,868.4,592.8,824.2,407.4,846.3,500.1,0
420,13984,2254909,868.6,592.8,823.8,407.4,846.2,500.1,0
420,13985,2254910,868.6,592.8,823.5,407.5,846.05,500.15,0
420,13986,2254911,868.6,592.7,823.2,407.6,845.9,500.15,0
420,13987,2254912,868.6,592.6,822.9,407.8,845.75,500.2,0
420,13988,2254913,868.5,592.4,822.4,407.9,845.45,500.15,0
420,13989,2254914,868.3,592.3,821.9,408.1,845.1,500.2,0
420,13990,2254915,868.1,592.2,821.3,408.2,844.7,500.2,0
420,13991,2254916,867.6,592.0,820.9,408.3,844.25,500.15,0
420,13992,2254917,867.2,591.7,820.4,408.4,843.8,500.05,0
420,13993,2254918,866.8,591.6,819.9,408.5,843.35,500.05,0
420,13994,2254919,866.3,591.4,819.5,408.6,842.9,500.0,0
420,13995,2254920,865.9,590.9,819.4,408.8,842.65,499.85,0
420,13996,2254921,865.4,590.3,819.3,409.0,842.35,499.65,0
420,13997,2254922,865.0,589.9,819.7,409.2,842.35,499.55,0
420,13998,2254923,864.9,589.6,820.5,409.4,842.7,499.5,0
420,13999,2254924,864.8,589.4,821.2,409.5,843.0,499.45,0
420,14000,2254925,864.9,589.3,822.1,409.7,843.5,499.5,0
421,14001,2254926,865.0,589.3,823.1,409.9,844.05,499.6,0
421,14002,2254927,865.2,589.7,824.0,409.9,844.6,499.8,0
421,14003,2254928,865.4,590.0,824.8,409.9,845.1,499.95,0
421,14004,2254929,865.6,590.3,825.4,409.9,845.5,500.1,0
421,14005,2254930,865.8,590.2,825.7,409.9,845.75,500.05,0
421,14006,2254931,865.9,590.2,825.9,410.1,845.9,500.15,0
421,14007,2254932,866.0,590.0,826.0,410.2,846.0,500.1,0
421,14008,2254933,866.1,589.8,826.1,410.3,846.1,500.05,0
421,14009,2254934,866.2,589.4,826.1,410.5,846.15,499.95,0
421,14010,2254935,866.3,589.1,826.1,410.6,846.2,499.85,0
421,14011,2254936,866.3,588.8,825.9,410.8,846.1,499.8,0
421,14012,2254937,866.3,588.6,825.6,411.0,845.95,499.8,0
421,14013,2254938,866.1,588.3,825.0,411.2,845.55,499.75,0
421,14014,2254939,865.9,587.8,824.3,411.3,845.1,499.55,0
421,14015,2254940,865.7,587.4,823.5,411.8,844.6,499.6,0
421,14016,2254941,865.4,587.0,822.8,412.2,844.1,499.6,0
421,14017,2254942,865.3,586.6,822.0,412.7,843.65,499.65,0
421,14018,2254943,865.2,586.3,821.4,413.1,843.3,499.7,0
421,14019,2254944,865.1,586.0,821.2,413.5,843.15,499.75,0
421,14020,2254945,865.3,585.9,821.4,413.8,843.35,499.85,0
421,14021,2254946,865.4,586.1,822.1,414.2,843.75,500.15,0
421,14022,2254947,865.6,586.9,823.0,414.3,844.3,500.6,0
421,14023,2254948,865.6,587.7,823.9,414.4,844.75,501.05,0
421,14024,2254949,865.5,588.5,824.8,414.5,845.15,501.5,0
421,14025,2254950,865.4,589.2,825.7,414.6,845.55,501.9,0
421,14026,2254951,865.3,589.9,826.3,414.8,845.8,502.35,0
421,14027,2254952,865.2,590.4,827.0,414.9,846.1,502.65,0
421,14028,2254953,865.0,590.8,827.2,415.1,846.1,502.95,0
421,14029,2254954,864.9,590.7,827.3,415.3,846.1,503.0,0
421,14030,2254955,864.9,590.6,827.4,415.5,846.15,503.05,0
421,14031,2254956,864.8,590.3,827.5,415.7,846.15,503.0,0
421,14032,2254957,864.9,590.1,827.5,415.9,846.2,503.0,0
421,14033,2254958,864.9,590.0,827.4,416.1,846.15,503.05,0
422,14034,2254959,864.9,589.8,827.2,416.4,846.05,503.1,0
422,14035,2254960,864.9,589.5,826.9,416.6,845.9,503.05,0
422,14036,2254961,864.4,589.2,826.6,416.8,845.5,503.0,0
422,14037,2254962,864.0,589.0,826.2,416.9,845.1,502.95,0
422,14038,2254963,863.5,589.0,825.9,417.0,844.7,503.0,0
422,14039,2254964,863.2,589.1,825.6,417.1,844.4,503.1,0
422,14040,2254965,862.9,589.1,825.4,417.2,844.15,503.15,0
422,14041,2254966,862.7,589.4,825.4,417.3,844.05,503.35,0
422,14042,2254967,862.4,589.8,825.7,417.4,844.05,503.6,0
422,14043,2254968,862.8,590.2,826.1,417.5,844.45,503.85,0
422,14044,2254969,863.1,590.6,826.6,417.6,844.85,504.1,0
422,14045,2254970,863.4,590.8,827.0,417.8,845.2,504.3,0
422,14046,2254971,863.6,590.9,827.5,417.9,845.55,504.4,0
422,14047,2254972,863.9,591.0,827.9,418.1,845.9,504.55,0
422,14048,2254973,864.2,591.0,828.1,418.4,846.15,504.7,0
422,14049,2254974,864.4,590.9,827.9,418.7,846.15,504.8,0
422,14050,2254975,864.6,590.8,827.6,419.1,846.1,504.95,0
422,14051,2254976,864.7,590.7,827.1,419.4,845.9,505.05,0
422,14052,2254977,864.8,590.6,826.4,419.7,845.6,505.15,0
422,14053,2254978,864.8,590.7,825.6,420.0,845.2,505.35,0
422,14054,2254979,864.8,590.8,824.9,420.3,844.85,505.55,0
422,14055,2254980,864.5,590.9,824.3,420.6,844.4,505.75,0
422,14056,2254981,864.2,591.0,824.1,420.7,844.15,505.85,0
422,14057,2254982,863.9,591.1,824.4,420.8,844.15,505.95,0
422,14058,2254983,863.7,591.4,825.0,420.9,844.35,506.15,0
422,14059,2254984,863.6,591.8,826.0,420.9,844.8,506.35,0
422,14060,2254985,863.5,592.3,827.1,421.0,845.3,506.65,0
422,14061,2254986,863.6,592.7,828.3,421.0,845.95,506.85,0
422,14062,2254987,863.8,593.2,829.5,421.3,846.65,507.25,0
422,14063,2254988,864.1,593.6,830.2,421.6,847.15,507.6,0
422,14064,2254989,864.3,594.0,830.3,422.1,847.3,508.05,0
422,14065,2254990,864.5,594.1,830.0,422.7,847.25,508.4,0
422,14066,2254991,864.5,594.0,829.2,423.2,846.85,508.6,0
423,14067,2254992,864.4,593.9,828.0,423.7,846.2,508.8,0
423,14068,2254993,864.0,593.7,826.9,424.0,845.45,508.85,0
423,14069,2254994,863.7,593.4,825.9,424.0,844.8,508.7,0
423,14070,2254995,863.3,593.2,825.0,424.1,844.15,508.65,0
423,14071,2254996,863.0,593.0,824.9,423.9,843.95,508.45,0
423,14072,2254997,862.6,593.0,824.9,423.7,843.75,508.35,0
423,14073,2254998,862.4,593.2,826.3,423.6,844.35,508.4,0
423,14074,2254999,862.2,593.4,827.8,423.5,845.0,508.45,0
423,14075,2255000,862.3,593.6,829.2,424.0,845.75,508.8,0
423,14076,2255001,862.6,593.9,830.5,424.6,846.55,509.25,0
423,14077,2255002,862.9,594.3,831.6,425.1,847.25,509.7,0
423,14078,2255003,863.3,594.6,832.1,425.7,847.7,510.15,0
423,14079,2255004,863.7,594.8,832.3,426.1,848.0,510.45,0
423,14080,2255005,864.0,594.9,831.3,426.7,847.65,510.8,0
423,14081,2255006,864.4,595.2,830.0,427.1,847.2,511.15,0
423,14082,2255007,864.3,595.5,828.8,427.1,846.55,511.3,0
423,14083,2255008,863.8,595.8,827.6,427.1,845.7,511.45,0
423,14084,2255009,863.2,596.1,826.5,427.1,844.85,511.6,0
423,14085,2255010,862.6,596.4,826.3,427.0,844.45,511.7,0
423,14086,2255011,862.0,596.6,826.6,426.9,844.3,511.75,0
423,14087,2255012,861.4,596.8,827.5,426.9,844.45,511.85,0
423,14088,2255013,860.9,597.0,829.1,426.8,845.0,511.9,0
423,14089,2255014,860.8,597.0,830.5,426.7,845.65,511.85,0
423,14090,2255015,860.9,597.0,831.9,426.5,846.4,511.75,0
423,14091,2255016,861.0,596.9,832.8,426.3,846.9,511.6,0
423,14092,2255017,861.2,596.8,833.1,426.2,847.15,511.5,0
423,14093,2255018,861.4,596.7,832.7,426.2,847.05,511.45,0
423,14094,2255019,861.6,596.7,832.1,426.3,846.85,511.5,0
423,14095,2255020,861.6,596.7,831.0,426.4,846.3,511.55,0
423,14096,2255021,861.6,596.9,829.9,426.6,845.75,511.75,0
423,14097,2255022,861.5,597.1,829.0,426.7,845.25,511.9,0
423,14098,2255023,861.1,597.5,828.4,426.8,844.75,512.15,0
423,14099,2255024,860.7,597.8,828.1,426.9,844.4,512.35,0
423,14100,2255025,860.3,598.2,828.4,427.1,844.35,512.65,0
424,14101,2255026,860.0,598.5,829.1,427.3,844.55,512.9,0
424,14102,2255027,859.8,598.9,830.2,428.0,845.0,513.45,0
424,14103,2255028,859.9,599.2,831.7,428.8,845.8,514.0,0
424,14104,2255029,860.3,599.6,833.2,430.3,846.75,514.95,0
424,14105,2255030,861.4,600.2,835.2,432.3,848.3,516.25,0
424,14106,2255031,863.7,601.5,837.7,434.6,850.7,518.05,0
424,14107,2255032,866.5,603.2,840.3,437.4,853.4,520.3,0
424,14108,2255033,870.2,605.1,843.5,441.3,856.85,523.2,0
424,14109,2255034,875.4,608.1,847.4,445.6,861.4,526.85,0
424,14110,2255035,881.6,611.3,852.5,450.8,867.05,531.05,0
424,14111,2255036,889.5,615.0,859.4,456.4,874.45,535.7,0
424,14112,2255037,898.8,619.2,867.3,463.1,883.05,541.15,0
424,14113,2255038,908.4,623.6,876.1,469.6,892.25,546.6,0
424,14114,2255039,919.1,628.1,886.1,477.0,902.6,552.55,0
424,14115,2255040,930.5,633.0,896.6,484.0,913.55,558.5,0
424,14116,2255041,941.2,636.9,906.6,490.4,923.9,563.65,0
424,14117,2255042,951.4,641.6,915.7,496.7,933.55,569.15,0
424,14118,2255043,959.6,646.0,923.0,502.5,941.3,574.25,0
424,14119,2255044,966.1,649.9,928.6,507.0,947.35,578.45,0
424,14120,2255045,971.0,652.9,932.9,511.9,951.95,582.4,0
424,14121,2255046,974.3,655.8,934.8,515.9,954.55,585.85,0
424,14122,2255047,975.6,658.6,934.8,519.3,955.2,588.95,0
424,14123,2255048,975.0,661.3,933.7,522.9,954.35,592.1,0
424,14124,2255049,973.3,663.6,931.0,526.2,952.15,594.9,0
424,14125,2255050,970.7,665.9,928.4,529.2,949.55,597.55,0
424,14126,2255051,968.0,667.7,924.9,532.3,946.45,600.0,0
424,14127,2255052,965.1,669.5,921.3,534.8,943.2,602.15,0
424,14128,2255053,962.1,670.8,918.0,536.8,940.05,603.8,0
424,14129,2255054,959.0,671.6,915.4,538.5,937.2,605.05,0
424,14130,2255055,956.7,671.6,913.4,539.7,935.05,605.65,0
424,14131,2255056,954.7,670.8,912.2,540.1,933.45,605.45,0
424,14132,2255057,953.2,669.9,910.9,540.2,932.05,605.05,0
424,14133,2255058,952.0,668.3,909.9,539.9,930.95,604.1,0
425,14134,2255059,950.4,666.3,909.1,539.6,929.75,602.95,0
425,14135,2255060,948.7,664.3,908.4,539.4,928.55,601.85,0
425,14136,2255061,947.5,662.3,907.7,539.3,927.6,600.8,0
425,14137,2255062,946.3,660.9,907.0,539.2,926.65,600.05,0
425,14138,2255063,945.2,659.4,906.4,539.9,925.8,599.65,0
425,14139,2255064,944.5,657.9,905.9,540.6,925.2,599.25,0
425,14140,2255065,943.9,657.2,906.3,541.4,925.1,599.3,0
425,14141,2255066,943.7,656.8,906.7,542.3,925.2,599.55,0
425,14142,2255067,943.9,656.7,907.2,543.1,925.55,599.9,0
425,14143,2255068,944.3,656.6,907.6,544.0,925.95,600.3,0
425,14144,2255069,944.8,656.5,908.0,544.8,926.4,600.65,0
425,14145,2255070,945.3,656.5,908.2,544.9,926.75,600.7,0
425,14146,2255071,945.8,656.5,908.2,544.9,927.0,600.7,0
425,14147,2255072,946.2,656.5,907.8,545.1,927.0,600.8,0
425,14148,2255073,946.5,656.5,907.4,545.0,926.95,600.75,0
425,14149,2255074,946.8,656.5,907.1,544.9,926.95,600.7,0
425,14150,2255075,946.4,656.5,906.7,544.8,926.55,600.65,0
425,14151,2255076,946.1,656.1,906.5,544.7,926.3,600.4,0
425,14152,2255077,945.8,655.8,906.4,544.6,926.1,600.2,0
425,14153,2255078,945.7,655.4,906.4,544.7,926.05,600.05,0
425,14154,2255079,945.7,655.0,906.5,544.7,926.1,599.85,0
425,14155,2255080,945.7,654.7,906.7,544.9,926.2,599.8,0
425,14156,2255081,945.7,654.3,906.8,545.0,926.25,599.65,0
425,14157,2255082,946.0,654.1,906.9,545.1,926.45,599.6,0
425,14158,2255083,946.3,654.1,907.0,545.1,926.65,599.6,0
425,14159,2255084,946.6,654.1,907.2,545.2,926.9,599.65,0
425,14160,2255085,946.6,654.2,907.4,545.2,927.0,599.7,0
425,14161,2255086,946.5,654.2,907.5,545.3,927.0,599.75,0
425,14162,2255087,946.4,654.0,907.6,545.4,927.0,599.7,0
425,14163,2255088,946.3,653.7,907.1,545.5,926.7,599.6,0
425,14164,2255089,946.2,653.3,906.7,545.5,926.45,599.4,0
425,14165,2255090,946.1,652.6,906.2,545.5,926.15,599.05,0
425,14166,2255091,946.0,652.0,905.6,545.5,925.8,598.75,0
426,14167,2255092,946.0,651.5,904.7,545.5,925.35,598.5,0
426,14168,2255093,946.0,651.0,903.8,545.4,924.9,598.2,0
426,14169,2255094,946.1,650.7,902.9,545.2,924.5,597.95,0
426,14170,2255095,946.2,650.7,902.6,545.0,924.4,597.85,0
426,14171,2255096,946.3,650.7,902.3,544.8,924.3,597.75,0
426,14172,2255097,946.4,650.9,902.0,544.4,924.2,597.65,0
426,14173,2255098,946.3,651.0,901.8,544.1,924.05,597.55,0
426,14174,2255099,946.2,651.1,902.0,543.7,924.1,597.4,0
426,14175,2255100,946.1,651.1,902.2,543.6,924.15,597.35,0
426,14176,2255101,946.0,650.9,902.4,543.4,924.2,597.15,0
426,14177,2255102,945.9,650.7,902.6,543.4,924.25,597.05,0
426,14178,2255103,945.8,650.4,902.8,543.3,924.3,596.85,0
426,14179,2255104,945.8,650.1,903.0,543.4,924.4,596.75,0
426,14180,2255105,945.9,649.8,903.0,543.5,924.45,596.65,0
426,14181,2255106,946.0,649.5,902.9,543.5,924.45,596.5,0
426,14182,2255107,946.2,649.3,902.6,543.4,924.4,596.35,0
426,14183,2255108,946.3,649.2,902.3,543.3,924.3,596.25,0
426,14184,2255109,946.4,649.1,902.0,543.2,924.2,596.15,0
426,14185,2255110,946.6,649.0,901.6,543.1,924.1,596.05,0
426,14186,2255111,946.7,649.1,901.4,543.0,924.05,596.05,0
426,14187,2255112,946.8,649.1,901.3,542.9,924.05,596.0,0
426,14188,2255113,947.0,649.2,901.4,542.9,924.2,596.05,0
426,14189,2255114,947.1,649.5,901.9,542.8,924.5,596.15,0
426,14190,2255115,947.2,649.8,902.4,542.7,924.8,596.25,0
426,14191,2255116,947.4,650.1,903.0,542.5,925.2,596.3,0
426,14192,2255117,947.6,650.5,903.4,542.3,925.5,596.4,0
426,14193,2255118,947.8,650.8,903.8,542.0,925.8,596.4,0
426,14194,2255119,948.0,651.2,904.2,541.7,926.1,596.45,0
426,14195,2255120,948.2,651.6,904.4,541.4,926.3,596.5,0
426,14196,2255121,948.4,651.9,904.1,541.2,926.25,596.55,0
426,14197,2255122,948.4,652.3,903.8,541.2,926.1,596.75,0
426,14198,2255123,948.5,652.7,903.6,541.3,926.05,597.0,0
426,14199,2255124,948.5,653.0,903.3,541.5,925.9,597.25,0
426,14200,2255125,948.3,653.3,903.0,541.8,925.65,597.55,0
427,14201,2255126,948.2,653.6,902.3,542.0,925.25,597.8,0
427,14202,2255127,948.0,653.8,901.8,542.3,924.9,598.05,0
427,14203,2255128,947.7,654.3,901.3,542.6,924.5,598.45,0
427,14204,2255129,947.5,654.9,900.9,542.9,924.2,598.9,0
427,14205,2255130,947.3,655.5,900.5,543.1,923.9,599.3,0
427,14206,2255131,947.2,656.2,900.1,543.1,923.65,599.65,0
427,14207,2255132,947.2,656.9,899.8,543.0,923.5,599.95,0
427,14208,2255133,947.2,657.6,899.9,542.8,923.55,600.2,0
427,14209,2255134,947.3,658.3,899.9,542.7,923.6,600.5,0
427,14210,2255135,947.6,658.7,900.0,542.5,923.8,600.6,0
427,14211,2255136,947.9,659.2,900.1,542.3,924.0,600.75,0
427,14212,2255137,948.2,659.6,900.2,542.1,924.2,600.85,0
427,14213,2255138,948.4,660.1,900.3,542.1,924.35,601.1,0
427,14214,2255139,948.4,660.6,900.5,542.3,924.45,601.45,0
427,14215,2255140,948.5,661.1,900.6,542.5,924.55,601.8,0
427,14216,2255141,948.4,661.7,900.7,542.7,924.55,602.2,0
427,14217,2255142,948.3,662.2,900.7,542.9,924.5,602.55,0
427,14218,2255143,948.1,662.7,900.8,543.1,924.45,602.9,0
427,14219,2255144,947.9,663.5,900.8,543.2,924.35,603.35,0
427,14220,2255145,947.7,664.1,900.8,543.3,924.25,603.7,0
427,14221,2255146,947.4,664.9,900.7,543.3,924.05,604.1,0
427,14222,2255147,947.2,665.6,900.7,543.3,923.95,604.45,0
427,14223,2255148,947.0,666.3,900.6,543.1,923.8,604.7,0
427,14224,2255149,946.8,666.8,900.6,543.0,923.7,604.9,0
427,14225,2255150,946.7,667.3,900.5,542.9,923.6,605.1,0
427,14226,2255151,946.7,667.5,900.4,542.8,923.55,605.15,0
427,14227,2255152,946.8,667.6,900.2,542.5,923.5,605.05,0
427,14228,2255153,947.1,667.6,899.9,542.4,923.5,605.0,0
427,14229,2255154,947.3,667.5,899.7,542.2,923.5,604.85,0
427,14230,2255155,947.4,667.5,899.5,542.1,923.45,604.8,0
427,14231,2255156,947.5,667.5,899.2,542.1,923.35,604.8,0
427,14232,2255157,947.5,667.6,899.0,542.2,923.25,604.9,0
427,14233,2255158,947.4,667.8,898.8,542.3,923.1,605.05,0
428,14234,2255159,947.3,668.1,898.8,542.6,923.05,605.35,0
428,14235,2255160,947.1,668.4,898.9,542.9,923.0,605.65,0
428,14236,2255161,947.0,668.7,898.9,543.1,922.95,605.9,0
428,14237,2255162,947.0,669.0,898.9,543.1,922.95,606.05,0
428,14238,2255163,947.0,669.3,899.0,542.9,923.0,606.1,0
428,14239,2255164,946.9,669.5,899.1,542.4,923.0,605.95,0
428,14240,2255165,946.9,669.6,899.2,541.8,923.05,605.7,0
428,14241,2255166,946.8,669.6,899.4,541.1,923.1,605.35,0
428,14242,2255167,946.7,669.5,899.9,540.4,923.3,604.95,0
428,14243,2255168,946.7,669.2,900.4,539.7,923.55,604.45,0
428,14244,2255169,946.7,668.8,900.9,539.2,923.8,604.0,0
428,14245,2255170,946.8,668.2,901.4,538.8,924.1,603.5,0
428,14246,2255171,946.8,667.6,901.9,538.3,924.35,602.95,0
428,14247,2255172,946.8,667.0,902.2,537.6,924.5,602.3,0
428,14248,2255173,946.9,666.5,902.5,536.8,924.7,601.65,0
428,14249,2255174,947.0,666.0,902.4,535.9,924.7,600.95,0
428,14250,2255175,946.9,665.7,902.1,535.0,924.5,600.35,0
428,14251,2255176,946.8,664.9,901.8,534.2,924.3,599.55,0
428,14252,2255177,946.6,664.3,901.6,533.3,924.1,598.8,0
428,14253,2255178,946.3,663.7,901.2,532.7,923.75,598.2,0
428,14254,2255179,946.0,663.0,900.9,532.3,923.45,597.65,0
428,14255,2255180,945.7,662.2,900.6,532.0,923.15,597.1,0
428,14256,2255181,945.3,661.5,900.6,531.8,922.95,596.65,0
428,14257,2255182,944.9,660.8,900.6,531.4,922.75,596.1,0
428,14258,2255183,944.6,660.5,900.7,531.0,922.65,595.75,0
428,14259,2255184,944.4,660.3,900.7,530.2,922.55,595.25,0
428,14260,2255185,944.2,660.1,900.9,529.2,922.55,594.65,0
428,14261,2255186,944.0,659.7,901.1,528.4,922.55,594.05,0
428,14262,2255187,943.7,659.5,901.3,527.5,922.5,593.5,0
428,14263,2255188,943.6,659.3,901.5,526.1,922.55,592.7,0
428,14264,2255189,943.4,659.1,901.7,524.8,922.55,591.95,0
428,14265,2255190,943.3,658.8,901.9,523.6,922.6,591.2,0
428,14266,2255191,943.2,658.4,902.1,522.7,922.65,590.55,0
429,14267,2255192,943.1,658.0,902.2,522.1,922.65,590.05,0
429,14268,2255193,943.1,657.9,902.4,521.5,922.75,589.7,0
429,14269,2255194,943.0,657.7,902.6,521.0,922.8,589.35,0
429,14270,2255195,942.7,657.7,902.8,521.0,922.75,589.35,0
429,14271,2255196,942.4,657.8,902.9,521.0,922.65,589.4,0
429,14272,2255197,942.1,657.9,903.0,521.1,922.55,589.5,0
429,14273,2255198,941.8,658.1,903.3,521.3,922.55,589.7,0
429,14274,2255199,941.5,658.4,903.6,521.5,922.55,589.95,0
429,14275,2255200,941.2,658.7,903.8,521.7,922.5,590.2,0
429,14276,2255201,940.9,658.9,904.0,522.0,922.45,590.45,0
429,14277,2255202,941.0,659.0,904.3,522.3,922.65,590.65,0
429,14278,2255203,941.1,658.9,904.7,522.6,922.9,590.75,0
429,14279,2255204,941.3,658.7,905.1,522.7,923.2,590.7,0
429,14280,2255205,941.5,658.5,905.4,522.8,923.45,590.65,0
429,14281,2255206,941.6,658.3,905.7,522.8,923.65,590.55,0
429,14282,2255207,941.8,658.1,905.9,522.7,923.85,590.4,0
429,14283,2255208,941.9,657.9,906.2,522.7,924.05,590.3,0
429,14284,2255209,941.9,657.9,906.4,522.6,924.15,590.25,0
429,14285,2255210,941.9,657.9,906.4,522.8,924.15,590.35,0
429,14286,2255211,941.7,658.1,906.4,523.0,924.05,590.55,0
429,14287,2255212,941.3,658.2,906.3,523.3,923.8,590.75,0
429,14288,2255213,940.9,658.2,906.3,523.5,923.6,590.85,0
429,14289,2255214,940.6,658.2,906.2,523.7,923.4,590.95,0
429,14290,2255215,940.4,658.1,906.2,524.0,923.3,591.05,0
429,14291,2255216,940.2,658.0,906.2,524.1,923.2,591.05,0
429,14292,2255217,940.0,657.9,906.3,524.0,923.15,590.95,0
429,14293,2255218,939.8,657.7,906.4,523.8,923.1,590.75,0
429,14294,2255219,939.9,657.6,906.6,523.6,923.25,590.6,0
429,14295,2255220,940.0,657.6,906.8,523.3,923.4,590.45,0
429,14296,2255221,940.1,657.6,907.1,523.1,923.6,590.35,0
429,14297,2255222,940.1,657.6,907.3,522.8,923.7,590.2,0
429,14298,2255223,940.2,657.6,907.4,522.6,923.8,590.1,0
429,14299,2255224,940.2,657.6,907.6,522.3,923.9,589.95,0
429,14300,2255225,940.3,657.6,907.7,522.0,924.0,589.8,0
430,14301,2255226,940.3,657.7,907.8,521.6,924.05,589.65,0
430,14302,2255227,940.4,657.7,907.8,521.3,924.1,589.5,0
430,14303,2255228,940.4,657.7,907.8,520.9,924.1,589.3,0
430,14304,2255229,940.4,657.7,907.9,520.6,924.15,589.15,0
430,14305,2255230,940.2,657.6,908.1,520.4,924.15,589.0,0
430,14306,2255231,940.0,657.6,908.3,520.3,924.15,588.95,0
430,14307,2255232,939.8,657.6,908.4,520.3,924.1,588.95,0
430,14308,2255233,939.6,657.7,908.7,520.4,924.15,589.05,0
430,14309,2255234,939.5,657.7,909.2,520.6,924.35,589.15,0
430,14310,2255235,939.4,657.8,909.8,520.7,924.6,589.25,0
430,14311,2255236,939.3,658.0,910.3,520.8,924.8,589.4,0
430,14312,2255237,939.5,658.3,910.7,521.4,925.1,589.85,0
430,14313,2255238,939.6,658.5,911.1,522.0,925.35,590.25,0
430,14314,2255239,939.8,658.9,911.3,522.7,925.55,590.8,0
430,14315,2255240,940.1,659.3,911.5,523.2,925.8,591.25,0
430,14316,2255241,940.3,659.7,911.4,523.8,925.85,591.75,0
430,14317,2255242,940.5,660.1,911.2,524.3,925.85,592.2,0
430,14318,2255243,940.8,660.3,911.0,524.8,925.9,592.55,0
430,14319,2255244,941.0,660.5,910.9,524.8,925.95,592.65,0
430,14320,2255245,941.1,660.8,910.8,524.7,925.95,592.75,0
430,14321,2255246,941.2,660.8,910.7,524.7,925.95,592.75,0
430,14322,2255247,941.2,660.9,910.7,524.9,925.95,592.9,0
430,14323,2255248,941.2,661.0,910.9,525.2,926.05,593.1,0
430,14324,2255249,941.1,661.1,911.0,525.5,926.05,593.3,0
430,14325,2255250,940.9,661.2,911.2,526.0,926.05,593.6,0
430,14326,2255251,940.7,661.3,911.4,526.6,926.05,593.95,0
430,14327,2255252,940.5,661.6,911.6,527.1,926.05,594.35,0
430,14328,2255253,940.4,661.9,911.8,527.6,926.1,594.75,0
430,14329,2255254,940.3,662.1,912.0,527.9,926.15,595.0,0
430,14330,2255255,940.1,662.3,911.9,528.2,926.0,595.25,0
430,14331,2255256,940.1,662.5,911.9,528.4,926.0,595.45,0
430,14332,2255257,940.1,662.6,911.8,528.5,925.95,595.55,0
430,14333,2255258,940.1,662.6,911.8,528.6,925.95,595.6,0
431,14334,2255259,940.1,662.5,911.8,528.7,925.95,595.6,0
431,14335,2255260,940.2,662.4,911.8,528.8,926.0,595.6,0
431,14336,2255261,940.3,662.4,911.8,528.9,926.05,595.65,0
431,14337,2255262,940.4,662.4,911.8,529.5,926.1,595.95,0
431,14338,2255263,940.5,662.5,911.8,530.1,926.15,596.3,0
431,14339,2255264,940.6,662.7,911.9,530.7,926.25,596.7,0
431,14340,2255265,940.7,662.9,911.9,531.4,926.3,597.15,0
431,14341,2255266,940.7,663.2,911.9,531.9,926.3,597.55,0
431,14342,2255267,940.6,663.5,912.0,532.5,926.3,598.0,0
431,14343,2255268,940.1,663.7,912.1,533.1,926.1,598.4,0
431,14344,2255269,939.7,663.9,912.2,533.5,925.95,598.7,0
431,14345,2255270,939.2,664.1,912.3,534.0,925.75,599.05,0
431,14346,2255271,938.8,663.9,912.5,534.6,925.65,599.25,0
431,14347,2255272,938.3,663.8,912.6,535.1,925.45,599.45,0
431,14348,2255273,937.9,663.7,912.7,535.7,925.3,599.7,0
431,14349,2255274,937.7,663.5,912.7,536.3,925.2,599.9,0
431,14350,2255275,937.8,663.3,912.7,536.9,925.25,600.1,0
431,14351,2255276,937.9,663.1,912.6,537.5,925.25,600.3,0
431,14352,2255277,938.0,663.0,912.4,537.9,925.2,600.45,0
431,14353,2255278,938.1,663.1,912.2,538.3,925.15,600.7,0
431,14354,2255279,938.2,663.3,912.0,538.9,925.1,601.1,0
431,14355,2255280,938.3,663.5,911.7,539.7,925.0,601.6,0
431,14356,2255281,938.3,663.7,911.5,540.5,924.9,602.1,0
431,14357,2255282,938.3,664.1,911.4,541.2,924.85,602.65,0
431,14358,2255283,938.2,664.6,911.3,541.6,924.75,603.1,0
431,14359,2255284,938.1,665.0,911.2,542.0,924.65,603.5,0
431,14360,2255285,937.9,665.4,911.2,542.4,924.55,603.9,0
431,14361,2255286,937.8,665.7,911.2,542.7,924.5,604.2,0
431,14362,2255287,937.6,666.1,911.3,542.9,924.45,604.5,0
431,14363,2255288,937.6,666.4,911.4,543.1,924.5,604.75,0
431,14364,2255289,937.5,666.5,911.5,543.4,924.5,604.95,0
431,14365,2255290,937.5,666.7,911.5,543.8,924.5,605.25,0
431,14366,2255291,937.5,666.8,911.6,544.2,924.55,605.5,0
432,14367,2255292,937.5,666.9,911.7,544.5,924.6,605.7,0
432,14368,2255293,937.5,667.0,911.7,544.9,924.6,605.95,0
432,14369,2255294,937.4,667.1,911.7,545.2,924.55,606.15,0
432,14370,2255295,937.4,667.5,911.7,545.3,924.55,606.4,0
432,14371,2255296,937.4,667.9,912.1,545.4,924.75,606.65,0
432,14372,2255297,937.5,668.4,912.4,545.6,924.95,607.0,0
432,14373,2255298,937.5,669.0,912.7,545.7,925.1,607.35,0
432,14374,2255299,937.7,669.5,913.0,546.1,925.35,607.8,0
432,14375,2255300,937.8,670.0,913.2,546.5,925.5,608.25,0
432,14376,2255301,937.8,670.5,913.4,546.9,925.6,608.7,0
432,14377,2255302,937.8,670.9,913.6,547.3,925.7,609.1,0
432,14378,2255303,937.8,671.2,913.4,547.7,925.6,609.45,0
432,14379,2255304,937.7,671.4,913.2,548.0,925.45,609.7,0
432,14380,2255305,937.6,671.6,913.1,548.3,925.35,609.95,0
432,14381,2255306,937.5,671.8,913.0,548.3,925.25,610.05,0
432,14382,2255307,937.4,672.1,913.0,548.5,925.2,610.3,0
432,14383,2255308,937.4,672.3,912.9,548.7,925.15,610.5,0
432,14384,2255309,937.4,672.3,912.8,548.9,925.1,610.6,0
432,14385,2255310,937.5,672.8,912.7,549.1,925.1,610.95,0
432,14386,2255311,937.5,673.3,912.5,549.5,925.0,611.4,0
432,14387,2255312,937.6,673.8,912.4,549.9,925.0,611.85,0
432,14388,2255313,937.7,674.3,912.2,550.4,924.95,612.35,0
432,14389,2255314,937.7,674.8,912.1,550.6,924.9,612.7,0
432,14390,2255315,937.8,675.4,912.1,550.8,924.95,613.1,0
432,14391,2255316,937.9,676.1,912.2,550.9,925.05,613.5,0
432,14392,2255317,937.9,676.4,912.4,551.0,925.15,613.7,0
432,14393,2255318,938.0,677.0,912.5,551.1,925.25,614.05,0
432,14394,2255319,938.1,677.6,912.6,551.0,925.35,614.3,0
432,14395,2255320,938.0,678.2,912.8,551.0,925.4,614.6,0
432,14396,2255321,937.8,678.8,913.0,551.0,925.4,614.9,0
432,14397,2255322,937.6,679.3,913.1,551.1,925.35,615.2,0
432,14398,2255323,937.3,679.7,913.2,551.2,925.25,615.45,0
432,14399,2255324,937.1,680.1,913.4,551.2,925.25,615.65,0
432,14400,2255325,936.8,680.3,913.5,551.3,925.15,615.8,0
433,14401,2255326,936.7,680.6,913.9,551.2,925.3,615.9,0
433,14402,2255327,936.5,680.8,914.3,551.0,925.4,615.9,0
433,14403,2255328,936.6,681.0,914.6,550.9,925.6,615.95,0
433,14404,2255329,936.5,681.2,914.8,550.8,925.65,616.0,0
433,14405,2255330,936.5,681.4,915.1,550.7,925.8,616.05,0
433,14406,2255331,936.4,681.5,915.3,550.6,925.85,616.05,0
433,14407,2255332,936.4,681.4,915.4,550.5,925.9,615.95,0
433,14408,2255333,936.2,681.4,915.4,550.6,925.8,616.0,0
433,14409,2255334,936.1,681.2,915.3,550.6,925.7,615.9,0
433,14410,2255335,936.0,681.0,915.2,550.7,925.6,615.85,0
433,14411,2255336,935.9,680.4,915.1,550.7,925.5,615.55,0
433,14412,2255337,935.8,679.7,915.1,550.6,925.45,615.15,0
433,14413,2255338,935.7,679.1,915.1,550.6,925.4,614.85,0
433,14414,2255339,935.6,678.5,915.2,550.4,925.4,614.45,0
433,14415,2255340,935.4,677.9,915.2,550.2,925.3,614.05,0
433,14416,2255341,935.2,677.4,915.3,550.1,925.25,613.75,0
433,14417,2255342,935.1,676.9,915.5,550.0,925.3,613.45,0
433,14418,2255343,934.9,676.7,915.7,549.9,925.3,613.3,0
433,14419,2255344,934.7,676.6,915.8,549.9,925.25,613.25,0
433,14420,2255345,934.5,676.5,916.0,549.9,925.25,613.2,0
433,14421,2255346,934.1,676.3,916.1,550.0,925.1,613.15,0
433,14422,2255347,933.7,676.2,916.2,550.1,924.95,613.15,0
433,14423,2255348,933.4,676.0,916.1,550.1,924.75,613.05,0
433,14424,2255349,933.1,675.7,915.9,550.1,924.5,612.9,0
433,14425,2255350,932.7,675.4,915.6,550.1,924.15,612.75,0
433,14426,2255351,932.4,675.1,915.2,550.2,923.8,612.65,0
433,14427,2255352,932.2,674.7,914.7,550.2,923.45,612.45,0
433,14428,2255353,932.1,674.3,914.2,550.2,923.15,612.25,0
433,14429,2255354,932.1,673.9,913.7,550.3,922.9,612.1,0
433,14430,2255355,932.1,673.3,913.3,550.3,922.7,611.8,0
433,14431,2255356,932.0,672.7,913.0,550.1,922.5,611.4,0
433,14432,2255357,932.0,672.0,912.7,549.7,922.35,610.85,0
433,14433,2255358,931.9,671.3,912.6,549.1,922.25,610.2,0
434,14434,2255359,931.9,670.5,912.5,548.3,922.2,609.4,0
434,14435,2255360,931.8,669.7,912.5,547.5,922.15,608.6,0
434,14436,2255361,931.8,669.0,912.5,546.7,922.15,607.85,0
434,14437,2255362,931.8,668.4,912.6,545.9,922.2,607.15,0
434,14438,2255363,931.7,668.2,912.6,545.3,922.15,606.75,0
434,14439,2255364,931.7,667.9,912.6,544.8,922.15,606.35,0
434,14440,2255365,931.5,667.7,912.8,544.5,922.15,606.1,0
434,14441,2255366,931.3,667.6,913.0,544.2,922.15,605.9,0
434,14442,2255367,931.1,667.4,913.3,543.9,922.2,605.65,0
434,14443,2255368,930.8,667.1,913.5,543.6,922.15,605.35,0
434,14444,2255369,930.6,666.8,913.8,543.2,922.2,605.0,0
434,14445,2255370,930.4,666.4,914.1,542.6,922.25,604.5,0
434,14446,2255371,930.2,666.1,914.4,542.0,922.3,604.05,0
434,14447,2255372,930.1,665.9,914.7,541.0,922.4,603.45,0
434,14448,2255373,930.0,665.7,914.8,540.1,922.4,602.9,0
434,14449,2255374,929.9,665.4,915.0,539.3,922.45,602.35,0
434,14450,2255375,929.7,665.2,915.1,538.4,922.4,601.8,0
434,14451,2255376,929.6,665.1,915.2,537.6,922.4,601.35,0
434,14452,2255377,929.4,664.8,915.2,537.2,922.3,601.0,0
434,14453,2255378,929.2,664.6,915.2,536.3,922.2,600.45,0
434,14454,2255379,928.7,664.2,915.1,535.8,921.9,600.0,0
434,14455,2255380,928.2,663.8,915.0,535.3,921.6,599.55,0
434,14456,2255381,927.7,663.5,915.0,534.7,921.35,599.1,0
434,14457,2255382,927.2,663.2,915.1,534.2,921.15,598.7,0
434,14458,2255383,926.8,662.9,915.1,533.7,920.95,598.3,0
434,14459,2255384,926.4,662.7,915.2,533.3,920.8,598.0,0
434,14460,2255385,925.9,662.5,915.3,533.3,920.6,597.9,0
434,14461,2255386,925.9,662.6,915.3,533.5,920.6,598.05,0
434,14462,2255387,925.9,662.9,915.3,533.8,920.6,598.35,0
434,14463,2255388,925.9,663.2,915.2,534.1,920.55,598.65,0
434,14464,2255389,925.8,663.4,915.2,534.4,920.5,598.9,0
434,14465,2255390,925.7,663.7,915.1,534.8,920.4,599.25,0
434,14466,2255391,925.7,664.1,915.0,535.5,920.35,599.8,0
435,14467,2255392,925.5,664.4,914.9,536.1,920.2,600.25,0
435,14468,2255393,925.0,664.7,914.8,537.2,919.9,600.95,0
435,14469,2255394,924.5,665.3,914.8,538.4,919.65,601.85,0
435,14470,2255395,924.0,665.8,914.7,539.8,919.35,602.8,0
435,14471,2255396,923.7,666.7,914.7,541.8,919.2,604.25,0
435,14472,2255397,923.3,668.0,914.5,544.3,918.9,606.15,0
435,14473,2255398,922.8,669.3,914.2,546.7,918.5,608.0,0
435,14474,2255399,922.4,670.5,913.9,549.1,918.15,609.8,0
435,14475,2255400,922.3,672.1,913.7,551.5,918.0,611.8,0
435,14476,2255401,922.3,673.4,912.9,554.8,917.6,614.1,0
435,14477,2255402,922.2,675.1,912.1,557.7,917.15,616.4,0
435,14478,2255403,922.3,676.5,911.1,561.3,916.7,618.9,0
435,14479,2255404,922.7,678.2,909.8,564.5,916.25,621.35,0
435,14480,2255405,923.1,679.9,908.6,568.0,915.85,623.95,0
435,14481,2255406,923.7,682.2,907.3,572.1,915.5,627.15,0
435,14482,2255407,924.2,684.0,905.5,575.3,914.85,629.65,0
435,14483,2255408,924.7,686.2,904.1,578.7,914.4,632.45,0
435,14484,2255409,925.3,687.9,902.5,582.0,913.9,634.95,0
435,14485,2255410,925.8,690.2,901.1,584.1,913.45,637.15,0
435,14486,2255411,925.9,691.8,899.7,586.1,912.8,638.95,0
435,14487,2255412,926.1,693.6,897.7,587.8,911.9,640.7,0
435,14488,2255413,926.4,695.0,895.6,588.9,911.0,641.95,0
435,14489,2255414,926.7,696.5,893.7,589.9,910.2,643.2,0
435,14490,2255415,926.7,698.0,891.8,590.1,909.25,644.05,0
435,14491,2255416,926.6,699.6,890.2,590.3,908.4,644.95,0
435,14492,2255417,926.5,700.7,888.6,591.3,907.55,646.0,0
435,14493,2255418,926.4,701.8,887.8,593.3,907.1,647.55,0
435,14494,2255419,926.2,702.3,887.7,598.9,906.95,650.6,0
435,14495,2255420,926.0,702.8,888.6,607.1,907.3,654.95,0
435,14496,2255421,926.0,703.2,889.8,620.0,907.9,661.6,0
435,14497,2255422,926.6,703.2,890.7,640.7,908.65,671.95,0
435,14498,2255423,927.2,705.0,890.6,674.5,908.9,689.75,0
435,14499,2255424,928.1,707.2,889.7,718.5,908.9,712.85,0
435,14500,2255425,929.3,715.0,887.1,780.8,908.2,747.9,0
436,14501,2255426,931.5,727.0,883.1,848.7,907.3,787.85,0
436,14502,2255427,934.2,745.7,881.4,922.7,907.8,834.2,0
436,14503,2255428,936.3,775.9,879.3,991.2,907.8,883.55,0
436,14504,2255429,937.2,811.7,877.3,1050.9,907.25,931.3,0
436,14505,2255430,936.5,860.0,789.0,1139.9,862.75,999.95,0
436,14506,2255431,931.8,914.4,693.7,1217.2,812.75,1065.8,0
436,14507,2255432,925.6,969.1,594.3,1276.0,759.95,1122.55,0
436,14508,2255433,916.3,1028.5,974.2,1370.2,945.25,1199.35,0
436,14509,2255434,905.3,1082.5,1361.4,1431.3,1133.35,1256.9,0
436,14510,2255435,867.0,1126.7,1754.6,1442.6,1310.8,1284.65,0
436,14511,2255436,791.6,1195.5,2144.1,1389.9,1467.85,1292.7,0
436,14512,2255437,653.9,1292.0,2424.9,1291.8,1539.4,1291.9,0
436,14513,2255438,452.2,1388.3,2768.1,1089.8,1610.15,1239.05,0
436,14514,2255439,180.3,1502.3,3149.0,634.2,1664.65,1068.25,0
436,14515,2255440,-191.1,1645.9,3164.9,627.7,1486.9,1136.8,0
436,14516,2255441,NaN,NaN,3166.9,627.1,3166.9,627.1,0
436,14517,2255442,NaN,NaN,3168.6,626.5,3168.6,626.5,0
436,14518,2255443,NaN,NaN,NaN,NaN,NaN,NaN,0
436,14519,2255444,NaN,NaN,NaN,NaN,NaN,NaN,0
436,14520,2255445,NaN,NaN,NaN,NaN,NaN,NaN,0
436,14521,2255446,NaN,NaN,NaN,NaN,NaN,NaN,0
436,14522,2255447,NaN,NaN,NaN,NaN,NaN,NaN,0
436,14523,2255448,NaN,NaN,NaN,NaN,NaN,NaN,0
436,14524,2255449,NaN,NaN,NaN,NaN,NaN,NaN,0
436,14525,2255450,NaN,NaN,NaN,NaN,NaN,NaN,0
436,14526,2255451,NaN,NaN,NaN,NaN,NaN,NaN,0
436,14527,2255452,NaN,NaN,NaN,NaN,NaN,NaN,0
436,14528,2255453,NaN,NaN,NaN,NaN,NaN,NaN,0
436,14529,2255454,NaN,NaN,NaN,NaN,NaN,NaN,0
436,14530,2255455,NaN,NaN,NaN,NaN,NaN,NaN,0
436,14531,2255456,NaN,NaN,NaN,NaN,NaN,NaN,0
436,14532,2255457,NaN,NaN,NaN,NaN,NaN,NaN,0
436,14533,2255458,NaN,NaN,NaN,NaN,NaN,NaN,0
437,14534,2255459,NaN,NaN,NaN,NaN,NaN,NaN,0
437,14535,2255460,NaN,NaN,NaN,NaN,NaN,NaN,0
437,14536,2255461,NaN,NaN,NaN,NaN,NaN,NaN,0
437,14537,2255462,NaN,NaN,NaN,NaN,NaN,NaN,0
437,14538,2255463,NaN,NaN,NaN,NaN,NaN,NaN,0
437,14539,2255464,NaN,NaN,NaN,NaN,NaN,NaN,0
437,14540,2255465,NaN,NaN,NaN,NaN,NaN,NaN,0
437,14541,2255466,NaN,NaN,NaN,NaN,NaN,NaN,0
437,14542,2255467,NaN,NaN,NaN,NaN,NaN,NaN,0
437,14543,2255468,NaN,NaN,NaN,NaN,NaN,NaN,0
437,14544,2255469,NaN,NaN,NaN,NaN,NaN,NaN,0
437,14545,2255470,NaN,NaN,NaN,NaN,NaN,NaN,0
437,14546,2255471,NaN,NaN,NaN,NaN,NaN,NaN,0
437,14547,2255472,NaN,NaN,NaN,NaN,NaN,NaN,0
437,14548,2255473,NaN,NaN,NaN,NaN,NaN,NaN,0
437,14549,2255474,NaN,NaN,NaN,NaN,NaN,NaN,0
437,14550,2255475,NaN,NaN,NaN,NaN,NaN,NaN,0
437,14551,2255476,NaN,NaN,NaN,NaN,NaN,NaN,0
437,14552,2255477,NaN,NaN,NaN,NaN,NaN,NaN,0
437,14553,2255478,NaN,NaN,NaN,NaN,NaN,NaN,0
437,14554,2255479,NaN,NaN,NaN,NaN,NaN,NaN,0
437,14555,2255480,NaN,NaN,NaN,NaN,NaN,NaN,0
437,14556,2255481,NaN,NaN,NaN,NaN,NaN,NaN,0
437,14557,2255482,NaN,NaN,NaN,NaN,NaN,NaN,0
437,14558,2255483,NaN,NaN,NaN,NaN,NaN,NaN,0
437,14559,2255484,NaN,NaN,NaN,NaN,NaN,NaN,0
437,14560,2255485,NaN,NaN,NaN,NaN,NaN,NaN,0
437,14561,2255486,NaN,NaN,NaN,NaN,NaN,NaN,0
437,14562,2255487,NaN,NaN,NaN,NaN,NaN,NaN,0
437,14563,2255488,NaN,NaN,NaN,NaN,NaN,NaN,0
437,14564,2255489,NaN,NaN,NaN,NaN,NaN,NaN,0
437,14565,2255490,NaN,NaN,NaN,NaN,NaN,NaN,0
437,14566,2255491,NaN,NaN,NaN,NaN,NaN,NaN,0
438,14567,2255492,NaN,NaN,NaN,NaN,NaN,NaN,0
438,14568,2255493,NaN,NaN,NaN,NaN,NaN,NaN,0
438,14569,2255494,NaN,NaN,NaN,NaN,NaN,NaN,0
438,14570,2255495,NaN,NaN,NaN,NaN,NaN,NaN,0
438,14571,2255496,NaN,NaN,NaN,NaN,NaN,NaN,0
438,14572,2255497,NaN,NaN,NaN,NaN,NaN,NaN,0
438,14573,2255498,NaN,NaN,NaN,NaN,NaN,NaN,0
438,14574,2255499,NaN,NaN,NaN,NaN,NaN,NaN,0
438,14575,2255500,NaN,NaN,NaN,NaN,NaN,NaN,0
438,14576,2255501,NaN,NaN,NaN,NaN,NaN,NaN,0
438,14577,2255502,NaN,NaN,NaN,NaN,NaN,NaN,0
438,14578,2255503,NaN,NaN,NaN,NaN,NaN,NaN,0
438,14579,2255504,NaN,NaN,NaN,NaN,NaN,NaN,0
438,14580,2255505,NaN,NaN,NaN,NaN,NaN,NaN,0
438,14581,2255506,NaN,NaN,NaN,NaN,NaN,NaN,0
438,14582,2255507,NaN,NaN,NaN,NaN,NaN,NaN,0
438,14583,2255508,-962.9,1545.6,NaN,NaN,-962.9,1545.6,0
438,14584,2255509,-420.2,1400.8,NaN,NaN,-420.2,1400.8,0
438,14585,2255510,-113.6,1383.1,NaN,NaN,-113.6,1383.1,0
438,14586,2255511,126.1,1362.6,NaN,NaN,126.1,1362.6,0
438,14587,2255512,326.4,1336.3,NaN,NaN,326.4,1336.3,0
438,14588,2255513,534.3,1301.6,NaN,NaN,534.3,1301.6,0
438,14589,2255514,603.7,1272.5,NaN,NaN,603.7,1272.5,0
438,14590,2255515,669.3,1244.7,NaN,NaN,669.3,1244.7,0
438,14591,2255516,739.7,1217.3,NaN,NaN,739.7,1217.3,0
438,14592,2255517,804.1,1185.2,NaN,NaN,804.1,1185.2,0
438,14593,2255518,866.0,1153.2,NaN,NaN,866.0,1153.2,0
438,14594,2255519,925.0,1125.7,NaN,NaN,925.0,1125.7,0
438,14595,2255520,943.2,1104.5,NaN,NaN,943.2,1104.5,0
438,14596,2255521,955.9,1085.0,NaN,NaN,955.9,1085.0,0
438,14597,2255522,968.3,1064.5,NaN,NaN,968.3,1064.5,0
438,14598,2255523,973.0,1044.3,NaN,NaN,973.0,1044.3,0
438,14599,2255524,976.0,1028.1,NaN,NaN,976.0,1028.1,0
438,14600,2255525,978.2,1012.7,NaN,NaN,978.2,1012.7,0
439,14601,2255526,980.3,995.2,NaN,NaN,980.3,995.2,0
439,14602,2255527,981.2,979.2,NaN,NaN,981.2,979.2,0
439,14603,2255528,982.7,962.9,NaN,NaN,982.7,962.9,0
439,14604,2255529,985.2,938.3,NaN,NaN,985.2,938.3,0
439,14605,2255530,988.0,911.7,NaN,NaN,988.0,911.7,0
439,14606,2255531,992.1,885.2,NaN,NaN,992.1,885.2,0
439,14607,2255532,996.2,858.5,NaN,NaN,996.2,858.5,0
439,14608,2255533,1000.0,830.2,NaN,NaN,1000.0,830.2,0
439,14609,2255534,1003.0,801.9,NaN,NaN,1003.0,801.9,0
439,14610,2255535,1004.9,775.6,NaN,NaN,1004.9,775.6,0
439,14611,2255536,1006.3,756.2,NaN,NaN,1006.3,756.2,0
439,14612,2255537,1007.1,740.7,NaN,NaN,1007.1,740.7,0
439,14613,2255538,1006.6,726.4,NaN,NaN,1006.6,726.4,0
439,14614,2255539,1005.9,712.4,NaN,NaN,1005.9,712.4,0
439,14615,2255540,1005.3,700.9,NaN,NaN,1005.3,700.9,0
439,14616,2255541,1004.8,691.6,NaN,NaN,1004.8,691.6,0
439,14617,2255542,1004.4,682.2,NaN,NaN,1004.4,682.2,0
439,14618,2255543,1003.9,674.0,2755.5,-339.9,1879.7,167.05,0
439,14619,2255544,1003.4,665.6,2673.2,215.9,1838.3,440.75,0
439,14620,2255545,1003.1,657.0,2433.4,591.0,1718.25,624.0,0
439,14621,2255546,1002.8,650.3,2056.3,790.0,1529.55,720.15,0
439,14622,2255547,1002.3,646.1,1577.1,833.7,1289.7,739.9,0
439,14623,2255548,1001.9,641.7,1036.8,778.8,1019.35,710.25,0
439,14624,2255549,1001.4,635.3,1032.0,757.5,1016.7,696.4,0
439,14625,2255550,1000.6,631.2,1027.3,736.2,1013.95,683.7,0
439,14626,2255551,999.8,627.2,1022.1,713.4,1010.95,670.3,0
439,14627,2255552,999.1,623.2,1017.0,684.7,1008.05,653.95,0
439,14628,2255553,998.3,619.3,1014.8,655.6,1006.55,637.45,0
439,14629,2255554,997.7,615.4,1012.6,639.3,1005.15,627.35,0
439,14630,2255555,997.1,611.8,1011.0,628.2,1004.05,620.0,0
439,14631,2255556,996.6,610.2,1010.2,613.1,1003.4,611.65,0
439,14632,2255557,996.4,609.3,1009.3,597.7,1002.85,603.5,0
439,14633,2255558,996.0,608.7,1008.9,583.4,1002.45,596.05,0
440,14634,2255559,995.5,608.5,1008.3,572.4,1001.9,590.45,0
440,14635,2255560,995.0,609.2,1007.5,565.2,1001.25,587.2,0
440,14636,2255561,994.3,610.0,1007.1,555.6,1000.7,582.8,0
440,14637,2255562,993.7,610.7,1006.6,544.3,1000.15,577.5,0
440,14638,2255563,992.5,611.5,1005.6,535.2,999.05,573.35,0
440,14639,2255564,991.3,612.1,1004.7,526.5,998.0,569.3,0
440,14640,2255565,990.2,612.6,1003.9,517.8,997.05,565.2,0
440,14641,2255566,989.2,612.9,1003.0,510.5,996.1,561.7,0
440,14642,2255567,988.1,613.0,1001.9,501.2,995.0,557.1,0
440,14643,2255568,987.2,613.5,1000.8,494.5,994.0,554.0,0
440,14644,2255569,986.3,614.6,999.8,489.3,993.05,551.95,0
440,14645,2255570,985.9,615.6,999.3,485.8,992.6,550.7,0
440,14646,2255571,985.6,616.4,998.7,481.5,992.15,548.95,0
440,14647,2255572,985.4,617.2,998.2,476.4,991.8,546.8,0
440,14648,2255573,985.1,617.9,997.7,472.1,991.4,545.0,0
440,14649,2255574,984.9,618.6,997.7,469.6,991.3,544.1,0
440,14650,2255575,984.8,619.0,997.7,467.2,991.25,543.1,0
440,14651,2255576,984.7,619.0,997.4,463.9,991.05,541.45,0
440,14652,2255577,984.6,619.2,996.9,459.9,990.75,539.55,0
440,14653,2255578,984.4,620.5,996.3,456.7,990.35,538.6,0
440,14654,2255579,984.4,621.9,995.7,454.8,990.05,538.35,0
440,14655,2255580,984.3,623.3,995.1,453.2,989.7,538.25,0
440,14656,2255581,984.3,625.0,994.5,451.7,989.4,538.35,0
440,14657,2255582,984.3,626.6,994.0,450.3,989.15,538.45,0
440,14658,2255583,984.3,628.5,993.6,449.8,988.95,539.15,0
440,14659,2255584,984.5,630.2,993.1,450.2,988.8,540.2,0
440,14660,2255585,984.6,631.0,992.6,450.7,988.6,540.85,0
440,14661,2255586,984.8,631.9,992.1,451.3,988.45,541.6,0
440,14662,2255587,985.2,632.8,991.6,452.0,988.4,542.4,0
440,14663,2255588,985.5,633.5,990.5,452.7,988.0,543.1,0
440,14664,2255589,985.8,634.2,989.5,453.3,987.65,543.75,0
440,14665,2255590,986.2,634.3,988.4,453.9,987.3,544.1,0
440,14666,2255591,986.6,634.6,987.6,454.6,987.1,544.6,0
441,14667,2255592,987.1,634.9,986.8,455.8,986.95,545.35,0
441,14668,2255593,987.6,635.4,985.9,456.8,986.75,546.1,0
441,14669,2255594,988.0,636.0,985.1,458.2,986.55,547.1,0
441,14670,2255595,988.5,636.4,984.9,459.8,986.7,548.1,0
441,14671,2255596,989.2,636.9,984.7,461.5,986.95,549.2,0
441,14672,2255597,990.2,637.5,984.5,463.2,987.35,550.35,0
441,14673,2255598,991.1,638.0,984.5,464.6,987.8,551.3,0
441,14674,2255599,991.8,638.4,984.5,465.5,988.15,551.95,0
441,14675,2255600,992.7,638.4,984.5,466.7,988.6,552.55,0
441,14676,2255601,993.6,638.4,984.5,467.6,989.05,553.0,0
441,14677,2255602,994.6,638.4,984.3,468.0,989.45,553.2,0
441,14678,2255603,995.4,638.2,984.1,468.8,989.75,553.5,0
441,14679,2255604,995.9,638.0,983.9,469.8,989.9,553.9,0
441,14680,2255605,996.4,637.8,983.8,471.0,990.1,554.4,0
441,14681,2255606,996.9,637.6,983.6,472.5,990.25,555.05,0
441,14682,2255607,997.6,637.3,983.5,473.8,990.55,555.55,0
441,14683,2255608,998.1,637.3,983.4,475.0,990.75,556.15,0
441,14684,2255609,998.5,637.2,983.5,476.2,991.0,556.7,0
441,14685,2255610,998.7,637.4,983.6,477.3,991.15,557.35,0
441,14686,2255611,998.8,637.6,983.7,478.2,991.25,557.9,0
441,14687,2255612,998.9,637.8,983.8,479.0,991.35,558.4,0
441,14688,2255613,999.0,637.9,984.0,479.4,991.5,558.65,0
441,14689,2255614,998.7,638.0,984.0,479.9,991.35,558.95,0
441,14690,2255615,998.4,638.0,984.1,480.3,991.25,559.15,0
441,14691,2255616,998.2,637.9,984.0,480.7,991.1,559.3,0
441,14692,2255617,998.0,637.6,984.0,480.9,991.0,559.25,0
441,14693,2255618,997.9,637.1,984.1,480.9,991.0,559.0,0
441,14694,2255619,997.8,636.6,984.1,481.4,990.95,559.0,0
441,14695,2255620,997.7,636.1,984.2,481.8,990.95,558.95,0
441,14696,2255621,997.6,635.6,984.4,482.6,991.0,559.1,0
441,14697,2255622,997.6,635.2,984.5,483.4,991.05,559.3,0
441,14698,2255623,997.6,634.5,984.7,484.4,991.15,559.45,0
441,14699,2255624,997.5,633.6,984.8,485.3,991.15,559.45,0
441,14700,2255625,997.4,632.8,984.8,486.2,991.1,559.5,0
442,14701,2255626,997.2,632.1,984.7,486.8,990.95,559.45,0
442,14702,2255627,996.7,631.5,984.6,487.4,990.65,559.45,0
442,14703,2255628,996.3,630.8,984.4,487.6,990.35,559.2,0
442,14704,2255629,995.9,630.2,984.2,488.0,990.05,559.1,0
442,14705,2255630,995.4,629.7,984.1,488.2,989.75,558.95,0
442,14706,2255631,995.0,629.5,983.9,488.9,989.45,559.2,0
442,14707,2255632,994.7,629.3,983.7,489.5,989.2,559.4,0
442,14708,2255633,994.3,628.9,983.6,490.2,988.95,559.55,0
442,14709,2255634,994.0,628.6,983.6,490.8,988.8,559.7,0
442,14710,2255635,993.6,628.0,983.5,491.3,988.55,559.65,0
442,14711,2255636,993.3,627.5,983.5,491.8,988.4,559.65,0
442,14712,2255637,992.9,627.1,983.5,492.3,988.2,559.7,0
442,14713,2255638,992.5,626.8,983.5,492.4,988.0,559.6,0
442,14714,2255639,991.9,626.5,983.4,492.4,987.65,559.45,0
442,14715,2255640,991.3,626.5,983.4,492.3,987.35,559.4,0
442,14716,2255641,991.1,626.5,983.4,492.2,987.25,559.35,0
442,14717,2255642,990.8,626.6,983.4,492.1,987.1,559.35,0
442,14718,2255643,990.6,626.7,983.5,491.9,987.05,559.3,0
442,14719,2255644,990.2,626.7,983.6,491.7,986.9,559.2,0
442,14720,2255645,989.7,626.5,983.8,491.5,986.75,559.0,0
442,14721,2255646,989.5,625.9,983.9,491.3,986.7,558.6,0
442,14722,2255647,989.2,625.2,984.0,491.1,986.6,558.15,0
442,14723,2255648,988.9,624.5,984.2,491.0,986.55,557.75,0
442,14724,2255649,988.6,623.7,984.4,490.7,986.5,557.2,0
442,14725,2255650,988.3,623.0,984.6,490.4,986.45,556.7,0
442,14726,2255651,988.2,622.3,984.8,489.5,986.5,555.9,0
442,14727,2255652,987.9,621.7,985.1,488.6,986.5,555.15,0
442,14728,2255653,987.6,621.4,985.3,487.8,986.45,554.6,0
442,14729,2255654,987.3,621.2,985.6,486.5,986.45,553.85,0
442,14730,2255655,987.0,621.0,985.9,485.1,986.45,553.05,0
442,14731,2255656,986.8,621.0,986.0,483.6,986.4,552.3,0
442,14732,2255657,986.5,621.0,986.2,482.3,986.35,551.65,0
442,14733,2255658,986.2,621.0,986.3,481.4,986.25,551.2,0
443,14734,2255659,986.0,621.1,986.3,480.5,986.15,550.8,0
443,14735,2255660,985.7,621.0,986.2,479.4,985.95,550.2,0
443,14736,2255661,985.4,620.8,986.1,478.3,985.75,549.55,0
443,14737,2255662,985.0,620.7,986.0,477.2,985.5,548.95,0
443,14738,2255663,984.6,620.4,985.9,476.4,985.25,548.4,0
443,14739,2255664,984.2,620.1,985.7,475.5,984.95,547.8,0
443,14740,2255665,983.8,619.8,985.6,474.5,984.7,547.15,0
443,14741,2255666,983.6,619.5,985.5,473.5,984.55,546.5,0
443,14742,2255667,983.6,619.4,985.5,472.5,984.55,545.95,0
443,14743,2255668,983.8,619.1,985.5,472.2,984.65,545.65,0
443,14744,2255669,984.2,618.9,985.5,471.7,984.85,545.3,0
443,14745,2255670,984.6,618.7,985.4,471.2,985.0,544.95,0
443,14746,2255671,985.1,618.6,985.2,470.8,985.15,544.7,0
443,14747,2255672,985.5,618.5,985.0,470.4,985.25,544.45,0
443,14748,2255673,986.0,618.5,984.8,470.3,985.4,544.4,0
443,14749,2255674,986.4,618.6,984.6,470.1,985.5,544.35,0
443,14750,2255675,986.6,619.0,984.4,469.9,985.5,544.45,0
443,14751,2255676,986.8,619.5,984.2,469.7,985.5,544.6,0
443,14752,2255677,987.0,620.0,984.2,469.5,985.6,544.75,0
443,14753,2255678,987.2,620.5,984.3,469.3,985.75,544.9,0
443,14754,2255679,987.4,621.2,984.6,469.1,986.0,545.15,0
443,14755,2255680,987.6,621.9,985.1,468.9,986.35,545.4,0
443,14756,2255681,987.8,622.5,985.7,468.7,986.75,545.6,0
443,14757,2255682,987.9,623.0,986.3,468.4,987.1,545.7,0
443,14758,2255683,988.1,623.3,986.9,468.2,987.5,545.75,0
443,14759,2255684,988.2,623.6,987.5,468.0,987.85,545.8,0
443,14760,2255685,988.3,624.1,987.9,467.9,988.1,546.0,0
443,14761,2255686,988.4,624.4,988.3,467.7,988.35,546.05,0
443,14762,2255687,988.5,624.7,988.4,467.6,988.45,546.15,0
443,14763,2255688,988.5,625.2,988.5,467.4,988.5,546.3,0
443,14764,2255689,988.5,625.7,988.0,467.2,988.25,546.45,0
443,14765,2255690,988.5,626.2,987.6,467.1,988.05,546.65,0
443,14766,2255691,988.6,626.7,987.1,467.0,987.85,546.85,0
444,14767,2255692,988.6,627.1,986.6,467.0,987.6,547.05,0
444,14768,2255693,988.7,627.5,986.0,467.0,987.35,547.25,0
444,14769,2255694,988.7,627.9,985.4,467.0,987.05,547.45,0
444,14770,2255695,988.7,628.1,984.8,467.2,986.75,547.65,0
444,14771,2255696,989.1,628.5,984.4,467.3,986.75,547.9,0
444,14772,2255697,989.4,629.0,983.9,468.0,986.65,548.5,0
444,14773,2255698,989.9,629.4,983.5,468.6,986.7,549.0,0
444,14774,2255699,990.5,629.9,983.1,469.1,986.8,549.5,0
444,14775,2255700,991.3,630.3,982.6,469.6,986.95,549.95,0
444,14776,2255701,992.0,630.7,981.7,470.1,986.85,550.4,0
444,14777,2255702,993.0,631.0,980.9,470.7,986.95,550.85,0
444,14778,2255703,993.8,630.9,980.3,471.7,987.05,551.3,0
444,14779,2255704,994.7,630.9,979.7,472.1,987.2,551.5,0
444,14780,2255705,995.4,630.9,979.2,472.6,987.3,551.75,0
444,14781,2255706,996.1,631.3,978.6,473.0,987.35,552.15,0
444,14782,2255707,996.8,631.8,978.0,473.4,987.4,552.6,0
444,14783,2255708,997.6,632.2,978.0,473.7,987.8,552.95,0
444,14784,2255709,998.0,632.8,977.9,473.9,987.95,553.35,0
444,14785,2255710,998.4,633.5,977.8,473.8,988.1,553.65,0
444,14786,2255711,998.8,634.1,977.7,473.8,988.25,553.95,0
444,14787,2255712,999.1,634.7,977.5,473.7,988.3,554.2,0
444,14788,2255713,999.3,635.0,977.2,473.6,988.25,554.3,0
444,14789,2255714,999.4,635.4,976.5,473.6,987.95,554.5,0
444,14790,2255715,999.4,635.9,975.9,473.5,987.65,554.7,0
444,14791,2255716,999.5,636.1,975.4,473.5,987.45,554.8,0
444,14792,2255717,999.5,636.5,974.8,473.4,987.15,554.95,0
444,14793,2255718,999.4,636.9,974.2,473.2,986.8,555.05,0
444,14794,2255719,999.1,637.2,973.8,473.1,986.45,555.15,0
444,14795,2255720,998.8,637.4,973.6,473.0,986.2,555.2,0
444,14796,2255721,998.3,637.4,973.7,473.1,986.0,555.25,0
444,14797,2255722,997.8,637.4,974.1,473.2,985.95,555.3,0
444,14798,2255723,997.4,637.1,974.5,473.6,985.95,555.35,0
444,14799,2255724,997.0,636.6,974.9,474.0,985.95,555.3,0
444,14800,2255725,996.6,636.2,975.3,474.4,985.95,555.3,0
445,14801,2255726,996.5,635.8,975.6,474.9,986.05,555.35,0
445,14802,2255727,996.5,635.4,975.9,475.5,986.2,555.45,0
445,14803,2255728,996.9,635.1,976.1,476.3,986.5,555.7,0
445,14804,2255729,997.4,634.8,976.1,477.1,986.75,555.95,0
445,14805,2255730,998.0,634.7,976.0,477.7,987.0,556.2,0
445,14806,2255731,998.5,634.6,975.9,478.3,987.2,556.45,0
445,14807,2255732,999.0,634.6,975.7,478.9,987.35,556.75,0
445,14808,2255733,999.4,634.6,975.1,479.4,987.25,557.0,0
445,14809,2255734,999.9,634.9,974.5,480.1,987.2,557.5,0
445,14810,2255735,1000.0,635.1,973.8,480.3,986.9,557.7,0
445,14811,2255736,1000.0,635.4,973.2,480.4,986.6,557.9,0
445,14812,2255737,1000.0,635.8,972.0,480.4,986.0,558.1,0
445,14813,2255738,1000.0,636.4,971.0,480.5,985.5,558.45,0
445,14814,2255739,1000.0,637.1,970.0,480.5,985.0,558.8,0
445,14815,2255740,1000.0,637.8,969.4,480.5,984.7,559.15,0
445,14816,2255741,1000.1,638.4,968.8,480.4,984.45,559.4,0
445,14817,2255742,1000.1,639.0,968.2,480.3,984.15,559.65,0
445,14818,2255743,1000.2,639.6,967.7,480.2,983.95,559.9,0
445,14819,2255744,1000.2,640.1,967.7,480.1,983.95,560.1,0
445,14820,2255745,1000.2,640.4,967.6,480.2,983.9,560.3,0
445,14821,2255746,1000.2,640.6,967.6,480.3,983.9,560.45,0
445,14822,2255747,1000.2,640.7,967.5,480.5,983.85,560.6,0
445,14823,2255748,1000.1,640.7,967.4,480.9,983.75,560.8,0
445,14824,2255749,1000.1,640.7,967.2,481.3,983.65,561.0,0
445,14825,2255750,1000.1,640.6,966.9,481.7,983.5,561.15,0
445,14826,2255751,1000.0,640.6,966.7,482.1,983.35,561.35,0
445,14827,2255752,1000.0,641.0,966.4,482.9,983.2,561.95,0
445,14828,2255753,1000.0,641.3,966.2,483.6,983.1,562.45,0
445,14829,2255754,999.7,641.7,966.1,484.0,982.9,562.85,0
445,14830,2255755,999.4,642.1,966.0,484.4,982.7,563.25,0
445,14831,2255756,999.0,642.5,965.9,484.7,982.45,563.6,0
445,14832,2255757,998.6,642.9,966.0,485.0,982.3,563.95,0
445,14833,2255758,998.1,643.4,966.1,485.3,982.1,564.35,0
446,14834,2255759,997.6,643.5,966.2,485.3,981.9,564.4,0
446,14835,2255760,997.1,643.7,966.4,485.3,981.75,564.5,0
446,14836,2255761,996.9,643.8,966.4,485.5,981.65,564.65,0
446,14837,2255762,996.5,644.0,966.5,485.7,981.5,564.85,0
446,14838,2255763,996.0,644.4,966.6,485.8,981.3,565.1,0
446,14839,2255764,995.7,644.9,966.8,486.0,981.25,565.45,0
446,14840,2255765,995.4,645.1,967.0,486.0,981.2,565.55,0
446,14841,2255766,995.1,645.4,967.2,486.0,981.15,565.7,0
446,14842,2255767,994.8,645.5,967.4,485.9,981.1,565.7,0
446,14843,2255768,994.5,645.7,967.5,485.8,981.0,565.75,0
446,14844,2255769,994.4,645.8,967.4,485.6,980.9,565.7,0
446,14845,2255770,994.3,645.8,967.2,485.5,980.75,565.65,0
446,14846,2255771,994.1,645.7,966.9,485.4,980.5,565.55,0
446,14847,2255772,993.9,645.7,966.5,485.5,980.2,565.6,0
446,14848,2255773,993.7,645.5,966.1,485.6,979.9,565.55,0
446,14849,2255774,993.5,645.4,965.6,485.6,979.55,565.5,0
446,14850,2255775,993.2,645.3,965.2,485.7,979.2,565.5,0
446,14851,2255776,992.9,645.2,964.9,485.7,978.9,565.45,0
446,14852,2255777,992.6,645.1,964.7,485.8,978.65,565.45,0
446,14853,2255778,992.3,644.9,964.5,485.9,978.4,565.4,0
446,14854,2255779,991.9,644.7,964.4,486.0,978.15,565.35,0
446,14855,2255780,991.6,644.6,964.3,486.1,977.95,565.35,0
446,14856,2255781,991.1,644.5,964.2,486.1,977.65,565.3,0
446,14857,2255782,990.6,644.4,964.3,486.0,977.45,565.2,0
446,14858,2255783,990.2,644.2,964.4,486.0,977.3,565.1,0
446,14859,2255784,989.7,643.9,964.4,485.9,977.05,564.9,0
446,14860,2255785,989.3,643.3,964.4,485.8,976.85,564.55,0
446,14861,2255786,988.8,642.8,964.4,485.7,976.6,564.25,0
446,14862,2255787,988.2,642.3,964.4,485.7,976.3,564.0,0
446,14863,2255788,987.9,642.0,964.2,485.9,976.05,563.95,0
446,14864,2255789,987.6,641.6,963.9,486.0,975.75,563.8,0
446,14865,2255790,987.3,641.4,963.6,486.2,975.45,563.8,0
446,14866,2255791,986.9,641.3,963.4,486.4,975.15,563.85,0
447,14867,2255792,986.6,641.6,963.3,486.5,974.95,564.05,0
447,14868,2255793,986.4,641.8,963.3,486.7,974.85,564.25,0
447,14869,2255794,986.2,642.0,963.3,486.8,974.75,564.4,0
447,14870,2255795,986.1,642.1,963.5,486.8,974.8,564.45,0
447,14871,2255796,986.0,642.2,963.8,486.9,974.9,564.55,0
447,14872,2255797,985.7,642.3,964.1,487.0,974.9,564.65,0
447,14873,2255798,985.5,642.3,964.4,487.1,974.95,564.7,0
447,14874,2255799,985.0,642.4,964.6,487.3,974.8,564.85,0
447,14875,2255800,984.6,642.4,964.8,487.5,974.7,564.95,0
447,14876,2255801,984.0,642.4,965.0,487.6,974.5,565.0,0
447,14877,2255802,983.4,642.5,965.0,487.8,974.2,565.15,0
447,14878,2255803,982.9,642.5,964.9,487.9,973.9,565.2,0
447,14879,2255804,982.6,642.3,964.8,487.9,973.7,565.1,0
447,14880,2255805,982.5,641.9,964.6,488.1,973.55,565.0,0
447,14881,2255806,982.6,641.5,964.4,488.4,973.5,564.95,0
447,14882,2255807,982.8,641.1,964.2,488.7,973.5,564.9,0
447,14883,2255808,983.1,640.6,964.2,489.4,973.65,565.0,0
447,14884,2255809,983.4,640.1,964.1,490.0,973.75,565.05,0
447,14885,2255810,983.8,639.6,964.0,491.3,973.9,565.45,0
447,14886,2255811,984.1,639.3,963.9,492.6,974.0,565.95,0
447,14887,2255812,984.2,639.1,963.8,493.7,974.0,566.4,0
447,14888,2255813,984.3,638.9,963.8,494.3,974.05,566.6,0
447,14889,2255814,984.4,638.5,963.7,494.8,974.05,566.65,0
447,14890,2255815,984.4,638.1,963.6,495.0,974.0,566.55,0
447,14891,2255816,984.5,637.7,963.5,495.3,974.0,566.5,0
447,14892,2255817,984.4,637.3,963.4,495.1,973.9,566.2,0
447,14893,2255818,984.3,636.8,963.3,495.0,973.8,565.9,0
447,14894,2255819,984.2,636.4,963.2,495.1,973.7,565.75,0
447,14895,2255820,984.0,635.9,963.2,495.6,973.6,565.75,0
447,14896,2255821,983.8,635.5,963.1,496.1,973.45,565.8,0
447,14897,2255822,983.6,635.1,963.1,496.7,973.35,565.9,0
447,14898,2255823,983.4,634.5,963.1,497.2,973.25,565.85,0
447,14899,2255824,983.1,633.9,963.2,497.6,973.15,565.75,0
447,14900,2255825,982.8,633.4,963.2,498.0,973.0,565.7,0
448,14901,2255826,982.5,632.8,963.4,498.2,972.95,565.5,0
448,14902,2255827,982.2,632.4,963.6,498.6,972.9,565.5,0
448,14903,2255828,981.9,632.2,963.8,499.0,972.85,565.6,0
448,14904,2255829,981.6,631.9,963.9,499.3,972.75,565.6,0
448,14905,2255830,981.2,631.9,964.1,499.7,972.65,565.8,0
448,14906,2255831,981.0,631.8,964.1,500.1,972.55,565.95,0
448,14907,2255832,980.8,631.7,964.1,500.9,972.45,566.3,0
448,14908,2255833,980.6,631.8,964.0,501.7,972.3,566.75,0
448,14909,2255834,980.4,632.0,963.9,502.4,972.15,567.2,0
448,14910,2255835,980.3,632.1,963.8,503.2,972.05,567.65,0
448,14911,2255836,980.3,632.2,963.8,504.0,972.05,568.1,0
448,14912,2255837,980.4,632.2,963.7,504.7,972.05,568.45,0
448,14913,2255838,980.5,631.7,963.8,505.4,972.15,568.55,0
448,14914,2255839,980.6,631.3,963.8,505.7,972.2,568.5,0
448,14915,2255840,980.7,630.7,963.8,506.0,972.25,568.35,0
448,14916,2255841,980.8,630.1,963.9,506.2,972.35,568.15,0
448,14917,2255842,980.9,629.6,964.0,506.7,972.45,568.15,0
448,14918,2255843,980.8,629.0,964.2,507.2,972.5,568.1,0
448,14919,2255844,980.8,628.6,964.5,507.9,972.65,568.25,0
448,14920,2255845,980.7,628.6,964.7,508.5,972.7,568.55,0
448,14921,2255846,980.7,628.5,964.8,509.0,972.75,568.75,0
448,14922,2255847,980.5,628.5,965.0,509.7,972.75,569.1,0
448,14923,2255848,980.4,628.4,964.9,510.6,972.65,569.5,0
448,14924,2255849,980.4,628.3,964.6,511.6,972.5,569.95,0
448,14925,2255850,980.4,628.3,964.3,512.9,972.35,570.6,0
448,14926,2255851,980.4,628.2,963.9,514.0,972.15,571.1,0
448,14927,2255852,980.5,628.2,963.5,515.1,972.0,571.65,0
448,14928,2255853,980.5,628.2,963.1,516.1,971.8,572.15,0
448,14929,2255854,980.6,628.3,962.9,517.1,971.75,572.7,0
448,14930,2255855,980.6,628.5,962.8,517.8,971.7,573.15,0
448,14931,2255856,980.6,628.7,962.9,518.1,971.75,573.4,0
448,14932,2255857,980.6,628.9,963.0,518.3,971.8,573.6,0
448,14933,2255858,980.6,629.1,963.0,518.8,971.8,573.95,0
449,14934,2255859,980.6,629.5,963.1,519.5,971.85,574.5,0
449,14935,2255860,980.5,629.8,963.1,520.2,971.8,575.0,0
449,14936,2255861,980.5,630.0,963.1,521.2,971.8,575.6,0
449,14937,2255862,980.5,630.2,962.9,522.2,971.7,576.2,0
449,14938,2255863,980.5,630.3,962.8,523.3,971.65,576.8,0
449,14939,2255864,980.5,630.5,962.7,524.3,971.6,577.4,0
449,14940,2255865,980.6,630.6,962.5,525.0,971.55,577.8,0
449,14941,2255866,980.8,630.7,962.3,525.5,971.55,578.1,0
449,14942,2255867,980.9,630.9,962.1,526.0,971.5,578.45,0
449,14943,2255868,981.0,631.6,961.9,525.9,971.45,578.75,0
449,14944,2255869,981.1,632.4,961.8,525.9,971.45,579.15,0
449,14945,2255870,981.1,633.1,961.6,525.7,971.35,579.4,0
449,14946,2255871,981.2,633.8,961.5,525.5,971.35,579.65,0
449,14947,2255872,981.2,634.6,961.3,525.3,971.25,579.95,0
449,14948,2255873,981.2,635.3,961.1,525.2,971.15,580.25,0
449,14949,2255874,981.4,635.8,961.1,525.0,971.25,580.4,0
449,14950,2255875,981.6,635.7,960.9,525.0,971.25,580.35,0
449,14951,2255876,981.9,635.6,960.7,525.0,971.3,580.3,0
449,14952,2255877,982.4,635.5,960.5,525.0,971.45,580.25,0
449,14953,2255878,982.9,635.5,960.3,525.1,971.6,580.3,0
449,14954,2255879,983.4,635.5,960.0,525.1,971.7,580.3,0
449,14955,2255880,983.8,635.6,959.7,525.1,971.75,580.35,0
449,14956,2255881,984.1,635.8,959.5,525.1,971.8,580.45,0
449,14957,2255882,984.3,636.1,959.3,525.0,971.8,580.55,0
449,14958,2255883,984.4,636.3,959.2,524.9,971.8,580.6,0
449,14959,2255884,984.4,636.7,959.2,524.9,971.8,580.8,0
449,14960,2255885,984.4,637.0,959.3,524.8,971.85,580.9,0
449,14961,2255886,984.7,637.2,959.5,524.9,972.1,581.05,0
449,14962,2255887,985.0,637.4,959.7,525.3,972.35,581.35,0
449,14963,2255888,985.3,637.7,959.8,525.5,972.55,581.6,0
449,14964,2255889,985.6,638.0,959.9,525.7,972.75,581.85,0
449,14965,2255890,985.9,638.2,960.0,525.6,972.95,581.9,0
449,14966,2255891,986.2,638.5,960.0,525.4,973.1,581.95,0
450,14967,2255892,986.4,638.6,959.8,525.2,973.1,581.9,0
450,14968,2255893,986.4,638.7,959.7,524.7,973.05,581.7,0
450,14969,2255894,986.3,638.8,959.5,524.0,972.9,581.4,0
450,14970,2255895,986.3,638.7,959.3,523.3,972.8,581.0,0
450,14971,2255896,986.3,638.7,959.0,522.8,972.65,580.75,0
450,14972,2255897,986.2,638.6,958.8,522.6,972.5,580.6,0
450,14973,2255898,986.3,638.6,958.6,522.4,972.45,580.5,0
450,14974,2255899,986.4,638.6,958.5,522.1,972.45,580.35,0
450,14975,2255900,986.5,638.6,958.3,521.9,972.4,580.25,0
450,14976,2255901,986.9,638.8,958.2,521.8,972.55,580.3,0
450,14977,2255902,987.3,639.2,958.1,521.7,972.7,580.45,0
450,14978,2255903,987.7,639.7,958.1,521.5,972.9,580.6,0
450,14979,2255904,988.1,640.3,958.1,521.4,973.1,580.85,0
450,14980,2255905,988.3,640.8,958.0,521.3,973.15,581.05,0
450,14981,2255906,988.6,641.3,957.9,521.3,973.25,581.3,0
450,14982,2255907,988.9,641.8,957.8,521.3,973.35,581.55,0
450,14983,2255908,988.9,642.2,957.6,521.2,973.25,581.7,0
450,14984,2255909,989.0,642.3,957.3,521.2,973.15,581.75,0
450,14985,2255910,989.0,642.1,957.0,521.2,973.0,581.65,0
450,14986,2255911,989.1,641.9,956.6,521.2,972.85,581.55,0
450,14987,2255912,989.2,641.7,956.3,521.1,972.75,581.4,0
450,14988,2255913,989.2,641.4,956.0,521.1,972.6,581.25,0
450,14989,2255914,989.3,641.2,955.7,521.0,972.5,581.1,0
450,14990,2255915,989.3,641.1,955.5,521.0,972.4,581.05,0
450,14991,2255916,989.3,641.0,955.3,521.1,972.3,581.05,0
450,14992,2255917,989.4,641.2,955.1,521.1,972.25,581.15,0
450,14993,2255918,989.5,641.3,954.8,521.1,972.15,581.2,0
450,14994,2255919,989.6,641.5,954.6,521.1,972.1,581.3,0
450,14995,2255920,989.7,641.6,954.3,520.8,972.0,581.2,0
450,14996,2255921,989.9,641.8,954.0,520.6,971.95,581.2,0
450,14997,2255922,990.1,641.9,953.6,520.3,971.85,581.1,0
450,14998,2255923,990.3,642.0,953.3,520.0,971.8,581.0,0
450,14999,2255924,990.5,642.1,953.0,519.7,971.75,580.9,0
450,15000,2255925,990.7,642.2,952.6,519.4,971.65,580.8,0
451,15001,2255926,990.9,642.3,952.3,519.2,971.6,580.75,0
451,15002,2255927,991.0,642.3,951.9,519.1,971.45,580.7,0
451,15003,2255928,991.1,642.3,951.3,519.2,971.2,580.75,0
451,15004,2255929,991.1,642.3,950.8,519.3,970.95,580.8,0
451,15005,2255930,991.0,642.3,950.2,519.4,970.6,580.85,0
451,15006,2255931,990.9,642.2,949.6,519.6,970.25,580.9,0
451,15007,2255932,990.9,642.3,948.7,519.8,969.8,581.05,0
451,15008,2255933,990.8,642.5,947.9,520.0,969.35,581.25,0
451,15009,2255934,990.8,642.6,947.0,520.3,968.9,581.45,0
451,15010,2255935,990.8,642.8,946.5,520.5,968.65,581.65,0
451,15011,2255936,990.8,643.2,945.6,521.0,968.2,582.1,0
451,15012,2255937,990.9,643.6,944.8,521.4,967.85,582.5,0
451,15013,2255938,991.0,644.1,944.1,521.8,967.55,582.95,0
451,15014,2255939,991.2,644.5,943.7,522.2,967.45,583.35,0
451,15015,2255940,991.3,644.8,943.3,522.5,967.3,583.65,0
451,15016,2255941,991.3,645.1,943.0,522.7,967.15,583.9,0
451,15017,2255942,991.3,645.4,942.6,522.9,966.95,584.15,0
451,15018,2255943,991.3,645.3,942.5,522.9,966.9,584.1,0
451,15019,2255944,991.3,645.1,942.5,522.8,966.9,583.95,0
451,15020,2255945,991.3,644.9,942.5,522.7,966.9,583.8,0
451,15021,2255946,991.2,644.7,942.7,522.3,966.95,583.5,0
451,15022,2255947,991.2,644.5,942.9,521.8,967.05,583.15,0
451,15023,2255948,991.2,644.3,943.2,521.5,967.2,582.9,0
451,15024,2255949,991.1,644.1,943.5,521.2,967.3,582.65,0
451,15025,2255950,991.1,643.9,943.7,520.9,967.4,582.4,0
451,15026,2255951,991.0,643.8,944.0,520.6,967.5,582.2,0
451,15027,2255952,990.8,643.8,944.2,520.5,967.5,582.15,0
451,15028,2255953,990.6,643.8,944.4,520.7,967.5,582.25,0
451,15029,2255954,990.3,643.9,944.5,520.9,967.4,582.4,0
451,15030,2255955,989.9,643.9,944.7,521.2,967.3,582.55,0
451,15031,2255956,989.4,644.1,944.8,521.3,967.1,582.7,0
451,15032,2255957,989.0,644.2,944.9,521.4,966.95,582.8,0
451,15033,2255958,988.7,644.3,945.0,521.5,966.85,582.9,0
452,15034,2255959,988.6,644.4,945.1,521.6,966.85,583.0,0
452,15035,2255960,988.6,644.4,945.3,521.7,966.95,583.05,0
452,15036,2255961,988.7,644.4,945.4,521.8,967.05,583.1,0
452,15037,2255962,988.9,644.2,945.5,521.9,967.2,583.05,0
452,15038,2255963,989.1,644.0,945.5,521.9,967.3,582.95,0
452,15039,2255964,989.1,643.8,945.5,522.0,967.3,582.9,0
452,15040,2255965,989.1,643.6,945.4,522.0,967.25,582.8,0
452,15041,2255966,988.9,643.5,945.4,522.1,967.15,582.8,0
452,15042,2255967,988.6,643.3,945.1,522.5,966.85,582.9,0
452,15043,2255968,988.3,643.1,944.8,522.9,966.55,583.0,0
452,15044,2255969,987.9,642.9,944.5,523.3,966.2,583.1,0
452,15045,2255970,987.7,642.8,944.2,523.7,965.95,583.25,0
452,15046,2255971,987.5,642.5,943.9,524.2,965.7,583.35,0
452,15047,2255972,987.4,642.3,943.6,524.8,965.5,583.55,0
452,15048,2255973,987.5,642.1,943.4,525.4,965.45,583.75,0
452,15049,2255974,987.6,641.9,943.2,525.6,965.4,583.75,0
452,15050,2255975,987.7,641.5,943.3,525.8,965.5,583.65,0
452,15051,2255976,987.8,641.3,943.3,525.8,965.55,583.55,0
452,15052,2255977,987.7,641.0,943.3,525.8,965.5,583.4,0
452,15053,2255978,987.6,640.8,943.4,525.7,965.5,583.25,0
452,15054,2255979,987.4,640.6,943.5,525.6,965.45,583.1,0
452,15055,2255980,987.2,640.5,943.5,525.6,965.35,583.05,0
452,15056,2255981,987.0,640.3,943.6,525.8,965.3,583.05,0
452,15057,2255982,986.8,640.2,943.7,526.1,965.25,583.15,0
452,15058,2255983,986.7,639.9,944.0,526.4,965.35,583.15,0
452,15059,2255984,986.7,639.6,944.2,526.8,965.45,583.2,0
452,15060,2255985,986.7,639.3,944.4,527.1,965.55,583.2,0
452,15061,2255986,986.8,639.0,944.6,527.3,965.7,583.15,0
452,15062,2255987,986.8,638.7,944.8,527.5,965.8,583.1,0
452,15063,2255988,986.8,638.3,945.0,527.4,965.9,582.85,0
452,15064,2255989,986.9,637.9,945.1,527.3,966.0,582.6,0
452,15065,2255990,986.9,637.7,945.0,527.3,965.95,582.5,0
452,15066,2255991,986.9,637.5,944.9,527.3,965.9,582.4,0
453,15067,2255992,987.0,637.3,944.8,527.3,965.9,582.3,0
453,15068,2255993,987.0,637.2,944.6,527.4,965.8,582.3,0
453,15069,2255994,987.0,637.1,944.5,527.8,965.75,582.45,0
453,15070,2255995,986.7,637.1,944.5,528.2,965.6,582.65,0
453,15071,2255996,986.4,637.2,944.4,528.7,965.4,582.95,0
453,15072,2255997,986.1,637.3,944.5,529.1,965.3,583.2,0
453,15073,2255998,985.8,637.6,944.6,530.0,965.2,583.8,0
453,15074,2255999,985.5,637.8,944.6,531.0,965.05,584.4,0
453,15075,2256000,985.3,638.1,944.6,531.9,964.95,585.0,0
453,15076,2256001,985.2,638.4,944.7,532.8,964.95,585.6,0
453,15077,2256002,985.4,638.7,944.8,533.5,965.1,586.1,0
453,15078,2256003,985.6,638.9,944.9,534.3,965.25,586.6,0
453,15079,2256004,985.8,639.1,944.9,535.0,965.35,587.05,0
453,15080,2256005,985.8,639.1,944.9,535.3,965.35,587.2,0
453,15081,2256006,985.8,639.2,945.0,535.5,965.4,587.35,0
453,15082,2256007,985.6,639.2,945.0,535.8,965.3,587.5,0
453,15083,2256008,985.3,639.3,944.9,535.8,965.1,587.55,0
453,15084,2256009,985.0,639.5,944.8,536.4,964.9,587.95,0
453,15085,2256010,984.6,639.9,944.7,537.0,964.65,588.45,0
453,15086,2256011,984.1,640.2,944.6,537.7,964.35,588.95,0
453,15087,2256012,983.8,640.7,944.5,538.4,964.15,589.55,0
453,15088,2256013,983.6,641.1,944.4,539.1,964.0,590.1,0
453,15089,2256014,983.5,641.5,944.4,540.0,963.95,590.75,0
453,15090,2256015,983.1,642.0,944.5,540.8,963.8,591.4,0
453,15091,2256016,982.7,642.2,944.5,541.1,963.6,591.65,0
453,15092,2256017,982.4,642.4,944.5,541.5,963.45,591.95,0
453,15093,2256018,982.1,642.6,944.3,541.8,963.2,592.2,0
453,15094,2256019,981.9,642.8,944.2,542.5,963.05,592.65,0
453,15095,2256020,981.6,643.0,943.9,543.1,962.75,593.05,0
453,15096,2256021,981.1,643.3,943.6,543.6,962.35,593.45,0
453,15097,2256022,980.6,643.6,943.3,544.1,961.95,593.85,0
453,15098,2256023,979.7,643.9,942.9,544.6,961.3,594.25,0
453,15099,2256024,978.7,644.3,942.1,545.6,960.4,594.95,0
453,15100,2256025,976.6,645.0,941.4,546.8,959.0,595.9,0
454,15101,2256026,973.5,646.2,939.8,547.8,956.65,597.0,0
454,15102,2256027,969.2,647.4,936.9,549.0,953.05,598.2,0
454,15103,2256028,963.4,649.3,932.9,550.8,948.15,600.05,0
454,15104,2256029,955.8,651.7,927.1,553.0,941.45,602.35,0
454,15105,2256030,946.9,655.1,919.4,555.6,933.15,605.35,0
454,15106,2256031,936.2,658.7,909.0,557.7,922.6,608.2,0
454,15107,2256032,924.8,662.1,896.4,560.8,910.6,611.45,0
454,15108,2256033,912.2,665.4,883.1,564.2,897.65,614.8,0
454,15109,2256034,899.4,669.0,868.9,568.0,884.15,618.5,0
454,15110,2256035,886.8,672.7,854.7,571.6,870.75,622.15,0
454,15111,2256036,875.0,675.9,840.7,575.7,857.85,625.8,0
454,15112,2256037,863.8,678.3,827.9,579.2,845.85,628.75,0
454,15113,2256038,853.8,680.4,817.2,583.4,835.5,631.9,0
454,15114,2256039,845.6,682.4,807.8,587.2,826.7,634.8,0
454,15115,2256040,839.4,684.2,799.9,591.1,819.65,637.65,0
454,15116,2256041,834.8,686.2,794.4,595.0,814.6,640.6,0
454,15117,2256042,831.6,687.4,790.1,599.1,810.85,643.25,0
454,15118,2256043,830.1,688.9,787.9,603.1,809.0,646.0,0
454,15119,2256044,830.1,690.1,786.6,607.2,808.35,648.65,0
454,15120,2256045,831.1,691.7,786.8,610.6,808.95,651.15,0
454,15121,2256046,833.0,693.4,788.8,613.2,810.9,653.3,0
454,15122,2256047,835.2,694.6,791.1,615.1,813.15,654.85,0
454,15123,2256048,837.5,695.5,793.5,616.3,815.5,655.9,0
454,15124,2256049,840.3,696.2,796.2,616.6,818.25,656.4,0
454,15125,2256050,842.8,695.9,798.6,615.8,820.7,655.85,0
454,15126,2256051,845.0,695.6,801.4,614.8,823.2,655.2,0
454,15127,2256052,846.9,694.2,803.9,613.2,825.4,653.7,0
454,15128,2256053,848.1,692.7,806.0,611.7,827.05,652.2,0
454,15129,2256054,849.3,691.1,808.2,609.4,828.75,650.25,0
454,15130,2256055,850.3,689.4,810.2,606.7,830.25,648.05,0
454,15131,2256056,851.0,687.7,812.0,604.4,831.5,646.05,0
454,15132,2256057,851.6,686.7,813.6,602.3,832.6,644.5,0
454,15133,2256058,851.9,685.6,814.7,600.4,833.3,643.0,0
455,15134,2256059,852.2,685.3,815.6,599.0,833.9,642.15,0
455,15135,2256060,852.4,685.0,816.3,597.7,834.35,641.35,0
455,15136,2256061,852.4,684.8,816.4,597.2,834.4,641.0,0
455,15137,2256062,852.3,685.2,816.5,597.4,834.4,641.3,0
455,15138,2256063,852.0,686.0,816.5,597.7,834.25,641.85,0
455,15139,2256064,851.8,686.8,816.5,598.1,834.15,642.45,0
455,15140,2256065,851.6,687.7,816.4,598.5,834.0,643.1,0
455,15141,2256066,851.4,688.5,816.2,599.0,833.8,643.75,0
455,15142,2256067,851.3,689.3,816.0,599.8,833.65,644.55,0
455,15143,2256068,851.2,690.0,815.8,600.6,833.5,645.3,0
455,15144,2256069,851.3,690.4,815.8,601.2,833.55,645.8,0
455,15145,2256070,851.3,690.3,815.9,601.7,833.6,646.0,0
455,15146,2256071,851.4,690.1,816.0,602.2,833.7,646.15,0
455,15147,2256072,851.4,689.9,816.3,602.7,833.85,646.3,0
455,15148,2256073,851.3,689.7,816.4,603.2,833.85,646.45,0
455,15149,2256074,851.1,689.4,816.6,603.7,833.85,646.55,0
455,15150,2256075,851.0,689.2,816.5,604.1,833.75,646.65,0
455,15151,2256076,850.8,689.0,816.1,604.8,833.45,646.9,0
455,15152,2256077,850.6,688.9,815.7,605.4,833.15,647.15,0
455,15153,2256078,850.4,688.8,815.2,606.0,832.8,647.4,0
455,15154,2256079,850.2,688.9,814.8,606.4,832.5,647.65,0
455,15155,2256080,850.0,689.0,814.4,606.6,832.2,647.8,0
455,15156,2256081,849.9,689.1,814.1,606.5,832.0,647.8,0
455,15157,2256082,849.8,689.2,813.9,606.3,831.85,647.75,0
455,15158,2256083,849.7,689.4,814.0,605.8,831.85,647.6,0
455,15159,2256084,849.5,689.7,814.1,605.4,831.8,647.55,0
455,15160,2256085,849.4,689.8,814.1,605.0,831.75,647.4,0
455,15161,2256086,849.4,690.0,814.0,604.8,831.7,647.4,0
455,15162,2256087,849.4,690.1,813.9,604.8,831.65,647.45,0
455,15163,2256088,849.4,690.2,813.8,604.7,831.6,647.45,0
455,15164,2256089,849.5,690.3,813.8,604.9,831.65,647.6,0
455,15165,2256090,849.6,690.4,813.8,605.0,831.7,647.7,0
455,15166,2256091,849.8,690.5,814.0,605.4,831.9,647.95,0
456,15167,2256092,849.9,690.6,814.2,605.8,832.05,648.2,0
456,15168,2256093,850.0,690.8,814.5,606.2,832.25,648.5,0
456,15169,2256094,850.0,691.0,814.7,606.7,832.35,648.85,0
456,15170,2256095,850.1,691.2,814.9,607.3,832.5,649.25,0
456,15171,2256096,850.1,691.3,815.1,607.8,832.6,649.55,0
456,15172,2256097,850.1,691.4,815.4,608.3,832.75,649.85,0
456,15173,2256098,850.0,691.5,815.5,608.7,832.75,650.1,0
456,15174,2256099,850.0,691.6,815.6,609.0,832.8,650.3,0
456,15175,2256100,850.0,691.7,815.6,609.3,832.8,650.5,0
456,15176,2256101,849.8,691.8,815.7,609.5,832.75,650.65,0
456,15177,2256102,849.6,691.9,815.7,609.7,832.65,650.8,0
456,15178,2256103,849.4,692.0,815.5,609.8,832.45,650.9,0
456,15179,2256104,849.3,692.0,815.3,610.0,832.3,651.0,0
456,15180,2256105,849.2,692.0,815.2,610.1,832.2,651.05,0
456,15181,2256106,849.0,692.1,815.1,610.2,832.05,651.15,0
456,15182,2256107,848.8,692.1,815.0,610.2,831.9,651.15,0
456,15183,2256108,848.7,692.2,814.9,610.3,831.8,651.25,0
456,15184,2256109,848.6,692.2,814.9,610.3,831.75,651.25,0
456,15185,2256110,848.5,692.4,814.9,610.4,831.7,651.4,0
456,15186,2256111,848.3,692.7,814.9,610.6,831.6,651.65,0
456,15187,2256112,848.1,693.0,814.9,610.6,831.5,651.8,0
456,15188,2256113,848.0,693.3,814.8,610.6,831.4,651.95,0
456,15189,2256114,847.9,693.5,814.7,610.7,831.3,652.1,0
456,15190,2256115,847.9,693.8,814.6,610.7,831.25,652.25,0
456,15191,2256116,847.9,694.1,814.5,610.8,831.2,652.45,0
456,15192,2256117,847.9,694.4,814.2,610.9,831.05,652.65,0
456,15193,2256118,848.0,694.4,813.9,610.9,830.95,652.65,0
456,15194,2256119,848.0,694.5,813.7,611.0,830.85,652.75,0
456,15195,2256120,848.0,694.5,813.5,611.1,830.75,652.8,0
456,15196,2256121,848.0,694.4,813.2,611.2,830.6,652.8,0
456,15197,2256122,848.0,694.3,812.9,611.3,830.45,652.8,0
456,15198,2256123,847.9,694.3,812.6,611.4,830.25,652.85,0
456,15199,2256124,847.8,694.5,812.5,611.5,830.15,653.0,0
456,15200,2256125,847.7,694.7,812.4,611.8,830.05,653.25,0
457,15201,2256126,847.7,694.9,812.4,612.1,830.05,653.5,0
457,15202,2256127,847.7,695.1,812.4,612.3,830.05,653.7,0
457,15203,2256128,847.7,695.5,812.5,612.5,830.1,654.0,0
457,15204,2256129,847.7,695.8,812.6,612.8,830.15,654.3,0
457,15205,2256130,847.7,696.0,812.8,613.0,830.25,654.5,0
457,15206,2256131,847.7,696.1,812.9,613.1,830.3,654.6,0
457,15207,2256132,847.7,696.1,813.1,612.7,830.4,654.4,0
457,15208,2256133,847.8,696.2,813.1,612.3,830.45,654.25,0
457,15209,2256134,847.8,696.2,813.0,611.9,830.4,654.05,0
457,15210,2256135,847.8,696.4,812.9,611.4,830.35,653.9,0
457,15211,2256136,848.0,696.5,812.8,610.9,830.4,653.7,0
457,15212,2256137,848.1,696.6,812.6,610.3,830.35,653.45,0
457,15213,2256138,848.3,696.8,812.5,609.5,830.4,653.15,0
457,15214,2256139,848.5,697.0,812.4,609.1,830.45,653.05,0
457,15215,2256140,848.7,697.2,812.4,608.7,830.55,652.95,0
457,15216,2256141,849.0,697.6,812.6,608.4,830.8,653.0,0
457,15217,2256142,849.2,697.9,812.7,608.1,830.95,653.0,0
457,15218,2256143,849.3,698.1,812.9,608.0,831.1,653.05,0
457,15219,2256144,849.4,698.5,813.0,608.0,831.2,653.25,0
457,15220,2256145,849.5,698.8,813.1,608.2,831.3,653.5,0
457,15221,2256146,849.5,699.1,813.1,608.4,831.3,653.75,0
457,15222,2256147,849.5,699.3,813.0,608.6,831.25,653.95,0
457,15223,2256148,849.4,699.2,812.9,608.7,831.15,653.95,0
457,15224,2256149,849.4,699.2,812.7,608.8,831.05,654.0,0
457,15225,2256150,849.4,699.0,812.5,608.7,830.95,653.85,0
457,15226,2256151,849.3,698.7,812.4,608.6,830.85,653.65,0
457,15227,2256152,849.3,698.5,812.3,608.4,830.8,653.45,0
457,15228,2256153,849.4,698.3,812.3,608.2,830.85,653.25,0
457,15229,2256154,849.6,698.1,812.2,607.9,830.9,653.0,0
457,15230,2256155,849.9,698.0,812.1,607.7,831.0,652.85,0
457,15231,2256156,850.1,698.0,812.0,607.4,831.05,652.7,0
457,15232,2256157,850.4,697.9,812.0,607.1,831.2,652.5,0
457,15233,2256158,850.6,697.8,811.9,606.9,831.25,652.35,0
458,15234,2256159,850.7,697.7,811.9,606.7,831.3,652.2,0
458,15235,2256160,850.8,697.5,811.9,606.7,831.35,652.1,0
458,15236,2256161,850.7,697.4,811.9,606.7,831.3,652.05,0
458,15237,2256162,850.6,697.2,811.8,606.8,831.2,652.0,0
458,15238,2256163,850.5,697.1,811.8,606.8,831.15,651.95,0
458,15239,2256164,850.5,697.0,811.7,606.6,831.1,651.8,0
458,15240,2256165,850.6,697.0,811.6,606.4,831.1,651.7,0
458,15241,2256166,850.6,697.1,811.5,606.2,831.05,651.65,0
458,15242,2256167,850.8,697.2,811.4,606.0,831.1,651.6,0
458,15243,2256168,850.9,697.3,811.4,606.0,831.15,651.65,0
458,15244,2256169,851.0,697.5,811.6,606.0,831.3,651.75,0
458,15245,2256170,851.1,697.8,811.8,606.0,831.45,651.9,0
458,15246,2256171,851.1,698.0,811.9,606.4,831.5,652.2,0
458,15247,2256172,851.1,698.1,811.9,606.9,831.5,652.5,0
458,15248,2256173,851.0,698.2,811.9,607.3,831.45,652.75,0
458,15249,2256174,850.9,698.3,811.9,607.6,831.4,652.95,0
458,15250,2256175,850.8,698.4,811.9,607.9,831.35,653.15,0
458,15251,2256176,850.7,698.5,811.6,608.1,831.15,653.3,0
458,15252,2256177,850.6,698.5,811.4,608.5,831.0,653.5,0
458,15253,2256178,850.5,698.6,811.4,608.7,830.95,653.65,0
458,15254,2256179,850.5,698.7,811.5,608.9,831.0,653.8,0
458,15255,2256180,850.4,698.9,811.7,609.1,831.05,654.0,0
458,15256,2256181,850.4,699.1,812.0,609.2,831.2,654.15,0
458,15257,2256182,850.4,699.3,812.4,609.4,831.4,654.35,0
458,15258,2256183,850.4,699.5,813.0,609.4,831.7,654.45,0
458,15259,2256184,850.5,699.7,813.6,609.7,832.05,654.7,0
458,15260,2256185,850.5,699.8,814.2,609.9,832.35,654.85,0
458,15261,2256186,850.7,699.9,814.6,610.0,832.65,654.95,0
458,15262,2256187,850.9,700.0,815.0,610.2,832.95,655.1,0
458,15263,2256188,851.0,700.2,815.3,610.0,833.15,655.1,0
458,15264,2256189,851.1,700.4,815.6,609.9,833.35,655.15,0
458,15265,2256190,851.2,700.6,815.6,609.1,833.4,654.85,0
458,15266,2256191,851.4,700.8,815.7,608.0,833.55,654.4,0
459,15267,2256192,851.5,701.1,815.8,606.9,833.65,654.0,0
459,15268,2256193,851.5,701.4,815.8,606.0,833.65,653.7,0
459,15269,2256194,851.4,701.8,815.8,605.2,833.6,653.5,0
459,15270,2256195,851.3,702.1,815.8,605.0,833.55,653.55,0
459,15271,2256196,851.2,702.5,815.6,604.8,833.4,653.65,0
459,15272,2256197,851.1,702.8,815.4,605.4,833.25,654.1,0
459,15273,2256198,851.1,703.0,815.2,606.1,833.15,654.55,0
459,15274,2256199,851.1,703.2,815.0,606.9,833.05,655.05,0
459,15275,2256200,851.1,703.5,814.8,607.5,832.95,655.5,0
459,15276,2256201,851.2,703.6,814.7,608.0,832.95,655.8,0
459,15277,2256202,851.1,703.8,814.6,608.3,832.85,656.05,0
459,15278,2256203,851.1,704.0,814.6,608.4,832.85,656.2,0
459,15279,2256204,851.0,704.4,814.7,608.5,832.85,656.45,0
459,15280,2256205,850.9,704.8,814.6,608.5,832.75,656.65,0
459,15281,2256206,850.9,705.6,814.6,608.4,832.75,657.0,0
459,15282,2256207,850.7,706.4,814.6,608.3,832.65,657.35,0
459,15283,2256208,850.6,707.1,814.5,608.2,832.55,657.65,0
459,15284,2256209,850.5,707.9,814.3,608.1,832.4,658.0,0
459,15285,2256210,850.5,708.9,814.1,608.3,832.3,658.6,0
459,15286,2256211,850.6,709.7,813.9,608.5,832.25,659.1,0
459,15287,2256212,851.0,710.4,813.8,608.8,832.4,659.6,0
459,15288,2256213,851.4,710.8,813.8,609.1,832.6,659.95,0
459,15289,2256214,851.9,711.1,813.9,609.8,832.9,660.45,0
459,15290,2256215,852.3,711.6,814.1,610.5,833.2,661.05,0
459,15291,2256216,852.8,712.4,814.4,611.1,833.6,661.75,0
459,15292,2256217,853.2,713.1,814.7,611.8,833.95,662.45,0
459,15293,2256218,853.7,713.7,815.1,612.5,834.4,663.1,0
459,15294,2256219,854.0,714.4,815.7,613.3,834.85,663.85,0
459,15295,2256220,854.3,715.1,816.3,614.1,835.3,664.6,0
459,15296,2256221,854.6,715.9,816.6,614.6,835.6,665.25,0
459,15297,2256222,854.9,716.5,816.9,615.1,835.9,665.8,0
459,15298,2256223,855.2,716.9,817.0,615.6,836.1,666.25,0
459,15299,2256224,855.4,717.1,817.1,615.8,836.25,666.45,0
459,15300,2256225,855.5,717.3,817.0,615.8,836.25,666.55,0
460,15301,2256226,855.6,717.6,816.8,615.8,836.2,666.7,0
460,15302,2256227,855.5,718.2,816.6,615.7,836.05,666.95,0
460,15303,2256228,855.5,718.7,816.6,615.6,836.05,667.15,0
460,15304,2256229,855.5,719.2,816.6,615.5,836.05,667.35,0
460,15305,2256230,855.5,719.7,816.7,615.4,836.1,667.55,0
460,15306,2256231,855.5,720.3,816.9,615.5,836.2,667.9,0
460,15307,2256232,855.7,720.8,817.0,615.5,836.35,668.15,0
460,15308,2256233,855.8,721.3,817.2,615.5,836.5,668.4,0
460,15309,2256234,855.9,721.3,817.4,615.6,836.65,668.45,0
460,15310,2256235,856.0,721.4,817.4,615.7,836.7,668.55,0
460,15311,2256236,856.2,721.4,817.5,615.8,836.85,668.6,0
460,15312,2256237,856.4,721.4,817.4,616.1,836.9,668.75,0
460,15313,2256238,856.5,721.4,817.4,616.4,836.95,668.9,0
460,15314,2256239,856.6,721.4,817.4,616.6,837.0,669.0,0
460,15315,2256240,856.7,721.4,817.4,616.8,837.05,669.1,0
460,15316,2256241,856.7,721.5,817.5,617.0,837.1,669.25,0
460,15317,2256242,856.8,721.6,817.5,617.2,837.15,669.4,0
460,15318,2256243,856.8,722.0,817.5,617.3,837.15,669.65,0
460,15319,2256244,856.8,722.3,817.6,617.4,837.2,669.85,0
460,15320,2256245,856.8,722.6,817.7,617.4,837.25,670.0,0
460,15321,2256246,856.8,722.9,817.8,617.4,837.3,670.15,0
460,15322,2256247,856.8,723.3,817.8,617.3,837.3,670.3,0
460,15323,2256248,856.8,723.6,817.7,617.1,837.25,670.35,0
460,15324,2256249,856.8,723.9,817.6,617.0,837.2,670.45,0
460,15325,2256250,856.9,724.0,817.5,616.9,837.2,670.45,0
460,15326,2256251,857.0,724.1,817.3,616.8,837.15,670.45,0
460,15327,2256252,857.1,724.1,817.1,616.8,837.1,670.45,0
460,15328,2256253,857.2,724.2,817.0,616.9,837.1,670.55,0
460,15329,2256254,857.4,724.4,816.8,617.1,837.1,670.75,0
460,15330,2256255,857.6,724.5,816.7,617.5,837.15,671.0,0
460,15331,2256256,857.9,724.7,816.7,617.9,837.3,671.3,0
460,15332,2256257,858.1,724.9,816.6,618.4,837.35,671.65,0
460,15333,2256258,858.3,725.1,816.6,618.9,837.45,672.0,0
461,15334,2256259,858.6,725.3,816.6,619.2,837.6,672.25,0
461,15335,2256260,858.8,725.5,816.6,619.6,837.7,672.55,0
461,15336,2256261,859.0,725.5,816.4,620.1,837.7,672.8,0
461,15337,2256262,859.2,725.5,816.3,620.3,837.75,672.9,0
461,15338,2256263,859.5,725.5,816.2,620.6,837.85,673.05,0
461,15339,2256264,859.7,725.5,816.1,620.9,837.9,673.2,0
461,15340,2256265,860.0,725.5,816.0,621.1,838.0,673.3,0
461,15341,2256266,860.1,725.6,816.0,621.4,838.05,673.5,0
461,15342,2256267,860.3,725.7,816.1,621.5,838.2,673.6,0
461,15343,2256268,860.5,725.8,816.3,621.5,838.4,673.65,0
461,15344,2256269,860.6,725.8,816.5,621.3,838.55,673.55,0
461,15345,2256270,860.7,725.7,816.7,621.2,838.7,673.45,0
461,15346,2256271,860.7,725.7,816.8,621.0,838.75,673.35,0
461,15347,2256272,860.7,725.6,817.0,620.8,838.85,673.2,0
461,15348,2256273,860.7,725.5,817.0,620.7,838.85,673.1,0
461,15349,2256274,860.6,725.4,817.1,620.5,838.85,672.95,0
461,15350,2256275,860.6,725.3,817.1,620.5,838.85,672.9,0
461,15351,2256276,860.6,725.3,817.0,620.5,838.8,672.9,0
461,15352,2256277,860.6,725.2,817.0,620.5,838.8,672.85,0
461,15353,2256278,860.6,725.0,817.0,620.5,838.8,672.75,0
461,15354,2256279,860.6,724.8,817.2,620.6,838.9,672.7,0
461,15355,2256280,860.6,724.7,817.4,620.7,839.0,672.7,0
461,15356,2256281,860.6,724.6,817.6,621.1,839.1,672.85,0
461,15357,2256282,860.5,724.5,817.9,621.4,839.2,672.95,0
461,15358,2256283,860.4,724.4,818.2,621.7,839.3,673.05,0
461,15359,2256284,860.4,724.4,818.7,622.3,839.55,673.35,0
461,15360,2256285,860.4,724.4,819.1,622.9,839.75,673.65,0
461,15361,2256286,860.7,724.5,819.4,623.3,840.05,673.9,0
461,15362,2256287,860.9,724.6,819.6,623.7,840.25,674.15,0
461,15363,2256288,861.3,724.7,819.9,624.0,840.6,674.35,0
461,15364,2256289,861.6,724.8,819.9,624.3,840.75,674.55,0
461,15365,2256290,862.0,724.9,819.5,624.6,840.75,674.75,0
461,15366,2256291,862.2,725.0,819.0,624.7,840.6,674.85,0
462,15367,2256292,862.5,725.0,818.4,624.7,840.45,674.85,0
462,15368,2256293,862.6,725.1,817.8,624.7,840.2,674.9,0
462,15369,2256294,863.1,725.2,817.2,624.7,840.15,674.95,0
462,15370,2256295,863.5,725.3,816.7,624.6,840.1,674.95,0
462,15371,2256296,863.9,725.4,816.4,624.3,840.15,674.85,0
462,15372,2256297,864.3,725.5,816.5,623.8,840.4,674.65,0
462,15373,2256298,864.6,725.5,816.7,623.3,840.65,674.4,0
462,15374,2256299,865.0,725.5,816.9,622.9,840.95,674.2,0
462,15375,2256300,865.3,725.5,817.2,622.5,841.25,674.0,0
462,15376,2256301,865.2,725.2,817.4,622.1,841.3,673.65,0
462,15377,2256302,865.1,724.8,817.6,621.8,841.35,673.3,0
462,15378,2256303,865.1,724.4,817.9,621.7,841.5,673.05,0
462,15379,2256304,865.0,723.8,818.0,621.1,841.5,672.45,0
462,15380,2256305,865.0,723.2,818.3,620.4,841.65,671.8,0
462,15381,2256306,865.0,722.4,818.6,619.8,841.8,671.1,0
462,15382,2256307,865.0,721.7,819.0,619.1,842.0,670.4,0
462,15383,2256308,865.0,721.2,819.6,618.5,842.3,669.85,0
462,15384,2256309,865.0,720.7,820.2,618.0,842.6,669.35,0
462,15385,2256310,865.1,720.4,820.9,617.7,843.0,669.05,0
462,15386,2256311,865.1,720.1,821.7,617.9,843.4,669.0,0
462,15387,2256312,865.2,719.8,822.3,618.1,843.75,668.95,0
462,15388,2256313,865.2,719.6,822.9,618.4,844.05,669.0,0
462,15389,2256314,865.2,719.5,823.4,618.8,844.3,669.15,0
462,15390,2256315,865.2,719.3,823.7,619.1,844.45,669.2,0
462,15391,2256316,865.3,719.1,824.3,619.3,844.8,669.2,0
462,15392,2256317,865.3,718.9,824.9,619.4,845.1,669.15,0
462,15393,2256318,865.3,718.7,825.4,619.4,845.35,669.05,0
462,15394,2256319,865.3,718.5,825.9,619.4,845.6,668.95,0
462,15395,2256320,865.3,718.4,826.8,619.3,846.05,668.85,0
462,15396,2256321,865.3,718.3,827.7,619.2,846.5,668.75,0
462,15397,2256322,865.4,718.1,828.7,619.4,847.05,668.75,0
462,15398,2256323,865.6,717.9,829.3,619.6,847.45,668.75,0
462,15399,2256324,865.8,717.8,829.8,619.9,847.8,668.85,0
462,15400,2256325,866.0,717.6,830.3,620.0,848.15,668.8,0
463,15401,2256326,866.3,717.5,830.8,620.1,848.55,668.8,0
463,15402,2256327,866.6,717.3,831.0,620.2,848.8,668.75,0
463,15403,2256328,867.0,717.2,831.1,620.2,849.05,668.7,0
463,15404,2256329,867.2,717.3,831.3,620.1,849.25,668.7,0
463,15405,2256330,867.3,717.5,831.4,620.0,849.35,668.75,0
463,15406,2256331,867.5,717.7,831.6,619.8,849.55,668.75,0
463,15407,2256332,867.6,717.9,831.7,620.0,849.65,668.95,0
463,15408,2256333,867.8,718.0,831.8,620.0,849.8,669.0,0
463,15409,2256334,867.9,718.2,831.8,620.0,849.85,669.1,0
463,15410,2256335,868.0,718.3,831.8,619.7,849.9,669.0,0
463,15411,2256336,868.1,718.2,831.7,619.3,849.9,668.75,0
463,15412,2256337,868.2,718.3,831.4,618.9,849.8,668.6,0
463,15413,2256338,868.3,718.6,831.0,618.6,849.65,668.6,0
463,15414,2256339,868.4,718.9,830.5,618.2,849.45,668.55,0
463,15415,2256340,868.5,719.1,829.8,618.3,849.15,668.7,0
463,15416,2256341,868.7,719.4,829.1,618.5,848.9,668.95,0
463,15417,2256342,868.8,719.7,828.4,618.9,848.6,669.3,0
463,15418,2256343,869.1,719.9,827.7,619.3,848.4,669.6,0
463,15419,2256344,869.4,719.9,827.0,619.7,848.2,669.8,0
463,15420,2256345,869.8,719.9,826.5,620.1,848.15,670.0,0
463,15421,2256346,870.0,719.8,826.1,620.4,848.05,670.1,0
463,15422,2256347,870.3,719.8,825.9,620.3,848.1,670.05,0
463,15423,2256348,870.4,719.7,825.7,620.2,848.05,669.95,0
463,15424,2256349,870.6,719.7,825.5,620.1,848.05,669.9,0
463,15425,2256350,870.7,719.8,825.2,620.0,847.95,669.9,0
463,15426,2256351,870.7,719.8,824.9,619.9,847.8,669.85,0
463,15427,2256352,870.7,719.9,824.2,619.7,847.45,669.8,0
463,15428,2256353,870.7,719.9,823.6,619.5,847.15,669.7,0
463,15429,2256354,870.7,719.9,822.9,619.4,846.8,669.65,0
463,15430,2256355,870.7,719.9,822.2,619.3,846.45,669.6,0
463,15431,2256356,870.9,719.9,821.5,619.2,846.2,669.55,0
463,15432,2256357,871.2,719.8,821.1,619.0,846.15,669.4,0
463,15433,2256358,871.5,719.8,820.7,618.9,846.1,669.35,0
464,15434,2256359,871.9,719.7,820.7,618.9,846.3,669.3,0
464,15435,2256360,872.3,719.9,820.6,618.8,846.45,669.35,0
464,15436,2256361,872.7,720.1,820.6,618.7,846.65,669.4,0
464,15437,2256362,873.0,720.2,820.5,618.7,846.75,669.45,0
464,15438,2256363,873.2,720.4,820.4,618.6,846.8,669.5,0
464,15439,2256364,873.4,720.6,820.2,618.6,846.8,669.6,0
464,15440,2256365,873.5,720.9,820.0,618.6,846.75,669.75,0
464,15441,2256366,873.5,721.2,819.8,618.5,846.65,669.85,0
464,15442,2256367,873.6,721.5,819.7,618.8,846.65,670.15,0
464,15443,2256368,873.7,721.8,819.7,619.2,846.7,670.5,0
464,15444,2256369,873.7,722.1,819.6,619.6,846.65,670.85,0
464,15445,2256370,873.7,722.5,820.0,619.9,846.85,671.2,0
464,15446,2256371,873.7,722.8,820.5,620.3,847.1,671.55,0
464,15447,2256372,873.7,723.1,820.9,620.8,847.3,671.95,0
464,15448,2256373,873.7,723.2,821.3,621.3,847.5,672.25,0
464,15449,2256374,873.8,723.4,821.6,621.6,847.7,672.5,0
464,15450,2256375,873.9,723.4,822.1,621.8,848.0,672.6,0
464,15451,2256376,874.0,723.4,822.6,622.0,848.3,672.7,0
464,15452,2256377,874.3,723.4,822.8,622.2,848.55,672.8,0
464,15453,2256378,874.5,723.4,823.0,622.4,848.75,672.9,0
464,15454,2256379,874.7,723.3,823.2,622.6,848.95,672.95,0
464,15455,2256380,874.9,723.3,823.4,622.7,849.15,673.0,0
464,15456,2256381,875.0,723.2,823.8,622.7,849.4,672.95,0
464,15457,2256382,875.2,723.1,824.4,622.6,849.8,672.85,0
464,15458,2256383,875.3,723.0,824.9,622.6,850.1,672.8,0
464,15459,2256384,875.3,723.0,825.3,622.7,850.3,672.85,0
464,15460,2256385,875.3,722.9,825.7,622.8,850.5,672.85,0
464,15461,2256386,875.3,722.9,826.3,623.0,850.8,672.95,0
464,15462,2256387,875.4,722.9,826.9,623.2,851.15,673.05,0
464,15463,2256388,875.4,722.9,827.4,623.6,851.4,673.25,0
464,15464,2256389,875.4,722.9,827.9,624.0,851.65,673.45,0
464,15465,2256390,875.4,723.1,828.4,624.7,851.9,673.9,0
464,15466,2256391,875.4,723.2,828.9,625.2,852.15,674.2,0
465,15467,2256392,875.4,723.6,829.3,625.7,852.35,674.65,0
465,15468,2256393,875.4,723.9,829.8,625.9,852.6,674.9,0
465,15469,2256394,875.4,724.1,830.4,625.9,852.9,675.0,0
465,15470,2256395,875.4,724.2,830.7,625.9,853.05,675.05,0
465,15471,2256396,875.5,724.2,831.0,625.8,853.25,675.0,0
465,15472,2256397,875.6,724.2,831.2,625.4,853.4,674.8,0
465,15473,2256398,875.8,724.2,831.5,625.0,853.65,674.6,0
465,15474,2256399,876.0,724.0,832.0,624.7,854.0,674.35,0
465,15475,2256400,876.1,723.8,832.3,624.6,854.2,674.2,0
465,15476,2256401,876.3,723.7,832.6,624.6,854.45,674.15,0
465,15477,2256402,876.4,723.7,832.9,624.6,854.65,674.15,0
465,15478,2256403,876.4,723.8,833.2,624.7,854.8,674.25,0
465,15479,2256404,876.5,724.0,833.4,624.8,854.95,674.4,0
465,15480,2256405,876.5,724.1,833.6,624.9,855.05,674.5,0
465,15481,2256406,876.5,724.2,833.7,625.0,855.1,674.6,0
465,15482,2256407,876.5,724.0,833.9,625.0,855.2,674.5,0
465,15483,2256408,876.5,723.9,834.2,625.1,855.35,674.5,0
465,15484,2256409,876.5,723.8,834.5,625.2,855.5,674.5,0
465,15485,2256410,876.4,723.6,834.8,625.2,855.6,674.4,0
465,15486,2256411,876.4,723.6,835.3,625.3,855.85,674.45,0
465,15487,2256412,876.4,723.6,835.7,625.4,856.05,674.5,0
465,15488,2256413,876.3,723.7,836.2,625.5,856.25,674.6,0
465,15489,2256414,876.0,724.0,836.5,625.6,856.25,674.8,0
465,15490,2256415,875.8,724.3,836.9,625.8,856.35,675.05,0
465,15491,2256416,875.5,724.5,837.3,626.0,856.4,675.25,0
465,15492,2256417,875.2,724.7,837.8,626.3,856.5,675.5,0
465,15493,2256418,875.0,724.7,838.2,626.5,856.6,675.6,0
465,15494,2256419,874.7,724.7,838.7,626.7,856.7,675.7,0
465,15495,2256420,874.5,724.5,839.3,626.7,856.9,675.6,0
465,15496,2256421,874.6,724.4,839.7,626.7,857.15,675.55,0
465,15497,2256422,874.7,724.2,840.1,626.6,857.4,675.4,0
465,15498,2256423,874.7,724.0,840.5,626.6,857.6,675.3,0
465,15499,2256424,874.8,723.9,840.8,626.3,857.8,675.1,0
465,15500,2256425,874.9,723.7,841.0,626.1,857.95,674.9,0
466,15501,2256426,874.9,723.6,841.1,625.8,858.0,674.7,0
466,15502,2256427,874.9,723.7,841.2,625.8,858.05,674.75,0
466,15503,2256428,874.9,723.8,841.2,625.7,858.05,674.75,0
466,15504,2256429,874.9,723.9,841.2,625.9,858.05,674.9,0
466,15505,2256430,875.0,724.0,841.2,626.2,858.1,675.1,0
466,15506,2256431,875.1,724.1,841.2,626.5,858.15,675.3,0
466,15507,2256432,875.2,724.4,841.3,626.8,858.25,675.6,0
466,15508,2256433,875.3,724.7,841.6,627.3,858.45,676.0,0
466,15509,2256434,875.5,725.1,841.9,627.7,858.7,676.4,0
466,15510,2256435,875.7,725.5,842.2,628.0,858.95,676.75,0
466,15511,2256436,875.7,725.9,842.5,628.2,859.1,677.05,0
466,15512,2256437,875.8,726.3,842.9,628.1,859.35,677.2,0
466,15513,2256438,875.9,726.7,843.3,628.1,859.6,677.4,0
466,15514,2256439,876.0,727.0,843.5,628.1,859.75,677.55,0
466,15515,2256440,876.2,727.2,843.4,628.1,859.8,677.65,0
466,15516,2256441,876.4,727.3,843.3,628.0,859.85,677.65,0
466,15517,2256442,876.7,727.5,843.2,627.9,859.95,677.7,0
466,15518,2256443,876.9,727.6,843.1,627.9,860.0,677.75,0
466,15519,2256444,877.1,727.7,842.8,627.9,859.95,677.8,0
466,15520,2256445,877.4,727.9,842.7,627.9,860.05,677.9,0
466,15521,2256446,877.6,728.0,842.6,628.0,860.1,678.0,0
466,15522,2256447,877.7,728.1,842.5,627.9,860.1,678.0,0
466,15523,2256448,878.0,728.2,842.4,628.0,860.2,678.1,0
466,15524,2256449,878.3,728.3,842.2,628.0,860.25,678.15,0
466,15525,2256450,878.6,728.3,841.9,627.7,860.25,678.0,0
466,15526,2256451,878.9,728.4,841.6,627.3,860.25,677.85,0
466,15527,2256452,879.1,728.5,841.4,627.0,860.25,677.75,0
466,15528,2256453,879.3,728.7,841.2,626.6,860.25,677.65,0
466,15529,2256454,879.5,729.0,841.1,626.3,860.3,677.65,0
466,15530,2256455,879.5,729.2,841.0,626.0,860.25,677.6,0
466,15531,2256456,879.5,729.4,841.1,625.6,860.3,677.5,0
466,15532,2256457,879.5,729.5,841.3,625.5,860.4,677.5,0
466,15533,2256458,879.4,729.6,841.5,625.4,860.45,677.5,0
467,15534,2256459,879.4,729.5,841.7,625.4,860.55,677.45,0
467,15535,2256460,879.4,729.3,841.9,625.4,860.65,677.35,0
467,15536,2256461,879.3,729.2,842.0,625.3,860.65,677.25,0
467,15537,2256462,879.1,729.0,842.2,625.3,860.65,677.15,0
467,15538,2256463,878.9,728.9,842.3,625.3,860.6,677.1,0
467,15539,2256464,878.8,728.8,842.2,625.3,860.5,677.05,0
467,15540,2256465,878.6,728.6,842.1,625.4,860.35,677.0,0
467,15541,2256466,878.4,728.5,842.0,625.4,860.2,676.95,0
467,15542,2256467,878.3,728.4,842.0,625.5,860.15,676.95,0
467,15543,2256468,878.1,728.5,842.0,625.7,860.05,677.1,0
467,15544,2256469,878.2,728.6,842.2,625.9,860.2,677.25,0
467,15545,2256470,878.2,728.7,842.4,626.3,860.3,677.5,0
467,15546,2256471,878.3,728.9,842.7,626.7,860.5,677.8,0
467,15547,2256472,878.5,729.3,842.9,627.1,860.7,678.2,0
467,15548,2256473,878.7,729.5,843.1,627.5,860.9,678.5,0
467,15549,2256474,878.8,729.8,843.3,627.9,861.05,678.85,0
467,15550,2256475,879.0,729.9,843.5,628.2,861.25,679.05,0
467,15551,2256476,879.1,730.1,843.5,628.5,861.3,679.3,0
467,15552,2256477,879.3,730.2,843.5,628.6,861.4,679.4,0
467,15553,2256478,879.3,730.3,843.6,628.6,861.45,679.45,0
467,15554,2256479,879.3,730.4,843.7,628.7,861.5,679.55,0
467,15555,2256480,879.3,730.5,843.8,628.7,861.55,679.6,0
467,15556,2256481,879.4,730.7,843.9,628.7,861.65,679.7,0
467,15557,2256482,879.5,730.8,844.0,628.8,861.75,679.8,0
467,15558,2256483,879.6,730.8,844.1,628.9,861.85,679.85,0
467,15559,2256484,879.7,730.9,844.2,629.0,861.95,679.95,0
467,15560,2256485,879.9,730.9,844.5,629.1,862.2,680.0,0
467,15561,2256486,880.1,730.8,844.8,629.3,862.45,680.05,0
467,15562,2256487,880.3,730.5,845.1,629.5,862.7,680.0,0
467,15563,2256488,880.5,730.3,845.3,629.6,862.9,679.95,0
467,15564,2256489,880.6,730.1,845.6,629.7,863.1,679.9,0
467,15565,2256490,880.7,730.0,845.8,629.8,863.25,679.9,0
467,15566,2256491,880.6,729.9,846.0,630.0,863.3,679.95,0
468,15567,2256492,880.5,729.9,846.1,630.3,863.3,680.1,0
468,15568,2256493,880.3,730.0,846.2,630.6,863.25,680.3,0
468,15569,2256494,880.2,730.2,846.3,630.9,863.25,680.55,0
468,15570,2256495,880.0,730.6,846.5,631.2,863.25,680.9,0
468,15571,2256496,879.8,731.0,846.7,631.4,863.25,681.2,0
468,15572,2256497,879.7,731.3,846.9,631.6,863.3,681.45,0
468,15573,2256498,879.8,731.6,847.2,631.9,863.5,681.75,0
468,15574,2256499,880.0,731.9,847.4,632.0,863.7,681.95,0
468,15575,2256500,880.1,732.1,847.7,632.1,863.9,682.1,0
468,15576,2256501,880.3,732.2,848.0,632.4,864.15,682.3,0
468,15577,2256502,880.5,732.3,848.3,632.7,864.4,682.5,0
468,15578,2256503,880.7,732.3,848.6,633.2,864.65,682.75,0
468,15579,2256504,880.9,732.2,848.9,633.8,864.9,683.0,0
468,15580,2256505,881.0,732.2,849.1,634.6,865.05,683.4,0
468,15581,2256506,881.0,732.3,849.2,635.4,865.1,683.85,0
468,15582,2256507,881.1,732.3,849.3,636.1,865.2,684.2,0
468,15583,2256508,881.1,732.2,849.3,636.7,865.2,684.45,0
468,15584,2256509,881.2,732.2,849.2,637.3,865.2,684.75,0
468,15585,2256510,881.3,732.2,849.1,637.7,865.2,684.95,0
468,15586,2256511,881.3,732.2,849.0,638.0,865.15,685.1,0
468,15587,2256512,881.4,732.3,848.9,638.1,865.15,685.2,0
468,15588,2256513,881.5,732.5,848.8,638.2,865.15,685.35,0
468,15589,2256514,881.6,732.6,848.5,638.4,865.05,685.5,0
468,15590,2256515,881.8,732.7,848.2,638.5,865.0,685.6,0
468,15591,2256516,881.8,732.9,847.9,638.7,864.85,685.8,0
468,15592,2256517,881.9,733.1,847.8,638.8,864.85,685.95,0
468,15593,2256518,881.9,733.3,847.7,638.9,864.8,686.1,0
468,15594,2256519,881.9,733.7,847.6,638.7,864.75,686.2,0
468,15595,2256520,881.8,734.0,847.6,638.5,864.7,686.25,0
468,15596,2256521,881.6,734.4,847.7,638.3,864.65,686.35,0
468,15597,2256522,881.5,734.8,847.7,638.1,864.6,686.45,0
468,15598,2256523,881.5,735.1,847.6,637.9,864.55,686.5,0
468,15599,2256524,881.4,735.4,847.4,637.7,864.4,686.55,0
468,15600,2256525,881.5,735.6,847.1,637.6,864.3,686.6,0
469,15601,2256526,881.5,735.5,846.8,637.6,864.15,686.55,0
469,15602,2256527,881.7,735.5,846.5,637.6,864.1,686.55,0
469,15603,2256528,881.9,735.4,846.4,637.6,864.15,686.5,0
469,15604,2256529,882.2,735.3,846.3,637.7,864.25,686.5,0
469,15605,2256530,882.5,735.2,846.2,637.8,864.35,686.5,0
469,15606,2256531,882.7,735.2,846.2,637.9,864.45,686.55,0
469,15607,2256532,883.0,735.2,846.2,638.0,864.6,686.6,0
469,15608,2256533,883.1,735.1,846.3,638.1,864.7,686.6,0
469,15609,2256534,883.3,735.1,846.3,638.2,864.8,686.65,0
469,15610,2256535,883.4,735.1,846.4,638.3,864.9,686.7,0
469,15611,2256536,883.5,735.0,846.4,638.4,864.95,686.7,0
469,15612,2256537,883.5,735.0,846.4,638.4,864.95,686.7,0
469,15613,2256538,883.6,734.9,846.5,638.4,865.05,686.65,0
469,15614,2256539,883.7,734.9,846.8,638.3,865.25,686.6,0
469,15615,2256540,883.7,734.9,847.1,638.3,865.4,686.6,0
469,15616,2256541,883.7,734.9,847.3,638.3,865.5,686.6,0
469,15617,2256542,883.7,735.0,847.5,638.3,865.6,686.65,0
469,15618,2256543,883.6,735.1,847.7,638.2,865.65,686.65,0
469,15619,2256544,883.5,735.2,847.7,638.1,865.6,686.65,0
469,15620,2256545,883.3,735.3,847.7,638.0,865.5,686.65,0
469,15621,2256546,883.1,735.6,847.6,637.9,865.35,686.75,0
469,15622,2256547,882.9,735.9,847.5,637.9,865.2,686.9,0
469,15623,2256548,882.8,736.2,847.4,637.8,865.1,687.0,0
469,15624,2256549,882.9,736.3,847.3,637.6,865.1,686.95,0
469,15625,2256550,883.1,736.5,847.3,637.5,865.2,687.0,0
469,15626,2256551,883.3,736.4,847.3,637.3,865.3,686.85,0
469,15627,2256552,883.5,736.4,847.3,637.2,865.4,686.8,0
469,15628,2256553,883.5,736.0,847.2,637.0,865.35,686.5,0
469,15629,2256554,883.5,735.7,847.2,637.0,865.35,686.35,0
469,15630,2256555,883.4,735.3,847.2,637.1,865.3,686.2,0
469,15631,2256556,883.1,735.1,847.3,637.3,865.2,686.2,0
469,15632,2256557,882.8,735.0,847.4,637.5,865.1,686.25,0
469,15633,2256558,882.7,735.3,847.4,637.6,865.05,686.45,0
470,15634,2256559,882.7,735.5,847.5,637.8,865.1,686.65,0
470,15635,2256560,883.0,736.0,847.5,638.1,865.25,687.05,0
470,15636,2256561,883.2,736.4,847.6,638.3,865.4,687.35,0
470,15637,2256562,883.4,736.7,847.8,638.3,865.6,687.5,0
470,15638,2256563,883.5,737.0,847.9,638.6,865.7,687.8,0
470,15639,2256564,883.5,737.0,848.0,638.8,865.75,687.9,0
470,15640,2256565,883.3,736.9,848.3,639.1,865.8,688.0,0
470,15641,2256566,883.1,736.7,848.5,639.2,865.8,687.95,0
470,15642,2256567,882.8,736.2,848.7,639.3,865.75,687.75,0
470,15643,2256568,882.6,735.7,849.0,639.2,865.8,687.45,0
470,15644,2256569,882.5,735.2,849.2,639.2,865.85,687.2,0
470,15645,2256570,882.5,734.8,849.4,638.9,865.95,686.85,0
470,15646,2256571,882.5,734.3,849.7,638.8,866.1,686.55,0
470,15647,2256572,882.6,734.0,849.9,638.6,866.25,686.3,0
470,15648,2256573,882.6,733.7,850.2,638.5,866.4,686.1,0
470,15649,2256574,882.6,733.9,850.5,638.4,866.55,686.15,0
470,15650,2256575,882.6,734.1,850.6,638.3,866.6,686.2,0
470,15651,2256576,882.6,734.3,850.8,638.2,866.7,686.25,0
470,15652,2256577,882.6,734.5,850.9,638.2,866.75,686.35,0
470,15653,2256578,882.6,734.8,850.9,638.2,866.75,686.5,0
470,15654,2256579,882.6,735.0,851.0,638.1,866.8,686.55,0
470,15655,2256580,882.7,735.4,851.1,638.1,866.9,686.75,0
470,15656,2256581,882.7,735.6,851.2,638.2,866.95,686.9,0
470,15657,2256582,882.7,735.8,851.3,638.2,867.0,687.0,0
470,15658,2256583,882.8,735.8,851.5,638.2,867.15,687.0,0
470,15659,2256584,882.8,735.7,851.8,638.0,867.3,686.85,0
470,15660,2256585,882.8,735.7,852.1,637.8,867.45,686.75,0
470,15661,2256586,882.7,735.6,852.4,637.7,867.55,686.65,0
470,15662,2256587,882.7,735.2,852.7,637.4,867.7,686.3,0
470,15663,2256588,882.6,734.9,853.0,637.1,867.8,686.0,0
470,15664,2256589,882.5,734.6,853.2,636.9,867.85,685.75,0
470,15665,2256590,882.5,734.5,853.4,636.8,867.95,685.65,0
470,15666,2256591,882.5,734.4,853.6,636.7,868.05,685.55,0
471,15667,2256592,882.6,734.3,853.8,636.6,868.2,685.45,0
471,15668,2256593,882.6,734.3,854.1,636.6,868.35,685.45,0
471,15669,2256594,882.6,734.3,854.3,636.6,868.45,685.45,0
471,15670,2256595,882.6,734.4,854.6,636.6,868.6,685.5,0
471,15671,2256596,882.5,734.4,854.9,636.4,868.7,685.4,0
471,15672,2256597,882.4,734.5,855.2,636.3,868.8,685.4,0
471,15673,2256598,882.2,734.5,855.3,636.1,868.75,685.3,0
471,15674,2256599,882.0,734.4,855.3,635.9,868.65,685.15,0
471,15675,2256600,881.8,734.2,855.4,635.8,868.6,685.0,0
471,15676,2256601,881.6,734.0,855.5,635.7,868.55,684.85,0
471,15677,2256602,881.5,733.8,855.9,635.6,868.7,684.7,0
471,15678,2256603,881.4,733.4,856.3,635.6,868.85,684.5,0
471,15679,2256604,881.4,733.0,856.7,635.7,869.05,684.35,0
471,15680,2256605,881.4,732.6,857.1,635.8,869.25,684.2,0
471,15681,2256606,881.4,732.2,857.6,635.7,869.5,683.95,0
471,15682,2256607,881.5,732.0,858.1,635.6,869.8,683.8,0
471,15683,2256608,881.5,731.8,858.5,635.2,870.0,683.5,0
471,15684,2256609,881.6,731.6,858.6,634.7,870.1,683.15,0
471,15685,2256610,881.7,731.5,858.7,634.3,870.2,682.9,0
471,15686,2256611,881.8,731.3,858.8,634.0,870.3,682.65,0
471,15687,2256612,881.9,731.2,858.8,633.7,870.35,682.45,0
471,15688,2256613,881.9,731.0,858.9,633.5,870.4,682.25,0
471,15689,2256614,882.0,730.9,858.9,633.5,870.45,682.2,0
471,15690,2256615,882.0,730.8,859.0,633.8,870.5,682.3,0
471,15691,2256616,882.0,730.6,859.0,634.2,870.5,682.4,0
471,15692,2256617,882.0,730.4,859.1,634.6,870.55,682.5,0
471,15693,2256618,882.0,730.2,859.2,634.9,870.6,682.55,0
471,15694,2256619,882.0,730.0,859.3,635.2,870.65,682.6,0
471,15695,2256620,881.9,729.7,859.3,635.4,870.6,682.55,0
471,15696,2256621,881.9,729.5,859.4,635.5,870.65,682.5,0
471,15697,2256622,881.9,729.3,859.4,635.5,870.65,682.4,0
471,15698,2256623,881.9,729.2,859.4,635.1,870.65,682.15,0
471,15699,2256624,881.9,729.2,859.4,634.7,870.65,681.95,0
471,15700,2256625,881.8,729.2,859.3,634.3,870.55,681.75,0
472,15701,2256626,881.8,729.1,859.2,633.9,870.5,681.5,0
472,15702,2256627,881.8,729.1,859.2,633.3,870.5,681.2,0
472,15703,2256628,881.7,728.9,859.1,632.6,870.4,680.75,0
472,15704,2256629,881.6,728.8,859.1,632.0,870.35,680.4,0
472,15705,2256630,881.6,728.6,859.0,631.6,870.3,680.1,0
472,15706,2256631,881.5,728.5,859.1,631.3,870.3,679.9,0
472,15707,2256632,881.5,728.3,859.1,630.9,870.3,679.6,0
472,15708,2256633,881.4,728.0,859.3,630.3,870.35,679.15,0
472,15709,2256634,881.3,727.8,859.4,629.8,870.35,678.8,0
472,15710,2256635,881.3,727.4,859.5,629.5,870.4,678.45,0
472,15711,2256636,881.3,727.0,859.6,629.1,870.45,678.05,0
472,15712,2256637,881.2,726.3,859.6,628.7,870.4,677.5,0
472,15713,2256638,881.2,725.8,859.6,628.2,870.4,677.0,0
472,15714,2256639,881.2,725.3,859.6,627.7,870.4,676.5,0
472,15715,2256640,881.2,724.9,859.5,627.5,870.35,676.2,0
472,15716,2256641,881.2,724.6,859.5,627.3,870.35,675.95,0
472,15717,2256642,881.1,724.4,859.4,627.1,870.25,675.75,0
472,15718,2256643,881.1,724.1,859.3,626.9,870.2,675.5,0
472,15719,2256644,881.1,724.2,859.3,626.8,870.2,675.5,0
472,15720,2256645,881.1,724.1,859.2,626.7,870.15,675.4,0
472,15721,2256646,881.0,724.1,859.1,626.6,870.05,675.35,0
472,15722,2256647,881.0,723.9,859.0,626.6,870.0,675.25,0
472,15723,2256648,880.9,723.7,858.9,626.5,869.9,675.1,0
472,15724,2256649,880.8,723.3,858.8,626.3,869.8,674.8,0
472,15725,2256650,880.7,723.0,858.7,626.1,869.7,674.55,0
472,15726,2256651,880.5,722.6,858.5,625.8,869.5,674.2,0
472,15727,2256652,880.3,722.2,858.4,625.5,869.35,673.85,0
472,15728,2256653,880.2,721.9,858.4,625.1,869.3,673.5,0
472,15729,2256654,880.3,721.9,858.3,624.6,869.3,673.25,0
472,15730,2256655,880.4,721.9,858.2,624.3,869.3,673.1,0
472,15731,2256656,880.6,722.1,858.1,623.9,869.35,673.0,0
472,15732,2256657,880.8,722.3,858.0,623.4,869.4,672.85,0
472,15733,2256658,881.0,722.5,858.0,622.9,869.5,672.7,0
473,15734,2256659,881.3,722.6,858.1,622.4,869.7,672.5,0
473,15735,2256660,881.6,722.6,858.2,622.0,869.9,672.3,0
473,15736,2256661,881.6,722.5,858.4,621.8,870.0,672.15,0
473,15737,2256662,881.7,722.3,858.4,621.7,870.05,672.0,0
473,15738,2256663,881.8,722.1,858.5,621.8,870.15,671.95,0
473,15739,2256664,881.8,721.9,858.5,622.0,870.15,671.95,0
473,15740,2256665,881.9,721.6,858.6,622.3,870.25,671.95,0
473,15741,2256666,881.9,721.4,858.6,622.6,870.25,672.0,0
473,15742,2256667,881.9,721.3,858.6,622.6,870.25,671.95,0
473,15743,2256668,881.8,721.2,858.6,622.7,870.2,671.95,0
473,15744,2256669,881.8,721.1,858.8,622.6,870.3,671.85,0
473,15745,2256670,881.7,721.0,858.9,622.3,870.3,671.65,0
473,15746,2256671,881.6,721.0,859.0,621.9,870.3,671.45,0
473,15747,2256672,881.5,720.9,859.1,621.6,870.3,671.25,0
473,15748,2256673,881.4,720.8,858.9,621.2,870.15,671.0,0
473,15749,2256674,881.2,720.5,858.7,620.9,869.95,670.7,0
473,15750,2256675,881.2,720.3,858.5,620.7,869.85,670.5,0
473,15751,2256676,881.1,720.0,858.3,620.4,869.7,670.2,0
473,15752,2256677,881.1,719.8,858.0,620.4,869.55,670.1,0
473,15753,2256678,881.1,719.5,857.8,620.5,869.45,670.0,0
473,15754,2256679,881.0,719.2,857.7,620.7,869.35,669.95,0
473,15755,2256680,880.9,718.9,857.8,620.9,869.35,669.9,0
473,15756,2256681,880.8,718.8,858.0,621.1,869.4,669.95,0
473,15757,2256682,880.7,718.7,858.2,621.1,869.45,669.9,0
473,15758,2256683,880.6,718.5,858.3,621.2,869.45,669.85,0
473,15759,2256684,880.4,718.4,858.6,621.2,869.5,669.8,0
473,15760,2256685,880.2,718.4,858.8,621.1,869.5,669.75,0
473,15761,2256686,880.0,718.5,859.0,620.7,869.5,669.6,0
473,15762,2256687,880.0,718.6,859.0,620.0,869.5,669.3,0
473,15763,2256688,879.9,718.6,858.9,619.1,869.4,668.85,0
473,15764,2256689,879.9,718.7,858.7,618.3,869.3,668.5,0
473,15765,2256690,879.9,718.7,858.5,617.4,869.2,668.05,0
473,15766,2256691,880.0,718.7,858.2,616.5,869.1,667.6,0
474,15767,2256692,880.1,718.6,858.0,615.8,869.05,667.2,0
474,15768,2256693,880.3,718.4,857.7,615.1,869.0,666.75,0
474,15769,2256694,880.5,718.1,857.5,614.9,869.0,666.5,0
474,15770,2256695,880.6,717.9,857.4,614.9,869.0,666.4,0
474,15771,2256696,880.8,717.6,857.4,615.4,869.1,666.5,0
474,15772,2256697,880.8,717.4,857.3,615.8,869.05,666.6,0
474,15773,2256698,880.8,717.2,857.3,616.2,869.05,666.7,0
474,15774,2256699,880.7,717.0,857.3,616.7,869.0,666.85,0
474,15775,2256700,880.6,716.8,857.3,617.1,868.95,666.95,0
474,15776,2256701,880.4,716.6,857.2,617.4,868.8,667.0,0
474,15777,2256702,880.3,716.3,857.1,617.7,868.7,667.0,0
474,15778,2256703,880.2,716.2,857.0,617.6,868.6,666.9,0
474,15779,2256704,880.1,716.0,856.8,617.6,868.45,666.8,0
474,15780,2256705,880.1,715.9,856.6,617.5,868.35,666.7,0
474,15781,2256706,880.1,715.8,856.5,617.7,868.3,666.75,0
474,15782,2256707,880.2,715.9,856.3,617.9,868.25,666.9,0
474,15783,2256708,880.3,716.0,856.3,618.1,868.3,667.05,0
474,15784,2256709,880.4,716.0,856.3,618.3,868.35,667.15,0
474,15785,2256710,880.5,716.1,856.4,618.4,868.45,667.25,0
474,15786,2256711,880.7,716.3,856.6,618.6,868.65,667.45,0
474,15787,2256712,880.9,716.4,856.7,618.7,868.8,667.55,0
474,15788,2256713,881.1,716.6,856.8,618.8,868.95,667.7,0
474,15789,2256714,881.3,716.6,857.0,618.9,869.15,667.75,0
474,15790,2256715,881.5,716.7,857.2,619.2,869.35,667.95,0
474,15791,2256716,881.7,716.7,857.3,619.6,869.5,668.15,0
474,15792,2256717,881.8,716.7,857.4,620.0,869.6,668.35,0
474,15793,2256718,881.9,716.7,857.5,620.8,869.7,668.75,0
474,15794,2256719,882.0,716.7,857.6,621.5,869.8,669.1,0
474,15795,2256720,882.0,716.7,857.8,622.1,869.9,669.4,0
474,15796,2256721,882.1,716.7,857.9,622.3,870.0,669.5,0
474,15797,2256722,882.1,716.7,857.9,622.3,870.0,669.5,0
474,15798,2256723,882.0,716.8,857.9,622.2,869.95,669.5,0
474,15799,2256724,882.0,716.8,857.9,622.2,869.95,669.5,0
474,15800,2256725,882.0,716.8,857.9,621.8,869.95,669.3,0
475,15801,2256726,881.9,716.8,858.0,621.5,869.95,669.15,0
475,15802,2256727,881.9,716.8,858.1,621.3,870.0,669.05,0
475,15803,2256728,881.8,716.6,858.2,621.3,870.0,668.95,0
475,15804,2256729,881.7,716.4,858.3,621.4,870.0,668.9,0
475,15805,2256730,881.6,716.2,858.6,621.5,870.1,668.85,0
475,15806,2256731,881.2,716.0,858.9,621.7,870.05,668.85,0
475,15807,2256732,880.8,715.9,859.2,622.3,870.0,669.1,0
475,15808,2256733,880.4,715.7,859.4,622.8,869.9,669.25,0
475,15809,2256734,880.0,715.5,859.6,623.3,869.8,669.4,0
475,15810,2256735,879.6,715.4,859.6,623.8,869.6,669.6,0
475,15811,2256736,879.3,715.4,859.4,624.2,869.35,669.8,0
475,15812,2256737,879.0,715.4,859.2,624.4,869.1,669.9,0
475,15813,2256738,878.9,715.3,858.8,624.4,868.85,669.85,0
475,15814,2256739,878.9,715.3,858.4,624.0,868.65,669.65,0
475,15815,2256740,879.0,715.3,858.0,623.6,868.5,669.45,0
475,15816,2256741,879.1,715.3,857.7,623.1,868.4,669.2,0
475,15817,2256742,879.2,715.4,857.4,622.5,868.3,668.95,0
475,15818,2256743,879.3,715.4,857.4,622.3,868.35,668.85,0
475,15819,2256744,879.5,715.4,857.5,622.1,868.5,668.75,0
475,15820,2256745,879.6,715.5,857.5,622.0,868.55,668.75,0
475,15821,2256746,879.8,715.5,857.5,622.1,868.65,668.8,0
475,15822,2256747,879.9,715.5,857.6,622.2,868.75,668.85,0
475,15823,2256748,880.0,715.5,857.6,622.5,868.8,669.0,0
475,15824,2256749,880.2,715.5,857.6,623.0,868.9,669.25,0
475,15825,2256750,880.3,715.5,857.7,623.5,869.0,669.5,0
475,15826,2256751,880.5,715.5,857.7,623.9,869.1,669.7,0
475,15827,2256752,880.6,715.5,857.8,624.3,869.2,669.9,0
475,15828,2256753,880.6,715.5,857.8,624.5,869.2,670.0,0
475,15829,2256754,880.6,715.4,857.8,624.6,869.2,670.0,0
475,15830,2256755,880.5,715.4,857.9,624.7,869.2,670.05,0
475,15831,2256756,880.3,715.2,857.9,624.4,869.1,669.8,0
475,15832,2256757,880.2,715.1,858.1,623.9,869.15,669.5,0
475,15833,2256758,880.1,714.9,858.2,623.4,869.15,669.15,0
476,15834,2256759,880.0,714.7,858.3,623.0,869.15,668.85,0
476,15835,2256760,880.1,714.5,858.5,622.5,869.3,668.5,0
476,15836,2256761,880.2,714.2,858.6,622.1,869.4,668.15,0
476,15837,2256762,880.2,714.0,858.6,621.7,869.4,667.85,0
476,15838,2256763,880.3,713.9,858.7,621.3,869.5,667.6,0
476,15839,2256764,880.3,713.8,858.7,621.2,869.5,667.5,0
476,15840,2256765,880.4,713.6,858.7,621.1,869.55,667.35,0
476,15841,2256766,880.4,713.6,858.7,621.0,869.55,667.3,0
476,15842,2256767,880.3,713.3,858.7,620.9,869.5,667.1,0
476,15843,2256768,880.3,713.0,858.7,620.9,869.5,666.95,0
476,15844,2256769,880.2,712.8,858.7,620.8,869.45,666.8,0
476,15845,2256770,880.2,712.6,858.4,620.9,869.3,666.75,0
476,15846,2256771,880.3,712.6,858.0,620.9,869.15,666.75,0
476,15847,2256772,880.3,712.7,857.5,620.9,868.9,666.8,0
476,15848,2256773,880.4,712.8,856.8,621.0,868.6,666.9,0
476,15849,2256774,880.3,713.2,856.2,621.0,868.25,667.1,0
476,15850,2256775,880.2,713.6,855.5,621.1,867.85,667.35,0
476,15851,2256776,880.1,714.0,855.0,621.1,867.55,667.55,0
476,15852,2256777,879.9,714.4,854.7,621.6,867.3,668.0,0
476,15853,2256778,879.7,714.7,854.5,622.0,867.1,668.35,0
476,15854,2256779,879.4,715.0,854.3,622.5,866.85,668.75,0
476,15855,2256780,879.2,715.2,854.4,622.9,866.8,669.05,0
476,15856,2256781,879.1,715.4,854.6,623.2,866.85,669.3,0
476,15857,2256782,879.0,715.5,854.7,623.5,866.85,669.5,0
476,15858,2256783,879.1,715.7,854.9,623.7,867.0,669.7,0
476,15859,2256784,879.3,715.9,855.3,623.3,867.3,669.6,0
476,15860,2256785,879.6,716.2,855.6,622.9,867.6,669.55,0
476,15861,2256786,879.8,716.5,856.0,622.5,867.9,669.5,0
476,15862,2256787,880.1,717.0,856.4,622.1,868.25,669.55,0
476,15863,2256788,880.3,717.6,856.7,621.7,868.5,669.65,0
476,15864,2256789,880.5,718.2,857.0,621.4,868.75,669.8,0
476,15865,2256790,880.6,718.7,857.3,621.2,868.95,669.95,0
476,15866,2256791,880.5,719.1,857.4,621.2,868.95,670.15,0
477,15867,2256792,880.4,719.3,857.5,621.2,868.95,670.25,0
477,15868,2256793,880.2,719.4,857.5,621.1,868.85,670.25,0
477,15869,2256794,880.2,719.3,857.5,620.8,868.85,670.05,0
477,15870,2256795,880.2,719.1,857.5,620.5,868.85,669.8,0
477,15871,2256796,880.3,718.9,857.5,620.2,868.9,669.55,0
477,15872,2256797,880.5,718.8,857.3,619.8,868.9,669.3,0
477,15873,2256798,880.7,718.7,856.9,619.5,868.8,669.1,0
477,15874,2256799,880.9,718.6,856.5,619.3,868.7,668.95,0
477,15875,2256800,881.0,718.5,856.0,619.5,868.5,669.0,0
477,15876,2256801,881.1,718.5,855.3,619.8,868.2,669.15,0
477,15877,2256802,881.1,718.3,854.7,620.1,867.9,669.2,0
477,15878,2256803,881.0,718.3,854.1,620.5,867.55,669.4,0
477,15879,2256804,881.0,718.3,853.6,621.0,867.3,669.65,0
477,15880,2256805,880.8,718.4,853.3,621.5,867.05,669.95,0
477,15881,2256806,880.7,718.6,852.9,622.0,866.8,670.3,0
477,15882,2256807,880.5,718.9,852.5,622.1,866.5,670.5,0
477,15883,2256808,880.3,719.3,852.3,622.2,866.3,670.75,0
477,15884,2256809,880.0,719.6,852.1,622.4,866.05,671.0,0
477,15885,2256810,879.5,719.9,852.1,622.5,865.8,671.2,0
477,15886,2256811,879.0,720.1,852.0,622.5,865.5,671.3,0
477,15887,2256812,878.4,720.7,852.0,622.5,865.2,671.6,0
477,15888,2256813,877.9,721.1,852.2,622.5,865.05,671.8,0
477,15889,2256814,877.4,721.5,852.4,622.5,864.9,672.0,0
477,15890,2256815,876.9,721.9,852.7,622.5,864.8,672.2,0
477,15891,2256816,876.6,722.3,853.1,622.5,864.85,672.4,0
477,15892,2256817,876.5,722.6,853.3,622.6,864.9,672.6,0
477,15893,2256818,876.5,723.0,854.1,622.8,865.3,672.9,0
477,15894,2256819,876.8,722.9,854.8,623.0,865.8,672.95,0
477,15895,2256820,877.3,722.8,855.5,623.1,866.4,672.95,0
477,15896,2256821,877.9,722.7,856.2,623.2,867.05,672.95,0
477,15897,2256822,878.5,722.6,856.8,623.2,867.65,672.9,0
477,15898,2256823,879.1,722.6,857.3,623.3,868.2,672.95,0
477,15899,2256824,879.6,722.6,857.7,623.3,868.65,672.95,0
477,15900,2256825,880.1,722.6,857.7,623.2,868.9,672.9,0
478,15901,2256826,880.4,722.6,857.6,623.1,869.0,672.85,0
478,15902,2256827,880.5,722.7,857.5,623.0,869.0,672.85,0
478,15903,2256828,880.5,722.9,857.3,623.0,868.9,672.95,0
478,15904,2256829,880.6,723.1,857.0,622.9,868.8,673.0,0
478,15905,2256830,880.3,723.6,856.7,622.8,868.5,673.2,0
478,15906,2256831,880.0,724.3,856.4,622.8,868.2,673.55,0
478,15907,2256832,879.6,724.9,856.0,622.7,867.8,673.8,0
478,15908,2256833,879.3,725.6,855.7,622.6,867.5,674.1,0
478,15909,2256834,879.0,726.2,855.4,622.5,867.2,674.35,0
478,15910,2256835,878.7,726.8,855.0,622.4,866.85,674.6,0
478,15911,2256836,878.5,727.3,854.3,622.2,866.4,674.75,0
478,15912,2256837,878.7,727.5,853.6,622.1,866.15,674.8,0
478,15913,2256838,878.9,727.6,852.9,622.1,865.9,674.85,0
478,15914,2256839,879.2,727.8,852.3,622.0,865.75,674.9,0
478,15915,2256840,879.4,727.9,851.5,621.9,865.45,674.9,0
478,15916,2256841,879.6,728.0,850.8,621.9,865.2,674.95,0
478,15917,2256842,879.7,728.0,850.3,621.9,865.0,674.95,0
478,15918,2256843,879.4,728.0,850.1,621.8,864.75,674.9,0
478,15919,2256844,879.1,727.9,849.8,621.8,864.45,674.85,0
478,15920,2256845,878.8,727.7,849.7,621.9,864.25,674.8,0
478,15921,2256846,878.5,727.5,849.3,621.9,863.9,674.7,0
478,15922,2256847,878.2,727.2,849.0,622.0,863.6,674.6,0
478,15923,2256848,877.9,727.0,848.8,622.0,863.35,674.5,0
478,15924,2256849,877.7,727.0,848.9,622.0,863.3,674.5,0
478,15925,2256850,877.9,727.0,849.2,622.0,863.55,674.5,0
478,15926,2256851,878.1,727.1,849.5,621.8,863.8,674.45,0
478,15927,2256852,878.3,727.3,849.8,621.6,864.05,674.45,0
478,15928,2256853,878.5,727.7,850.7,621.4,864.6,674.55,0
478,15929,2256854,878.6,728.1,851.7,621.1,865.15,674.6,0
478,15930,2256855,878.8,728.4,852.9,620.9,865.85,674.65,0
478,15931,2256856,878.9,728.5,853.9,620.7,866.4,674.6,0
478,15932,2256857,878.9,728.5,854.8,620.7,866.85,674.6,0
478,15933,2256858,878.8,728.6,855.8,621.1,867.3,674.85,0
479,15934,2256859,878.8,728.6,856.9,621.5,867.85,675.05,0
479,15935,2256860,878.9,728.6,857.6,621.9,868.25,675.25,0
479,15936,2256861,878.9,728.6,858.2,622.3,868.55,675.45,0
479,15937,2256862,879.0,728.7,858.4,622.8,868.7,675.75,0
479,15938,2256863,879.0,728.6,858.5,623.0,868.75,675.8,0
479,15939,2256864,879.0,728.6,858.6,623.1,868.8,675.85,0
479,15940,2256865,879.0,728.3,858.6,622.9,868.8,675.6,0
479,15941,2256866,879.0,728.1,858.5,622.7,868.75,675.4,0
479,15942,2256867,879.0,727.9,858.3,622.3,868.65,675.1,0
479,15943,2256868,878.9,727.6,858.2,621.9,868.55,674.75,0
479,15944,2256869,878.9,727.4,858.2,621.6,868.55,674.5,0
479,15945,2256870,878.9,727.2,858.1,621.6,868.5,674.4,0
479,15946,2256871,879.0,727.1,857.7,621.7,868.35,674.4,0
479,15947,2256872,879.1,727.1,857.3,622.0,868.2,674.55,0
479,15948,2256873,879.1,727.1,856.8,622.3,867.95,674.7,0
479,15949,2256874,879.3,727.1,856.4,622.7,867.85,674.9,0
479,15950,2256875,879.5,727.1,856.0,623.1,867.75,675.1,0
479,15951,2256876,879.6,727.0,855.5,623.1,867.55,675.05,0
479,15952,2256877,879.7,726.9,855.0,623.0,867.35,674.95,0
479,15953,2256878,879.8,726.8,854.8,622.8,867.3,674.8,0
479,15954,2256879,879.7,726.7,854.4,622.6,867.05,674.65,0
479,15955,2256880,879.6,726.6,853.9,622.5,866.75,674.55,0
479,15956,2256881,879.5,726.6,853.5,622.6,866.5,674.6,0
479,15957,2256882,879.2,726.7,853.1,622.8,866.15,674.75,0
479,15958,2256883,878.8,726.9,852.6,623.2,865.7,675.05,0
479,15959,2256884,878.5,727.2,852.1,623.6,865.3,675.4,0
479,15960,2256885,878.2,727.5,851.7,623.9,864.95,675.7,0
479,15961,2256886,878.0,727.8,851.4,624.4,864.7,676.1,0
479,15962,2256887,877.8,728.0,851.1,624.7,864.45,676.35,0
479,15963,2256888,877.6,728.3,850.6,624.9,864.1,676.6,0
479,15964,2256889,877.6,728.5,850.1,625.0,863.85,676.75,0
479,15965,2256890,877.5,728.6,849.6,625.0,863.55,676.8,0
479,15966,2256891,877.6,728.6,849.0,625.1,863.3,676.85,0
480,15967,2256892,877.6,728.5,848.5,625.1,863.05,676.8,0
480,15968,2256893,877.6,728.4,848.2,625.0,862.9,676.7,0
480,15969,2256894,877.7,728.3,847.8,624.8,862.75,676.55,0
480,15970,2256895,877.8,728.0,847.5,624.5,862.65,676.25,0
480,15971,2256896,878.0,727.8,847.0,624.3,862.5,676.05,0
480,15972,2256897,878.3,727.5,846.7,624.2,862.5,675.85,0
480,15973,2256898,878.5,727.2,846.3,624.0,862.4,675.6,0
480,15974,2256899,878.7,726.9,845.7,623.9,862.2,675.4,0
480,15975,2256900,878.9,726.4,845.1,623.7,862.0,675.05,0
480,15976,2256901,878.9,726.0,844.5,623.6,861.7,674.8,0
480,15977,2256902,878.9,725.6,844.0,623.5,861.45,674.55,0
480,15978,2256903,878.7,725.2,843.8,623.4,861.25,674.3,0
480,15979,2256904,878.5,724.8,843.6,623.1,861.05,673.95,0
480,15980,2256905,878.3,724.4,843.5,622.9,860.9,673.65,0
480,15981,2256906,878.1,724.0,843.6,622.6,860.85,673.3,0
480,15982,2256907,878.0,723.8,843.8,622.5,860.9,673.15,0
480,15983,2256908,877.8,723.6,844.0,622.4,860.9,673.0,0
480,15984,2256909,877.7,723.4,844.0,622.4,860.85,672.9,0
480,15985,2256910,877.6,723.2,844.0,622.4,860.8,672.8,0
480,15986,2256911,877.4,723.1,844.0,622.4,860.7,672.75,0
480,15987,2256912,877.3,722.9,843.9,622.4,860.6,672.65,0
480,15988,2256913,877.2,722.6,843.9,622.2,860.55,672.4,0
480,15989,2256914,877.1,722.4,843.9,622.0,860.5,672.2,0
480,15990,2256915,877.1,722.2,844.1,621.8,860.6,672.0,0
480,15991,2256916,877.1,722.0,844.5,621.5,860.8,671.75,0
480,15992,2256917,877.1,721.8,844.8,621.2,860.95,671.5,0
480,15993,2256918,877.1,721.6,845.1,620.9,861.1,671.25,0
480,15994,2256919,877.1,721.5,845.5,620.7,861.3,671.1,0
480,15995,2256920,877.1,721.5,845.8,620.6,861.45,671.05,0
480,15996,2256921,877.0,721.4,846.5,620.6,861.75,671.0,0
480,15997,2256922,877.0,721.4,846.9,620.5,861.95,670.95,0
480,15998,2256923,876.9,721.4,847.3,620.4,862.1,670.9,0
480,15999,2256924,876.9,721.7,847.8,620.3,862.35,671.0,0
480,16000,2256925,876.9,722.0,848.2,620.1,862.55,671.05,0
481,16001,2256926,876.8,722.3,848.9,620.0,862.85,671.15,0
481,16002,2256927,876.8,722.6,849.5,619.9,863.15,671.25,0
481,16003,2256928,876.9,723.0,849.9,619.8,863.4,671.4,0
481,16004,2256929,876.9,723.2,850.3,619.7,863.6,671.45,0
481,16005,2256930,877.0,723.4,850.8,619.8,863.9,671.6,0
481,16006,2256931,877.0,723.4,851.1,620.4,864.05,671.9,0
481,16007,2256932,877.0,723.4,851.6,620.9,864.3,672.15,0
481,16008,2256933,877.0,723.4,852.0,621.6,864.5,672.5,0
481,16009,2256934,877.0,723.4,852.4,622.2,864.7,672.8,0
481,16010,2256935,877.0,723.4,852.7,622.8,864.85,673.1,0
481,16011,2256936,877.0,723.5,852.9,623.4,864.95,673.45,0
481,16012,2256937,877.0,723.6,853.2,623.9,865.1,673.75,0
481,16013,2256938,877.0,723.8,853.4,624.0,865.2,673.9,0
481,16014,2256939,877.0,723.9,853.5,624.2,865.25,674.05,0
481,16015,2256940,876.9,724.0,853.5,624.3,865.2,674.15,0
481,16016,2256941,876.8,724.1,853.5,624.5,865.15,674.3,0
481,16017,2256942,876.8,724.3,853.5,624.6,865.15,674.45,0
481,16018,2256943,876.8,724.4,853.6,624.7,865.2,674.55,0
481,16019,2256944,876.8,724.5,853.9,624.8,865.35,674.65,0
481,16020,2256945,876.8,724.6,854.2,624.8,865.5,674.7,0
481,16021,2256946,876.7,724.7,854.4,624.9,865.55,674.8,0
481,16022,2256947,876.8,724.7,854.6,625.1,865.7,674.9,0
481,16023,2256948,876.8,724.7,854.8,625.3,865.8,675.0,0
481,16024,2256949,876.8,724.5,854.9,625.6,865.85,675.05,0
481,16025,2256950,876.8,724.3,855.0,625.9,865.9,675.1,0
481,16026,2256951,876.7,724.1,854.9,626.2,865.8,675.15,0
481,16027,2256952,876.7,723.9,854.8,626.4,865.75,675.15,0
481,16028,2256953,876.7,723.8,854.8,626.8,865.75,675.3,0
481,16029,2256954,876.7,723.8,854.8,627.1,865.75,675.45,0
481,16030,2256955,876.7,723.9,854.8,627.4,865.75,675.65,0
481,16031,2256956,876.7,724.1,854.8,627.8,865.75,675.95,0
481,16032,2256957,876.7,724.3,854.6,628.1,865.65,676.2,0
481,16033,2256958,876.8,724.6,854.2,628.5,865.5,676.55,0
482,16034,2256959,876.8,724.8,853.7,629.0,865.25,676.9,0
482,16035,2256960,876.8,724.9,853.2,629.3,865.0,677.1,0
482,16036,2256961,876.8,724.9,852.5,629.5,864.65,677.2,0
482,16037,2256962,876.9,724.9,851.8,629.7,864.35,677.3,0
482,16038,2256963,876.9,724.8,851.1,629.9,864.0,677.35,0
482,16039,2256964,876.9,724.7,850.2,630.1,863.55,677.4,0
482,16040,2256965,877.0,724.6,849.5,630.2,863.25,677.4,0
482,16041,2256966,877.2,724.5,848.8,630.4,863.0,677.45,0
482,16042,2256967,877.3,724.4,848.2,630.5,862.75,677.45,0
482,16043,2256968,877.4,724.1,847.7,630.7,862.55,677.4,0
482,16044,2256969,877.4,723.6,847.2,630.8,862.3,677.2,0
482,16045,2256970,877.5,723.0,846.6,631.0,862.05,677.0,0
482,16046,2256971,877.5,722.5,846.4,631.2,861.95,676.85,0
482,16047,2256972,877.4,721.9,846.1,631.4,861.75,676.65,0
482,16048,2256973,877.2,721.3,845.9,631.4,861.55,676.35,0
482,16049,2256974,877.1,720.7,845.6,631.4,861.35,676.05,0
482,16050,2256975,877.0,720.4,845.4,631.4,861.2,675.9,0
482,16051,2256976,876.8,720.4,845.3,631.5,861.05,675.95,0
482,16052,2256977,876.7,720.0,845.3,631.4,861.0,675.7,0
482,16053,2256978,876.5,719.6,845.3,631.4,860.9,675.5,0
482,16054,2256979,876.4,719.2,845.4,631.3,860.9,675.25,0
482,16055,2256980,876.2,718.7,845.4,631.2,860.8,674.95,0
482,16056,2256981,876.0,718.1,845.4,631.1,860.7,674.6,0
482,16057,2256982,875.8,717.5,845.4,630.9,860.6,674.2,0
482,16058,2256983,875.7,716.7,845.4,630.6,860.55,673.65,0
482,16059,2256984,875.6,716.2,845.4,630.3,860.5,673.25,0
482,16060,2256985,875.5,715.7,845.6,630.0,860.55,672.85,0
482,16061,2256986,875.3,715.1,845.8,629.7,860.55,672.4,0
482,16062,2256987,875.2,714.4,846.0,629.6,860.6,672.0,0
482,16063,2256988,875.1,713.9,846.2,629.6,860.65,671.75,0
482,16064,2256989,875.0,713.5,846.4,629.5,860.7,671.5,0
482,16065,2256990,874.9,713.1,846.7,629.4,860.8,671.25,0
482,16066,2256991,874.8,712.8,847.0,629.3,860.9,671.05,0
483,16067,2256992,874.9,712.4,847.1,629.2,861.0,670.8,0
483,16068,2256993,874.9,712.2,847.3,629.2,861.1,670.7,0
483,16069,2256994,874.9,712.1,847.5,629.0,861.2,670.55,0
483,16070,2256995,874.9,711.8,847.6,628.7,861.25,670.25,0
483,16071,2256996,874.8,711.3,847.7,628.5,861.25,669.9,0
483,16072,2256997,874.7,710.8,847.7,628.3,861.2,669.55,0
483,16073,2256998,874.7,710.3,847.7,628.2,861.2,669.25,0
483,16074,2256999,874.6,709.8,847.6,628.2,861.1,669.0,0
483,16075,2257000,874.5,709.4,847.6,628.1,861.05,668.75,0
483,16076,2257001,874.4,709.0,847.5,628.0,860.95,668.5,0
483,16077,2257002,874.2,708.7,847.6,628.0,860.9,668.35,0
483,16078,2257003,874.0,708.3,847.6,628.0,860.8,668.15,0
483,16079,2257004,873.9,708.0,847.6,628.1,860.75,668.05,0
483,16080,2257005,873.8,707.7,847.6,628.1,860.7,667.9,0
483,16081,2257006,873.6,707.3,847.6,628.1,860.6,667.7,0
483,16082,2257007,873.5,707.0,847.5,628.4,860.5,667.7,0
483,16083,2257008,873.5,706.5,847.2,628.6,860.35,667.55,0
483,16084,2257009,873.5,706.1,846.9,629.0,860.2,667.55,0
483,16085,2257010,873.6,705.9,846.5,630.0,860.05,667.95,0
483,16086,2257011,873.7,705.7,846.2,631.0,859.95,668.35,0
483,16087,2257012,873.7,705.5,846.0,631.9,859.85,668.7,0
483,16088,2257013,873.6,705.3,845.8,632.9,859.7,669.1,0
483,16089,2257014,873.6,705.1,845.7,633.6,859.65,669.35,0
483,16090,2257015,873.5,705.0,845.8,634.3,859.65,669.65,0
483,16091,2257016,873.5,704.9,845.9,634.8,859.7,669.85,0
483,16092,2257017,873.4,704.9,845.8,634.7,859.6,669.8,0
483,16093,2257018,873.3,704.9,845.8,634.6,859.55,669.75,0
483,16094,2257019,873.3,704.9,845.6,634.5,859.45,669.7,0
483,16095,2257020,873.2,704.9,845.4,634.4,859.3,669.65,0
483,16096,2257021,873.0,705.0,845.1,634.4,859.05,669.7,0
483,16097,2257022,872.8,704.9,844.8,634.4,858.8,669.65,0
483,16098,2257023,872.6,704.8,844.4,634.4,858.5,669.6,0
483,16099,2257024,872.4,704.7,844.2,634.5,858.3,669.6,0
483,16100,2257025,872.3,704.6,844.0,634.5,858.15,669.55,0
484,16101,2257026,872.1,704.7,843.8,634.5,857.95,669.6,0
484,16102,2257027,872.0,704.7,843.7,634.5,857.85,669.6,0
484,16103,2257028,872.1,704.8,843.6,634.5,857.85,669.65,0
484,16104,2257029,872.2,705.0,843.6,634.5,857.9,669.75,0
484,16105,2257030,872.3,705.6,843.7,634.5,858.0,670.05,0
484,16106,2257031,872.4,706.1,843.8,634.5,858.1,670.3,0
484,16107,2257032,872.4,706.6,843.9,634.6,858.15,670.6,0
484,16108,2257033,872.3,707.0,844.0,634.5,858.15,670.75,0
484,16109,2257034,872.3,707.3,844.1,634.3,858.2,670.8,0
484,16110,2257035,872.3,707.6,844.2,634.1,858.25,670.85,0
484,16111,2257036,872.5,707.9,844.3,634.0,858.4,670.95,0
484,16112,2257037,872.5,707.8,844.3,633.9,858.4,670.85,0
484,16113,2257038,872.6,707.7,844.2,633.8,858.4,670.75,0
484,16114,2257039,872.6,707.6,844.0,633.5,858.3,670.55,0
484,16115,2257040,872.6,707.4,843.9,633.0,858.25,670.2,0
484,16116,2257041,872.5,707.3,843.7,632.5,858.1,669.9,0
484,16117,2257042,872.4,707.2,843.5,632.0,857.95,669.6,0
484,16118,2257043,872.2,707.1,843.3,631.4,857.75,669.25,0
484,16119,2257044,872.1,707.3,843.2,630.8,857.65,669.05,0
484,16120,2257045,871.9,707.6,843.1,630.8,857.5,669.2,0
484,16121,2257046,871.8,707.8,843.0,631.0,857.4,669.4,0
484,16122,2257047,871.7,708.0,842.9,631.5,857.3,669.75,0
484,16123,2257048,871.7,708.0,842.8,632.1,857.25,670.05,0
484,16124,2257049,871.6,707.9,842.4,632.7,857.0,670.3,0
484,16125,2257050,871.6,708.0,842.0,633.4,856.8,670.7,0
484,16126,2257051,871.6,707.8,841.7,634.2,856.65,671.0,0
484,16127,2257052,871.6,707.5,841.4,634.4,856.5,670.95,0
484,16128,2257053,871.6,707.3,841.1,634.6,856.35,670.95,0
484,16129,2257054,871.6,707.1,840.8,634.7,856.2,670.9,0
484,16130,2257055,871.6,707.1,840.7,634.8,856.15,670.95,0
484,16131,2257056,871.6,707.1,840.7,634.9,856.15,671.0,0
484,16132,2257057,871.6,707.1,840.8,634.9,856.2,671.0,0
484,16133,2257058,871.7,707.2,841.0,634.9,856.35,671.05,0
485,16134,2257059,871.7,707.4,840.9,634.8,856.3,671.1,0
485,16135,2257060,871.7,707.5,840.8,634.6,856.25,671.05,0
485,16136,2257061,871.5,707.7,840.7,634.5,856.1,671.1,0
485,16137,2257062,871.4,707.8,840.5,634.4,855.95,671.1,0
485,16138,2257063,871.2,708.0,840.3,634.1,855.75,671.05,0
485,16139,2257064,871.0,708.2,840.1,633.8,855.55,671.0,0
485,16140,2257065,870.7,708.3,839.8,633.5,855.25,670.9,0
485,16141,2257066,870.4,708.4,839.7,633.1,855.05,670.75,0
485,16142,2257067,870.2,708.5,839.7,632.7,854.95,670.6,0
485,16143,2257068,870.1,708.6,839.6,632.3,854.85,670.45,0
485,16144,2257069,870.0,708.7,839.6,632.0,854.8,670.35,0
485,16145,2257070,869.9,708.7,839.7,631.7,854.8,670.2,0
485,16146,2257071,870.0,708.7,839.9,631.5,854.95,670.1,0
485,16147,2257072,870.0,708.8,840.1,631.3,855.05,670.05,0
485,16148,2257073,870.0,709.2,840.6,631.1,855.3,670.15,0
485,16149,2257074,870.0,709.6,841.0,631.0,855.5,670.3,0
485,16150,2257075,869.9,710.0,841.4,630.9,855.65,670.45,0
485,16151,2257076,869.9,710.5,841.7,630.8,855.8,670.65,0
485,16152,2257077,869.8,710.9,842.0,630.8,855.9,670.85,0
485,16153,2257078,869.7,711.3,842.1,630.7,855.9,671.0,0
485,16154,2257079,869.6,711.6,842.2,630.7,855.9,671.15,0
485,16155,2257080,869.5,711.6,842.1,630.9,855.8,671.25,0
485,16156,2257081,869.5,711.6,841.9,630.9,855.7,671.25,0
485,16157,2257082,869.4,711.5,841.8,631.0,855.6,671.25,0
485,16158,2257083,869.4,711.4,841.6,631.1,855.5,671.25,0
485,16159,2257084,869.3,711.4,841.5,631.6,855.4,671.5,0
485,16160,2257085,869.2,711.3,841.3,632.0,855.25,671.65,0
485,16161,2257086,869.0,711.2,841.2,632.4,855.1,671.8,0
485,16162,2257087,868.9,711.2,841.2,632.9,855.05,672.05,0
485,16163,2257088,868.8,711.2,841.3,633.3,855.05,672.25,0
485,16164,2257089,868.8,711.3,841.4,633.7,855.1,672.5,0
485,16165,2257090,868.8,711.4,841.5,634.1,855.15,672.75,0
485,16166,2257091,868.8,711.7,841.6,634.2,855.2,672.95,0
486,16167,2257092,868.9,711.9,841.7,634.3,855.3,673.1,0
486,16168,2257093,868.9,712.3,841.7,634.4,855.3,673.35,0
486,16169,2257094,869.0,712.6,841.7,634.5,855.35,673.55,0
486,16170,2257095,869.1,712.9,841.7,634.7,855.4,673.8,0
486,16171,2257096,869.1,713.2,841.5,634.9,855.3,674.05,0
486,16172,2257097,869.2,713.4,841.4,635.1,855.3,674.25,0
486,16173,2257098,869.3,713.5,841.2,635.3,855.25,674.4,0
486,16174,2257099,869.4,713.7,841.0,635.5,855.2,674.6,0
486,16175,2257100,869.4,713.8,840.7,635.6,855.05,674.7,0
486,16176,2257101,869.5,714.0,840.4,635.8,854.95,674.9,0
486,16177,2257102,869.6,714.2,840.0,636.1,854.8,675.15,0
486,16178,2257103,869.8,714.4,839.8,636.3,854.8,675.35,0
486,16179,2257104,870.0,714.7,839.6,636.5,854.8,675.6,0
486,16180,2257105,870.1,715.0,839.3,637.0,854.7,676.0,0
486,16181,2257106,870.3,715.4,839.0,637.5,854.65,676.45,0
486,16182,2257107,870.5,715.7,838.8,638.0,854.65,676.85,0
486,16183,2257108,870.8,715.8,838.5,638.4,854.65,677.1,0
486,16184,2257109,870.9,715.9,838.3,638.6,854.6,677.25,0
486,16185,2257110,871.0,716.1,838.1,638.7,854.55,677.4,0
486,16186,2257111,871.1,716.2,837.9,638.7,854.5,677.45,0
486,16187,2257112,871.1,716.2,837.9,638.5,854.5,677.35,0
486,16188,2257113,871.2,716.2,837.9,638.3,854.55,677.25,0
486,16189,2257114,871.1,716.2,837.9,638.1,854.5,677.15,0
486,16190,2257115,871.1,716.3,837.9,637.8,854.5,677.05,0
486,16191,2257116,870.9,716.4,837.9,637.7,854.4,677.05,0
486,16192,2257117,870.8,716.6,838.0,637.6,854.4,677.1,0
486,16193,2257118,870.7,717.1,838.0,637.6,854.35,677.35,0
486,16194,2257119,870.5,717.7,838.1,637.5,854.3,677.6,0
486,16195,2257120,870.3,718.3,838.3,637.5,854.3,677.9,0
486,16196,2257121,870.1,719.0,838.4,637.4,854.25,678.2,0
486,16197,2257122,869.9,719.9,838.5,637.3,854.2,678.6,0
486,16198,2257123,869.7,720.7,838.5,637.2,854.1,678.95,0
486,16199,2257124,869.6,721.5,838.5,637.1,854.05,679.3,0
486,16200,2257125,869.5,722.0,838.4,637.4,853.95,679.7,0
487,16201,2257126,869.5,722.4,838.3,637.7,853.9,680.05,0
487,16202,2257127,869.4,722.8,838.1,638.0,853.75,680.4,0
487,16203,2257128,869.4,723.0,838.0,638.0,853.7,680.5,0
487,16204,2257129,869.5,723.1,837.8,638.0,853.65,680.55,0
487,16205,2257130,869.6,723.1,837.8,638.1,853.7,680.6,0
487,16206,2257131,869.6,723.1,837.7,638.0,853.65,680.55,0
487,16207,2257132,869.6,723.0,837.7,637.6,853.65,680.3,0
487,16208,2257133,869.6,723.0,837.6,637.2,853.6,680.1,0
487,16209,2257134,869.5,723.0,837.4,636.8,853.45,679.9,0
487,16210,2257135,869.3,723.0,837.3,636.5,853.3,679.75,0
487,16211,2257136,868.8,723.2,837.1,636.2,852.95,679.7,0
487,16212,2257137,868.4,723.4,836.9,636.0,852.65,679.7,0
487,16213,2257138,868.0,723.8,836.7,635.8,852.35,679.8,0
487,16214,2257139,867.7,724.1,836.5,635.8,852.1,679.95,0
487,16215,2257140,867.5,724.5,836.3,635.7,851.9,680.1,0
487,16216,2257141,867.3,724.8,836.3,635.5,851.8,680.15,0
487,16217,2257142,867.3,725.1,836.3,635.5,851.8,680.3,0
487,16218,2257143,867.4,725.5,836.4,635.5,851.9,680.5,0
487,16219,2257144,867.5,725.8,836.8,635.5,852.15,680.65,0
487,16220,2257145,867.6,726.0,837.1,635.4,852.35,680.7,0
487,16221,2257146,867.6,726.2,837.4,635.2,852.5,680.7,0
487,16222,2257147,867.5,726.4,837.7,635.1,852.6,680.75,0
487,16223,2257148,867.3,726.6,837.6,635.1,852.45,680.85,0
487,16224,2257149,866.9,726.8,837.5,635.2,852.2,681.0,0
487,16225,2257150,866.6,726.8,837.4,635.3,852.0,681.05,0
487,16226,2257151,866.3,726.8,837.2,635.5,851.75,681.15,0
487,16227,2257152,866.0,726.8,837.0,635.6,851.5,681.2,0
487,16228,2257153,865.8,726.8,836.9,635.7,851.35,681.25,0
487,16229,2257154,865.8,726.7,836.8,635.7,851.3,681.2,0
487,16230,2257155,865.8,726.7,836.9,635.6,851.35,681.15,0
487,16231,2257156,865.9,726.7,837.0,635.0,851.45,680.85,0
487,16232,2257157,866.0,726.6,837.2,634.3,851.6,680.45,0
487,16233,2257158,866.0,726.6,837.2,633.6,851.6,680.1,0
488,16234,2257159,865.9,726.5,837.5,632.9,851.7,679.7,0
488,16235,2257160,865.8,726.5,837.8,632.3,851.8,679.4,0
488,16236,2257161,865.6,726.4,838.1,631.8,851.85,679.1,0
488,16237,2257162,865.5,726.3,838.3,631.3,851.9,678.8,0
488,16238,2257163,865.3,726.2,838.5,631.2,851.9,678.7,0
488,16239,2257164,865.2,726.0,838.7,631.2,851.95,678.6,0
488,16240,2257165,865.2,725.8,838.9,631.3,852.05,678.55,0
488,16241,2257166,865.1,725.6,838.8,631.3,851.95,678.45,0
488,16242,2257167,865.1,725.3,838.8,631.4,851.95,678.35,0
488,16243,2257168,865.1,725.1,838.9,631.4,852.0,678.25,0
488,16244,2257169,865.2,724.2,839.0,631.4,852.1,677.8,0
488,16245,2257170,865.2,723.5,839.1,631.4,852.15,677.45,0
488,16246,2257171,865.3,722.8,839.1,631.3,852.2,677.05,0
488,16247,2257172,865.3,722.3,839.3,631.3,852.3,676.8,0
488,16248,2257173,865.4,721.9,839.4,631.4,852.4,676.65,0
488,16249,2257174,865.5,721.4,839.6,631.6,852.55,676.5,0
488,16250,2257175,865.6,720.9,839.8,631.9,852.7,676.4,0
488,16251,2257176,865.6,720.9,839.9,632.2,852.75,676.55,0
488,16252,2257177,865.7,721.0,840.1,632.6,852.9,676.8,0
488,16253,2257178,865.8,721.0,840.3,633.0,853.05,677.0,0
488,16254,2257179,865.9,720.7,840.6,633.5,853.25,677.1,0
488,16255,2257180,866.1,720.4,841.1,633.9,853.6,677.15,0
488,16256,2257181,866.2,720.2,841.6,634.3,853.9,677.25,0
488,16257,2257182,866.4,720.1,841.9,634.6,854.15,677.35,0
488,16258,2257183,866.5,720.0,842.3,634.9,854.4,677.45,0
488,16259,2257184,866.6,719.8,842.6,635.1,854.6,677.45,0
488,16260,2257185,866.7,719.7,842.9,635.3,854.8,677.5,0
488,16261,2257186,866.9,719.6,843.0,635.5,854.95,677.55,0
488,16262,2257187,867.2,719.5,842.9,635.5,855.05,677.5,0
488,16263,2257188,867.5,719.4,842.8,635.4,855.15,677.4,0
488,16264,2257189,867.7,719.3,842.8,635.4,855.25,677.35,0
488,16265,2257190,867.9,719.1,842.9,635.2,855.4,677.15,0
488,16266,2257191,868.1,719.0,843.0,635.2,855.55,677.1,0
489,16267,2257192,868.2,718.8,843.1,635.1,855.65,676.95,0
489,16268,2257193,868.3,718.6,843.3,635.4,855.8,677.0,0
489,16269,2257194,868.2,718.5,843.4,635.8,855.8,677.15,0
489,16270,2257195,868.1,718.3,843.6,636.2,855.85,677.25,0
489,16271,2257196,868.1,718.2,843.7,636.7,855.9,677.45,0
489,16272,2257197,868.1,718.1,843.8,637.2,855.95,677.65,0
489,16273,2257198,868.0,717.9,843.9,637.6,855.95,677.75,0
489,16274,2257199,868.1,717.6,843.9,637.9,856.0,677.75,0
489,16275,2257200,868.1,717.3,844.0,638.1,856.05,677.7,0
489,16276,2257201,868.1,717.0,843.9,638.2,856.0,677.6,0
489,16277,2257202,868.1,716.5,843.9,638.4,856.0,677.45,0
489,16278,2257203,868.2,716.0,843.9,638.5,856.05,677.25,0
489,16279,2257204,868.2,715.6,843.8,638.6,856.0,677.1,0
489,16280,2257205,868.3,714.9,843.7,638.8,856.0,676.85,0
489,16281,2257206,868.3,714.4,843.6,639.0,855.95,676.7,0
489,16282,2257207,868.2,713.9,843.5,639.1,855.85,676.5,0
489,16283,2257208,868.0,713.5,843.3,639.2,855.65,676.35,0
489,16284,2257209,867.9,713.2,843.2,639.4,855.55,676.3,0
489,16285,2257210,867.8,712.9,843.1,639.6,855.45,676.25,0
489,16286,2257211,867.6,712.7,843.0,639.9,855.3,676.3,0
489,16287,2257212,867.4,712.8,842.9,640.2,855.15,676.5,0
489,16288,2257213,867.3,712.9,842.9,640.5,855.1,676.7,0
489,16289,2257214,867.3,712.9,842.8,640.7,855.05,676.8,0
489,16290,2257215,867.3,712.9,842.8,641.0,855.05,676.95,0
489,16291,2257216,867.4,712.9,842.9,641.1,855.15,677.0,0
489,16292,2257217,867.5,712.9,842.9,641.3,855.2,677.1,0
489,16293,2257218,867.6,712.8,842.9,641.3,855.25,677.05,0
489,16294,2257219,867.8,712.8,842.9,641.3,855.35,677.05,0
489,16295,2257220,867.9,712.8,842.9,641.3,855.4,677.05,0
489,16296,2257221,868.0,712.7,843.0,641.4,855.5,677.05,0
489,16297,2257222,868.1,712.7,843.1,641.4,855.6,677.05,0
489,16298,2257223,868.1,712.6,843.2,641.5,855.65,677.05,0
489,16299,2257224,868.2,712.5,843.4,641.6,855.8,677.05,0
489,16300,2257225,868.2,712.3,843.6,641.6,855.9,676.95,0
490,16301,2257226,868.3,712.2,843.9,641.6,856.1,676.9,0
490,16302,2257227,868.3,712.1,844.2,641.6,856.25,676.85,0
490,16303,2257228,868.3,712.0,844.6,641.7,856.45,676.85,0
490,16304,2257229,868.3,712.0,844.9,641.7,856.6,676.85,0
490,16305,2257230,868.3,712.0,845.1,641.7,856.7,676.85,0
490,16306,2257231,868.4,712.0,845.2,641.7,856.8,676.85,0
490,16307,2257232,868.3,711.8,845.4,641.6,856.85,676.7,0
490,16308,2257233,868.3,711.5,845.4,641.5,856.85,676.5,0
490,16309,2257234,868.2,711.3,845.4,641.4,856.8,676.35,0
490,16310,2257235,868.1,711.0,845.4,641.3,856.75,676.15,0
490,16311,2257236,868.0,710.8,845.4,641.3,856.7,676.05,0
490,16312,2257237,867.9,710.6,845.4,641.4,856.65,676.0,0
490,16313,2257238,867.8,710.5,845.4,641.5,856.6,676.0,0
490,16314,2257239,867.7,710.7,845.4,641.6,856.55,676.15,0
490,16315,2257240,867.6,710.8,845.5,641.5,856.55,676.15,0
490,16316,2257241,867.6,711.0,845.5,641.4,856.55,676.2,0
490,16317,2257242,867.7,711.3,845.7,641.3,856.7,676.3,0
490,16318,2257243,867.8,711.7,845.8,641.1,856.8,676.4,0
490,16319,2257244,867.9,712.0,845.9,640.9,856.9,676.45,0
490,16320,2257245,868.0,712.1,846.0,640.7,857.0,676.4,0
490,16321,2257246,868.0,712.3,846.2,640.6,857.1,676.45,0
490,16322,2257247,868.0,712.4,846.4,640.8,857.2,676.6,0
490,16323,2257248,868.0,712.4,846.5,641.0,857.25,676.7,0
490,16324,2257249,868.0,712.3,846.5,641.4,857.25,676.85,0
490,16325,2257250,868.0,712.1,846.6,641.8,857.3,676.95,0
490,16326,2257251,868.0,711.9,846.6,642.1,857.3,677.0,0
490,16327,2257252,868.0,711.7,846.6,642.3,857.3,677.0,0
490,16328,2257253,868.1,711.6,846.5,642.4,857.3,677.0,0
490,16329,2257254,868.2,711.6,846.5,642.4,857.35,677.0,0
490,16330,2257255,868.3,711.7,846.4,642.3,857.35,677.0,0
490,16331,2257256,868.4,711.8,846.5,642.2,857.45,677.0,0
490,16332,2257257,868.5,711.9,846.5,641.7,857.5,676.8,0
490,16333,2257258,868.6,712.0,846.6,641.4,857.6,676.7,0
491,16334,2257259,868.6,712.1,846.4,641.0,857.5,676.55,0
491,16335,2257260,868.7,712.2,846.3,640.7,857.5,676.45,0
491,16336,2257261,868.7,712.3,846.2,640.2,857.45,676.25,0
491,16337,2257262,868.7,712.3,846.1,639.8,857.4,676.05,0
491,16338,2257263,868.7,712.4,846.0,639.4,857.35,675.9,0
491,16339,2257264,868.8,712.4,845.8,639.3,857.3,675.85,0
491,16340,2257265,868.8,712.4,845.7,639.1,857.25,675.75,0
491,16341,2257266,868.8,712.4,845.8,639.0,857.3,675.7,0
491,16342,2257267,868.9,712.4,846.0,638.9,857.45,675.65,0
491,16343,2257268,869.0,712.4,846.2,638.9,857.6,675.65,0
491,16344,2257269,869.1,712.4,846.3,638.9,857.7,675.65,0
491,16345,2257270,869.1,712.6,846.5,638.9,857.8,675.75,0
491,16346,2257271,869.2,712.7,846.7,638.8,857.95,675.75,0
491,16347,2257272,869.2,713.0,846.9,638.6,858.05,675.8,0
491,16348,2257273,869.2,713.3,847.1,638.4,858.15,675.85,0
491,16349,2257274,869.2,713.6,847.2,638.1,858.2,675.85,0
491,16350,2257275,869.2,713.8,847.3,637.9,858.25,675.85,0
491,16351,2257276,869.2,714.2,847.4,637.7,858.3,675.95,0
491,16352,2257277,869.2,714.3,847.6,637.4,858.4,675.85,0
491,16353,2257278,869.3,714.5,847.7,637.2,858.5,675.85,0
491,16354,2257279,869.3,714.6,847.8,637.0,858.55,675.8,0
491,16355,2257280,869.2,714.7,847.9,636.9,858.55,675.8,0
491,16356,2257281,869.2,714.8,848.1,636.8,858.65,675.8,0
491,16357,2257282,869.1,714.8,848.2,636.7,858.65,675.75,0
491,16358,2257283,869.0,714.9,848.4,636.5,858.7,675.7,0
491,16359,2257284,868.9,714.9,848.5,636.3,858.7,675.6,0
491,16360,2257285,868.7,714.8,848.6,636.2,858.65,675.5,0
491,16361,2257286,868.5,714.8,848.8,636.2,858.65,675.5,0
491,16362,2257287,868.3,714.9,849.0,636.1,858.65,675.5,0
491,16363,2257288,868.1,715.3,849.2,636.0,858.65,675.65,0
491,16364,2257289,868.0,715.6,849.3,635.9,858.65,675.75,0
491,16365,2257290,867.9,716.0,849.3,635.8,858.6,675.9,0
491,16366,2257291,867.8,716.3,849.2,635.6,858.5,675.95,0
492,16367,2257292,867.8,716.7,848.9,635.5,858.35,676.1,0
492,16368,2257293,867.7,717.0,848.6,635.3,858.15,676.15,0
492,16369,2257294,867.6,717.2,848.2,635.1,857.9,676.15,0
492,16370,2257295,867.6,717.2,848.0,634.5,857.8,675.85,0
492,16371,2257296,867.6,717.1,848.0,633.9,857.8,675.5,0
492,16372,2257297,867.6,717.0,848.1,633.1,857.85,675.05,0
492,16373,2257298,867.7,716.9,848.4,632.3,858.05,674.6,0
492,16374,2257299,867.8,716.7,848.9,630.5,858.35,673.6,0
492,16375,2257300,868.0,716.5,849.4,627.9,858.7,672.2,0
492,16376,2257301,868.3,715.8,850.1,625.3,859.2,670.55,0
492,16377,2257302,868.6,714.7,851.1,622.9,859.85,668.8,0
492,16378,2257303,869.5,713.6,852.0,619.7,860.75,666.65,0
492,16379,2257304,870.3,712.5,852.9,615.6,861.6,664.05,0
492,16380,2257305,871.2,710.5,853.9,610.9,862.55,660.7,0
492,16381,2257306,872.1,708.5,854.8,606.9,863.45,657.7,0
492,16382,2257307,872.9,706.3,855.8,603.2,864.35,654.75,0
492,16383,2257308,873.7,704.3,856.7,599.1,865.2,651.7,0
492,16384,2257309,874.9,702.3,857.2,594.6,866.05,648.45,0
492,16385,2257310,875.4,700.4,857.8,591.0,866.6,645.7,0
492,16386,2257311,876.0,698.2,858.8,588.3,867.4,643.25,0
492,16387,2257312,876.7,696.9,859.7,586.2,868.2,641.55,0
492,16388,2257313,877.5,695.7,860.5,584.5,869.0,640.1,0
492,16389,2257314,878.1,694.8,861.1,583.4,869.6,639.1,0
492,16390,2257315,878.8,694.3,861.7,582.8,870.25,638.55,0
492,16391,2257316,879.1,694.3,862.2,583.0,870.65,638.65,0
492,16392,2257317,879.4,694.3,862.6,583.3,871.0,638.8,0
492,16393,2257318,879.7,694.7,862.5,584.1,871.1,639.4,0
492,16394,2257319,879.7,695.1,862.5,585.0,871.1,640.05,0
492,16395,2257320,879.8,695.5,862.4,586.0,871.1,640.75,0
492,16396,2257321,879.9,695.8,862.3,587.0,871.1,641.4,0
492,16397,2257322,879.9,696.0,862.1,587.8,871.0,641.9,0
492,16398,2257323,879.9,695.9,861.9,588.3,870.9,642.1,0
492,16399,2257324,879.9,695.7,861.6,588.8,870.75,642.25,0
492,16400,2257325,879.9,695.5,861.4,588.8,870.65,642.15,0
493,16401,2257326,879.9,695.2,861.1,588.6,870.5,641.9,0
493,16402,2257327,879.9,694.9,861.0,588.3,870.45,641.6,0
493,16403,2257328,879.9,694.7,860.9,587.9,870.4,641.3,0
493,16404,2257329,879.8,694.5,861.0,587.6,870.4,641.05,0
493,16405,2257330,879.6,694.4,861.1,587.3,870.35,640.85,0
493,16406,2257331,879.3,694.3,861.3,587.0,870.3,640.65,0
493,16407,2257332,879.1,694.4,861.4,586.8,870.25,640.6,0
493,16408,2257333,878.8,694.4,861.5,586.6,870.15,640.5,0
493,16409,2257334,878.6,694.4,861.5,586.5,870.05,640.45,0
493,16410,2257335,878.3,694.4,861.5,586.4,869.9,640.4,0
493,16411,2257336,878.1,694.4,861.5,586.3,869.8,640.35,0
493,16412,2257337,878.0,694.2,861.5,586.1,869.75,640.15,0
493,16413,2257338,877.9,694.0,861.6,585.9,869.75,639.95,0
493,16414,2257339,877.7,693.8,861.7,585.7,869.7,639.75,0
493,16415,2257340,877.4,693.5,861.9,585.5,869.65,639.5,0
493,16416,2257341,877.1,693.3,862.1,585.4,869.6,639.35,0
493,16417,2257342,876.9,693.0,862.3,585.2,869.6,639.1,0
493,16418,2257343,876.8,692.7,862.3,585.1,869.55,638.9,0
493,16419,2257344,876.6,692.5,862.3,585.4,869.45,638.95,0
493,16420,2257345,876.4,692.2,862.3,585.8,869.35,639.0,0
493,16421,2257346,876.5,691.6,862.3,586.3,869.4,638.95,0
493,16422,2257347,876.6,690.9,862.3,587.0,869.45,638.95,0
493,16423,2257348,876.6,690.2,862.3,588.1,869.45,639.15,0
493,16424,2257349,876.7,689.6,862.3,589.1,869.5,639.35,0
493,16425,2257350,876.7,689.1,862.4,590.0,869.55,639.55,0
493,16426,2257351,876.7,688.7,862.5,590.8,869.6,639.75,0
493,16427,2257352,876.9,688.3,862.6,591.5,869.75,639.9,0
493,16428,2257353,877.0,688.2,862.6,592.3,869.8,640.25,0
493,16429,2257354,877.1,688.1,862.8,592.8,869.95,640.45,0
493,16430,2257355,877.2,687.9,862.9,593.0,870.05,640.45,0
493,16431,2257356,877.3,687.6,863.0,594.1,870.15,640.85,0
493,16432,2257357,877.5,687.3,863.0,595.2,870.25,641.25,0
493,16433,2257358,877.6,687.0,863.1,596.3,870.35,641.65,0
494,16434,2257359,877.7,686.5,863.1,597.4,870.4,641.95,0
494,16435,2257360,877.8,686.2,863.2,598.4,870.5,642.3,0
494,16436,2257361,878.0,686.0,863.2,599.4,870.6,642.7,0
494,16437,2257362,878.0,685.9,863.1,600.5,870.55,643.2,0
494,16438,2257363,878.2,685.7,863.2,600.6,870.7,643.15,0
494,16439,2257364,878.2,685.5,863.2,600.9,870.7,643.2,0
494,16440,2257365,878.3,685.2,863.2,601.0,870.75,643.1,0
494,16441,2257366,878.3,685.1,863.2,601.2,870.75,643.15,0
494,16442,2257367,878.3,684.9,863.1,601.4,870.7,643.15,0
494,16443,2257368,878.2,684.7,863.0,601.7,870.6,643.2,0
494,16444,2257369,878.3,684.8,862.9,601.8,870.6,643.3,0
494,16445,2257370,878.4,685.0,862.7,602.3,870.55,643.65,0
494,16446,2257371,878.5,685.3,862.6,602.7,870.55,644.0,0
494,16447,2257372,878.6,685.6,862.5,603.4,870.55,644.5,0
494,16448,2257373,878.7,685.9,862.4,604.7,870.55,645.3,0
494,16449,2257374,878.8,686.3,862.3,606.0,870.55,646.15,0
494,16450,2257375,878.9,686.6,862.3,607.2,870.6,646.9,0
494,16451,2257376,879.0,686.8,862.3,608.5,870.65,647.65,0
494,16452,2257377,879.0,687.0,862.3,609.5,870.65,648.25,0
494,16453,2257378,879.0,687.3,862.3,610.4,870.65,648.85,0
494,16454,2257379,879.2,687.5,862.4,611.2,870.8,649.35,0
494,16455,2257380,879.3,687.6,862.6,611.2,870.95,649.4,0
494,16456,2257381,879.5,687.7,862.9,611.2,871.2,649.45,0
494,16457,2257382,879.7,687.7,863.4,611.4,871.55,649.55,0
494,16458,2257383,879.9,687.7,863.9,611.8,871.9,649.75,0
494,16459,2257384,880.1,687.6,864.3,612.5,872.2,650.05,0
494,16460,2257385,880.2,687.5,864.8,613.7,872.5,650.6,0
494,16461,2257386,880.2,687.5,865.2,614.9,872.7,651.2,0
494,16462,2257387,880.0,687.5,865.6,616.1,872.8,651.8,0
494,16463,2257388,879.9,687.6,865.8,617.2,872.85,652.4,0
494,16464,2257389,879.8,687.7,865.9,618.2,872.85,652.95,0
494,16465,2257390,879.7,687.6,865.9,618.9,872.8,653.25,0
494,16466,2257391,879.6,687.5,865.9,619.4,872.75,653.45,0
495,16467,2257392,879.5,687.4,865.9,619.2,872.7,653.3,0
495,16468,2257393,879.2,687.3,865.9,619.1,872.55,653.2,0
495,16469,2257394,879.0,687.1,865.9,618.9,872.45,653.0,0
495,16470,2257395,878.8,686.9,866.0,618.8,872.4,652.85,0
495,16471,2257396,878.6,686.7,865.9,618.7,872.25,652.7,0
495,16472,2257397,878.4,686.6,865.8,618.5,872.1,652.55,0
495,16473,2257398,878.2,686.7,865.7,618.5,871.95,652.6,0
495,16474,2257399,878.0,686.8,865.5,618.4,871.75,652.6,0
495,16475,2257400,878.0,686.9,865.4,618.3,871.7,652.6,0
495,16476,2257401,878.0,687.0,865.3,618.1,871.65,652.55,0
495,16477,2257402,878.0,687.3,865.2,618.0,871.6,652.65,0
495,16478,2257403,878.0,687.5,865.1,617.9,871.55,652.7,0
495,16479,2257404,878.1,687.7,865.2,617.8,871.65,652.75,0
495,16480,2257405,878.1,687.7,865.3,617.7,871.7,652.7,0
495,16481,2257406,878.2,687.7,865.4,617.8,871.8,652.75,0
495,16482,2257407,878.2,687.7,865.5,618.0,871.85,652.85,0
495,16483,2257408,878.3,687.7,865.5,618.2,871.9,652.95,0
495,16484,2257409,878.3,687.5,865.5,618.5,871.9,653.0,0
495,16485,2257410,878.1,687.4,865.5,618.7,871.8,653.05,0
495,16486,2257411,877.8,687.2,865.6,619.0,871.7,653.1,0
495,16487,2257412,877.7,687.3,865.7,619.2,871.7,653.25,0
495,16488,2257413,877.6,687.5,865.7,619.2,871.65,653.35,0
495,16489,2257414,877.7,687.6,865.8,619.2,871.75,653.4,0
495,16490,2257415,877.9,687.7,865.9,619.0,871.9,653.35,0
495,16491,2257416,878.2,687.8,865.9,618.9,872.05,653.35,0
495,16492,2257417,878.6,687.8,866.0,618.7,872.3,653.25,0
495,16493,2257418,879.2,687.8,866.1,618.5,872.65,653.15,0
495,16494,2257419,879.7,687.8,866.1,618.3,872.9,653.05,0
495,16495,2257420,880.1,687.6,866.2,618.0,873.15,652.8,0
495,16496,2257421,880.3,687.5,866.3,617.9,873.3,652.7,0
495,16497,2257422,880.4,687.4,866.5,617.7,873.45,652.55,0
495,16498,2257423,880.6,687.2,866.7,617.6,873.65,652.4,0
495,16499,2257424,880.8,687.0,866.9,617.5,873.85,652.25,0
495,16500,2257425,881.0,686.8,867.1,617.3,874.05,652.05,0
496,16501,2257426,881.3,686.6,867.3,616.8,874.3,651.7,0
496,16502,2257427,881.5,686.4,867.6,616.5,874.55,651.45,0
496,16503,2257428,881.7,686.2,867.8,616.0,874.75,651.1,0
496,16504,2257429,881.8,686.3,867.9,615.5,874.85,650.9,0
496,16505,2257430,882.3,686.4,868.0,615.1,875.15,650.75,0
496,16506,2257431,882.7,686.7,868.0,614.7,875.35,650.7,0
496,16507,2257432,882.9,687.0,868.0,614.5,875.45,650.75,0
496,16508,2257433,883.2,687.4,868.1,614.4,875.65,650.9,0
496,16509,2257434,883.4,687.6,868.1,614.3,875.75,650.95,0
496,16510,2257435,883.5,687.9,868.2,614.2,875.85,651.05,0
496,16511,2257436,883.7,687.9,868.5,614.1,876.1,651.0,0
496,16512,2257437,883.5,687.9,868.9,614.0,876.2,650.95,0
496,16513,2257438,883.4,687.9,869.3,613.7,876.35,650.8,0
496,16514,2257439,883.1,687.8,869.8,613.4,876.45,650.6,0
496,16515,2257440,882.9,687.7,870.1,613.1,876.5,650.4,0
496,16516,2257441,882.7,687.7,870.5,612.8,876.6,650.25,0
496,16517,2257442,882.5,687.8,870.9,612.6,876.7,650.2,0
496,16518,2257443,882.3,687.9,871.1,612.5,876.7,650.2,0
496,16519,2257444,882.1,688.0,871.3,612.7,876.7,650.35,0
496,16520,2257445,881.9,688.2,871.4,613.0,876.65,650.6,0
496,16521,2257446,881.8,688.3,871.5,613.2,876.65,650.75,0
496,16522,2257447,881.8,688.2,871.7,613.6,876.75,650.9,0
496,16523,2257448,881.8,688.0,871.8,614.0,876.8,651.0,0
496,16524,2257449,881.8,687.7,871.9,614.2,876.85,650.95,0
496,16525,2257450,881.9,687.3,872.0,614.3,876.95,650.8,0
496,16526,2257451,882.0,687.0,872.0,613.9,877.0,650.45,0
496,16527,2257452,882.3,686.7,872.0,613.5,877.15,650.1,0
496,16528,2257453,882.5,686.5,871.9,613.1,877.2,649.8,0
496,16529,2257454,882.8,686.4,871.9,612.7,877.35,649.55,0
496,16530,2257455,883.0,686.4,871.8,612.2,877.4,649.3,0
496,16531,2257456,883.3,686.3,871.8,611.7,877.55,649.0,0
496,16532,2257457,883.7,686.3,871.7,611.3,877.7,648.8,0
496,16533,2257458,884.1,686.3,871.6,611.1,877.85,648.7,0
497,16534,2257459,884.6,686.2,871.5,610.9,878.05,648.55,0
497,16535,2257460,885.2,686.1,871.3,610.6,878.25,648.35,0
497,16536,2257461,885.7,686.1,871.2,610.3,878.45,648.2,0
497,16537,2257462,886.2,686.0,871.1,609.6,878.65,647.8,0
497,16538,2257463,886.7,686.0,871.1,609.1,878.9,647.55,0
497,16539,2257464,887.2,686.1,871.0,608.7,879.1,647.4,0
497,16540,2257465,887.6,686.1,871.1,608.4,879.35,647.25,0
497,16541,2257466,887.6,686.5,871.4,608.1,879.5,647.3,0
497,16542,2257467,887.7,686.9,872.1,607.9,879.9,647.4,0
497,16543,2257468,887.7,687.3,872.8,607.8,880.25,647.55,0
497,16544,2257469,887.7,687.8,873.5,608.0,880.6,647.9,0
497,16545,2257470,887.6,688.2,874.3,608.3,880.95,648.25,0
497,16546,2257471,887.6,688.4,875.2,608.4,881.4,648.4,0
497,16547,2257472,887.5,688.2,876.1,608.3,881.8,648.25,0
497,16548,2257473,887.3,687.8,877.2,608.2,882.25,648.0,0
497,16549,2257474,887.2,687.4,877.9,608.1,882.55,647.75,0
497,16550,2257475,887.0,687.0,878.6,608.0,882.8,647.5,0
497,16551,2257476,886.8,686.6,879.3,607.7,883.05,647.15,0
497,16552,2257477,886.7,686.3,879.9,607.4,883.3,646.85,0
497,16553,2257478,886.5,685.8,880.5,607.1,883.5,646.45,0
497,16554,2257479,886.4,685.8,881.0,607.0,883.7,646.4,0
497,16555,2257480,886.3,685.6,881.3,607.0,883.8,646.3,0
497,16556,2257481,886.2,685.5,881.5,606.9,883.85,646.2,0
497,16557,2257482,886.2,685.4,881.6,606.9,883.9,646.15,0
497,16558,2257483,886.3,685.3,881.4,607.1,883.85,646.2,0
497,16559,2257484,886.3,685.2,881.1,607.2,883.7,646.2,0
497,16560,2257485,886.4,685.2,880.8,607.4,883.6,646.3,0
497,16561,2257486,886.5,685.2,880.5,607.4,883.5,646.3,0
497,16562,2257487,886.6,685.2,880.2,607.2,883.4,646.2,0
497,16563,2257488,886.8,685.2,879.8,607.0,883.3,646.1,0
497,16564,2257489,887.2,685.1,879.6,606.9,883.4,646.0,0
497,16565,2257490,887.6,685.1,879.2,606.7,883.4,645.9,0
497,16566,2257491,887.9,685.0,878.9,606.5,883.4,645.75,0
498,16567,2257492,888.2,685.0,878.6,606.3,883.4,645.65,0
498,16568,2257493,888.5,685.1,878.2,606.2,883.35,645.65,0
498,16569,2257494,888.8,685.1,877.9,606.0,883.35,645.55,0
498,16570,2257495,889.0,685.3,877.7,605.7,883.35,645.5,0
498,16571,2257496,889.0,685.5,877.7,605.4,883.35,645.45,0
498,16572,2257497,889.1,685.7,878.2,605.1,883.65,645.4,0
498,16573,2257498,889.1,685.9,878.7,604.7,883.9,645.3,0
498,16574,2257499,889.3,686.2,879.1,604.3,884.2,645.25,0
498,16575,2257500,889.5,686.5,879.6,604.0,884.55,645.25,0
498,16576,2257501,889.8,686.7,880.1,603.9,884.95,645.3,0
498,16577,2257502,890.1,686.9,880.5,603.7,885.3,645.3,0
498,16578,2257503,890.4,687.0,880.8,603.6,885.6,645.3,0
498,16579,2257504,890.6,687.0,881.1,603.6,885.85,645.3,0
498,16580,2257505,890.8,686.9,881.5,603.6,886.15,645.25,0
498,16581,2257506,890.8,686.6,881.9,603.5,886.35,645.05,0
498,16582,2257507,890.6,686.3,882.2,603.4,886.4,644.85,0
498,16583,2257508,890.4,686.0,882.9,603.3,886.65,644.65,0
498,16584,2257509,890.2,685.7,883.4,603.2,886.8,644.45,0
498,16585,2257510,890.0,685.4,883.9,603.2,886.95,644.3,0
498,16586,2257511,889.8,685.2,884.4,603.1,887.1,644.15,0
498,16587,2257512,889.7,685.1,884.7,603.0,887.2,644.05,0
498,16588,2257513,889.6,685.1,884.9,602.7,887.25,643.9,0
498,16589,2257514,889.6,685.2,884.8,602.4,887.2,643.8,0
498,16590,2257515,889.7,685.3,884.5,602.1,887.1,643.7,0
498,16591,2257516,889.7,685.4,884.1,601.8,886.9,643.6,0
498,16592,2257517,889.9,685.4,883.7,601.4,886.8,643.4,0
498,16593,2257518,890.0,685.5,883.3,600.9,886.65,643.2,0
498,16594,2257519,890.2,685.5,883.0,600.5,886.6,643.0,0
498,16595,2257520,890.3,685.5,882.8,600.1,886.55,642.8,0
498,16596,2257521,890.5,685.4,882.9,599.8,886.7,642.6,0
498,16597,2257522,890.7,685.2,882.9,599.6,886.8,642.4,0
498,16598,2257523,891.1,685.0,883.1,599.4,887.1,642.2,0
498,16599,2257524,891.4,684.8,883.3,599.3,887.35,642.05,0
498,16600,2257525,891.8,684.7,883.5,599.3,887.65,642.0,0
499,16601,2257526,892.1,684.5,883.6,599.7,887.85,642.1,0
499,16602,2257527,892.3,684.4,883.7,600.0,888.0,642.2,0
499,16603,2257528,892.6,684.7,883.8,600.4,888.2,642.55,0
499,16604,2257529,893.0,685.4,883.9,600.9,888.45,643.15,0
499,16605,2257530,893.1,685.9,884.0,601.2,888.55,643.55,0
499,16606,2257531,893.3,686.5,884.0,601.6,888.65,644.05,0
499,16607,2257532,893.5,686.9,884.2,601.9,888.85,644.4,0
499,16608,2257533,893.7,687.4,884.3,601.9,889.0,644.65,0
499,16609,2257534,893.8,687.7,884.5,601.9,889.15,644.8,0
499,16610,2257535,894.0,687.6,884.7,601.8,889.35,644.7,0
499,16611,2257536,894.0,687.3,885.0,601.6,889.5,644.45,0
499,16612,2257537,893.9,687.1,885.4,601.6,889.65,644.35,0
499,16613,2257538,893.8,686.8,885.9,601.2,889.85,644.0,0
499,16614,2257539,893.8,686.6,886.2,600.7,890.0,643.65,0
499,16615,2257540,893.7,686.4,886.6,600.3,890.15,643.35,0
499,16616,2257541,893.6,686.3,886.9,599.9,890.25,643.1,0
499,16617,2257542,893.3,686.2,887.0,599.4,890.15,642.8,0
499,16618,2257543,893.2,686.2,887.0,598.9,890.1,642.55,0
499,16619,2257544,893.0,686.1,886.8,598.4,889.9,642.25,0
499,16620,2257545,892.9,686.3,886.5,598.3,889.7,642.3,0
499,16621,2257546,892.8,686.6,886.2,598.2,889.5,642.4,0
499,16622,2257547,892.8,686.9,885.9,598.1,889.35,642.5,0
499,16623,2257548,892.8,687.2,885.5,597.7,889.15,642.45,0
499,16624,2257549,893.0,687.5,885.4,597.3,889.2,642.4,0
499,16625,2257550,893.2,687.8,885.3,596.9,889.25,642.35,0
499,16626,2257551,893.5,688.0,885.2,596.9,889.35,642.45,0
499,16627,2257552,893.8,687.9,885.2,597.0,889.5,642.45,0
499,16628,2257553,894.0,687.7,885.2,597.2,889.6,642.45,0
499,16629,2257554,894.3,687.4,885.2,597.5,889.75,642.45,0
499,16630,2257555,894.6,687.2,885.1,598.0,889.85,642.6,0
499,16631,2257556,894.9,686.9,885.1,598.6,890.0,642.75,0
499,16632,2257557,895.2,686.6,885.1,599.2,890.15,642.9,0
499,16633,2257558,895.3,686.4,885.2,599.4,890.25,642.9,0
500,16634,2257559,895.4,686.3,885.2,599.5,890.3,642.9,0
500,16635,2257560,895.5,686.3,885.4,599.6,890.45,642.95,0
500,16636,2257561,895.7,686.6,885.5,599.8,890.6,643.2,0
500,16637,2257562,896.2,686.9,885.7,600.0,890.95,643.45,0
500,16638,2257563,896.5,687.2,885.9,600.1,891.2,643.65,0
500,16639,2257564,896.8,687.5,886.2,600.2,891.5,643.85,0
500,16640,2257565,897.0,687.8,886.4,600.2,891.7,644.0,0
500,16641,2257566,897.3,688.2,886.6,600.3,891.95,644.25,0
500,16642,2257567,897.5,688.7,886.8,600.4,892.15,644.55,0
500,16643,2257568,897.7,689.0,886.9,600.5,892.3,644.75,0
500,16644,2257569,897.7,689.3,887.0,600.6,892.35,644.95,0
500,16645,2257570,897.6,689.7,887.1,600.7,892.35,645.2,0
500,16646,2257571,897.6,690.1,887.2,601.0,892.4,645.55,0
500,16647,2257572,897.6,690.4,887.3,601.1,892.45,645.75,0
500,16648,2257573,897.6,690.7,887.5,601.2,892.55,645.95,0
500,16649,2257574,897.6,690.8,887.6,601.3,892.6,646.05,0
500,16650,2257575,897.6,690.8,887.7,601.1,892.65,645.95,0
500,16651,2257576,897.6,690.8,887.8,600.8,892.7,645.8,0
500,16652,2257577,897.7,690.8,887.9,600.5,892.8,645.65,0
500,16653,2257578,897.7,690.7,887.9,600.3,892.8,645.5,0
500,16654,2257579,897.8,690.5,887.8,600.0,892.8,645.25,0
500,16655,2257580,898.0,690.4,887.7,599.8,892.85,645.1,0
500,16656,2257581,898.1,690.1,887.6,599.6,892.85,644.85,0
500,16657,2257582,898.2,689.8,887.6,599.6,892.9,644.7,0
500,16658,2257583,898.4,689.6,887.6,599.6,893.0,644.6,0
500,16659,2257584,898.4,689.4,887.7,599.7,893.05,644.55,0
500,16660,2257585,898.5,689.3,887.8,599.9,893.15,644.6,0
500,16661,2257586,898.4,689.3,887.8,600.3,893.1,644.8,0
500,16662,2257587,898.4,689.4,888.0,600.8,893.2,645.1,0
500,16663,2257588,898.4,689.7,888.2,601.4,893.3,645.55,0
500,16664,2257589,898.5,690.1,888.5,602.2,893.5,646.15,0
500,16665,2257590,898.6,690.5,888.7,603.1,893.65,646.8,0
500,16666,2257591,898.7,690.8,888.9,604.1,893.8,647.45,0
501,16667,2257592,898.8,691.1,889.2,605.0,894.0,648.05,0
501,16668,2257593,899.0,691.4,889.5,605.7,894.25,648.55,0
501,16669,2257594,899.1,691.7,889.9,606.3,894.5,649.0,0
501,16670,2257595,899.3,691.9,890.2,606.8,894.75,649.35,0
501,16671,2257596,899.4,692.1,890.5,607.0,894.95,649.55,0
501,16672,2257597,899.4,692.2,890.8,607.3,895.1,649.75,0
501,16673,2257598,899.5,692.2,891.1,607.2,895.3,649.7,0
501,16674,2257599,899.5,692.1,891.2,607.1,895.35,649.6,0
501,16675,2257600,899.4,692.0,891.2,606.9,895.3,649.45,0
501,16676,2257601,899.3,691.9,891.2,606.8,895.25,649.35,0
501,16677,2257602,899.2,691.7,891.2,606.7,895.2,649.2,0
501,16678,2257603,899.1,691.6,891.1,606.5,895.1,649.05,0
501,16679,2257604,899.1,691.5,891.1,606.2,895.1,648.85,0
501,16680,2257605,899.0,691.4,890.9,605.9,894.95,648.65,0
501,16681,2257606,898.9,691.3,890.8,605.7,894.85,648.5,0
501,16682,2257607,898.9,691.2,890.8,605.5,894.85,648.35,0
501,16683,2257608,898.9,691.2,890.8,605.3,894.85,648.25,0
501,16684,2257609,898.8,691.2,890.8,605.0,894.8,648.1,0
501,16685,2257610,898.8,691.3,891.0,604.8,894.9,648.05,0
501,16686,2257611,898.7,691.4,891.2,604.6,894.95,648.0,0
501,16687,2257612,898.6,691.5,891.5,604.4,895.05,647.95,0
501,16688,2257613,898.4,691.6,891.6,604.3,895.0,647.95,0
501,16689,2257614,898.3,691.6,891.6,604.1,894.95,647.85,0
501,16690,2257615,898.2,691.7,891.7,603.9,894.95,647.8,0
501,16691,2257616,898.1,691.8,891.7,603.8,894.9,647.8,0
501,16692,2257617,898.1,691.8,891.6,603.7,894.85,647.75,0
501,16693,2257618,898.2,691.7,891.5,603.7,894.85,647.7,0
501,16694,2257619,898.3,691.8,891.4,603.7,894.85,647.75,0
501,16695,2257620,898.5,691.9,891.6,603.8,895.05,647.85,0
501,16696,2257621,898.6,692.2,891.7,604.0,895.15,648.1,0
501,16697,2257622,898.7,692.4,891.9,604.1,895.3,648.25,0
501,16698,2257623,898.9,692.6,892.0,604.8,895.45,648.7,0
501,16699,2257624,899.0,692.8,892.0,605.5,895.5,649.15,0
501,16700,2257625,899.0,693.1,892.1,606.2,895.55,649.65,0
502,16701,2257626,899.3,693.5,892.3,607.0,895.8,650.25,0
502,16702,2257627,899.6,693.8,892.5,608.0,896.05,650.9,0
502,16703,2257628,899.9,694.1,892.7,608.9,896.3,651.5,0
502,16704,2257629,900.2,694.3,892.9,609.9,896.55,652.1,0
502,16705,2257630,900.5,694.6,893.2,610.4,896.85,652.5,0
502,16706,2257631,900.7,694.9,893.4,610.9,897.05,652.9,0
502,16707,2257632,900.9,695.2,893.4,611.2,897.15,653.2,0
502,16708,2257633,900.8,695.7,893.4,611.3,897.1,653.5,0
502,16709,2257634,900.6,696.1,893.4,610.7,897.0,653.4,0
502,16710,2257635,900.5,696.6,893.3,610.2,896.9,653.4,0
502,16711,2257636,900.3,697.2,893.2,609.6,896.75,653.4,0
502,16712,2257637,900.2,697.6,893.1,609.1,896.65,653.35,0
502,16713,2257638,900.1,698.0,893.0,608.6,896.55,653.3,0
502,16714,2257639,900.0,698.3,892.7,608.2,896.35,653.25,0
502,16715,2257640,899.9,698.3,892.5,608.3,896.2,653.3,0
502,16716,2257641,899.8,698.3,892.3,608.7,896.05,653.5,0
502,16717,2257642,899.7,698.3,892.2,609.1,895.95,653.7,0
502,16718,2257643,899.7,698.2,892.1,609.4,895.9,653.8,0
502,16719,2257644,900.0,698.2,892.1,609.4,896.05,653.8,0
502,16720,2257645,900.2,698.4,892.0,609.5,896.1,653.95,0
502,16721,2257646,900.5,698.6,892.3,609.5,896.4,654.05,0
502,16722,2257647,900.8,698.9,892.6,609.1,896.7,654.0,0
502,16723,2257648,901.2,699.2,892.9,608.7,897.05,653.95,0
502,16724,2257649,901.6,699.5,893.1,608.3,897.35,653.9,0
502,16725,2257650,901.9,699.9,893.2,608.0,897.55,653.95,0
502,16726,2257651,902.1,700.4,893.1,607.9,897.6,654.15,0
502,16727,2257652,902.3,700.8,893.0,608.4,897.65,654.6,0
502,16728,2257653,902.4,701.3,892.7,608.9,897.55,655.1,0
502,16729,2257654,902.5,701.8,892.3,609.5,897.4,655.65,0
502,16730,2257655,902.5,702.4,891.9,610.2,897.2,656.3,0
502,16731,2257656,902.3,703.3,891.3,610.9,896.8,657.1,0
502,16732,2257657,902.0,704.1,890.8,612.0,896.4,658.05,0
502,16733,2257658,901.7,704.8,890.4,613.1,896.05,658.95,0
503,16734,2257659,901.4,705.3,890.2,613.7,895.8,659.5,0
503,16735,2257660,901.0,705.8,890.2,614.3,895.6,660.05,0
503,16736,2257661,900.8,706.3,890.5,615.2,895.65,660.75,0
503,16737,2257662,900.6,706.7,890.7,616.0,895.65,661.35,0
503,16738,2257663,900.6,706.9,891.1,617.2,895.85,662.05,0
503,16739,2257664,900.6,707.1,891.5,618.1,896.05,662.6,0
503,16740,2257665,900.8,707.3,891.9,618.9,896.35,663.1,0
503,16741,2257666,901.0,707.5,892.2,619.7,896.6,663.6,0
503,16742,2257667,901.2,707.7,892.3,620.4,896.75,664.05,0
503,16743,2257668,901.4,707.8,892.3,620.9,896.85,664.35,0
503,16744,2257669,901.1,707.8,892.3,621.3,896.7,664.55,0
503,16745,2257670,900.9,707.8,892.3,621.3,896.6,664.55,0
503,16746,2257671,900.6,707.8,892.3,621.3,896.45,664.55,0
503,16747,2257672,900.3,707.7,892.5,621.4,896.4,664.55,0
503,16748,2257673,900.0,707.6,892.7,621.5,896.35,664.55,0
503,16749,2257674,900.0,707.6,892.9,621.6,896.45,664.6,0
503,16750,2257675,900.1,707.6,893.2,621.8,896.65,664.7,0
503,16751,2257676,900.5,707.6,893.4,622.1,896.95,664.85,0
503,16752,2257677,900.9,707.6,893.7,622.4,897.3,665.0,0
503,16753,2257678,901.3,707.6,893.9,623.1,897.6,665.35,0
503,16754,2257679,901.6,707.5,893.8,623.6,897.7,665.55,0
503,16755,2257680,901.8,707.1,893.7,624.2,897.75,665.65,0
503,16756,2257681,901.8,706.6,893.4,624.8,897.6,665.7,0
503,16757,2257682,901.7,706.0,893.0,625.3,897.35,665.65,0
503,16758,2257683,901.7,705.5,892.5,626.0,897.1,665.75,0
503,16759,2257684,901.7,705.0,892.0,626.8,896.85,665.9,0
503,16760,2257685,901.6,704.8,891.5,627.0,896.55,665.9,0
503,16761,2257686,901.5,704.7,891.1,627.3,896.3,666.0,0
503,16762,2257687,901.1,704.8,890.5,627.6,895.8,666.2,0
503,16763,2257688,900.5,705.0,889.9,627.8,895.2,666.4,0
503,16764,2257689,899.8,705.1,889.6,628.1,894.7,666.6,0
503,16765,2257690,899.0,705.3,889.4,628.1,894.2,666.7,0
503,16766,2257691,898.3,705.4,889.2,627.9,893.75,666.65,0
504,16767,2257692,897.6,705.2,889.2,627.7,893.4,666.45,0
504,16768,2257693,896.9,704.6,889.2,627.4,893.05,666.0,0
504,16769,2257694,896.6,704.0,889.5,627.2,893.05,665.6,0
504,16770,2257695,896.4,703.5,889.9,627.1,893.15,665.3,0
504,16771,2257696,896.4,703.1,890.3,627.1,893.35,665.1,0
504,16772,2257697,896.5,702.6,890.6,627.2,893.55,664.9,0
504,16773,2257698,896.7,702.2,890.9,627.4,893.8,664.8,0
504,16774,2257699,897.0,701.7,891.1,627.6,894.05,664.65,0
504,16775,2257700,897.3,701.6,891.3,627.8,894.3,664.7,0
504,16776,2257701,897.6,701.4,891.3,628.0,894.45,664.7,0
504,16777,2257702,897.9,701.2,891.3,628.4,894.6,664.8,0
504,16778,2257703,898.3,701.0,891.2,628.6,894.75,664.8,0
504,16779,2257704,898.6,700.7,891.1,629.0,894.85,664.85,0
504,16780,2257705,899.0,700.3,891.0,629.5,895.0,664.9,0
504,16781,2257706,899.4,700.0,890.9,630.4,895.15,665.2,0
504,16782,2257707,899.8,699.6,890.8,631.4,895.3,665.5,0
504,16783,2257708,900.2,699.3,890.9,632.2,895.55,665.75,0
504,16784,2257709,900.5,699.0,890.9,632.9,895.7,665.95,0
504,16785,2257710,900.6,698.7,891.0,633.6,895.8,666.15,0
504,16786,2257711,900.5,698.5,891.0,634.2,895.75,666.35,0
504,16787,2257712,900.3,698.3,891.0,634.6,895.65,666.45,0
504,16788,2257713,899.7,698.1,891.0,634.5,895.35,666.3,0
504,16789,2257714,899.1,698.0,890.9,634.4,895.0,666.2,0
504,16790,2257715,898.4,697.9,890.6,634.0,894.5,665.95,0
504,16791,2257716,897.5,697.9,890.3,633.5,893.9,665.7,0
504,16792,2257717,896.9,697.9,890.1,633.0,893.5,665.45,0
504,16793,2257718,896.2,697.8,889.8,632.5,893.0,665.15,0
504,16794,2257719,895.6,697.7,889.5,632.1,892.55,664.9,0
504,16795,2257720,895.3,697.7,889.3,631.8,892.3,664.75,0
504,16796,2257721,895.0,697.6,889.1,631.6,892.05,664.6,0
504,16797,2257722,894.9,697.5,889.2,631.6,892.05,664.55,0
504,16798,2257723,894.9,697.4,889.2,631.9,892.05,664.65,0
504,16799,2257724,895.2,697.4,889.1,632.1,892.15,664.75,0
504,16800,2257725,895.7,697.4,889.0,632.3,892.35,664.85,0
505,16801,2257726,896.1,697.4,888.8,632.5,892.45,664.95,0
505,16802,2257727,896.6,697.4,888.6,632.6,892.6,665.0,0
505,16803,2257728,897.2,697.2,888.4,632.7,892.8,664.95,0
505,16804,2257729,898.0,696.8,888.3,633.0,893.15,664.9,0
505,16805,2257730,898.8,696.5,888.1,633.4,893.45,664.95,0
505,16806,2257731,899.3,696.2,888.0,633.7,893.65,664.95,0
505,16807,2257732,899.9,696.1,888.0,633.9,893.95,665.0,0
505,16808,2257733,900.4,696.1,888.0,634.3,894.2,665.2,0
505,16809,2257734,900.5,696.1,888.0,634.7,894.25,665.4,0
505,16810,2257735,900.5,696.2,888.0,635.0,894.25,665.6,0
505,16811,2257736,900.2,696.5,888.1,635.1,894.15,665.8,0
505,16812,2257737,899.7,696.7,888.2,635.2,893.95,665.95,0
505,16813,2257738,899.3,696.9,888.3,635.4,893.8,666.15,0
505,16814,2257739,898.9,696.9,888.4,635.6,893.65,666.25,0
505,16815,2257740,898.5,696.9,888.6,635.7,893.55,666.3,0
505,16816,2257741,898.3,696.9,888.9,635.7,893.6,666.3,0
505,16817,2257742,898.1,696.9,889.2,635.6,893.65,666.25,0
505,16818,2257743,897.8,697.1,889.5,635.3,893.65,666.2,0
505,16819,2257744,897.7,697.4,889.8,635.0,893.75,666.2,0
505,16820,2257745,897.5,697.7,889.9,634.6,893.7,666.15,0
505,16821,2257746,897.3,697.9,890.0,634.2,893.65,666.05,0
505,16822,2257747,897.2,698.2,890.1,633.9,893.65,666.05,0
505,16823,2257748,897.1,698.4,890.0,633.7,893.55,666.05,0
505,16824,2257749,897.0,698.6,889.7,633.8,893.35,666.2,0
505,16825,2257750,897.1,698.7,889.5,634.0,893.3,666.35,0
505,16826,2257751,897.3,699.0,889.3,634.2,893.3,666.6,0
505,16827,2257752,897.5,699.3,889.1,634.8,893.3,667.05,0
505,16828,2257753,897.6,699.6,888.9,635.4,893.25,667.5,0
505,16829,2257754,897.7,699.9,888.9,636.0,893.3,667.95,0
505,16830,2257755,897.9,700.0,889.0,636.5,893.45,668.25,0
505,16831,2257756,898.1,700.1,889.2,636.7,893.65,668.4,0
505,16832,2257757,898.3,700.2,889.4,637.0,893.85,668.6,0
505,16833,2257758,898.4,700.0,889.8,637.3,894.1,668.65,0
506,16834,2257759,898.5,699.8,890.1,637.3,894.3,668.55,0
506,16835,2257760,898.7,699.5,890.4,637.2,894.55,668.35,0
506,16836,2257761,899.3,699.2,890.5,637.2,894.9,668.2,0
506,16837,2257762,899.9,699.1,890.2,637.2,895.05,668.15,0
506,16838,2257763,900.4,698.9,889.9,637.2,895.15,668.05,0
506,16839,2257764,900.9,698.8,889.5,637.3,895.2,668.05,0
506,16840,2257765,901.4,698.7,889.0,637.5,895.2,668.1,0
506,16841,2257766,901.8,698.6,888.6,637.8,895.2,668.2,0
506,16842,2257767,902.1,698.6,888.3,638.0,895.2,668.3,0
506,16843,2257768,901.9,698.6,888.0,638.3,894.95,668.45,0
506,16844,2257769,901.7,698.6,888.1,638.5,894.9,668.55,0
506,16845,2257770,901.4,698.7,888.1,638.7,894.75,668.7,0
506,16846,2257771,901.2,699.0,888.3,638.5,894.75,668.75,0
506,16847,2257772,901.0,699.4,888.5,638.2,894.75,668.8,0
506,16848,2257773,900.8,699.7,888.7,637.8,894.75,668.75,0
506,16849,2257774,900.6,700.1,888.9,637.5,894.75,668.8,0
506,16850,2257775,900.4,700.5,889.0,637.2,894.7,668.85,0
506,16851,2257776,900.3,700.9,889.1,636.8,894.7,668.85,0
506,16852,2257777,900.2,701.3,889.1,636.8,894.65,669.05,0
506,16853,2257778,900.1,701.3,889.1,637.0,894.6,669.15,0
506,16854,2257779,900.0,701.4,889.0,637.3,894.5,669.35,0
506,16855,2257780,899.9,701.4,888.8,637.6,894.35,669.5,0
506,16856,2257781,899.9,701.5,888.6,638.0,894.25,669.75,0
506,16857,2257782,899.8,701.5,888.3,638.3,894.05,669.9,0
506,16858,2257783,899.8,701.7,888.0,638.1,893.9,669.9,0
506,16859,2257784,899.7,701.9,887.9,637.7,893.8,669.8,0
506,16860,2257785,899.6,702.1,887.7,637.2,893.65,669.65,0
506,16861,2257786,899.6,702.2,887.6,636.8,893.6,669.5,0
506,16862,2257787,899.6,702.4,887.6,636.4,893.6,669.4,0
506,16863,2257788,899.6,702.5,887.6,636.0,893.6,669.25,0
506,16864,2257789,899.7,702.6,887.6,635.9,893.65,669.25,0
506,16865,2257790,899.7,702.6,887.6,636.3,893.65,669.45,0
506,16866,2257791,899.8,702.6,887.5,637.6,893.65,670.1,0
507,16867,2257792,899.9,702.9,887.3,639.5,893.6,671.2,0
507,16868,2257793,900.0,703.2,887.1,641.4,893.55,672.3,0
507,16869,2257794,900.1,703.9,886.9,643.2,893.5,673.55,0
507,16870,2257795,900.1,704.8,886.7,645.8,893.4,675.3,0
507,16871,2257796,900.2,706.3,886.5,649.1,893.35,677.7,0
507,16872,2257797,900.2,708.7,886.2,652.3,893.2,680.5,0
507,16873,2257798,900.5,711.3,886.0,655.7,893.25,683.5,0
507,16874,2257799,900.7,714.6,885.8,658.8,893.25,686.7,0
507,16875,2257800,901.2,718.2,885.7,662.0,893.45,690.1,0
507,16876,2257801,902.0,721.6,885.6,665.6,893.8,693.6,0
507,16877,2257802,903.1,725.1,886.1,668.4,894.6,696.75,0
507,16878,2257803,904.6,728.1,887.3,670.3,895.95,699.2,0
507,16879,2257804,906.4,730.2,888.5,672.3,897.45,701.25,0
507,16880,2257805,908.5,732.1,890.1,673.3,899.3,702.7,0
507,16881,2257806,910.8,733.1,892.1,674.0,901.45,703.55,0
507,16882,2257807,913.2,733.6,894.3,674.5,903.75,704.05,0
507,16883,2257808,915.4,734.1,896.7,674.7,906.05,704.4,0
507,16884,2257809,917.3,734.2,899.2,675.0,908.25,704.6,0
507,16885,2257810,919.0,734.1,901.1,675.3,910.05,704.7,0
507,16886,2257811,920.4,734.1,902.8,675.4,911.6,704.75,0
507,16887,2257812,921.2,734.1,904.2,675.5,912.7,704.8,0
507,16888,2257813,921.8,734.2,905.0,675.5,913.4,704.85,0
507,16889,2257814,922.1,734.7,905.6,675.6,913.85,705.15,0
507,16890,2257815,922.1,735.2,905.7,675.6,913.9,705.4,0
507,16891,2257816,921.8,735.8,905.1,675.6,913.45,705.7,0
507,16892,2257817,921.3,736.4,904.4,675.8,912.85,706.1,0
507,16893,2257818,920.8,736.9,903.8,676.4,912.3,706.65,0
507,16894,2257819,920.2,737.4,903.1,677.1,911.65,707.25,0
507,16895,2257820,919.3,737.8,902.7,677.8,911.0,707.8,0
507,16896,2257821,918.4,737.8,902.2,678.5,910.3,708.15,0
507,16897,2257822,917.7,737.7,901.9,679.2,909.8,708.45,0
507,16898,2257823,917.2,737.6,901.9,679.8,909.55,708.7,0
507,16899,2257824,916.9,737.4,901.8,680.1,909.35,708.75,0
507,16900,2257825,916.8,737.3,901.8,680.0,909.3,708.65,0
508,16901,2257826,916.6,737.2,901.9,679.9,909.25,708.55,0
508,16902,2257827,916.8,737.1,901.9,679.6,909.35,708.35,0
508,16903,2257828,917.0,737.1,901.9,679.2,909.45,708.15,0
508,16904,2257829,917.3,737.2,902.0,679.0,909.65,708.1,0
508,16905,2257830,917.5,737.3,902.0,678.8,909.75,708.05,0
508,16906,2257831,917.1,737.5,901.9,678.6,909.5,708.05,0
508,16907,2257832,916.7,737.7,901.9,678.5,909.3,708.1,0
508,16908,2257833,916.3,738.1,901.8,678.5,909.05,708.3,0
508,16909,2257834,916.0,738.5,901.8,678.6,908.9,708.55,0
508,16910,2257835,915.9,738.7,901.8,678.8,908.85,708.75,0
508,16911,2257836,915.7,739.0,901.8,678.9,908.75,708.95,0
508,16912,2257837,915.6,739.3,901.9,679.1,908.75,709.2,0
508,16913,2257838,915.8,739.5,902.1,679.3,908.95,709.4,0
508,16914,2257839,916.0,739.8,902.2,679.4,909.1,709.6,0
508,16915,2257840,916.3,739.9,902.4,679.3,909.35,709.6,0
508,16916,2257841,916.5,740.1,902.5,679.3,909.5,709.7,0
508,16917,2257842,916.6,740.3,902.6,679.1,909.6,709.7,0
508,16918,2257843,916.7,740.5,902.6,678.9,909.65,709.7,0
508,16919,2257844,916.8,740.7,902.4,678.4,909.6,709.55,0
508,16920,2257845,917.0,740.8,902.2,677.9,909.6,709.35,0
508,16921,2257846,917.1,740.9,902.0,677.1,909.55,709.0,0
508,16922,2257847,917.3,741.0,901.7,676.5,909.5,708.75,0
508,16923,2257848,917.4,741.1,901.4,675.9,909.4,708.5,0
508,16924,2257849,917.5,741.3,901.3,675.5,909.4,708.4,0
508,16925,2257850,917.5,741.4,901.1,675.0,909.3,708.2,0
508,16926,2257851,917.6,741.5,900.9,674.7,909.25,708.1,0
508,16927,2257852,917.6,741.6,900.8,674.4,909.2,708.0,0
508,16928,2257853,917.7,741.7,900.8,674.4,909.25,708.05,0
508,16929,2257854,917.8,742.0,900.8,674.5,909.3,708.25,0
508,16930,2257855,917.9,742.2,900.8,674.5,909.35,708.35,0
508,16931,2257856,918.1,742.4,900.8,674.6,909.45,708.5,0
508,16932,2257857,918.4,742.6,900.9,674.6,909.65,708.6,0
508,16933,2257858,918.7,742.9,901.0,674.6,909.85,708.75,0
509,16934,2257859,919.0,743.2,901.1,674.6,910.05,708.9,0
509,16935,2257860,919.2,743.6,901.2,674.7,910.2,709.15,0
509,16936,2257861,919.3,744.0,901.3,674.8,910.3,709.4,0
509,16937,2257862,919.3,744.2,901.4,674.9,910.35,709.55,0
509,16938,2257863,919.2,744.4,901.4,675.0,910.3,709.7,0
509,16939,2257864,919.0,744.6,901.3,675.0,910.15,709.8,0
509,16940,2257865,918.7,744.6,901.2,675.0,909.95,709.8,0
509,16941,2257866,918.5,744.7,901.0,675.0,909.75,709.85,0
509,16942,2257867,918.4,744.7,900.8,675.0,909.6,709.85,0
509,16943,2257868,918.5,744.7,900.5,675.0,909.5,709.85,0
509,16944,2257869,918.5,744.7,900.3,675.0,909.4,709.85,0
509,16945,2257870,918.6,745.1,900.2,674.9,909.4,710.0,0
509,16946,2257871,918.7,745.4,900.0,674.8,909.35,710.1,0
509,16947,2257872,918.9,745.9,899.9,674.7,909.4,710.3,0
509,16948,2257873,919.0,746.3,899.9,674.7,909.45,710.5,0
509,16949,2257874,919.0,746.7,899.8,674.6,909.4,710.65,0
509,16950,2257875,919.0,747.1,899.8,674.4,909.4,710.75,0
509,16951,2257876,919.0,747.4,899.8,674.2,909.4,710.8,0
509,16952,2257877,919.2,747.6,899.8,674.1,909.5,710.85,0
509,16953,2257878,919.4,747.7,899.8,674.0,909.6,710.85,0
509,16954,2257879,919.6,747.9,899.7,673.9,909.65,710.9,0
509,16955,2257880,919.8,748.0,899.7,673.8,909.75,710.9,0
509,16956,2257881,920.1,748.1,899.7,673.7,909.9,710.9,0
509,16957,2257882,920.3,748.2,899.7,673.8,910.0,711.0,0
509,16958,2257883,920.5,748.3,899.8,673.8,910.15,711.05,0
509,16959,2257884,920.6,748.3,900.0,673.8,910.3,711.05,0
509,16960,2257885,920.7,748.4,900.3,673.7,910.5,711.05,0
509,16961,2257886,920.6,748.4,900.5,673.7,910.55,711.05,0
509,16962,2257887,920.5,748.4,900.7,673.6,910.6,711.0,0
509,16963,2257888,920.4,748.4,901.0,673.6,910.7,711.0,0
509,16964,2257889,920.2,748.4,901.1,673.6,910.65,711.0,0
509,16965,2257890,920.1,748.4,901.1,673.6,910.6,711.0,0
509,16966,2257891,920.1,748.4,901.0,673.6,910.55,711.0,0
510,16967,2257892,920.2,748.4,900.9,673.8,910.55,711.1,0
510,16968,2257893,920.3,748.4,900.7,674.0,910.5,711.2,0
510,16969,2257894,920.5,748.4,900.7,674.1,910.6,711.25,0
510,16970,2257895,920.6,748.4,900.8,674.2,910.7,711.3,0
510,16971,2257896,920.8,748.4,900.9,674.3,910.85,711.35,0
510,16972,2257897,920.8,748.4,901.1,674.3,910.95,711.35,0
510,16973,2257898,920.8,748.4,901.4,674.4,911.1,711.4,0
510,16974,2257899,920.8,748.4,901.6,674.4,911.2,711.4,0
510,16975,2257900,920.8,748.4,901.9,674.4,911.35,711.4,0
510,16976,2257901,920.9,748.4,902.1,674.5,911.5,711.45,0
510,16977,2257902,921.0,748.4,902.3,674.6,911.65,711.5,0
510,16978,2257903,921.2,748.4,902.4,674.7,911.8,711.55,0
510,16979,2257904,921.4,748.4,902.6,674.8,912.0,711.6,0
510,16980,2257905,921.7,748.3,902.7,674.9,912.2,711.6,0
510,16981,2257906,922.0,748.3,902.8,675.0,912.4,711.65,0
510,16982,2257907,922.2,748.3,902.9,675.0,912.55,711.65,0
510,16983,2257908,922.4,748.3,903.0,675.0,912.7,711.65,0
510,16984,2257909,922.6,748.3,903.0,675.2,912.8,711.75,0
510,16985,2257910,922.7,748.4,903.1,675.3,912.9,711.85,0
510,16986,2257911,922.8,748.5,903.2,675.4,913.0,711.95,0
510,16987,2257912,922.7,748.6,903.5,675.6,913.1,712.1,0
510,16988,2257913,922.8,748.7,903.9,675.9,913.35,712.3,0
510,16989,2257914,922.8,748.8,904.4,676.2,913.6,712.5,0
510,16990,2257915,923.0,748.9,904.8,676.6,913.9,712.75,0
510,16991,2257916,923.3,748.9,905.3,676.8,914.3,712.85,0
510,16992,2257917,923.5,748.9,905.7,677.1,914.6,713.0,0
510,16993,2257918,923.8,748.8,906.0,677.3,914.9,713.05,0
510,16994,2257919,924.1,748.7,906.2,677.5,915.15,713.1,0
510,16995,2257920,924.4,748.6,906.3,677.1,915.35,712.85,0
510,16996,2257921,924.6,748.5,906.3,676.8,915.45,712.65,0
510,16997,2257922,924.7,748.3,906.4,676.4,915.55,712.35,0
510,16998,2257923,924.8,748.0,906.5,676.1,915.65,712.05,0
510,16999,2257924,924.9,747.8,906.7,675.8,915.8,711.8,0
510,17000,2257925,925.0,747.5,906.9,675.6,915.95,711.55,0
511,17001,2257926,925.0,747.3,907.2,675.5,916.1,711.4,0
511,17002,2257927,925.1,747.1,907.5,675.7,916.3,711.4,0
511,17003,2257928,925.1,746.9,907.8,675.9,916.45,711.4,0
511,17004,2257929,925.4,746.8,908.1,676.1,916.75,711.45,0
511,17005,2257930,925.7,746.7,908.3,676.3,917.0,711.5,0
511,17006,2257931,926.1,746.7,908.4,676.4,917.25,711.55,0
511,17007,2257932,926.4,746.6,908.5,676.5,917.45,711.55,0
511,17008,2257933,926.8,746.5,908.5,676.4,917.65,711.45,0
511,17009,2257934,927.2,746.4,908.5,676.4,917.85,711.4,0
511,17010,2257935,927.6,746.3,908.4,676.5,918.0,711.4,0
511,17011,2257936,927.6,746.2,908.4,676.6,918.0,711.4,0
511,17012,2257937,927.8,746.0,908.4,677.0,918.1,711.5,0
511,17013,2257938,928.0,745.8,908.4,677.4,918.2,711.6,0
511,17014,2257939,928.2,745.5,908.5,677.8,918.35,711.65,0
511,17015,2257940,928.4,745.3,908.5,678.1,918.45,711.7,0
511,17016,2257941,928.5,745.0,908.6,678.5,918.55,711.75,0
511,17017,2257942,928.7,744.8,908.9,678.8,918.8,711.8,0
511,17018,2257943,928.9,744.6,909.1,679.0,919.0,711.8,0
511,17019,2257944,929.0,744.6,909.5,679.0,919.25,711.8,0
511,17020,2257945,929.1,744.6,909.8,679.2,919.45,711.9,0
511,17021,2257946,929.4,744.6,910.1,679.5,919.75,712.05,0
511,17022,2257947,929.6,744.6,910.3,679.7,919.95,712.15,0
511,17023,2257948,929.9,744.7,910.6,680.0,920.25,712.35,0
511,17024,2257949,930.3,744.6,910.7,680.3,920.5,712.45,0
511,17025,2257950,930.6,744.4,910.9,680.6,920.75,712.5,0
511,17026,2257951,930.9,744.2,911.1,681.1,921.0,712.65,0
511,17027,2257952,931.2,743.9,911.4,681.3,921.3,712.6,0
511,17028,2257953,931.4,743.7,911.8,681.6,921.6,712.65,0
511,17029,2257954,931.6,743.6,912.2,681.8,921.9,712.7,0
511,17030,2257955,931.7,743.2,912.8,682.1,922.25,712.65,0
511,17031,2257956,931.7,742.9,913.3,682.4,922.5,712.65,0
511,17032,2257957,931.7,742.7,913.8,682.7,922.75,712.7,0
511,17033,2257958,931.8,742.6,914.4,682.8,923.1,712.7,0
512,17034,2257959,931.9,742.6,914.8,683.0,923.35,712.8,0
512,17035,2257960,932.1,742.6,915.2,683.2,923.65,712.9,0
512,17036,2257961,932.3,742.5,915.6,683.4,923.95,712.95,0
512,17037,2257962,932.7,742.7,916.0,683.5,924.35,713.1,0
512,17038,2257963,933.1,742.7,916.5,683.6,924.8,713.15,0
512,17039,2257964,933.5,742.7,917.0,683.4,925.25,713.05,0
512,17040,2257965,933.8,742.5,917.5,683.0,925.65,712.75,0
512,17041,2257966,934.0,742.3,918.0,682.5,926.0,712.4,0
512,17042,2257967,934.2,742.0,918.6,682.0,926.4,712.0,0
512,17043,2257968,934.5,741.7,919.1,681.3,926.8,711.5,0
512,17044,2257969,934.5,741.4,919.6,680.6,927.05,711.0,0
512,17045,2257970,934.5,741.1,919.8,680.0,927.15,710.55,0
512,17046,2257971,934.5,740.9,919.9,679.7,927.2,710.3,0
512,17047,2257972,934.5,740.4,920.0,679.4,927.25,709.9,0
512,17048,2257973,934.5,740.1,920.1,679.2,927.3,709.65,0
512,17049,2257974,934.4,739.7,920.2,679.0,927.3,709.35,0
512,17050,2257975,934.4,739.4,920.2,678.8,927.3,709.1,0
512,17051,2257976,934.3,739.1,920.3,678.7,927.3,708.9,0
512,17052,2257977,934.3,738.9,920.6,678.6,927.45,708.75,0
512,17053,2257978,934.4,738.8,921.0,678.4,927.7,708.6,0
512,17054,2257979,934.6,739.0,921.5,678.3,928.05,708.65,0
512,17055,2257980,934.9,739.2,921.9,678.3,928.4,708.75,0
512,17056,2257981,935.1,739.4,922.1,678.5,928.6,708.95,0
512,17057,2257982,935.4,739.6,922.4,678.7,928.9,709.15,0
512,17058,2257983,935.6,739.8,922.6,679.1,929.1,709.45,0
512,17059,2257984,935.9,739.9,922.5,679.5,929.2,709.7,0
512,17060,2257985,936.2,739.9,922.4,680.0,929.3,709.95,0
512,17061,2257986,936.3,739.8,922.2,680.4,929.25,710.1,0
512,17062,2257987,936.5,739.6,921.9,680.7,929.2,710.15,0
512,17063,2257988,936.8,739.5,921.7,681.0,929.25,710.25,0
512,17064,2257989,937.0,739.4,921.5,681.2,929.25,710.3,0
512,17065,2257990,937.4,739.3,921.3,681.6,929.35,710.45,0
512,17066,2257991,937.8,739.3,921.1,682.0,929.45,710.65,0
513,17067,2257992,938.0,739.3,921.0,682.3,929.5,710.8,0
513,17068,2257993,938.3,739.3,920.8,682.6,929.55,710.95,0
513,17069,2257994,938.5,739.2,920.8,682.8,929.65,711.0,0
513,17070,2257995,938.7,739.2,920.9,682.7,929.8,710.95,0
513,17071,2257996,939.0,739.2,921.0,682.6,930.0,710.9,0
513,17072,2257997,939.0,739.2,921.1,682.0,930.05,710.6,0
513,17073,2257998,939.1,739.1,921.2,681.5,930.15,710.3,0
513,17074,2257999,939.3,739.1,921.3,681.0,930.3,710.05,0
513,17075,2258000,939.5,739.1,921.4,680.5,930.45,709.8,0
513,17076,2258001,939.8,739.1,921.6,680.2,930.7,709.65,0
513,17077,2258002,940.0,739.2,921.6,680.0,930.8,709.6,0
513,17078,2258003,940.3,739.4,921.7,679.8,931.0,709.6,0
513,17079,2258004,940.6,739.5,921.7,679.7,931.15,709.6,0
513,17080,2258005,941.0,739.7,921.8,679.5,931.4,709.6,0
513,17081,2258006,941.4,739.9,921.8,679.4,931.6,709.65,0
513,17082,2258007,941.7,740.1,921.8,679.2,931.75,709.65,0
513,17083,2258008,942.0,740.3,921.9,679.1,931.95,709.7,0
513,17084,2258009,942.2,740.4,921.9,679.1,932.05,709.75,0
513,17085,2258010,942.5,740.5,922.1,679.2,932.3,709.85,0
513,17086,2258011,942.7,740.5,922.3,679.3,932.5,709.9,0
513,17087,2258012,942.7,741.0,922.6,679.3,932.65,710.15,0
513,17088,2258013,942.7,741.4,922.8,679.3,932.75,710.35,0
513,17089,2258014,942.7,741.8,923.1,679.3,932.9,710.55,0
513,17090,2258015,943.0,742.2,923.3,679.0,933.15,710.6,0
513,17091,2258016,943.3,742.6,923.6,678.4,933.45,710.5,0
513,17092,2258017,943.6,743.0,923.7,677.8,933.65,710.4,0
513,17093,2258018,944.0,743.5,923.8,677.3,933.9,710.4,0
513,17094,2258019,944.2,743.6,923.9,676.8,934.05,710.2,0
513,17095,2258020,944.5,743.7,924.2,676.4,934.35,710.05,0
513,17096,2258021,944.7,743.7,924.5,676.3,934.6,710.0,0
513,17097,2258022,944.6,743.8,925.1,676.8,934.85,710.3,0
513,17098,2258023,944.5,744.0,925.8,677.8,935.15,710.9,0
513,17099,2258024,944.8,744.2,926.7,679.0,935.75,711.6,0
513,17100,2258025,945.4,744.8,928.5,680.5,936.95,712.65,0
514,17101,2258026,946.6,745.6,930.2,682.4,938.4,714.0,0
514,17102,2258027,948.2,746.5,932.4,684.5,940.3,715.5,0
514,17103,2258028,950.6,747.6,935.4,687.4,943.0,717.5,0
514,17104,2258029,953.7,748.9,939.1,690.9,946.4,719.9,0
514,17105,2258030,957.8,750.3,943.6,694.3,950.7,722.3,0
514,17106,2258031,962.2,752.0,948.3,697.6,955.25,724.8,0
514,17107,2258032,967.0,753.8,952.7,701.6,959.85,727.7,0
514,17108,2258033,972.3,756.0,958.2,705.1,965.25,730.55,0
514,17109,2258034,977.6,758.1,963.6,708.6,970.6,733.35,0
514,17110,2258035,982.5,760.9,968.2,710.9,975.35,735.9,0
514,17111,2258036,986.7,763.6,971.7,712.3,979.2,737.95,0
514,17112,2258037,989.9,766.5,974.4,714.1,982.15,740.3,0
514,17113,2258038,992.5,769.0,976.6,715.7,984.55,742.35,0
514,17114,2258039,993.6,771.1,978.1,716.3,985.85,743.7,0
514,17115,2258040,993.3,772.8,978.3,716.8,985.8,744.8,0
514,17116,2258041,992.3,774.5,977.4,717.3,984.85,745.9,0
514,17117,2258042,990.3,775.4,975.7,717.8,983.0,746.6,0
514,17118,2258043,988.3,776.1,973.7,718.1,981.0,747.1,0
514,17119,2258044,986.0,776.4,971.5,718.2,978.75,747.3,0
514,17120,2258045,983.3,776.8,968.9,718.5,976.1,747.65,0
514,17121,2258046,981.3,776.9,966.4,719.0,973.85,747.95,0
514,17122,2258047,979.7,776.7,964.2,719.6,971.95,748.15,0
514,17123,2258048,978.5,776.5,962.6,720.2,970.55,748.35,0
514,17124,2258049,977.9,776.2,961.8,720.7,969.85,748.45,0
514,17125,2258050,977.3,775.9,961.2,721.2,969.25,748.55,0
514,17126,2258051,977.0,775.6,961.4,721.7,969.2,748.65,0
514,17127,2258052,977.2,775.3,962.1,721.2,969.65,748.25,0
514,17128,2258053,977.3,775.0,963.2,720.4,970.25,747.7,0
514,17129,2258054,977.5,774.9,964.4,719.7,970.95,747.3,0
514,17130,2258055,977.6,774.7,965.7,719.1,971.65,746.9,0
514,17131,2258056,977.8,774.5,967.1,718.6,972.45,746.55,0
514,17132,2258057,978.0,774.3,968.4,718.1,973.2,746.2,0
514,17133,2258058,978.2,774.1,969.2,717.6,973.7,745.85,0
515,17134,2258059,978.5,774.0,969.9,717.9,974.2,745.95,0
515,17135,2258060,978.7,774.0,970.2,718.2,974.45,746.1,0
515,17136,2258061,978.9,774.1,970.6,718.5,974.75,746.3,0
515,17137,2258062,979.1,774.3,971.2,718.7,975.15,746.5,0
515,17138,2258063,979.5,774.8,971.8,718.9,975.65,746.85,0
515,17139,2258064,979.9,775.4,972.4,719.1,976.15,747.25,0
515,17140,2258065,980.3,775.9,973.1,719.3,976.7,747.6,0
515,17141,2258066,980.6,776.4,973.7,719.5,977.15,747.95,0
515,17142,2258067,981.2,776.8,974.3,719.6,977.75,748.2,0
515,17143,2258068,981.7,777.1,974.7,719.7,978.2,748.4,0
515,17144,2258069,982.2,777.3,974.8,719.7,978.5,748.5,0
515,17145,2258070,982.5,777.6,974.9,719.8,978.7,748.7,0
515,17146,2258071,982.8,777.8,975.0,719.8,978.9,748.8,0
515,17147,2258072,983.1,778.1,975.0,720.0,979.05,749.05,0
515,17148,2258073,983.5,778.3,975.0,720.3,979.25,749.3,0
515,17149,2258074,983.8,778.6,975.0,720.6,979.4,749.6,0
515,17150,2258075,984.0,778.9,974.9,720.9,979.45,749.9,0
515,17151,2258076,984.3,779.2,974.9,721.3,979.6,750.25,0
515,17152,2258077,984.6,779.2,974.8,721.6,979.7,750.4,0
515,17153,2258078,984.9,779.2,974.8,722.0,979.85,750.6,0
515,17154,2258079,985.1,779.2,974.9,722.0,980.0,750.6,0
515,17155,2258080,985.2,779.3,975.1,722.0,980.15,750.65,0
515,17156,2258081,985.3,779.3,975.2,721.8,980.25,750.55,0
515,17157,2258082,985.4,779.5,975.4,721.6,980.4,750.55,0
515,17158,2258083,985.7,779.7,975.5,721.4,980.6,750.55,0
515,17159,2258084,985.8,780.0,975.7,721.1,980.75,750.55,0
515,17160,2258085,986.3,780.3,975.8,720.9,981.05,750.6,0
515,17161,2258086,986.7,780.6,975.9,720.7,981.3,750.65,0
515,17162,2258087,987.1,780.8,976.1,720.6,981.6,750.7,0
515,17163,2258088,987.5,781.0,976.2,720.6,981.85,750.8,0
515,17164,2258089,988.1,781.3,976.6,720.6,982.35,750.95,0
515,17165,2258090,988.6,781.5,976.9,720.7,982.75,751.1,0
515,17166,2258091,989.1,781.7,977.2,720.9,983.15,751.3,0
516,17167,2258092,989.4,782.0,977.6,721.1,983.5,751.55,0
516,17168,2258093,989.7,782.3,977.9,721.3,983.8,751.8,0
516,17169,2258094,990.0,782.5,978.1,721.4,984.05,751.95,0
516,17170,2258095,990.3,782.8,978.3,721.6,984.3,752.2,0
516,17171,2258096,990.5,783.0,978.4,721.6,984.45,752.3,0
516,17172,2258097,990.5,783.2,978.5,721.6,984.5,752.4,0
516,17173,2258098,990.6,783.4,978.5,721.4,984.55,752.4,0
516,17174,2258099,990.6,783.6,978.5,721.4,984.55,752.5,0
516,17175,2258100,990.7,783.8,978.5,721.4,984.6,752.6,0
516,17176,2258101,990.8,783.9,978.7,721.5,984.75,752.7,0
516,17177,2258102,990.9,784.0,978.8,721.7,984.85,752.85,0
516,17178,2258103,991.0,784.1,979.0,721.8,985.0,752.95,0
516,17179,2258104,991.1,784.2,979.2,721.9,985.15,753.05,0
516,17180,2258105,991.2,784.2,979.3,722.0,985.25,753.1,0
516,17181,2258106,991.3,784.2,979.5,721.6,985.4,752.9,0
516,17182,2258107,991.5,784.5,979.7,721.3,985.6,752.9,0
516,17183,2258108,991.7,784.8,979.7,720.9,985.7,752.85,0
516,17184,2258109,991.8,785.1,979.8,720.6,985.8,752.85,0
516,17185,2258110,992.0,785.4,980.2,720.3,986.1,752.85,0
516,17186,2258111,992.2,785.7,980.6,720.0,986.4,752.85,0
516,17187,2258112,992.5,785.9,980.9,719.7,986.7,752.8,0
516,17188,2258113,993.1,786.1,981.3,719.8,987.2,752.95,0
516,17189,2258114,993.6,786.0,981.7,719.8,987.65,752.9,0
516,17190,2258115,994.1,785.9,982.0,719.7,988.05,752.8,0
516,17191,2258116,994.6,785.8,982.3,719.7,988.45,752.75,0
516,17192,2258117,995.1,785.7,982.4,719.8,988.75,752.75,0
516,17193,2258118,995.5,785.8,982.5,719.8,989.0,752.8,0
516,17194,2258119,995.9,785.9,982.7,719.9,989.3,752.9,0
516,17195,2258120,995.9,786.1,983.0,719.9,989.45,753.0,0
516,17196,2258121,995.9,786.2,983.2,720.0,989.55,753.1,0
516,17197,2258122,995.9,786.2,983.4,719.7,989.65,752.95,0
516,17198,2258123,995.8,786.2,983.5,719.5,989.65,752.85,0
516,17199,2258124,995.8,786.2,983.6,719.1,989.7,752.65,0
516,17200,2258125,995.8,786.0,983.7,718.7,989.75,752.35,0
517,17201,2258126,995.8,785.9,983.7,718.5,989.75,752.2,0
517,17202,2258127,995.8,785.8,983.7,718.3,989.75,752.05,0
517,17203,2258128,995.8,785.9,983.7,718.2,989.75,752.05,0
517,17204,2258129,995.8,785.9,983.6,718.3,989.7,752.1,0
517,17205,2258130,995.9,786.0,983.6,718.4,989.75,752.2,0
517,17206,2258131,996.0,786.0,983.7,718.6,989.85,752.3,0
517,17207,2258132,996.1,786.1,983.8,718.7,989.95,752.4,0
517,17208,2258133,996.2,786.1,984.1,718.8,990.15,752.45,0
517,17209,2258134,996.3,786.0,984.5,718.7,990.4,752.35,0
517,17210,2258135,996.4,785.9,984.9,718.7,990.65,752.3,0
517,17211,2258136,996.6,785.8,985.4,718.7,991.0,752.25,0
517,17212,2258137,996.8,785.8,985.8,718.7,991.3,752.25,0
517,17213,2258138,997.0,785.8,986.2,718.7,991.6,752.25,0
517,17214,2258139,997.1,785.7,986.6,718.7,991.85,752.2,0
517,17215,2258140,997.4,785.6,986.7,718.7,992.05,752.15,0
517,17216,2258141,997.8,785.6,986.8,718.7,992.3,752.15,0
517,17217,2258142,998.0,785.5,987.0,718.9,992.5,752.2,0
517,17218,2258143,998.3,785.3,987.3,719.0,992.8,752.15,0
517,17219,2258144,998.5,785.0,987.7,719.2,993.1,752.1,0
517,17220,2258145,998.6,784.7,988.2,719.5,993.4,752.1,0
517,17221,2258146,998.9,784.5,988.7,719.8,993.8,752.15,0
517,17222,2258147,998.9,784.3,989.1,720.1,994.0,752.2,0
517,17223,2258148,998.9,784.0,989.5,720.5,994.2,752.25,0
517,17224,2258149,999.0,783.9,989.8,720.8,994.4,752.35,0
517,17225,2258150,999.0,783.8,990.0,721.2,994.5,752.5,0
517,17226,2258151,999.1,783.7,990.0,721.2,994.55,752.45,0
517,17227,2258152,999.1,783.7,990.1,721.1,994.6,752.4,0
517,17228,2258153,999.1,783.6,990.2,720.9,994.65,752.25,0
517,17229,2258154,999.1,783.6,990.5,720.6,994.8,752.1,0
517,17230,2258155,999.1,783.5,990.8,720.4,994.95,751.95,0
517,17231,2258156,999.3,783.3,991.2,720.2,995.25,751.75,0
517,17232,2258157,999.5,783.0,991.6,719.9,995.55,751.45,0
517,17233,2258158,999.7,782.7,992.1,719.8,995.9,751.25,0
518,17234,2258159,999.9,782.4,992.4,719.9,996.15,751.15,0
518,17235,2258160,1000.1,781.9,992.7,720.0,996.4,750.95,0
518,17236,2258161,1000.3,781.5,992.7,720.1,996.5,750.8,0
518,17237,2258162,1000.5,781.0,992.6,720.1,996.55,750.55,0
518,17238,2258163,1000.6,780.6,992.5,720.0,996.55,750.3,0
518,17239,2258164,1000.7,780.3,992.3,719.6,996.5,749.95,0
518,17240,2258165,1000.9,780.0,992.2,719.4,996.55,749.7,0
518,17241,2258166,1001.1,779.7,992.0,719.2,996.55,749.45,0
518,17242,2258167,1001.4,779.5,991.8,719.0,996.6,749.25,0
518,17243,2258168,1001.7,779.4,991.7,718.9,996.7,749.15,0
518,17244,2258169,1001.9,779.4,991.7,718.9,996.8,749.15,0
518,17245,2258170,1002.2,779.4,991.6,719.1,996.9,749.25,0
518,17246,2258171,1002.4,779.4,991.5,719.6,996.95,749.5,0
518,17247,2258172,1002.5,779.4,991.5,720.3,997.0,749.85,0
518,17248,2258173,1002.7,779.4,991.6,721.0,997.15,750.2,0
518,17249,2258174,1002.8,779.3,991.7,721.7,997.25,750.5,0
518,17250,2258175,1003.0,779.1,991.8,722.2,997.4,750.65,0
518,17251,2258176,1003.1,778.8,991.9,722.6,997.5,750.7,0
518,17252,2258177,1003.4,778.5,992.0,722.8,997.7,750.65,0
518,17253,2258178,1003.6,778.2,992.2,723.0,997.9,750.6,0
518,17254,2258179,1003.9,777.8,992.3,723.0,998.1,750.4,0
518,17255,2258180,1004.0,777.5,992.3,722.9,998.15,750.2,0
518,17256,2258181,1004.2,777.2,992.4,722.7,998.3,749.95,0
518,17257,2258182,1004.4,777.0,992.5,722.4,998.45,749.7,0
518,17258,2258183,1004.6,776.9,992.6,722.2,998.6,749.55,0
518,17259,2258184,1004.6,776.7,992.8,722.1,998.7,749.4,0
518,17260,2258185,1004.7,776.4,993.1,721.8,998.9,749.1,0
518,17261,2258186,1004.7,776.0,993.4,721.5,999.05,748.75,0
518,17262,2258187,1004.8,775.5,993.8,721.3,999.3,748.4,0
518,17263,2258188,1005.0,775.1,994.1,721.0,999.55,748.05,0
518,17264,2258189,1005.3,774.8,994.5,721.0,999.9,747.9,0
518,17265,2258190,1005.6,774.5,994.9,720.9,1000.25,747.7,0
518,17266,2258191,1006.0,774.3,995.2,720.9,1000.6,747.6,0
519,17267,2258192,1006.3,774.2,995.5,721.0,1000.9,747.6,0
519,17268,2258193,1006.6,774.3,995.7,721.0,1001.15,747.65,0
519,17269,2258194,1006.9,774.2,995.8,721.0,1001.35,747.6,0
519,17270,2258195,1007.3,774.2,996.0,721.1,1001.65,747.65,0
519,17271,2258196,1007.5,774.1,996.2,721.1,1001.85,747.6,0
519,17272,2258197,1007.8,773.9,996.5,721.1,1002.15,747.5,0
519,17273,2258198,1008.1,773.8,996.9,721.0,1002.5,747.4,0
519,17274,2258199,1008.5,773.6,997.3,720.9,1002.9,747.25,0
519,17275,2258200,1008.9,773.5,997.8,720.8,1003.35,747.15,0
519,17276,2258201,1009.3,773.4,998.3,720.8,1003.8,747.1,0
519,17277,2258202,1009.5,773.4,998.9,720.8,1004.2,747.1,0
519,17278,2258203,1009.6,773.3,999.6,720.8,1004.6,747.05,0
519,17279,2258204,1009.8,773.3,1000.1,720.8,1004.95,747.05,0
519,17280,2258205,1009.9,773.3,1000.7,720.9,1005.3,747.1,0
519,17281,2258206,1010.0,773.1,1001.2,721.0,1005.6,747.05,0
519,17282,2258207,1010.2,772.8,1001.6,721.0,1005.9,746.9,0
519,17283,2258208,1010.7,772.6,1002.0,721.1,1006.35,746.85,0
519,17284,2258209,1011.2,772.4,1002.5,721.1,1006.85,746.75,0
519,17285,2258210,1011.8,772.1,1003.1,721.2,1007.45,746.65,0
519,17286,2258211,1012.4,771.9,1003.6,721.2,1008.0,746.55,0
519,17287,2258212,1013.0,771.7,1004.0,721.2,1008.5,746.45,0
519,17288,2258213,1013.5,771.7,1004.5,721.2,1009.0,746.45,0
519,17289,2258214,1013.9,771.7,1004.9,721.3,1009.4,746.5,0
519,17290,2258215,1014.0,771.8,1005.2,721.3,1009.6,746.55,0
519,17291,2258216,1014.1,771.8,1005.5,721.3,1009.8,746.55,0
519,17292,2258217,1014.1,771.9,1005.5,721.3,1009.8,746.6,0
519,17293,2258218,1014.1,771.9,1005.5,721.4,1009.8,746.65,0
519,17294,2258219,1014.2,771.9,1005.4,721.3,1009.8,746.6,0
519,17295,2258220,1014.3,772.0,1005.4,721.2,1009.85,746.6,0
519,17296,2258221,1014.4,772.1,1005.4,721.3,1009.9,746.7,0
519,17297,2258222,1014.5,772.2,1005.5,721.4,1010.0,746.8,0
519,17298,2258223,1014.6,772.3,1005.5,721.5,1010.05,746.9,0
519,17299,2258224,1014.6,772.5,1005.5,721.7,1010.05,747.1,0
519,17300,2258225,1014.5,772.7,1005.6,722.2,1010.05,747.45,0
520,17301,2258226,1014.4,772.9,1005.7,722.7,1010.05,747.8,0
520,17302,2258227,1014.3,773.2,1005.8,723.2,1010.05,748.2,0
520,17303,2258228,1014.3,773.5,1006.1,723.6,1010.2,748.55,0
520,17304,2258229,1014.2,773.9,1006.4,723.8,1010.3,748.85,0
520,17305,2258230,1014.1,774.3,1006.7,724.0,1010.4,749.15,0
520,17306,2258231,1014.0,774.6,1007.0,724.2,1010.5,749.4,0
520,17307,2258232,1014.0,774.8,1007.4,724.0,1010.7,749.4,0
520,17308,2258233,1014.0,775.1,1007.7,723.7,1010.85,749.4,0
520,17309,2258234,1013.9,775.4,1007.9,723.4,1010.9,749.4,0
520,17310,2258235,1013.8,775.7,1007.9,723.7,1010.85,749.7,0
520,17311,2258236,1013.7,775.9,1007.9,724.0,1010.8,749.95,0
520,17312,2258237,1013.6,776.0,1007.9,724.4,1010.75,750.2,0
520,17313,2258238,1013.5,776.2,1007.8,724.8,1010.65,750.5,0
520,17314,2258239,1013.5,776.5,1007.7,725.2,1010.6,750.85,0
520,17315,2258240,1013.4,776.8,1007.7,725.6,1010.55,751.2,0
520,17316,2258241,1013.3,777.3,1007.8,725.9,1010.55,751.6,0
520,17317,2258242,1013.3,777.7,1008.0,725.7,1010.65,751.7,0
520,17318,2258243,1013.3,778.4,1008.2,725.4,1010.75,751.9,0
520,17319,2258244,1013.4,779.2,1008.5,725.1,1010.95,752.15,0
520,17320,2258245,1013.5,779.9,1008.7,724.8,1011.1,752.35,0
520,17321,2258246,1013.6,780.7,1009.0,724.6,1011.3,752.65,0
520,17322,2258247,1013.7,781.3,1009.3,724.4,1011.5,752.85,0
520,17323,2258248,1013.8,781.8,1009.5,724.2,1011.65,753.0,0
520,17324,2258249,1013.8,782.2,1009.7,724.2,1011.75,753.2,0
520,17325,2258250,1013.8,782.3,1009.7,724.2,1011.75,753.25,0
520,17326,2258251,1013.8,782.4,1009.8,724.3,1011.8,753.35,0
520,17327,2258252,1013.9,782.5,1010.0,724.4,1011.95,753.45,0
520,17328,2258253,1014.1,782.6,1010.1,724.5,1012.1,753.55,0
520,17329,2258254,1014.4,782.7,1010.3,724.6,1012.35,753.65,0
520,17330,2258255,1014.6,782.8,1010.4,724.7,1012.5,753.75,0
520,17331,2258256,1014.9,783.0,1010.6,724.8,1012.75,753.9,0
520,17332,2258257,1015.2,783.3,1010.8,725.1,1013.0,754.2,0
520,17333,2258258,1015.5,783.5,1011.0,725.4,1013.25,754.45,0
521,17334,2258259,1015.8,783.7,1011.1,725.6,1013.45,754.65,0
521,17335,2258260,1016.1,783.9,1011.2,725.8,1013.65,754.85,0
521,17336,2258261,1016.4,784.0,1011.2,726.1,1013.8,755.05,0
521,17337,2258262,1016.8,784.1,1011.3,726.3,1014.05,755.2,0
521,17338,2258263,1017.2,784.2,1011.3,726.7,1014.25,755.45,0
521,17339,2258264,1017.4,784.2,1011.3,727.1,1014.35,755.65,0
521,17340,2258265,1017.5,784.2,1011.5,727.4,1014.5,755.8,0
521,17341,2258266,1017.6,784.1,1011.7,727.7,1014.65,755.9,0
521,17342,2258267,1017.7,783.9,1012.0,728.0,1014.85,755.95,0
521,17343,2258268,1017.7,783.7,1012.4,728.2,1015.05,755.95,0
521,17344,2258269,1017.8,783.5,1012.7,728.5,1015.25,756.0,0
521,17345,2258270,1017.9,783.3,1013.0,728.5,1015.45,755.9,0
521,17346,2258271,1018.2,783.2,1013.3,728.5,1015.75,755.85,0
521,17347,2258272,1018.6,783.1,1013.4,728.5,1016.0,755.8,0
521,17348,2258273,1019.2,783.0,1013.4,728.4,1016.3,755.7,0
521,17349,2258274,1019.7,783.1,1013.4,728.4,1016.55,755.75,0
521,17350,2258275,1020.2,783.2,1013.4,728.5,1016.8,755.85,0
521,17351,2258276,1020.5,783.4,1013.2,728.6,1016.85,756.0,0
521,17352,2258277,1020.8,783.5,1013.1,728.8,1016.95,756.15,0
521,17353,2258278,1021.4,783.6,1013.0,729.0,1017.2,756.3,0
521,17354,2258279,1021.9,783.7,1012.9,729.2,1017.4,756.45,0
521,17355,2258280,1022.1,783.7,1012.7,729.4,1017.4,756.55,0
521,17356,2258281,1022.4,783.8,1012.6,729.6,1017.5,756.7,0
521,17357,2258282,1022.5,783.9,1012.6,729.7,1017.55,756.8,0
521,17358,2258283,1022.7,784.1,1012.7,729.7,1017.7,756.9,0
521,17359,2258284,1022.8,784.2,1012.9,729.7,1017.85,756.95,0
521,17360,2258285,1022.7,784.3,1013.3,729.6,1018.0,756.95,0
521,17361,2258286,1022.6,784.5,1013.6,729.5,1018.1,757.0,0
521,17362,2258287,1022.5,784.6,1013.9,729.4,1018.2,757.0,0
521,17363,2258288,1022.5,784.7,1014.2,729.3,1018.35,757.0,0
521,17364,2258289,1022.7,784.8,1014.5,729.3,1018.6,757.05,0
521,17365,2258290,1023.2,784.8,1014.6,729.3,1018.9,757.05,0
521,17366,2258291,1023.6,784.8,1014.6,729.3,1019.1,757.05,0
522,17367,2258292,1024.0,784.8,1014.6,729.4,1019.3,757.1,0
522,17368,2258293,1024.5,784.8,1014.5,729.5,1019.5,757.15,0
522,17369,2258294,1024.8,784.8,1014.4,729.7,1019.6,757.25,0
522,17370,2258295,1025.1,784.9,1014.4,729.9,1019.75,757.4,0
522,17371,2258296,1025.3,784.9,1014.5,730.1,1019.9,757.5,0
522,17372,2258297,1025.2,784.9,1014.9,730.2,1020.05,757.55,0
522,17373,2258298,1025.1,784.8,1015.3,730.3,1020.2,757.55,0
522,17374,2258299,1024.9,784.6,1015.7,730.3,1020.3,757.45,0
522,17375,2258300,1024.7,784.5,1016.0,730.3,1020.35,757.4,0
522,17376,2258301,1024.5,784.4,1016.3,730.1,1020.4,757.25,0
522,17377,2258302,1024.4,784.3,1016.7,729.9,1020.55,757.1,0
522,17378,2258303,1024.2,784.2,1016.8,729.7,1020.5,756.95,0
522,17379,2258304,1024.0,784.1,1016.8,729.6,1020.4,756.85,0
522,17380,2258305,1024.0,784.0,1016.7,729.5,1020.35,756.75,0
522,17381,2258306,1024.0,783.9,1016.7,729.4,1020.35,756.65,0
522,17382,2258307,1024.0,783.7,1016.7,729.3,1020.35,756.5,0
522,17383,2258308,1024.1,783.5,1016.7,729.4,1020.4,756.45,0
522,17384,2258309,1024.2,783.3,1016.8,729.5,1020.5,756.4,0
522,17385,2258310,1024.4,783.1,1016.8,729.6,1020.6,756.35,0
522,17386,2258311,1024.7,783.0,1016.9,729.6,1020.8,756.3,0
522,17387,2258312,1024.9,782.9,1016.9,729.5,1020.9,756.2,0
522,17388,2258313,1025.1,783.0,1016.9,729.4,1021.0,756.2,0
522,17389,2258314,1025.3,783.3,1016.9,729.2,1021.1,756.25,0
522,17390,2258315,1025.6,783.9,1016.9,729.0,1021.25,756.45,0
522,17391,2258316,1025.7,784.5,1016.8,728.8,1021.25,756.65,0
522,17392,2258317,1025.8,785.1,1016.8,728.7,1021.3,756.9,0
522,17393,2258318,1025.6,785.5,1016.6,728.6,1021.1,757.05,0
522,17394,2258319,1025.5,785.9,1016.5,728.6,1021.0,757.25,0
522,17395,2258320,1025.2,786.2,1016.2,728.7,1020.7,757.45,0
522,17396,2258321,1024.9,786.3,1015.9,728.8,1020.4,757.55,0
522,17397,2258322,1024.5,786.1,1015.7,728.8,1020.1,757.45,0
522,17398,2258323,1024.1,786.0,1015.5,728.7,1019.8,757.35,0
522,17399,2258324,1023.7,785.8,1015.4,728.5,1019.55,757.15,0
522,17400,2258325,1023.5,785.7,1015.2,728.2,1019.35,756.95,0
523,17401,2258326,1023.2,785.6,1015.1,727.6,1019.15,756.6,0
523,17402,2258327,1023.2,785.5,1015.1,727.0,1019.15,756.25,0
523,17403,2258328,1023.1,785.5,1015.0,726.4,1019.05,755.95,0
523,17404,2258329,1023.2,785.6,1015.0,726.1,1019.1,755.85,0
523,17405,2258330,1023.3,785.9,1014.8,725.7,1019.05,755.8,0
523,17406,2258331,1023.5,786.1,1014.6,725.6,1019.05,755.85,0
523,17407,2258332,1023.6,786.3,1014.4,725.5,1019.0,755.9,0
523,17408,2258333,1023.6,786.5,1014.1,725.8,1018.85,756.15,0
523,17409,2258334,1023.7,786.7,1013.9,726.1,1018.8,756.4,0
523,17410,2258335,1023.7,786.9,1013.7,726.5,1018.7,756.7,0
523,17411,2258336,1023.6,786.9,1013.4,726.6,1018.5,756.75,0
523,17412,2258337,1023.5,786.8,1013.2,726.8,1018.35,756.8,0
523,17413,2258338,1023.4,786.7,1013.0,726.9,1018.2,756.8,0
523,17414,2258339,1023.4,786.5,1012.9,726.9,1018.15,756.7,0
523,17415,2258340,1023.3,786.4,1012.8,726.8,1018.05,756.6,0
523,17416,2258341,1023.2,786.3,1012.6,726.2,1017.9,756.25,0
523,17417,2258342,1023.1,786.2,1012.6,725.6,1017.85,755.9,0
523,17418,2258343,1023.2,786.0,1012.4,724.9,1017.8,755.45,0
523,17419,2258344,1023.4,785.9,1012.3,724.5,1017.85,755.2,0
523,17420,2258345,1023.6,785.9,1012.1,724.1,1017.85,755.0,0
523,17421,2258346,1023.9,785.7,1011.9,724.0,1017.9,754.85,0
523,17422,2258347,1024.2,785.6,1011.7,724.0,1017.95,754.8,0
523,17423,2258348,1024.5,785.4,1011.2,724.4,1017.85,754.9,0
523,17424,2258349,1024.7,785.4,1010.8,724.8,1017.75,755.1,0
523,17425,2258350,1024.9,785.4,1010.4,725.2,1017.65,755.3,0
523,17426,2258351,1025.0,785.4,1010.0,725.5,1017.5,755.45,0
523,17427,2258352,1025.2,785.5,1009.8,725.5,1017.5,755.5,0
523,17428,2258353,1025.3,785.7,1009.5,725.3,1017.4,755.5,0
523,17429,2258354,1025.4,785.9,1009.2,725.2,1017.3,755.55,0
523,17430,2258355,1025.5,786.1,1009.1,725.0,1017.3,755.55,0
523,17431,2258356,1025.6,786.1,1008.9,724.8,1017.25,755.45,0
523,17432,2258357,1025.8,786.2,1008.6,724.7,1017.2,755.45,0
523,17433,2258358,1026.0,786.0,1008.3,724.5,1017.15,755.25,0
524,17434,2258359,1026.2,785.9,1008.0,724.5,1017.1,755.2,0
524,17435,2258360,1026.4,785.7,1007.8,724.4,1017.1,755.05,0
524,17436,2258361,1026.6,785.4,1007.7,724.2,1017.15,754.8,0
524,17437,2258362,1026.8,785.2,1007.7,724.1,1017.25,754.65,0
524,17438,2258363,1026.9,785.0,1008.1,724.0,1017.5,754.5,0
524,17439,2258364,1027.0,784.9,1008.5,724.1,1017.75,754.5,0
524,17440,2258365,1027.0,784.9,1008.9,724.2,1017.95,754.55,0
524,17441,2258366,1027.0,785.1,1009.2,724.3,1018.1,754.7,0
524,17442,2258367,1026.9,785.3,1009.5,724.5,1018.2,754.9,0
524,17443,2258368,1026.7,785.5,1009.8,724.8,1018.25,755.15,0
524,17444,2258369,1026.5,785.7,1010.0,725.0,1018.25,755.35,0
524,17445,2258370,1026.4,785.9,1009.9,725.1,1018.15,755.5,0
524,17446,2258371,1026.2,786.0,1009.9,725.0,1018.05,755.5,0
524,17447,2258372,1026.1,786.0,1009.9,725.0,1018.0,755.5,0
524,17448,2258373,1026.0,786.0,1010.0,724.9,1018.0,755.45,0
524,17449,2258374,1026.2,785.9,1010.1,724.8,1018.15,755.35,0
524,17450,2258375,1026.4,785.9,1010.4,724.6,1018.4,755.25,0
524,17451,2258376,1026.8,785.9,1010.7,724.4,1018.75,755.15,0
524,17452,2258377,1027.2,785.9,1011.0,724.2,1019.1,755.05,0
524,17453,2258378,1027.6,785.8,1011.3,724.1,1019.45,754.95,0
524,17454,2258379,1028.0,785.8,1011.6,724.0,1019.8,754.9,0
524,17455,2258380,1028.3,785.6,1012.0,724.0,1020.15,754.8,0
524,17456,2258381,1028.6,785.4,1012.3,724.1,1020.45,754.75,0
524,17457,2258382,1028.8,785.2,1012.4,724.3,1020.6,754.75,0
524,17458,2258383,1028.9,784.9,1012.6,724.6,1020.75,754.75,0
524,17459,2258384,1028.9,784.6,1012.6,724.9,1020.75,754.75,0
524,17460,2258385,1029.0,784.4,1012.7,725.2,1020.85,754.8,0
524,17461,2258386,1029.1,784.2,1012.8,725.6,1020.95,754.9,0
524,17462,2258387,1029.2,784.2,1012.7,725.8,1020.95,755.0,0
524,17463,2258388,1029.3,784.2,1012.5,726.2,1020.9,755.2,0
524,17464,2258389,1029.4,784.2,1012.2,726.3,1020.8,755.25,0
524,17465,2258390,1029.4,784.3,1012.0,726.5,1020.7,755.4,0
524,17466,2258391,1029.5,784.3,1011.7,726.6,1020.6,755.45,0
525,17467,2258392,1029.5,784.5,1011.4,726.7,1020.45,755.6,0
525,17468,2258393,1029.5,784.6,1010.7,726.7,1020.1,755.65,0
525,17469,2258394,1029.4,784.7,1010.0,726.7,1019.7,755.7,0
525,17470,2258395,1029.0,784.8,1009.5,726.7,1019.25,755.75,0
525,17471,2258396,1028.7,784.9,1009.0,726.7,1018.85,755.8,0
525,17472,2258397,1028.3,785.1,1008.5,726.7,1018.4,755.9,0
525,17473,2258398,1028.0,785.2,1008.0,726.7,1018.0,755.95,0
525,17474,2258399,1027.8,785.2,1007.5,726.7,1017.65,755.95,0
525,17475,2258400,1027.6,785.3,1007.4,726.2,1017.5,755.75,0
525,17476,2258401,1027.6,785.2,1007.3,725.8,1017.45,755.5,0
525,17477,2258402,1027.8,785.1,1007.3,725.2,1017.55,755.15,0
525,17478,2258403,1028.0,785.0,1007.2,724.7,1017.6,754.85,0
525,17479,2258404,1028.3,784.8,1007.2,724.2,1017.75,754.5,0
525,17480,2258405,1028.5,784.6,1007.2,723.6,1017.85,754.1,0
525,17481,2258406,1028.7,784.1,1007.2,722.9,1017.95,753.5,0
525,17482,2258407,1028.7,783.5,1007.3,722.4,1018.0,752.95,0
525,17483,2258408,1028.8,782.9,1007.4,721.9,1018.1,752.4,0
525,17484,2258409,1028.8,782.3,1007.6,721.4,1018.2,751.85,0
525,17485,2258410,1028.8,781.6,1007.8,720.9,1018.3,751.25,0
525,17486,2258411,1028.7,781.0,1008.0,720.2,1018.35,750.6,0
525,17487,2258412,1028.7,780.4,1008.2,719.5,1018.45,749.95,0
525,17488,2258413,1028.6,780.0,1008.5,718.9,1018.55,749.45,0
525,17489,2258414,1028.6,779.8,1008.7,718.6,1018.65,749.2,0
525,17490,2258415,1028.7,779.8,1008.9,718.5,1018.8,749.15,0
525,17491,2258416,1028.8,779.7,1009.1,718.4,1018.95,749.05,0
525,17492,2258417,1028.9,779.8,1009.3,718.3,1019.1,749.05,0
525,17493,2258418,1029.0,779.9,1009.5,718.4,1019.25,749.15,0
525,17494,2258419,1029.1,780.1,1009.8,718.5,1019.45,749.3,0
525,17495,2258420,1029.2,780.2,1010.0,718.5,1019.6,749.35,0
525,17496,2258421,1029.3,780.3,1010.1,718.5,1019.7,749.4,0
525,17497,2258422,1029.3,780.4,1010.2,718.5,1019.75,749.45,0
525,17498,2258423,1029.4,780.5,1010.3,718.5,1019.85,749.5,0
525,17499,2258424,1029.5,780.7,1010.4,718.5,1019.95,749.6,0
525,17500,2258425,1029.7,780.9,1010.5,718.5,1020.1,749.7,0
526,17501,2258426,1029.8,781.1,1010.5,718.6,1020.15,749.85,0
526,17502,2258427,1030.0,781.3,1010.5,718.7,1020.25,750.0,0
526,17503,2258428,1030.2,781.6,1010.1,718.8,1020.15,750.2,0
526,17504,2258429,1030.4,781.9,1009.6,718.8,1020.0,750.35,0
526,17505,2258430,1030.5,782.1,1009.2,718.7,1019.85,750.4,0
526,17506,2258431,1030.6,782.2,1008.6,718.6,1019.6,750.4,0
526,17507,2258432,1030.6,782.2,1008.1,718.4,1019.35,750.3,0
526,17508,2258433,1030.7,782.2,1007.4,718.2,1019.05,750.2,0
526,17509,2258434,1030.7,781.8,1006.7,718.0,1018.7,749.9,0
526,17510,2258435,1030.7,781.5,1006.2,717.5,1018.45,749.5,0
526,17511,2258436,1030.6,781.1,1005.7,716.9,1018.15,749.0,0
526,17512,2258437,1030.4,780.6,1005.3,716.5,1017.85,748.55,0
526,17513,2258438,1030.2,780.1,1004.9,716.2,1017.55,748.15,0
526,17514,2258439,1029.9,779.3,1004.5,716.1,1017.2,747.7,0
526,17515,2258440,1029.6,778.5,1004.2,716.0,1016.9,747.25,0
526,17516,2258441,1029.2,778.0,1004.1,716.0,1016.65,747.0,0
526,17517,2258442,1028.9,777.6,1004.1,716.3,1016.5,746.95,0
526,17518,2258443,1028.7,777.1,1004.2,716.6,1016.45,746.85,0
526,17519,2258444,1028.5,776.7,1004.3,716.8,1016.4,746.75,0
526,17520,2258445,1028.3,776.3,1004.3,716.9,1016.3,746.6,0
526,17521,2258446,1028.1,776.0,1004.3,716.8,1016.2,746.4,0
526,17522,2258447,1027.9,775.7,1004.4,716.5,1016.15,746.1,0
526,17523,2258448,1027.8,775.5,1004.4,716.3,1016.1,745.9,0
526,17524,2258449,1027.7,775.2,1004.2,716.0,1015.95,745.6,0
526,17525,2258450,1027.5,775.0,1003.7,715.5,1015.6,745.25,0
526,17526,2258451,1027.5,774.8,1003.3,714.6,1015.4,744.7,0
526,17527,2258452,1027.5,774.8,1003.0,713.7,1015.25,744.25,0
526,17528,2258453,1027.6,775.2,1002.6,713.0,1015.1,744.1,0
526,17529,2258454,1027.8,775.5,1002.4,712.4,1015.1,743.95,0
526,17530,2258455,1028.1,775.9,1002.2,711.7,1015.15,743.8,0
526,17531,2258456,1028.4,776.4,1002.0,710.8,1015.2,743.6,0
526,17532,2258457,1028.7,776.7,1002.3,710.1,1015.5,743.4,0
526,17533,2258458,1028.9,777.1,1002.6,709.6,1015.75,743.35,0
527,17534,2258459,1029.1,777.3,1002.9,709.0,1016.0,743.15,0
527,17535,2258460,1029.3,777.5,1003.2,708.0,1016.25,742.75,0
527,17536,2258461,1029.4,777.8,1003.6,706.9,1016.5,742.35,0
527,17537,2258462,1029.7,777.9,1004.0,705.9,1016.85,741.9,0
527,17538,2258463,1030.0,778.1,1004.5,704.8,1017.25,741.45,0
527,17539,2258464,1030.2,778.3,1004.8,703.8,1017.5,741.05,0
527,17540,2258465,1030.5,778.4,1004.9,702.9,1017.7,740.65,0
527,17541,2258466,1030.6,778.5,1005.1,702.1,1017.85,740.3,0
527,17542,2258467,1030.6,778.4,1005.2,701.7,1017.9,740.05,0
527,17543,2258468,1030.7,778.2,1005.1,701.2,1017.9,739.7,0
527,17544,2258469,1030.5,778.0,1005.0,700.7,1017.75,739.35,0
527,17545,2258470,1030.3,777.8,1004.9,700.5,1017.6,739.15,0
527,17546,2258471,1030.0,777.6,1004.8,700.3,1017.4,738.95,0
527,17547,2258472,1029.8,777.3,1004.6,700.2,1017.2,738.75,0
527,17548,2258473,1029.6,776.9,1004.4,700.2,1017.0,738.55,0
527,17549,2258474,1029.1,776.7,1004.2,700.3,1016.65,738.5,0
527,17550,2258475,1028.6,776.5,1004.1,700.5,1016.35,738.5,0
527,17551,2258476,1028.1,776.2,1003.7,700.7,1015.9,738.45,0
527,17552,2258477,1027.6,776.0,1003.3,701.1,1015.45,738.55,0
527,17553,2258478,1027.1,775.8,1003.0,701.3,1015.05,738.55,0
527,17554,2258479,1026.5,775.6,1002.7,701.4,1014.6,738.5,0
527,17555,2258480,1025.9,775.4,1002.4,701.5,1014.15,738.45,0
527,17556,2258481,1025.8,775.2,1002.1,701.6,1013.95,738.4,0
527,17557,2258482,1025.6,775.0,1001.8,701.6,1013.7,738.3,0
527,17558,2258483,1025.6,774.8,1001.6,701.5,1013.6,738.15,0
527,17559,2258484,1025.6,774.6,1001.4,701.4,1013.5,738.0,0
527,17560,2258485,1025.8,774.3,1001.1,701.4,1013.45,737.85,0
527,17561,2258486,1026.0,774.1,1001.0,701.2,1013.5,737.65,0
527,17562,2258487,1026.2,773.8,1000.8,700.9,1013.5,737.35,0
527,17563,2258488,1026.4,773.5,1000.6,700.5,1013.5,737.0,0
527,17564,2258489,1026.5,773.2,1000.4,700.3,1013.45,736.75,0
527,17565,2258490,1026.6,773.0,1000.3,699.7,1013.45,736.35,0
527,17566,2258491,1026.5,772.7,1000.2,699.2,1013.35,735.95,0
528,17567,2258492,1026.4,772.5,999.9,698.7,1013.15,735.6,0
528,17568,2258493,1026.3,772.3,999.6,698.2,1012.95,735.25,0
528,17569,2258494,1026.2,772.3,999.2,697.7,1012.7,735.0,0
528,17570,2258495,1026.1,772.3,998.8,697.3,1012.45,734.8,0
528,17571,2258496,1026.0,772.4,998.5,696.8,1012.25,734.6,0
528,17572,2258497,1026.0,772.5,998.1,696.7,1012.05,734.6,0
528,17573,2258498,1025.9,772.6,997.9,696.5,1011.9,734.55,0
528,17574,2258499,1025.9,772.7,998.0,696.4,1011.95,734.55,0
528,17575,2258500,1025.9,772.9,998.2,696.3,1012.05,734.6,0
528,17576,2258501,1026.2,773.0,998.4,696.2,1012.3,734.6,0
528,17577,2258502,1026.4,773.1,998.7,696.2,1012.55,734.65,0
528,17578,2258503,1026.7,773.1,999.0,696.1,1012.85,734.6,0
528,17579,2258504,1027.0,773.0,999.3,696.1,1013.15,734.55,0
528,17580,2258505,1027.2,772.5,999.6,696.0,1013.4,734.25,0
528,17581,2258506,1027.4,771.9,999.8,696.0,1013.6,733.95,0
528,17582,2258507,1027.5,771.4,999.9,695.9,1013.7,733.65,0
528,17583,2258508,1027.4,770.8,1000.1,695.8,1013.75,733.3,0
528,17584,2258509,1027.2,770.2,1000.2,695.5,1013.7,732.85,0
528,17585,2258510,1027.2,769.7,999.9,695.2,1013.55,732.45,0
528,17586,2258511,1027.1,769.3,999.7,695.0,1013.4,732.15,0
528,17587,2258512,1027.1,769.3,999.4,694.6,1013.25,731.95,0
528,17588,2258513,1027.0,769.2,999.1,694.2,1013.05,731.7,0
528,17589,2258514,1027.1,769.2,998.8,693.9,1012.95,731.55,0
528,17590,2258515,1027.1,769.1,998.5,693.7,1012.8,731.4,0
528,17591,2258516,1027.2,769.1,998.3,693.7,1012.75,731.4,0
528,17592,2258517,1027.0,769.0,998.4,693.8,1012.7,731.4,0
528,17593,2258518,1026.8,769.0,998.4,693.8,1012.6,731.4,0
528,17594,2258519,1026.3,768.8,998.5,693.8,1012.4,731.3,0
528,17595,2258520,1025.9,768.6,998.6,694.0,1012.25,731.3,0
528,17596,2258521,1025.5,768.0,998.7,694.0,1012.1,731.0,0
528,17597,2258522,1025.0,767.4,998.6,694.0,1011.8,730.7,0
528,17598,2258523,1024.6,766.7,998.2,693.9,1011.4,730.3,0
528,17599,2258524,1024.1,766.0,997.8,693.6,1010.95,729.8,0
528,17600,2258525,1023.6,765.2,997.4,693.2,1010.5,729.2,0
529,17601,2258526,1023.4,764.5,996.9,692.9,1010.15,728.7,0
529,17602,2258527,1023.2,763.8,996.5,692.6,1009.85,728.2,0
529,17603,2258528,1022.9,763.6,995.9,692.4,1009.4,728.0,0
529,17604,2258529,1022.8,763.3,995.2,692.3,1009.0,727.8,0
529,17605,2258530,1022.6,763.2,994.8,692.1,1008.7,727.65,0
529,17606,2258531,1022.6,763.0,994.4,692.2,1008.5,727.6,0
529,17607,2258532,1022.6,762.9,994.0,692.3,1008.3,727.6,0
529,17608,2258533,1022.5,762.7,993.6,692.4,1008.05,727.55,0
529,17609,2258534,1022.3,762.5,993.3,692.4,1007.8,727.45,0
529,17610,2258535,1022.0,762.2,993.2,692.3,1007.6,727.25,0
529,17611,2258536,1021.8,761.9,993.2,692.2,1007.5,727.05,0
529,17612,2258537,1021.5,761.6,993.3,692.1,1007.4,726.85,0
529,17613,2258538,1021.3,761.0,993.4,691.9,1007.35,726.45,0
529,17614,2258539,1021.1,760.5,993.5,691.7,1007.3,726.1,0
529,17615,2258540,1021.0,760.0,993.8,691.5,1007.4,725.75,0
529,17616,2258541,1021.1,759.5,994.1,691.3,1007.6,725.4,0
529,17617,2258542,1021.1,759.1,994.3,691.1,1007.7,725.1,0
529,17618,2258543,1021.2,758.7,994.6,691.1,1007.9,724.9,0
529,17619,2258544,1021.3,758.3,994.8,691.1,1008.05,724.7,0
529,17620,2258545,1021.5,758.2,994.9,691.2,1008.2,724.7,0
529,17621,2258546,1022.0,758.1,995.1,691.4,1008.55,724.75,0
529,17622,2258547,1022.4,757.9,995.0,691.6,1008.7,724.75,0
529,17623,2258548,1022.9,757.7,995.0,691.7,1008.95,724.7,0
529,17624,2258549,1023.3,757.4,994.9,691.9,1009.1,724.65,0
529,17625,2258550,1023.8,756.9,994.9,692.0,1009.35,724.45,0
529,17626,2258551,1024.3,756.5,994.9,692.1,1009.6,724.3,0
529,17627,2258552,1024.7,756.1,994.8,692.2,1009.75,724.15,0
529,17628,2258553,1025.0,755.7,994.5,692.3,1009.75,724.0,0
529,17629,2258554,1025.1,755.7,994.2,692.5,1009.65,724.1,0
529,17630,2258555,1025.2,755.7,993.9,692.9,1009.55,724.3,0
529,17631,2258556,1025.1,755.7,993.6,693.8,1009.35,724.75,0
529,17632,2258557,1025.0,755.9,993.2,694.6,1009.1,725.25,0
529,17633,2258558,1024.7,756.1,992.9,695.5,1008.8,725.8,0
530,17634,2258559,1024.4,756.4,992.7,696.3,1008.55,726.35,0
530,17635,2258560,1024.2,756.7,992.6,697.0,1008.4,726.85,0
530,17636,2258561,1023.8,756.8,992.5,697.7,1008.15,727.25,0
530,17637,2258562,1023.5,756.9,992.5,698.3,1008.0,727.6,0
530,17638,2258563,1023.4,757.0,992.4,698.3,1007.9,727.65,0
530,17639,2258564,1023.3,757.1,992.3,698.3,1007.8,727.7,0
530,17640,2258565,1023.1,757.2,992.2,698.2,1007.65,727.7,0
530,17641,2258566,1022.9,757.1,992.1,698.2,1007.5,727.65,0
530,17642,2258567,1022.7,757.0,992.1,698.0,1007.4,727.5,0
530,17643,2258568,1022.5,757.0,992.0,697.7,1007.25,727.35,0
530,17644,2258569,1022.4,756.9,992.0,697.3,1007.2,727.1,0
530,17645,2258570,1022.2,756.8,992.0,696.8,1007.1,726.8,0
530,17646,2258571,1021.9,756.8,992.0,696.4,1006.95,726.6,0
530,17647,2258572,1021.7,756.8,992.0,695.9,1006.85,726.35,0
530,17648,2258573,1021.6,756.7,992.0,695.5,1006.8,726.1,0
530,17649,2258574,1021.5,756.5,992.2,695.1,1006.85,725.8,0
530,17650,2258575,1021.3,756.4,992.6,694.8,1006.95,725.6,0
530,17651,2258576,1021.2,756.1,992.9,694.6,1007.05,725.35,0
530,17652,2258577,1021.1,755.9,993.2,694.4,1007.15,725.15,0
530,17653,2258578,1021.1,755.6,993.5,694.4,1007.3,725.0,0
530,17654,2258579,1021.0,755.3,993.8,694.3,1007.4,724.8,0
530,17655,2258580,1021.0,755.1,994.0,694.2,1007.5,724.65,0
530,17656,2258581,1021.0,755.0,994.0,694.0,1007.5,724.5,0
530,17657,2258582,1021.0,755.0,993.9,693.8,1007.45,724.4,0
530,17658,2258583,1021.0,755.0,993.7,693.5,1007.35,724.25,0
530,17659,2258584,1021.0,755.0,993.5,693.4,1007.25,724.2,0
530,17660,2258585,1021.1,755.2,993.2,693.4,1007.15,724.3,0
530,17661,2258586,1021.0,755.4,992.8,693.8,1006.9,724.6,0
530,17662,2258587,1020.8,755.7,992.5,694.3,1006.65,725.0,0
530,17663,2258588,1020.7,756.0,992.2,695.0,1006.45,725.5,0
530,17664,2258589,1020.5,756.2,991.9,695.5,1006.2,725.85,0
530,17665,2258590,1020.2,756.4,991.5,696.0,1005.85,726.2,0
530,17666,2258591,1019.9,756.6,991.2,696.4,1005.55,726.5,0
531,17667,2258592,1019.6,756.9,990.9,696.6,1005.25,726.75,0
531,17668,2258593,1019.0,757.3,990.8,696.4,1004.9,726.85,0
531,17669,2258594,1018.4,757.6,991.0,696.1,1004.7,726.85,0
531,17670,2258595,1017.7,757.9,991.2,696.0,1004.45,726.95,0
531,17671,2258596,1016.8,758.3,991.3,696.1,1004.05,727.2,0
531,17672,2258597,1016.0,758.6,991.7,696.4,1003.85,727.5,0
531,17673,2258598,1015.3,759.0,992.1,696.8,1003.7,727.9,0
531,17674,2258599,1014.3,759.4,992.4,697.2,1003.35,728.3,0
531,17675,2258600,1013.4,759.9,992.7,697.6,1003.05,728.75,0
531,17676,2258601,1012.5,760.5,992.7,698.1,1002.6,729.3,0
531,17677,2258602,1011.8,761.0,992.6,698.6,1002.2,729.8,0
531,17678,2258603,1011.2,761.4,992.4,699.2,1001.8,730.3,0
531,17679,2258604,1010.6,761.8,992.1,699.8,1001.35,730.8,0
531,17680,2258605,1009.7,762.3,991.7,700.5,1000.7,731.4,0
531,17681,2258606,1009.1,762.7,991.2,701.5,1000.15,732.1,0
531,17682,2258607,1008.8,763.2,990.8,702.6,999.8,732.9,0
531,17683,2258608,1008.4,763.8,990.3,703.7,999.35,733.75,0
531,17684,2258609,1008.0,764.4,989.9,704.9,998.95,734.65,0
531,17685,2258610,1007.6,765.1,989.7,706.2,998.65,735.65,0
531,17686,2258611,1007.3,766.1,989.6,707.3,998.45,736.7,0
531,17687,2258612,1007.2,767.5,989.5,708.6,998.35,738.05,0
531,17688,2258613,1007.2,769.1,989.4,709.9,998.3,739.5,0
531,17689,2258614,1007.3,770.8,988.9,712.3,998.1,741.55,0
531,17690,2258615,1007.5,772.5,988.1,715.1,997.8,743.8,0
531,17691,2258616,1007.7,775.0,987.2,718.0,997.45,746.5,0
531,17692,2258617,1008.1,777.8,985.7,721.9,996.9,749.85,0
531,17693,2258618,1008.5,780.5,983.6,725.8,996.05,753.15,0
531,17694,2258619,1008.9,783.2,981.1,729.6,995.0,756.4,0
531,17695,2258620,1009.2,786.0,978.3,734.4,993.75,760.2,0
531,17696,2258621,1009.4,788.5,975.5,738.7,992.45,763.6,0
531,17697,2258622,1009.6,791.4,972.4,742.4,991.0,766.9,0
531,17698,2258623,1009.8,793.8,969.0,746.2,989.4,770.0,0
531,17699,2258624,1009.8,795.8,965.9,749.4,987.85,772.6,0
531,17700,2258625,1009.8,798.0,963.3,752.7,986.55,775.35,0
532,17701,2258626,1009.8,799.8,960.5,756.2,985.15,778.0,0
532,17702,2258627,1009.8,801.7,957.6,758.9,983.7,780.3,0
532,17703,2258628,1009.7,803.6,954.6,760.9,982.15,782.25,0
532,17704,2258629,1009.6,805.2,951.3,762.8,980.45,784.0,0
532,17705,2258630,1009.4,806.8,948.2,764.6,978.8,785.7,0
532,17706,2258631,1009.3,808.4,945.2,765.7,977.25,787.05,0
532,17707,2258632,1009.0,810.6,942.2,765.8,975.6,788.2,0
532,17708,2258633,1008.8,812.8,939.8,765.1,974.3,788.95,0
532,17709,2258634,1008.7,814.6,938.0,764.1,973.35,789.35,0
532,17710,2258635,1008.6,816.2,936.7,762.8,972.65,789.5,0
532,17711,2258636,1009.2,818.1,936.6,761.7,972.9,789.9,0
532,17712,2258637,1010.2,819.6,937.0,760.5,973.6,790.05,0
532,17713,2258638,1011.5,821.0,938.1,764.3,974.8,792.65,0
532,17714,2258639,1013.5,822.6,940.6,774.6,977.05,798.6,0
532,17715,2258640,1016.8,826.2,945.7,791.2,981.25,808.7,0
532,17716,2258641,1020.8,830.7,950.4,820.9,985.6,825.8,0
532,17717,2258642,1027.1,839.5,955.9,864.4,991.5,851.95,0
532,17718,2258643,1034.4,855.2,966.1,917.0,1000.25,886.1,0
532,17719,2258644,1041.4,877.2,975.8,969.2,1008.6,923.2,0
532,17720,2258645,1047.9,909.5,985.1,1015.8,1016.5,962.65,0
532,17721,2258646,1055.9,944.8,922.3,1094.9,989.1,1019.85,0
532,17722,2258647,1062.6,983.4,851.2,1167.3,956.9,1075.35,0
532,17723,2258648,1070.9,1026.5,775.9,1226.3,923.4,1126.4,0
532,17724,2258649,1063.8,1073.2,1116.6,1309.4,1090.2,1191.3,0
532,17725,2258650,1040.7,1119.7,1457.7,1370.6,1249.2,1245.15,0
532,17726,2258651,959.7,1178.0,1829.8,1394.5,1394.75,1286.25,0
532,17727,2258652,870.3,1226.3,2199.7,1351.6,1535.0,1288.95,0
532,17728,2258653,700.2,1337.3,2584.3,1197.6,1642.25,1267.45,0
532,17729,2258654,445.5,1451.5,2848.6,1006.2,1647.05,1228.85,0
532,17730,2258655,111.9,1569.9,3134.6,636.4,1623.25,1103.15,0
532,17731,2258656,-311.5,1714.1,3184.8,598.7,1436.65,1156.4,0
532,17732,2258657,NaN,NaN,3231.2,547.2,3231.2,547.2,0
532,17733,2258658,NaN,NaN,3233.1,546.5,3233.1,546.5,0
533,17734,2258659,NaN,NaN,3234.9,545.8,3234.9,545.8,0
533,17735,2258660,NaN,NaN,NaN,NaN,NaN,NaN,0
533,17736,2258661,NaN,NaN,NaN,NaN,NaN,NaN,0
533,17737,2258662,NaN,NaN,NaN,NaN,NaN,NaN,0
533,17738,2258663,NaN,NaN,NaN,NaN,NaN,NaN,0
533,17739,2258664,NaN,NaN,NaN,NaN,NaN,NaN,0
533,17740,2258665,NaN,NaN,NaN,NaN,NaN,NaN,0
533,17741,2258666,NaN,NaN,NaN,NaN,NaN,NaN,0
533,17742,2258667,NaN,NaN,NaN,NaN,NaN,NaN,0
533,17743,2258668,NaN,NaN,NaN,NaN,NaN,NaN,0
533,17744,2258669,NaN,NaN,NaN,NaN,NaN,NaN,0
533,17745,2258670,NaN,NaN,NaN,NaN,NaN,NaN,0
533,17746,2258671,NaN,NaN,NaN,NaN,NaN,NaN,0
533,17747,2258672,NaN,NaN,NaN,NaN,NaN,NaN,0
533,17748,2258673,NaN,NaN,NaN,NaN,NaN,NaN,0
533,17749,2258674,NaN,NaN,NaN,NaN,NaN,NaN,0
533,17750,2258675,NaN,NaN,NaN,NaN,NaN,NaN,0
533,17751,2258676,NaN,NaN,NaN,NaN,NaN,NaN,0
533,17752,2258677,NaN,NaN,NaN,NaN,NaN,NaN,0
533,17753,2258678,NaN,NaN,NaN,NaN,NaN,NaN,0
533,17754,2258679,NaN,NaN,NaN,NaN,NaN,NaN,0
533,17755,2258680,NaN,NaN,NaN,NaN,NaN,NaN,0
533,17756,2258681,NaN,NaN,NaN,NaN,NaN,NaN,0
533,17757,2258682,NaN,NaN,NaN,NaN,NaN,NaN,0
533,17758,2258683,NaN,NaN,NaN,NaN,NaN,NaN,0
533,17759,2258684,NaN,NaN,NaN,NaN,NaN,NaN,0
533,17760,2258685,NaN,NaN,NaN,NaN,NaN,NaN,0
533,17761,2258686,NaN,NaN,NaN,NaN,NaN,NaN,0
533,17762,2258687,NaN,NaN,NaN,NaN,NaN,NaN,0
533,17763,2258688,NaN,NaN,NaN,NaN,NaN,NaN,0
533,17764,2258689,NaN,NaN,NaN,NaN,NaN,NaN,0
533,17765,2258690,NaN,NaN,NaN,NaN,NaN,NaN,0
533,17766,2258691,NaN,NaN,NaN,NaN,NaN,NaN,0
534,17767,2258692,NaN,NaN,NaN,NaN,NaN,NaN,0
534,17768,2258693,NaN,NaN,NaN,NaN,NaN,NaN,0
534,17769,2258694,NaN,NaN,NaN,NaN,NaN,NaN,0
534,17770,2258695,NaN,NaN,NaN,NaN,NaN,NaN,0
534,17771,2258696,NaN,NaN,NaN,NaN,NaN,NaN,0
534,17772,2258697,NaN,NaN,NaN,NaN,NaN,NaN,0
534,17773,2258698,NaN,NaN,NaN,NaN,NaN,NaN,0
534,17774,2258699,NaN,NaN,NaN,NaN,NaN,NaN,0
534,17775,2258700,NaN,NaN,NaN,NaN,NaN,NaN,0
534,17776,2258701,NaN,NaN,NaN,NaN,NaN,NaN,0
534,17777,2258702,NaN,NaN,NaN,NaN,NaN,NaN,0
534,17778,2258703,NaN,NaN,NaN,NaN,NaN,NaN,0
534,17779,2258704,NaN,NaN,NaN,NaN,NaN,NaN,0
534,17780,2258705,NaN,NaN,NaN,NaN,NaN,NaN,0
534,17781,2258706,NaN,NaN,NaN,NaN,NaN,NaN,0
534,17782,2258707,NaN,NaN,NaN,NaN,NaN,NaN,0
534,17783,2258708,NaN,NaN,NaN,NaN,NaN,NaN,0
534,17784,2258709,NaN,NaN,NaN,NaN,NaN,NaN,0
534,17785,2258710,NaN,NaN,NaN,NaN,NaN,NaN,0
534,17786,2258711,NaN,NaN,NaN,NaN,NaN,NaN,0
534,17787,2258712,NaN,NaN,NaN,NaN,NaN,NaN,0
534,17788,2258713,NaN,NaN,NaN,NaN,NaN,NaN,0
534,17789,2258714,NaN,NaN,NaN,NaN,NaN,NaN,0
534,17790,2258715,NaN,NaN,NaN,NaN,NaN,NaN,0
534,17791,2258716,NaN,NaN,NaN,NaN,NaN,NaN,0
534,17792,2258717,NaN,NaN,NaN,NaN,NaN,NaN,0
534,17793,2258718,NaN,NaN,NaN,NaN,NaN,NaN,0
534,17794,2258719,NaN,NaN,NaN,NaN,NaN,NaN,0
534,17795,2258720,NaN,NaN,NaN,NaN,NaN,NaN,0
534,17796,2258721,NaN,NaN,NaN,NaN,NaN,NaN,0
534,17797,2258722,NaN,NaN,NaN,NaN,NaN,NaN,0
534,17798,2258723,NaN,NaN,NaN,NaN,NaN,NaN,0
534,17799,2258724,NaN,NaN,NaN,NaN,NaN,NaN,0
534,17800,2258725,NaN,NaN,NaN,NaN,NaN,NaN,0
535,17801,2258726,NaN,NaN,NaN,NaN,NaN,NaN,0
535,17802,2258727,NaN,NaN,NaN,NaN,NaN,NaN,0
535,17803,2258728,NaN,NaN,NaN,NaN,NaN,NaN,0
535,17804,2258729,NaN,NaN,NaN,NaN,NaN,NaN,0
535,17805,2258730,NaN,NaN,NaN,NaN,NaN,NaN,0
535,17806,2258731,NaN,NaN,NaN,NaN,NaN,NaN,0
535,17807,2258732,NaN,NaN,NaN,NaN,NaN,NaN,0
535,17808,2258733,-946.0,1667.4,NaN,NaN,-946.0,1667.4,0
535,17809,2258734,-130.9,1463.7,NaN,NaN,-130.9,1463.7,0
535,17810,2258735,490.9,1305.9,NaN,NaN,490.9,1305.9,0
535,17811,2258736,541.4,1278.5,NaN,NaN,541.4,1278.5,0
535,17812,2258737,628.6,1252.3,NaN,NaN,628.6,1252.3,0
535,17813,2258738,713.0,1230.7,NaN,NaN,713.0,1230.7,0
535,17814,2258739,799.8,1209.5,NaN,NaN,799.8,1209.5,0
535,17815,2258740,886.1,1190.5,NaN,NaN,886.1,1190.5,0
535,17816,2258741,970.7,1172.8,NaN,NaN,970.7,1172.8,0
535,17817,2258742,1054.2,1151.9,NaN,NaN,1054.2,1151.9,0
535,17818,2258743,1100.5,1132.7,NaN,NaN,1100.5,1132.7,0
535,17819,2258744,1111.4,1117.8,NaN,NaN,1111.4,1117.8,0
535,17820,2258745,1121.0,1099.2,NaN,NaN,1121.0,1099.2,0
535,17821,2258746,1126.3,1081.5,NaN,NaN,1126.3,1081.5,0
535,17822,2258747,1129.7,1065.3,NaN,NaN,1129.7,1065.3,0
535,17823,2258748,1133.0,1050.7,NaN,NaN,1133.0,1050.7,0
535,17824,2258749,1137.1,1038.8,NaN,NaN,1137.1,1038.8,0
535,17825,2258750,1141.0,1027.7,NaN,NaN,1141.0,1027.7,0
535,17826,2258751,1143.0,1016.1,NaN,NaN,1143.0,1016.1,0
535,17827,2258752,1144.7,1006.0,NaN,NaN,1144.7,1006.0,0
535,17828,2258753,1145.7,995.9,NaN,NaN,1145.7,995.9,0
535,17829,2258754,1146.6,984.3,NaN,NaN,1146.6,984.3,0
535,17830,2258755,1147.2,970.7,NaN,NaN,1147.2,970.7,0
535,17831,2258756,1146.5,955.8,NaN,NaN,1146.5,955.8,0
535,17832,2258757,1145.5,934.9,NaN,NaN,1145.5,934.9,0
535,17833,2258758,1144.1,912.0,NaN,NaN,1144.1,912.0,0
536,17834,2258759,1142.5,888.9,NaN,NaN,1142.5,888.9,0
536,17835,2258760,1140.9,865.8,NaN,NaN,1140.9,865.8,0
536,17836,2258761,1138.7,843.3,NaN,NaN,1138.7,843.3,0
536,17837,2258762,1136.5,819.3,NaN,NaN,1136.5,819.3,0
536,17838,2258763,1134.5,797.3,NaN,NaN,1134.5,797.3,0
536,17839,2258764,1132.3,784.0,NaN,NaN,1132.3,784.0,0
536,17840,2258765,1130.2,768.8,NaN,NaN,1130.2,768.8,0
536,17841,2258766,1128.0,756.1,NaN,NaN,1128.0,756.1,0
536,17842,2258767,1125.7,741.0,NaN,NaN,1125.7,741.0,0
536,17843,2258768,1124.1,726.9,NaN,NaN,1124.1,726.9,0
536,17844,2258769,1122.6,716.6,NaN,NaN,1122.6,716.6,0
536,17845,2258770,1121.1,706.3,NaN,NaN,1121.1,706.3,0
536,17846,2258771,1119.8,690.6,NaN,NaN,1119.8,690.6,0
536,17847,2258772,1118.1,679.5,NaN,NaN,1118.1,679.5,0
536,17848,2258773,1116.6,668.4,NaN,NaN,1116.6,668.4,0
536,17849,2258774,1115.1,662.0,1530.4,1101.5,1322.75,881.75,0
536,17850,2258775,1113.5,655.6,1387.0,957.2,1250.25,806.4,0
536,17851,2258776,1111.8,649.0,1251.8,797.8,1181.8,723.4,0
536,17852,2258777,1110.0,642.1,1251.8,797.8,1180.9,719.95,0
536,17853,2258778,1108.6,640.8,1251.8,797.8,1180.2,719.3,0
536,17854,2258779,1107.9,640.4,1378.8,787.8,1243.35,714.1,0
536,17855,2258780,1107.6,641.0,1467.8,778.5,1287.7,709.75,0
536,17856,2258781,1107.5,641.6,1572.3,764.5,1339.9,703.05,0
536,17857,2258782,1107.8,642.2,1654.9,726.6,1381.35,684.4,0
536,17858,2258783,1108.3,643.3,1717.4,689.6,1412.85,666.45,0
536,17859,2258784,1109.0,644.7,1703.2,665.1,1406.1,654.9,0
536,17860,2258785,1109.6,645.9,1689.2,640.3,1399.4,643.1,0
536,17861,2258786,1110.2,647.0,1571.1,632.2,1340.65,639.6,0
536,17862,2258787,1110.8,647.6,1450.1,618.9,1280.45,633.25,0
536,17863,2258788,1111.3,648.2,1326.7,601.4,1219.0,624.8,0
536,17864,2258789,1111.8,648.8,1221.4,603.8,1166.6,626.3,0
536,17865,2258790,1112.3,649.2,1135.6,602.9,1123.95,626.05,0
536,17866,2258791,1112.7,650.0,1133.0,599.3,1122.85,624.65,0
537,17867,2258792,1113.1,651.3,1130.5,593.6,1121.8,622.45,0
537,17868,2258793,1113.6,652.6,1129.5,588.0,1121.55,620.3,0
537,17869,2258794,1113.9,653.6,1128.1,582.5,1121.0,618.05,0
537,17870,2258795,1114.2,654.7,1126.8,577.0,1120.5,615.85,0
537,17871,2258796,1114.4,656.2,1125.5,571.0,1119.95,613.6,0
537,17872,2258797,1114.6,657.7,1124.0,566.2,1119.3,611.95,0
537,17873,2258798,1114.9,658.9,1123.0,562.9,1118.95,610.9,0
537,17874,2258799,1115.1,659.5,1121.2,561.8,1118.15,610.65,0
537,17875,2258800,1115.3,660.5,1119.4,560.2,1117.35,610.35,0
537,17876,2258801,1115.5,661.5,1118.1,558.7,1116.8,610.1,0
537,17877,2258802,1115.6,662.5,1116.7,557.4,1116.15,609.95,0
537,17878,2258803,1115.7,663.0,1115.8,555.1,1115.75,609.05,0
537,17879,2258804,1115.7,663.7,1114.8,552.8,1115.25,608.25,0
537,17880,2258805,1115.5,664.2,1113.6,550.5,1114.55,607.35,0
537,17881,2258806,1115.3,664.7,1113.1,548.0,1114.2,606.35,0
537,17882,2258807,1115.0,665.1,1112.0,546.0,1113.5,605.55,0
537,17883,2258808,1114.5,665.5,1110.9,543.0,1112.7,604.25,0
537,17884,2258809,1113.9,666.1,1109.8,540.1,1111.85,603.1,0
537,17885,2258810,1113.4,666.8,1108.8,538.5,1111.1,602.65,0
537,17886,2258811,1112.9,667.4,1107.8,537.1,1110.35,602.25,0
537,17887,2258812,1112.5,667.9,1107.1,535.8,1109.8,601.85,0
537,17888,2258813,1112.2,668.9,1106.4,535.5,1109.3,602.2,0
537,17889,2258814,1111.7,669.7,1106.3,535.2,1109.0,602.45,0
537,17890,2258815,1111.4,670.5,1106.1,535.9,1108.75,603.2,0
537,17891,2258816,1111.2,671.2,1105.7,536.6,1108.45,603.9,0
537,17892,2258817,1110.9,671.7,1105.3,537.3,1108.1,604.5,0
537,17893,2258818,1110.6,672.3,1104.9,538.0,1107.75,605.15,0
537,17894,2258819,1110.3,672.9,1104.6,538.7,1107.45,605.8,0
537,17895,2258820,1110.0,673.0,1104.4,539.0,1107.2,606.0,0
537,17896,2258821,1109.4,673.3,1104.3,539.3,1106.85,606.3,0
537,17897,2258822,1108.8,673.5,1104.3,539.5,1106.55,606.5,0
537,17898,2258823,1108.3,673.6,1104.4,539.9,1106.35,606.75,0
537,17899,2258824,1107.9,673.7,1104.6,540.2,1106.25,606.95,0
537,17900,2258825,1107.4,673.8,1104.7,540.8,1106.05,607.3,0
538,17901,2258826,1106.9,673.9,1104.6,541.3,1105.75,607.6,0
538,17902,2258827,1106.5,673.9,1104.0,541.7,1105.25,607.8,0
538,17903,2258828,1106.4,673.9,1103.4,542.1,1104.9,608.0,0
538,17904,2258829,1106.2,673.9,1102.9,542.5,1104.55,608.2,0
538,17905,2258830,1106.0,674.0,1102.4,543.0,1104.2,608.5,0
538,17906,2258831,1105.7,674.0,1101.9,543.8,1103.8,608.9,0
538,17907,2258832,1105.3,674.0,1101.5,544.3,1103.4,609.15,0
538,17908,2258833,1105.0,674.1,1101.3,544.8,1103.15,609.45,0
538,17909,2258834,1104.7,674.1,1101.5,545.3,1103.1,609.7,0
538,17910,2258835,1104.4,673.8,1101.6,545.7,1103.0,609.75,0
538,17911,2258836,1104.2,673.5,1101.6,546.1,1102.9,609.8,0
538,17912,2258837,1104.0,673.2,1101.6,546.6,1102.8,609.9,0
538,17913,2258838,1104.0,672.9,1101.6,546.7,1102.8,609.8,0
538,17914,2258839,1104.0,672.8,1101.5,546.7,1102.75,609.75,0
538,17915,2258840,1103.9,672.7,1101.5,546.8,1102.7,609.75,0
538,17916,2258841,1103.9,672.7,1101.4,547.0,1102.65,609.85,0
538,17917,2258842,1104.0,673.0,1101.3,547.1,1102.65,610.05,0
538,17918,2258843,1103.9,673.5,1101.0,547.2,1102.45,610.35,0
538,17919,2258844,1103.8,674.0,1100.7,547.4,1102.25,610.7,0
538,17920,2258845,1103.6,674.5,1100.4,547.5,1102.0,611.0,0
538,17921,2258846,1103.4,674.9,1100.0,548.0,1101.7,611.45,0
538,17922,2258847,1103.2,675.2,1099.6,548.8,1101.4,612.0,0
538,17923,2258848,1103.1,675.5,1099.3,549.5,1101.2,612.5,0
538,17924,2258849,1102.9,675.9,1099.0,550.4,1100.95,613.15,0
538,17925,2258850,1102.9,676.0,1098.9,551.2,1100.9,613.6,0
538,17926,2258851,1102.9,676.1,1098.8,551.9,1100.85,614.0,0
538,17927,2258852,1102.9,676.2,1098.7,552.7,1100.8,614.45,0
538,17928,2258853,1103.0,676.2,1098.5,553.1,1100.75,614.65,0
538,17929,2258854,1103.0,676.3,1098.4,553.3,1100.7,614.8,0
538,17930,2258855,1103.0,676.3,1098.2,553.6,1100.6,614.95,0
538,17931,2258856,1103.1,676.2,1098.0,553.9,1100.55,615.05,0
538,17932,2258857,1103.1,676.2,1097.8,554.2,1100.45,615.2,0
538,17933,2258858,1103.1,676.2,1097.7,554.6,1100.4,615.4,0
539,17934,2258859,1103.4,676.4,1097.5,554.9,1100.45,615.65,0
539,17935,2258860,1103.7,676.5,1097.5,555.4,1100.6,615.95,0
539,17936,2258861,1104.0,676.6,1097.3,555.7,1100.65,616.15,0
539,17937,2258862,1104.3,677.1,1097.2,556.0,1100.75,616.55,0
539,17938,2258863,1104.6,677.5,1097.1,556.4,1100.85,616.95,0
539,17939,2258864,1105.0,677.9,1096.9,557.0,1100.95,617.45,0
539,17940,2258865,1105.3,678.3,1096.6,557.6,1100.95,617.95,0
539,17941,2258866,1105.3,678.5,1096.3,558.3,1100.8,618.4,0
539,17942,2258867,1105.4,678.8,1096.1,559.1,1100.75,618.95,0
539,17943,2258868,1105.5,679.1,1095.8,559.8,1100.65,619.45,0
539,17944,2258869,1105.5,679.3,1095.6,560.4,1100.55,619.85,0
539,17945,2258870,1105.6,679.6,1095.4,561.0,1100.5,620.3,0
539,17946,2258871,1105.7,679.8,1095.4,561.7,1100.55,620.75,0
539,17947,2258872,1105.7,680.3,1095.4,562.3,1100.55,621.3,0
539,17948,2258873,1105.8,680.8,1095.4,562.8,1100.6,621.8,0
539,17949,2258874,1105.9,681.2,1095.5,563.5,1100.7,622.35,0
539,17950,2258875,1106.0,681.6,1095.5,564.2,1100.75,622.9,0
539,17951,2258876,1106.2,681.9,1095.4,564.8,1100.8,623.35,0
539,17952,2258877,1106.3,681.9,1095.2,565.5,1100.75,623.7,0
539,17953,2258878,1106.5,681.9,1094.9,565.7,1100.7,623.8,0
539,17954,2258879,1106.7,681.8,1094.7,566.2,1100.7,624.0,0
539,17955,2258880,1107.0,681.6,1094.4,566.8,1100.7,624.2,0
539,17956,2258881,1107.2,681.7,1094.1,567.2,1100.65,624.45,0
539,17957,2258882,1107.4,681.8,1094.0,567.8,1100.7,624.8,0
539,17958,2258883,1107.5,682.0,1094.0,568.3,1100.75,625.15,0
539,17959,2258884,1107.6,682.1,1094.0,568.9,1100.8,625.5,0
539,17960,2258885,1107.6,682.2,1094.0,569.8,1100.8,626.0,0
539,17961,2258886,1107.6,682.4,1093.9,570.3,1100.75,626.35,0
539,17962,2258887,1107.5,682.5,1093.9,570.9,1100.7,626.7,0
539,17963,2258888,1107.4,682.5,1093.7,571.5,1100.55,627.0,0
539,17964,2258889,1107.3,682.4,1093.6,571.9,1100.45,627.15,0
539,17965,2258890,1107.1,682.2,1093.5,572.3,1100.3,627.25,0
539,17966,2258891,1106.9,682.0,1093.3,572.7,1100.1,627.35,0
540,17967,2258892,1106.6,681.9,1093.2,572.8,1099.9,627.35,0
540,17968,2258893,1106.3,681.6,1093.1,572.9,1099.7,627.25,0
540,17969,2258894,1106.1,681.3,1093.1,572.9,1099.6,627.1,0
540,17970,2258895,1105.8,680.9,1093.2,573.1,1099.5,627.0,0
540,17971,2258896,1105.6,680.5,1093.3,573.5,1099.45,627.0,0
540,17972,2258897,1105.4,680.2,1093.3,573.8,1099.35,627.0,0
540,17973,2258898,1105.2,679.9,1093.3,574.2,1099.25,627.05,0
540,17974,2258899,1105.0,679.6,1093.2,574.6,1099.1,627.1,0
540,17975,2258900,1104.9,679.4,1093.1,575.2,1099.0,627.3,0
540,17976,2258901,1104.8,679.1,1093.0,576.0,1098.9,627.55,0
540,17977,2258902,1104.7,678.6,1092.9,576.7,1098.8,627.65,0
540,17978,2258903,1104.6,678.0,1092.8,577.2,1098.7,627.6,0
540,17979,2258904,1104.5,677.5,1092.7,577.7,1098.6,627.6,0
540,17980,2258905,1104.4,677.0,1092.7,578.3,1098.55,627.65,0
540,17981,2258906,1104.3,676.4,1092.6,578.8,1098.45,627.6,0
540,17982,2258907,1104.1,675.7,1092.7,579.1,1098.4,627.4,0
540,17983,2258908,1103.8,675.1,1092.8,579.2,1098.3,627.15,0
540,17984,2258909,1103.7,674.8,1092.9,579.1,1098.3,626.95,0
540,17985,2258910,1103.5,674.6,1093.0,579.0,1098.25,626.8,0
540,17986,2258911,1103.3,674.3,1093.0,578.9,1098.15,626.6,0
540,17987,2258912,1103.1,674.1,1093.1,578.7,1098.1,626.4,0
540,17988,2258913,1103.0,673.8,1093.2,578.6,1098.1,626.2,0
540,17989,2258914,1102.9,673.6,1093.1,578.5,1098.0,626.05,0
540,17990,2258915,1102.8,673.4,1093.0,578.4,1097.9,625.9,0
540,17991,2258916,1102.6,673.1,1092.6,578.4,1097.6,625.75,0
540,17992,2258917,1102.4,672.8,1092.3,578.4,1097.35,625.6,0
540,17993,2258918,1102.3,672.4,1092.0,578.3,1097.15,625.35,0
540,17994,2258919,1102.1,672.1,1091.7,578.3,1096.9,625.2,0
540,17995,2258920,1101.9,671.9,1091.4,578.1,1096.65,625.0,0
540,17996,2258921,1101.7,671.8,1091.3,578.0,1096.5,624.9,0
540,17997,2258922,1101.5,671.6,1091.1,577.8,1096.3,624.7,0
540,17998,2258923,1101.3,671.4,1091.2,577.6,1096.25,624.5,0
540,17999,2258924,1101.2,671.1,1091.2,577.5,1096.2,624.3,0
540,18000,2258925,1101.0,670.8,1091.2,577.4,1096.1,624.1,0
541,18001,2258926,1100.8,670.5,1091.2,577.3,1096.0,623.9,0
541,18002,2258927,1100.7,670.2,1091.2,577.1,1095.95,623.65,0
541,18003,2258928,1100.6,669.9,1091.2,576.9,1095.9,623.4,0
541,18004,2258929,1100.6,669.6,1091.2,576.8,1095.9,623.2,0
541,18005,2258930,1100.6,669.5,1091.2,576.7,1095.9,623.1,0
541,18006,2258931,1100.7,669.4,1091.1,576.6,1095.9,623.0,0
541,18007,2258932,1100.6,669.5,1091.2,576.5,1095.9,623.0,0
541,18008,2258933,1100.5,669.5,1091.0,576.3,1095.75,622.9,0
541,18009,2258934,1100.4,669.5,1090.9,576.1,1095.65,622.8,0
541,18010,2258935,1099.9,669.5,1090.7,575.9,1095.3,622.7,0
541,18011,2258936,1099.4,669.5,1090.4,575.7,1094.9,622.6,0
541,18012,2258937,1098.9,669.6,1090.1,575.3,1094.5,622.45,0
541,18013,2258938,1098.4,669.6,1089.9,575.0,1094.15,622.3,0
541,18014,2258939,1098.0,669.7,1089.6,574.7,1093.8,622.2,0
541,18015,2258940,1097.6,669.8,1089.4,574.6,1093.5,622.2,0
541,18016,2258941,1097.3,669.9,1089.2,574.5,1093.25,622.2,0
541,18017,2258942,1097.4,670.1,1088.9,574.6,1093.15,622.35,0
541,18018,2258943,1097.5,670.2,1088.8,574.6,1093.15,622.4,0
541,18019,2258944,1097.6,670.4,1088.6,574.8,1093.1,622.6,0
541,18020,2258945,1097.7,670.6,1088.4,575.0,1093.05,622.8,0
541,18021,2258946,1097.7,670.6,1088.2,575.1,1092.95,622.85,0
541,18022,2258947,1097.7,670.6,1088.1,575.0,1092.9,622.8,0
541,18023,2258948,1097.6,670.5,1088.0,574.9,1092.8,622.7,0
541,18024,2258949,1097.4,670.5,1088.0,574.5,1092.7,622.5,0
541,18025,2258950,1097.2,670.3,1087.9,574.2,1092.55,622.25,0
541,18026,2258951,1096.9,670.2,1087.9,573.8,1092.4,622.0,0
541,18027,2258952,1096.8,670.1,1087.8,573.5,1092.3,621.8,0
541,18028,2258953,1096.6,669.9,1087.9,573.2,1092.25,621.55,0
541,18029,2258954,1096.6,669.7,1087.9,572.9,1092.25,621.3,0
541,18030,2258955,1096.6,669.5,1088.0,572.7,1092.3,621.1,0
541,18031,2258956,1096.8,669.3,1088.1,572.7,1092.45,621.0,0
541,18032,2258957,1096.9,669.0,1088.1,572.7,1092.5,620.85,0
541,18033,2258958,1097.1,668.8,1088.1,572.8,1092.6,620.8,0
542,18034,2258959,1097.2,668.5,1088.1,572.8,1092.65,620.65,0
542,18035,2258960,1097.3,668.4,1088.0,572.8,1092.65,620.6,0
542,18036,2258961,1097.3,668.3,1087.9,572.8,1092.6,620.55,0
542,18037,2258962,1097.4,668.2,1087.7,572.8,1092.55,620.5,0
542,18038,2258963,1097.4,668.2,1087.7,572.9,1092.55,620.55,0
542,18039,2258964,1097.5,668.2,1087.6,572.8,1092.55,620.5,0
542,18040,2258965,1097.5,668.2,1087.7,572.6,1092.6,620.4,0
542,18041,2258966,1097.5,667.9,1087.7,572.4,1092.6,620.15,0
542,18042,2258967,1097.1,667.6,1087.7,572.3,1092.4,619.95,0
542,18043,2258968,1096.7,667.3,1087.7,572.1,1092.2,619.7,0
542,18044,2258969,1096.3,667.0,1087.7,571.9,1092.0,619.45,0
542,18045,2258970,1096.0,666.7,1087.7,571.7,1091.85,619.2,0
542,18046,2258971,1095.8,666.5,1087.7,571.6,1091.75,619.05,0
542,18047,2258972,1095.5,666.3,1087.6,571.5,1091.55,618.9,0
542,18048,2258973,1095.4,666.4,1087.4,571.4,1091.4,618.9,0
542,18049,2258974,1095.8,666.6,1087.1,571.3,1091.45,618.95,0
542,18050,2258975,1096.2,666.8,1086.8,571.1,1091.5,618.95,0
542,18051,2258976,1096.5,667.0,1086.4,570.9,1091.45,618.95,0
542,18052,2258977,1096.8,667.1,1085.9,570.7,1091.35,618.9,0
542,18053,2258978,1097.0,667.2,1085.4,570.4,1091.2,618.8,0
542,18054,2258979,1097.2,667.3,1084.9,570.0,1091.05,618.65,0
542,18055,2258980,1097.3,667.4,1084.6,569.7,1090.95,618.55,0
542,18056,2258981,1097.3,667.5,1084.4,569.5,1090.85,618.5,0
542,18057,2258982,1097.4,667.5,1084.3,569.2,1090.85,618.35,0
542,18058,2258983,1097.4,667.6,1084.3,569.0,1090.85,618.3,0
542,18059,2258984,1097.4,667.6,1084.4,568.8,1090.9,618.2,0
542,18060,2258985,1097.4,667.7,1084.5,568.7,1090.95,618.2,0
542,18061,2258986,1097.4,667.8,1084.6,568.6,1091.0,618.2,0
542,18062,2258987,1097.4,668.0,1084.7,568.6,1091.05,618.3,0
542,18063,2258988,1097.3,668.1,1084.7,568.6,1091.0,618.35,0
542,18064,2258989,1097.3,668.2,1084.8,568.7,1091.05,618.45,0
542,18065,2258990,1097.2,668.4,1084.8,568.7,1091.0,618.55,0
542,18066,2258991,1097.3,668.6,1084.9,568.7,1091.1,618.65,0
543,18067,2258992,1097.3,668.7,1085.0,568.6,1091.15,618.65,0
543,18068,2258993,1097.3,668.9,1085.2,568.5,1091.25,618.7,0
543,18069,2258994,1097.3,669.1,1085.6,568.4,1091.45,618.75,0
543,18070,2258995,1097.4,669.3,1086.0,568.3,1091.7,618.8,0
543,18071,2258996,1097.4,669.5,1086.4,568.1,1091.9,618.8,0
543,18072,2258997,1097.4,669.8,1086.8,568.0,1092.1,618.9,0
543,18073,2258998,1097.5,670.0,1087.3,567.8,1092.4,618.9,0
543,18074,2258999,1097.5,670.3,1087.7,567.7,1092.6,619.0,0
543,18075,2259000,1097.6,670.8,1088.1,567.7,1092.85,619.25,0
543,18076,2259001,1097.7,671.4,1088.3,567.8,1093.0,619.6,0
543,18077,2259002,1097.7,671.9,1088.9,567.9,1093.3,619.9,0
543,18078,2259003,1097.8,672.5,1089.4,568.1,1093.6,620.3,0
543,18079,2259004,1097.8,673.2,1090.0,568.3,1093.9,620.75,0
543,18080,2259005,1097.8,673.9,1090.3,568.6,1094.05,621.25,0
543,18081,2259006,1097.7,674.5,1090.6,569.0,1094.15,621.75,0
543,18082,2259007,1097.6,674.9,1090.7,569.1,1094.15,622.0,0
543,18083,2259008,1097.5,675.3,1090.7,569.2,1094.1,622.25,0
543,18084,2259009,1097.4,675.7,1090.2,569.3,1093.8,622.5,0
543,18085,2259010,1097.3,675.9,1089.7,569.3,1093.5,622.6,0
543,18086,2259011,1097.2,676.2,1089.2,569.2,1093.2,622.7,0
543,18087,2259012,1097.1,676.4,1088.8,569.0,1092.95,622.7,0
543,18088,2259013,1097.1,676.6,1088.4,568.9,1092.75,622.75,0
543,18089,2259014,1097.1,676.8,1088.2,568.8,1092.65,622.8,0
543,18090,2259015,1097.2,677.1,1088.2,568.8,1092.7,622.95,0
543,18091,2259016,1097.2,677.4,1088.2,568.9,1092.7,623.15,0
543,18092,2259017,1097.2,677.9,1088.1,569.0,1092.65,623.45,0
543,18093,2259018,1097.2,678.5,1088.1,569.1,1092.65,623.8,0
543,18094,2259019,1097.2,679.0,1088.1,569.5,1092.65,624.25,0
543,18095,2259020,1097.2,679.5,1088.1,569.7,1092.65,624.6,0
543,18096,2259021,1097.1,679.9,1088.1,569.9,1092.6,624.9,0
543,18097,2259022,1097.1,680.4,1088.0,570.2,1092.55,625.3,0
543,18098,2259023,1097.1,680.7,1088.0,570.4,1092.55,625.55,0
543,18099,2259024,1097.1,680.9,1087.9,570.6,1092.5,625.75,0
543,18100,2259025,1097.0,681.1,1087.6,570.8,1092.3,625.95,0
544,18101,2259026,1097.0,681.4,1087.4,571.1,1092.2,626.25,0
544,18102,2259027,1097.0,681.6,1087.1,571.4,1092.05,626.5,0
544,18103,2259028,1096.9,681.9,1086.9,571.7,1091.9,626.8,0
544,18104,2259029,1096.8,682.0,1086.6,572.0,1091.7,627.0,0
544,18105,2259030,1096.8,682.2,1086.4,572.3,1091.6,627.25,0
544,18106,2259031,1096.7,682.3,1086.3,572.6,1091.5,627.45,0
544,18107,2259032,1096.7,682.4,1086.4,573.0,1091.55,627.7,0
544,18108,2259033,1096.8,682.4,1086.6,573.3,1091.7,627.85,0
544,18109,2259034,1096.8,682.5,1086.8,573.6,1091.8,628.05,0
544,18110,2259035,1096.9,682.5,1087.0,573.9,1091.95,628.2,0
544,18111,2259036,1097.0,682.6,1087.2,574.2,1092.1,628.4,0
544,18112,2259037,1096.9,682.7,1087.4,574.7,1092.15,628.7,0
544,18113,2259038,1096.9,682.7,1087.6,575.1,1092.25,628.9,0
544,18114,2259039,1096.8,682.8,1087.6,575.4,1092.2,629.1,0
544,18115,2259040,1096.7,682.8,1087.6,575.8,1092.15,629.3,0
544,18116,2259041,1096.6,682.8,1087.5,576.2,1092.05,629.5,0
544,18117,2259042,1096.5,682.9,1087.5,576.7,1092.0,629.8,0
544,18118,2259043,1096.5,683.0,1087.4,577.1,1091.95,630.05,0
544,18119,2259044,1096.5,683.2,1087.4,577.2,1091.95,630.2,0
544,18120,2259045,1096.5,683.4,1087.6,577.0,1092.05,630.2,0
544,18121,2259046,1096.6,683.7,1087.8,576.7,1092.2,630.2,0
544,18122,2259047,1096.6,684.1,1088.0,576.4,1092.3,630.25,0
544,18123,2259048,1096.6,684.4,1088.3,576.0,1092.45,630.2,0
544,18124,2259049,1096.6,684.8,1088.6,575.5,1092.6,630.15,0
544,18125,2259050,1096.6,685.1,1088.9,575.1,1092.75,630.1,0
544,18126,2259051,1096.5,685.4,1089.1,574.9,1092.8,630.15,0
544,18127,2259052,1096.4,685.7,1089.1,575.0,1092.75,630.35,0
544,18128,2259053,1096.2,685.9,1089.1,575.1,1092.65,630.5,0
544,18129,2259054,1096.0,685.9,1089.1,575.2,1092.55,630.55,0
544,18130,2259055,1095.8,685.7,1089.0,575.3,1092.4,630.5,0
544,18131,2259056,1095.6,685.5,1088.9,575.5,1092.25,630.5,0
544,18132,2259057,1095.4,685.2,1088.7,575.7,1092.05,630.45,0
544,18133,2259058,1095.2,684.8,1088.4,576.0,1091.8,630.4,0
545,18134,2259059,1095.0,684.4,1088.3,576.2,1091.65,630.3,0
545,18135,2259060,1094.8,684.0,1088.2,576.4,1091.5,630.2,0
545,18136,2259061,1094.7,683.8,1088.1,576.5,1091.4,630.15,0
545,18137,2259062,1094.6,683.9,1088.0,576.8,1091.3,630.35,0
545,18138,2259063,1094.5,684.0,1088.1,577.0,1091.3,630.5,0
545,18139,2259064,1094.4,684.1,1088.3,577.1,1091.35,630.6,0
545,18140,2259065,1094.4,684.1,1088.4,577.3,1091.4,630.7,0
545,18141,2259066,1094.3,684.2,1088.5,577.4,1091.4,630.8,0
545,18142,2259067,1094.3,684.2,1088.4,577.6,1091.35,630.9,0
545,18143,2259068,1094.2,684.2,1088.3,577.8,1091.25,631.0,0
545,18144,2259069,1094.2,684.2,1088.2,578.1,1091.2,631.15,0
545,18145,2259070,1094.1,684.2,1088.1,578.4,1091.1,631.3,0
545,18146,2259071,1094.1,684.2,1087.9,578.8,1091.0,631.5,0
545,18147,2259072,1094.1,684.2,1087.9,579.1,1091.0,631.65,0
545,18148,2259073,1094.3,684.3,1087.8,580.0,1091.05,632.15,0
545,18149,2259074,1094.4,684.6,1088.0,580.9,1091.2,632.75,0
545,18150,2259075,1094.5,684.9,1088.2,581.8,1091.35,633.35,0
545,18151,2259076,1094.7,685.2,1088.4,582.5,1091.55,633.85,0
545,18152,2259077,1094.9,685.5,1088.6,583.4,1091.75,634.45,0
545,18153,2259078,1095.2,685.8,1088.8,584.5,1092.0,635.15,0
545,18154,2259079,1095.4,686.2,1089.1,585.6,1092.25,635.9,0
545,18155,2259080,1095.6,686.4,1089.4,586.0,1092.5,636.2,0
545,18156,2259081,1095.7,686.5,1089.6,586.5,1092.65,636.5,0
545,18157,2259082,1095.9,686.5,1089.8,587.0,1092.85,636.75,0
545,18158,2259083,1096.1,686.4,1089.9,587.4,1093.0,636.9,0
545,18159,2259084,1096.2,686.3,1089.9,587.6,1093.05,636.95,0
545,18160,2259085,1096.2,686.2,1089.7,587.7,1092.95,636.95,0
545,18161,2259086,1096.1,686.2,1089.5,587.8,1092.8,637.0,0
545,18162,2259087,1096.1,686.2,1089.3,587.8,1092.7,637.0,0
545,18163,2259088,1096.0,686.2,1089.1,588.6,1092.55,637.4,0
545,18164,2259089,1096.1,686.3,1089.3,590.1,1092.7,638.2,0
545,18165,2259090,1096.4,686.6,1089.4,591.8,1092.9,639.2,0
545,18166,2259091,1097.8,687.3,1090.5,594.5,1094.15,640.9,0
546,18167,2259092,1099.8,688.3,1092.6,597.2,1096.2,642.75,0
546,18168,2259093,1103.0,689.2,1095.7,601.4,1099.35,645.3,0
546,18169,2259094,1107.4,690.4,1100.0,606.8,1103.7,648.6,0
546,18170,2259095,1113.0,692.1,1105.7,612.5,1109.35,652.3,0
546,18171,2259096,1120.0,694.5,1112.5,618.6,1116.25,656.55,0
546,18172,2259097,1128.5,697.7,1121.2,625.0,1124.85,661.35,0
546,18173,2259098,1137.3,700.7,1130.3,630.2,1133.8,665.45,0
546,18174,2259099,1146.8,704.0,1140.1,635.6,1143.45,669.8,0
546,18175,2259100,1156.0,707.8,1149.8,640.0,1152.9,673.9,0
546,18176,2259101,1165.0,712.4,1159.3,643.1,1162.15,677.75,0
546,18177,2259102,1173.2,716.8,1167.4,646.3,1170.3,681.55,0
546,18178,2259103,1180.0,720.4,1174.0,648.2,1177.0,684.3,0
546,18179,2259104,1185.5,723.8,1178.8,649.8,1182.15,686.8,0
546,18180,2259105,1189.4,727.8,1182.3,651.4,1185.85,689.6,0
546,18181,2259106,1191.9,731.8,1184.2,653.1,1188.05,692.45,0
546,18182,2259107,1193.3,735.3,1184.9,654.4,1189.1,694.85,0
546,18183,2259108,1193.5,737.7,1184.5,655.7,1189.0,696.7,0
546,18184,2259109,1193.0,740.0,1183.6,656.1,1188.3,698.05,0
546,18185,2259110,1191.4,742.3,1182.7,656.3,1187.05,699.3,0
546,18186,2259111,1189.3,744.1,1181.4,656.1,1185.35,700.1,0
546,18187,2259112,1187.2,745.0,1179.7,655.6,1183.45,700.3,0
546,18188,2259113,1184.5,744.3,1178.1,654.8,1181.3,699.55,0
546,18189,2259114,1181.9,743.2,1176.6,653.9,1179.25,698.55,0
546,18190,2259115,1179.5,741.8,1175.4,652.8,1177.45,697.3,0
546,18191,2259116,1177.3,739.9,1174.6,651.6,1175.95,695.75,0
546,18192,2259117,1175.8,737.7,1173.9,650.3,1174.85,694.0,0
546,18193,2259118,1174.5,735.5,1173.6,649.3,1174.05,692.4,0
546,18194,2259119,1173.1,733.3,1173.6,648.5,1173.35,690.9,0
546,18195,2259120,1172.4,731.8,1173.5,647.9,1172.95,689.85,0
546,18196,2259121,1171.8,730.7,1173.3,647.3,1172.55,689.0,0
546,18197,2259122,1171.3,729.8,1173.1,646.8,1172.2,688.3,0
546,18198,2259123,1170.9,729.4,1173.0,646.9,1171.95,688.15,0
546,18199,2259124,1170.6,729.2,1172.8,647.3,1171.7,688.25,0
546,18200,2259125,1170.5,729.0,1172.6,647.6,1171.55,688.3,0
547,18201,2259126,1170.4,729.0,1172.4,648.1,1171.4,688.55,0
547,18202,2259127,1170.4,729.2,1172.3,648.6,1171.35,688.9,0
547,18203,2259128,1170.3,729.5,1172.2,649.4,1171.25,689.45,0
547,18204,2259129,1170.1,729.7,1172.2,650.1,1171.15,689.9,0
547,18205,2259130,1170.0,730.0,1172.1,650.5,1171.05,690.25,0
547,18206,2259131,1169.8,730.2,1171.7,650.8,1170.75,690.5,0
547,18207,2259132,1169.7,730.3,1171.4,651.2,1170.55,690.75,0
547,18208,2259133,1169.7,730.3,1171.0,651.4,1170.35,690.85,0
547,18209,2259134,1169.7,730.2,1170.5,651.6,1170.1,690.9,0
547,18210,2259135,1169.8,730.2,1170.0,651.6,1169.9,690.9,0
547,18211,2259136,1170.0,730.1,1169.4,651.5,1169.7,690.8,0
547,18212,2259137,1170.1,730.2,1168.8,651.5,1169.45,690.85,0
547,18213,2259138,1170.3,730.3,1168.5,651.4,1169.4,690.85,0
547,18214,2259139,1170.6,730.4,1168.1,651.4,1169.35,690.9,0
547,18215,2259140,1170.8,730.6,1167.9,651.4,1169.35,691.0,0
547,18216,2259141,1171.1,730.7,1167.7,651.4,1169.4,691.05,0
547,18217,2259142,1171.3,731.0,1167.6,651.5,1169.45,691.25,0
547,18218,2259143,1171.6,731.1,1167.5,651.6,1169.55,691.35,0
547,18219,2259144,1171.8,731.2,1167.5,651.8,1169.65,691.5,0
547,18220,2259145,1171.9,731.3,1167.5,652.1,1169.7,691.7,0
547,18221,2259146,1171.8,731.4,1167.5,652.5,1169.65,691.95,0
547,18222,2259147,1171.8,731.6,1167.4,652.9,1169.6,692.25,0
547,18223,2259148,1171.7,731.8,1167.3,653.2,1169.5,692.5,0
547,18224,2259149,1171.6,732.2,1167.1,653.4,1169.35,692.8,0
547,18225,2259150,1171.5,732.5,1166.9,653.6,1169.2,693.05,0
547,18226,2259151,1171.4,732.9,1166.7,653.7,1169.05,693.3,0
547,18227,2259152,1171.5,733.4,1166.6,653.6,1169.05,693.5,0
547,18228,2259153,1171.4,733.8,1166.5,653.5,1168.95,693.65,0
547,18229,2259154,1171.4,734.1,1166.5,653.5,1168.95,693.8,0
547,18230,2259155,1171.3,734.4,1166.6,653.5,1168.95,693.95,0
547,18231,2259156,1171.1,734.6,1166.7,653.5,1168.9,694.05,0
547,18232,2259157,1170.8,734.8,1166.8,653.7,1168.8,694.25,0
547,18233,2259158,1170.6,735.0,1166.7,654.3,1168.65,694.65,0
548,18234,2259159,1170.3,735.2,1166.6,654.9,1168.45,695.05,0
548,18235,2259160,1170.1,735.4,1166.4,655.7,1168.25,695.55,0
548,18236,2259161,1169.9,735.6,1166.2,656.5,1168.05,696.05,0
548,18237,2259162,1169.8,735.8,1165.8,657.2,1167.8,696.5,0
548,18238,2259163,1169.8,736.0,1165.1,658.0,1167.45,697.0,0
548,18239,2259164,1169.9,736.2,1164.5,658.7,1167.2,697.45,0
548,18240,2259165,1170.0,736.3,1163.9,658.8,1166.95,697.55,0
548,18241,2259166,1170.0,736.2,1163.4,658.5,1166.7,697.35,0
548,18242,2259167,1170.0,736.2,1162.9,658.0,1166.45,697.1,0
548,18243,2259168,1170.1,736.2,1162.4,657.5,1166.25,696.85,0
548,18244,2259169,1170.0,736.2,1162.3,657.0,1166.15,696.6,0
548,18245,2259170,1170.0,736.4,1162.5,656.5,1166.25,696.45,0
548,18246,2259171,1169.9,736.6,1162.7,656.1,1166.3,696.35,0
548,18247,2259172,1169.9,736.8,1162.8,656.0,1166.35,696.4,0
548,18248,2259173,1169.8,737.2,1162.8,656.3,1166.3,696.75,0
548,18249,2259174,1169.8,737.6,1162.8,656.8,1166.3,697.2,0
548,18250,2259175,1169.7,738.2,1162.7,657.3,1166.2,697.75,0
548,18251,2259176,1169.7,738.7,1162.6,657.9,1166.15,698.3,0
548,18252,2259177,1169.8,738.9,1162.4,658.6,1166.1,698.75,0
548,18253,2259178,1170.0,739.2,1162.3,659.3,1166.15,699.25,0
548,18254,2259179,1170.2,739.4,1162.3,659.7,1166.25,699.55,0
548,18255,2259180,1170.4,739.6,1162.4,660.1,1166.4,699.85,0
548,18256,2259181,1170.7,739.8,1162.5,660.5,1166.6,700.15,0
548,18257,2259182,1170.9,740.0,1162.5,660.8,1166.7,700.4,0
548,18258,2259183,1171.0,740.2,1162.6,660.9,1166.8,700.55,0
548,18259,2259184,1171.1,740.5,1162.6,660.9,1166.85,700.7,0
548,18260,2259185,1171.0,740.9,1162.6,660.8,1166.8,700.85,0
548,18261,2259186,1170.8,741.3,1162.7,660.7,1166.75,701.0,0
548,18262,2259187,1170.7,741.7,1162.8,660.6,1166.75,701.15,0
548,18263,2259188,1170.5,741.9,1162.9,660.6,1166.7,701.25,0
548,18264,2259189,1170.3,742.1,1163.0,660.6,1166.65,701.35,0
548,18265,2259190,1170.1,742.3,1163.1,660.9,1166.6,701.6,0
548,18266,2259191,1169.8,742.4,1163.2,661.2,1166.5,701.8,0
549,18267,2259192,1169.5,742.5,1163.3,661.7,1166.4,702.1,0
549,18268,2259193,1169.3,742.3,1163.4,662.1,1166.35,702.2,0
549,18269,2259194,1169.1,742.0,1163.5,662.6,1166.3,702.3,0
549,18270,2259195,1168.8,741.7,1163.7,663.0,1166.25,702.35,0
549,18271,2259196,1168.6,741.7,1163.9,663.3,1166.25,702.5,0
549,18272,2259197,1168.3,741.6,1164.1,663.5,1166.2,702.55,0
549,18273,2259198,1168.1,741.6,1164.3,663.6,1166.2,702.6,0
549,18274,2259199,1168.1,741.6,1164.5,663.6,1166.3,702.6,0
549,18275,2259200,1168.0,741.9,1164.7,663.6,1166.35,702.75,0
549,18276,2259201,1168.0,742.2,1164.9,663.7,1166.45,702.95,0
549,18277,2259202,1168.0,742.4,1165.0,663.7,1166.5,703.05,0
549,18278,2259203,1168.0,742.5,1165.2,663.7,1166.6,703.1,0
549,18279,2259204,1168.2,742.6,1165.3,663.6,1166.75,703.1,0
549,18280,2259205,1168.4,742.9,1165.4,663.6,1166.9,703.25,0
549,18281,2259206,1168.5,743.1,1165.5,663.6,1167.0,703.35,0
549,18282,2259207,1168.7,743.4,1165.6,663.5,1167.15,703.45,0
549,18283,2259208,1168.8,743.6,1165.7,663.7,1167.25,703.65,0
549,18284,2259209,1168.9,743.8,1165.8,663.8,1167.35,703.8,0
549,18285,2259210,1169.0,743.8,1166.0,663.9,1167.5,703.85,0
549,18286,2259211,1168.9,743.9,1166.2,664.1,1167.55,704.0,0
549,18287,2259212,1168.8,743.6,1166.4,664.4,1167.6,704.0,0
549,18288,2259213,1168.6,743.3,1166.7,664.6,1167.65,703.95,0
549,18289,2259214,1168.4,743.1,1166.9,664.7,1167.65,703.9,0
549,18290,2259215,1168.2,742.9,1167.1,664.6,1167.65,703.75,0
549,18291,2259216,1167.9,743.0,1167.2,664.2,1167.55,703.6,0
549,18292,2259217,1167.6,743.0,1167.3,663.8,1167.45,703.4,0
549,18293,2259218,1167.4,743.1,1167.4,663.3,1167.4,703.2,0
549,18294,2259219,1167.2,743.3,1167.4,662.9,1167.3,703.1,0
549,18295,2259220,1167.1,743.6,1167.4,662.4,1167.25,703.0,0
549,18296,2259221,1167.1,743.8,1167.4,662.2,1167.25,703.0,0
549,18297,2259222,1167.2,743.9,1167.3,662.0,1167.25,702.95,0
549,18298,2259223,1167.3,744.0,1167.2,662.1,1167.25,703.05,0
549,18299,2259224,1167.4,744.0,1167.1,662.2,1167.25,703.1,0
549,18300,2259225,1167.4,744.0,1167.0,662.3,1167.2,703.15,0
550,18301,2259226,1167.5,744.1,1166.8,662.3,1167.15,703.2,0
550,18302,2259227,1167.4,744.1,1166.6,662.4,1167.0,703.25,0
550,18303,2259228,1167.1,744.1,1166.5,662.4,1166.8,703.25,0
550,18304,2259229,1166.7,744.2,1166.4,662.4,1166.55,703.3,0
550,18305,2259230,1166.4,744.2,1166.4,662.4,1166.4,703.3,0
550,18306,2259231,1166.0,744.2,1166.4,662.4,1166.2,703.3,0
550,18307,2259232,1165.7,744.2,1166.4,662.4,1166.05,703.3,0
550,18308,2259233,1165.4,744.3,1166.6,662.4,1166.0,703.35,0
550,18309,2259234,1165.2,744.4,1166.7,662.4,1165.95,703.4,0
550,18310,2259235,1165.2,744.4,1166.8,662.7,1166.0,703.55,0
550,18311,2259236,1165.2,744.5,1166.9,663.0,1166.05,703.75,0
550,18312,2259237,1165.2,744.5,1166.8,663.3,1166.0,703.9,0
550,18313,2259238,1165.2,744.6,1166.7,663.7,1165.95,704.15,0
550,18314,2259239,1165.2,744.8,1166.7,664.1,1165.95,704.45,0
550,18315,2259240,1165.2,745.2,1166.6,664.6,1165.9,704.9,0
550,18316,2259241,1165.3,745.6,1166.5,665.0,1165.9,705.3,0
550,18317,2259242,1165.3,746.1,1166.5,665.1,1165.9,705.6,0
550,18318,2259243,1165.4,746.6,1166.6,665.2,1166.0,705.9,0
550,18319,2259244,1165.4,747.3,1166.7,665.3,1166.05,706.3,0
550,18320,2259245,1165.3,747.9,1166.9,665.3,1166.1,706.6,0
550,18321,2259246,1165.3,748.5,1167.1,665.3,1166.2,706.9,0
550,18322,2259247,1165.1,748.9,1167.3,665.3,1166.2,707.1,0
550,18323,2259248,1165.0,749.4,1167.5,665.4,1166.25,707.4,0
550,18324,2259249,1164.8,749.8,1167.6,665.4,1166.2,707.6,0
550,18325,2259250,1164.5,750.2,1167.6,665.5,1166.05,707.85,0
550,18326,2259251,1164.1,750.5,1167.5,665.6,1165.8,708.05,0
550,18327,2259252,1163.8,750.8,1167.1,665.8,1165.45,708.3,0
550,18328,2259253,1163.5,751.0,1166.8,666.0,1165.15,708.5,0
550,18329,2259254,1163.1,751.1,1166.4,666.3,1164.75,708.7,0
550,18330,2259255,1162.7,751.1,1166.1,666.6,1164.4,708.85,0
550,18331,2259256,1162.3,751.1,1165.8,666.9,1164.05,709.0,0
550,18332,2259257,1162.0,751.1,1165.6,667.3,1163.8,709.2,0
550,18333,2259258,1161.9,751.0,1165.6,667.6,1163.75,709.3,0
551,18334,2259259,1161.5,750.9,1165.8,668.2,1163.65,709.55,0
551,18335,2259260,1161.1,750.8,1166.0,668.7,1163.55,709.75,0
551,18336,2259261,1160.7,750.7,1166.2,669.3,1163.45,710.0,0
551,18337,2259262,1160.3,750.6,1166.4,669.8,1163.35,710.2,0
551,18338,2259263,1159.9,750.5,1166.5,670.0,1163.2,710.25,0
551,18339,2259264,1159.4,750.5,1166.7,670.4,1163.05,710.45,0
551,18340,2259265,1158.9,750.5,1166.8,670.7,1162.85,710.6,0
551,18341,2259266,1158.7,750.8,1167.1,671.0,1162.9,710.9,0
551,18342,2259267,1158.5,751.3,1167.4,671.2,1162.95,711.25,0
551,18343,2259268,1158.4,751.7,1167.6,671.5,1163.0,711.6,0
551,18344,2259269,1158.3,752.3,1167.6,671.9,1162.95,712.1,0
551,18345,2259270,1158.2,752.9,1167.6,672.4,1162.9,712.65,0
551,18346,2259271,1158.3,753.5,1167.5,672.8,1162.9,713.15,0
551,18347,2259272,1158.4,754.0,1167.4,673.2,1162.9,713.6,0
551,18348,2259273,1158.5,754.3,1167.1,673.4,1162.8,713.85,0
551,18349,2259274,1158.5,754.2,1167.1,673.6,1162.8,713.9,0
551,18350,2259275,1158.6,754.2,1167.1,673.9,1162.85,714.05,0
551,18351,2259276,1158.6,754.1,1167.2,674.1,1162.9,714.1,0
551,18352,2259277,1158.7,754.0,1167.5,674.4,1163.1,714.2,0
551,18353,2259278,1158.8,754.0,1167.7,674.6,1163.25,714.3,0
551,18354,2259279,1158.9,754.0,1167.9,674.8,1163.4,714.4,0
551,18355,2259280,1159.0,754.2,1168.1,675.1,1163.55,714.65,0
551,18356,2259281,1159.0,754.6,1168.0,675.4,1163.5,715.0,0
551,18357,2259282,1159.1,755.0,1167.8,675.7,1163.45,715.35,0
551,18358,2259283,1159.2,755.3,1167.7,676.0,1163.45,715.65,0
551,18359,2259284,1159.1,755.4,1167.5,676.3,1163.3,715.85,0
551,18360,2259285,1159.1,755.4,1167.4,676.6,1163.25,716.0,0
551,18361,2259286,1159.0,755.4,1167.3,677.0,1163.15,716.2,0
551,18362,2259287,1159.0,755.2,1167.2,677.2,1163.1,716.2,0
551,18363,2259288,1158.9,755.1,1167.1,677.4,1163.0,716.25,0
551,18364,2259289,1159.1,755.0,1167.0,677.4,1163.05,716.2,0
551,18365,2259290,1159.2,754.9,1166.9,677.5,1163.05,716.2,0
551,18366,2259291,1159.4,755.0,1166.9,677.4,1163.15,716.2,0
552,18367,2259292,1159.5,755.0,1166.7,677.3,1163.1,716.15,0
552,18368,2259293,1159.5,755.1,1166.8,677.2,1163.15,716.15,0
552,18369,2259294,1159.5,755.2,1166.9,677.1,1163.2,716.15,0
552,18370,2259295,1159.4,755.1,1167.1,677.0,1163.25,716.05,0
552,18371,2259296,1159.2,755.0,1167.3,676.7,1163.25,715.85,0
552,18372,2259297,1159.0,754.9,1167.5,676.2,1163.25,715.55,0
552,18373,2259298,1158.8,754.7,1168.0,675.9,1163.4,715.3,0
552,18374,2259299,1158.6,754.5,1168.4,675.5,1163.5,715.0,0
552,18375,2259300,1158.6,754.3,1168.6,675.3,1163.6,714.8,0
552,18376,2259301,1158.6,754.0,1168.9,675.0,1163.75,714.5,0
552,18377,2259302,1158.8,753.8,1169.2,674.9,1164.0,714.35,0
552,18378,2259303,1158.9,753.5,1169.8,674.9,1164.35,714.2,0
552,18379,2259304,1159.0,753.2,1170.3,675.0,1164.65,714.1,0
552,18380,2259305,1159.3,753.0,1170.7,675.2,1165.0,714.1,0
552,18381,2259306,1159.5,752.8,1171.3,675.3,1165.4,714.05,0
552,18382,2259307,1159.6,752.7,1171.8,675.3,1165.7,714.0,0
552,18383,2259308,1159.7,752.5,1172.2,675.1,1165.95,713.8,0
552,18384,2259309,1159.9,752.4,1172.6,675.0,1166.25,713.7,0
552,18385,2259310,1159.8,752.4,1172.7,674.8,1166.25,713.6,0
552,18386,2259311,1159.7,752.3,1172.8,674.5,1166.25,713.4,0
552,18387,2259312,1159.6,752.3,1172.9,674.2,1166.25,713.25,0
552,18388,2259313,1159.5,752.3,1172.9,673.8,1166.2,713.05,0
552,18389,2259314,1159.4,752.2,1172.9,673.3,1166.15,712.75,0
552,18390,2259315,1159.2,752.2,1172.6,673.0,1165.9,712.6,0
552,18391,2259316,1159.0,752.1,1172.3,672.6,1165.65,712.35,0
552,18392,2259317,1158.7,751.7,1171.7,672.3,1165.2,712.0,0
552,18393,2259318,1158.4,751.4,1170.9,672.1,1164.65,711.75,0
552,18394,2259319,1157.9,751.0,1170.2,671.8,1164.05,711.4,0
552,18395,2259320,1157.3,750.6,1169.4,671.8,1163.35,711.2,0
552,18396,2259321,1156.6,750.3,1168.5,671.7,1162.55,711.0,0
552,18397,2259322,1156.0,749.9,1167.9,671.6,1161.95,710.75,0
552,18398,2259323,1155.4,749.6,1167.1,671.3,1161.25,710.45,0
552,18399,2259324,1155.0,749.4,1166.6,671.1,1160.8,710.25,0
552,18400,2259325,1154.5,749.2,1166.2,670.9,1160.35,710.05,0
553,18401,2259326,1154.1,748.9,1165.8,670.7,1159.95,709.8,0
553,18402,2259327,1153.9,748.7,1165.4,670.6,1159.65,709.65,0
553,18403,2259328,1153.6,748.5,1164.9,670.5,1159.25,709.5,0
553,18404,2259329,1153.4,748.3,1164.4,670.4,1158.9,709.35,0
553,18405,2259330,1153.3,748.1,1164.0,670.3,1158.65,709.2,0
553,18406,2259331,1153.2,748.1,1163.6,669.8,1158.4,708.95,0
553,18407,2259332,1153.3,748.3,1163.4,669.4,1158.35,708.85,0
553,18408,2259333,1153.4,748.4,1163.1,668.9,1158.25,708.65,0
553,18409,2259334,1153.6,748.4,1162.8,668.5,1158.2,708.45,0
553,18410,2259335,1153.8,748.5,1162.6,668.1,1158.2,708.3,0
553,18411,2259336,1154.0,748.5,1162.9,667.7,1158.45,708.1,0
553,18412,2259337,1154.1,748.4,1163.1,667.0,1158.6,707.7,0
553,18413,2259338,1154.2,748.3,1163.4,666.7,1158.8,707.5,0
553,18414,2259339,1154.2,748.1,1163.7,666.3,1158.95,707.2,0
553,18415,2259340,1154.2,748.0,1164.0,666.0,1159.1,707.0,0
553,18416,2259341,1154.2,747.9,1164.4,665.4,1159.3,706.65,0
553,18417,2259342,1154.1,747.8,1164.9,664.9,1159.5,706.35,0
553,18418,2259343,1154.3,747.8,1165.1,664.4,1159.7,706.1,0
553,18419,2259344,1154.5,747.8,1165.3,664.5,1159.9,706.15,0
553,18420,2259345,1154.8,747.9,1165.5,664.7,1160.15,706.3,0
553,18421,2259346,1155.0,748.2,1165.9,664.8,1160.45,706.5,0
553,18422,2259347,1155.2,748.4,1166.3,664.8,1160.75,706.6,0
553,18423,2259348,1155.5,748.5,1166.7,664.9,1161.1,706.7,0
553,18424,2259349,1155.9,748.6,1167.0,665.0,1161.45,706.8,0
553,18425,2259350,1156.3,748.8,1167.3,665.0,1161.8,706.9,0
553,18426,2259351,1156.7,748.8,1167.7,664.7,1162.2,706.75,0
553,18427,2259352,1157.1,748.8,1168.1,664.5,1162.6,706.65,0
553,18428,2259353,1157.5,748.5,1168.3,664.3,1162.9,706.4,0
553,18429,2259354,1157.8,748.2,1168.7,663.6,1163.25,705.9,0
553,18430,2259355,1158.0,748.0,1169.0,663.0,1163.5,705.5,0
553,18431,2259356,1158.2,747.7,1169.3,662.2,1163.75,704.95,0
553,18432,2259357,1158.4,747.5,1169.6,661.4,1164.0,704.45,0
553,18433,2259358,1158.6,747.3,1169.8,660.7,1164.2,704.0,0
554,18434,2259359,1158.8,747.2,1170.1,660.1,1164.45,703.65,0
554,18435,2259360,1159.0,747.1,1170.3,659.4,1164.65,703.25,0
554,18436,2259361,1159.2,747.1,1170.5,659.2,1164.85,703.15,0
554,18437,2259362,1159.4,747.1,1170.7,658.9,1165.05,703.0,0
554,18438,2259363,1159.6,747.3,1170.9,658.9,1165.25,703.1,0
554,18439,2259364,1159.4,747.6,1171.0,658.8,1165.2,703.2,0
554,18440,2259365,1159.1,747.8,1171.2,658.8,1165.15,703.3,0
554,18441,2259366,1158.8,748.0,1171.3,658.8,1165.05,703.4,0
554,18442,2259367,1158.4,748.1,1171.4,658.8,1164.9,703.45,0
554,18443,2259368,1158.0,748.1,1171.5,658.9,1164.75,703.5,0
554,18444,2259369,1157.7,748.2,1171.5,658.9,1164.6,703.55,0
554,18445,2259370,1157.3,748.0,1171.3,659.0,1164.3,703.5,0
554,18446,2259371,1156.9,747.7,1171.0,659.2,1163.95,703.45,0
554,18447,2259372,1156.5,747.5,1170.8,659.3,1163.65,703.4,0
554,18448,2259373,1156.3,747.3,1170.5,659.6,1163.4,703.45,0
554,18449,2259374,1156.1,747.1,1170.0,659.8,1163.05,703.45,0
554,18450,2259375,1155.9,747.0,1169.5,660.1,1162.7,703.55,0
554,18451,2259376,1155.7,746.9,1169.0,660.2,1162.35,703.55,0
554,18452,2259377,1155.4,746.9,1168.6,660.2,1162.0,703.55,0
554,18453,2259378,1154.8,747.0,1168.1,660.2,1161.45,703.6,0
554,18454,2259379,1154.2,747.2,1167.1,660.0,1160.65,703.6,0
554,18455,2259380,1153.4,747.4,1165.7,659.2,1159.55,703.3,0
554,18456,2259381,1152.3,747.6,1164.2,658.0,1158.25,702.8,0
554,18457,2259382,1151.0,747.9,1162.1,656.8,1156.55,702.35,0
554,18458,2259383,1149.3,748.3,1159.8,655.5,1154.55,701.9,0
554,18459,2259384,1147.3,747.9,1157.6,654.1,1152.45,701.0,0
554,18460,2259385,1145.2,747.1,1154.8,652.6,1150.0,699.85,0
554,18461,2259386,1142.5,746.1,1151.6,651.2,1147.05,698.65,0
554,18462,2259387,1140.2,744.7,1148.9,649.7,1144.55,697.2,0
554,18463,2259388,1138.1,742.2,1146.5,648.6,1142.3,695.4,0
554,18464,2259389,1136.2,739.5,1144.6,647.5,1140.4,693.5,0
554,18465,2259390,1134.9,736.6,1143.0,646.5,1138.95,691.55,0
554,18466,2259391,1134.0,733.9,1141.6,645.0,1137.8,689.45,0
555,18467,2259392,1134.1,731.1,1141.0,643.2,1137.55,687.15,0
555,18468,2259393,1134.7,728.1,1141.8,641.3,1138.25,684.7,0
555,18469,2259394,1135.3,725.0,1142.8,639.9,1139.05,682.45,0
555,18470,2259395,1136.4,722.5,1143.9,638.5,1140.15,680.5,0
555,18471,2259396,1137.6,719.8,1145.2,636.8,1141.4,678.3,0
555,18472,2259397,1138.8,717.0,1146.6,634.8,1142.7,675.9,0
555,18473,2259398,1139.8,714.7,1147.9,633.4,1143.85,674.05,0
555,18474,2259399,1140.5,712.7,1149.2,632.4,1144.85,672.55,0
555,18475,2259400,1141.1,711.2,1149.8,631.6,1145.45,671.4,0
555,18476,2259401,1141.7,710.2,1150.0,630.9,1145.85,670.55,0
555,18477,2259402,1141.9,709.6,1150.0,630.5,1145.95,670.05,0
555,18478,2259403,1141.9,709.7,1149.8,630.4,1145.85,670.05,0
555,18479,2259404,1142.0,710.2,1149.5,630.6,1145.75,670.4,0
555,18480,2259405,1141.9,710.6,1149.1,631.0,1145.5,670.8,0
555,18481,2259406,1141.9,711.2,1148.6,631.7,1145.25,671.45,0
555,18482,2259407,1141.8,711.8,1148.2,632.4,1145.0,672.1,0
555,18483,2259408,1141.7,712.4,1148.0,633.9,1144.85,673.15,0
555,18484,2259409,1141.7,712.9,1148.0,635.2,1144.85,674.05,0
555,18485,2259410,1141.6,713.2,1148.4,636.9,1145.0,675.05,0
555,18486,2259411,1141.5,713.3,1148.9,638.7,1145.2,676.0,0
555,18487,2259412,1141.6,713.5,1149.5,640.3,1145.55,676.9,0
555,18488,2259413,1141.6,713.8,1150.0,641.7,1145.8,677.75,0
555,18489,2259414,1141.7,714.2,1150.5,643.0,1146.1,678.6,0
555,18490,2259415,1141.8,714.5,1151.0,643.4,1146.4,678.95,0
555,18491,2259416,1141.8,715.0,1151.5,643.9,1146.65,679.45,0
555,18492,2259417,1141.8,715.4,1151.5,643.6,1146.65,679.5,0
555,18493,2259418,1141.8,715.8,1151.4,643.3,1146.6,679.55,0
555,18494,2259419,1141.7,716.2,1151.2,643.0,1146.45,679.6,0
555,18495,2259420,1141.6,716.4,1151.0,642.8,1146.3,679.6,0
555,18496,2259421,1141.4,716.5,1150.7,642.6,1146.05,679.55,0
555,18497,2259422,1141.2,716.8,1150.6,642.6,1145.9,679.7,0
555,18498,2259423,1141.1,717.2,1150.3,642.6,1145.7,679.9,0
555,18499,2259424,1141.0,717.7,1150.0,642.9,1145.5,680.3,0
555,18500,2259425,1140.9,718.2,1149.6,643.1,1145.25,680.65,0
556,18501,2259426,1140.9,718.6,1149.3,643.4,1145.1,681.0,0
556,18502,2259427,1140.8,719.1,1149.1,643.7,1144.95,681.4,0
556,18503,2259428,1140.8,719.4,1148.9,643.8,1144.85,681.6,0
556,18504,2259429,1140.8,719.4,1148.7,643.8,1144.75,681.6,0
556,18505,2259430,1140.8,719.1,1148.5,643.8,1144.65,681.45,0
556,18506,2259431,1140.8,718.4,1148.5,643.8,1144.65,681.1,0
556,18507,2259432,1140.9,717.7,1148.5,643.8,1144.7,680.75,0
556,18508,2259433,1141.1,716.9,1148.4,643.8,1144.75,680.35,0
556,18509,2259434,1141.3,716.1,1148.4,643.6,1144.85,679.85,0
556,18510,2259435,1141.5,715.4,1148.3,643.5,1144.9,679.45,0
556,18511,2259436,1141.9,714.8,1148.1,643.4,1145.0,679.1,0
556,18512,2259437,1142.3,714.3,1147.9,643.2,1145.1,678.75,0
556,18513,2259438,1142.7,714.2,1147.6,642.9,1145.15,678.55,0
556,18514,2259439,1143.1,714.1,1147.3,642.7,1145.2,678.4,0
556,18515,2259440,1143.7,714.1,1147.0,642.5,1145.35,678.3,0
556,18516,2259441,1144.3,714.2,1146.8,642.2,1145.55,678.2,0
556,18517,2259442,1144.9,714.2,1146.8,642.0,1145.85,678.1,0
556,18518,2259443,1145.4,714.3,1146.7,641.8,1146.05,678.05,0
556,18519,2259444,1145.8,714.1,1146.8,641.5,1146.3,677.8,0
556,18520,2259445,1146.2,714.0,1147.0,641.3,1146.6,677.65,0
556,18521,2259446,1146.5,713.8,1147.2,641.0,1146.85,677.4,0
556,18522,2259447,1146.5,713.7,1147.8,640.8,1147.15,677.25,0
556,18523,2259448,1146.6,713.5,1148.3,640.8,1147.45,677.15,0
556,18524,2259449,1146.6,713.4,1148.7,640.8,1147.65,677.1,0
556,18525,2259450,1146.6,713.3,1149.1,640.8,1147.85,677.05,0
556,18526,2259451,1146.6,713.2,1149.6,640.9,1148.1,677.05,0
556,18527,2259452,1146.6,713.2,1150.0,640.9,1148.3,677.05,0
556,18528,2259453,1146.5,713.2,1150.4,641.0,1148.45,677.1,0
556,18529,2259454,1146.5,713.1,1150.6,641.0,1148.55,677.05,0
556,18530,2259455,1146.4,713.1,1150.7,641.0,1148.55,677.05,0
556,18531,2259456,1146.2,713.1,1151.3,641.0,1148.75,677.05,0
556,18532,2259457,1145.9,712.9,1151.8,641.0,1148.85,676.95,0
556,18533,2259458,1145.5,712.5,1152.3,641.0,1148.9,676.75,0
557,18534,2259459,1145.1,712.1,1152.7,641.1,1148.9,676.6,0
557,18535,2259460,1144.7,711.6,1153.2,641.2,1148.95,676.4,0
557,18536,2259461,1144.4,711.2,1153.5,641.3,1148.95,676.25,0
557,18537,2259462,1144.0,710.8,1153.9,641.4,1148.95,676.1,0
557,18538,2259463,1143.8,710.5,1153.9,641.5,1148.85,676.0,0
557,18539,2259464,1143.7,710.3,1153.9,641.6,1148.8,675.95,0
557,18540,2259465,1143.8,710.3,1153.9,641.8,1148.85,676.05,0
557,18541,2259466,1143.8,710.3,1153.8,641.9,1148.8,676.1,0
557,18542,2259467,1143.8,710.3,1153.7,642.0,1148.75,676.15,0
557,18543,2259468,1144.0,710.3,1153.7,642.0,1148.85,676.15,0
557,18544,2259469,1144.2,710.3,1153.6,642.0,1148.9,676.15,0
557,18545,2259470,1144.3,710.0,1153.5,642.0,1148.9,676.0,0
557,18546,2259471,1144.5,709.7,1153.5,642.0,1149.0,675.85,0
557,18547,2259472,1144.7,709.2,1153.5,641.8,1149.1,675.5,0
557,18548,2259473,1144.9,708.8,1153.5,641.6,1149.2,675.2,0
557,18549,2259474,1145.1,708.2,1153.6,641.5,1149.35,674.85,0
557,18550,2259475,1145.1,707.6,1153.7,641.5,1149.4,674.55,0
557,18551,2259476,1145.1,707.0,1153.8,641.5,1149.45,674.25,0
557,18552,2259477,1145.1,706.4,1153.9,641.7,1149.5,674.05,0
557,18553,2259478,1145.0,705.8,1154.1,642.2,1149.55,674.0,0
557,18554,2259479,1144.9,705.4,1154.2,642.7,1149.55,674.05,0
557,18555,2259480,1144.8,705.0,1154.4,643.2,1149.6,674.1,0
557,18556,2259481,1144.7,704.9,1154.6,643.5,1149.65,674.2,0
557,18557,2259482,1144.7,704.8,1154.8,643.8,1149.75,674.3,0
557,18558,2259483,1144.7,704.8,1154.9,644.0,1149.8,674.4,0
557,18559,2259484,1144.6,705.0,1155.1,643.8,1149.85,674.4,0
557,18560,2259485,1144.6,705.3,1155.1,643.5,1149.85,674.4,0
557,18561,2259486,1144.7,705.6,1155.1,643.1,1149.9,674.35,0
557,18562,2259487,1144.8,705.9,1155.0,642.7,1149.9,674.3,0
557,18563,2259488,1144.9,706.1,1154.9,642.3,1149.9,674.2,0
557,18564,2259489,1145.0,706.2,1154.8,641.9,1149.9,674.05,0
557,18565,2259490,1145.0,706.2,1154.7,641.6,1149.85,673.9,0
557,18566,2259491,1145.1,706.3,1154.5,641.4,1149.8,673.85,0
558,18567,2259492,1145.2,706.3,1154.2,641.3,1149.7,673.8,0
558,18568,2259493,1145.3,706.3,1153.8,641.3,1149.55,673.8,0
558,18569,2259494,1145.3,706.3,1153.4,641.3,1149.35,673.8,0
558,18570,2259495,1145.3,706.3,1153.0,641.4,1149.15,673.85,0
558,18571,2259496,1145.3,706.4,1152.6,641.5,1148.95,673.95,0
558,18572,2259497,1145.3,706.4,1152.2,641.6,1148.75,674.0,0
558,18573,2259498,1145.3,706.5,1151.8,641.9,1148.55,674.2,0
558,18574,2259499,1145.2,706.6,1151.7,642.2,1148.45,674.4,0
558,18575,2259500,1145.2,706.7,1151.7,642.3,1148.45,674.5,0
558,18576,2259501,1145.2,706.8,1151.8,642.4,1148.5,674.6,0
558,18577,2259502,1145.3,706.9,1152.0,642.1,1148.65,674.5,0
558,18578,2259503,1145.4,706.9,1152.1,641.8,1148.75,674.35,0
558,18579,2259504,1145.5,706.9,1152.3,641.4,1148.9,674.15,0
558,18580,2259505,1145.6,706.8,1152.5,640.8,1149.05,673.8,0
558,18581,2259506,1145.7,706.7,1152.7,640.1,1149.2,673.4,0
558,18582,2259507,1145.8,706.6,1152.8,639.5,1149.3,673.05,0
558,18583,2259508,1145.9,706.6,1152.9,639.1,1149.4,672.85,0
558,18584,2259509,1146.1,706.8,1153.0,639.2,1149.55,673.0,0
558,18585,2259510,1146.4,707.0,1153.1,639.4,1149.75,673.2,0
558,18586,2259511,1146.6,707.3,1153.2,639.5,1149.9,673.4,0
558,18587,2259512,1146.9,707.7,1153.4,639.4,1150.15,673.55,0
558,18588,2259513,1147.1,707.9,1153.5,639.4,1150.3,673.65,0
558,18589,2259514,1147.4,708.1,1153.6,638.8,1150.5,673.45,0
558,18590,2259515,1147.6,707.9,1153.8,638.2,1150.7,673.05,0
558,18591,2259516,1147.8,707.5,1154.0,637.3,1150.9,672.4,0
558,18592,2259517,1147.9,707.1,1154.2,636.5,1151.05,671.8,0
558,18593,2259518,1148.1,706.5,1154.5,635.6,1151.3,671.05,0
558,18594,2259519,1148.2,706.0,1154.8,635.2,1151.5,670.6,0
558,18595,2259520,1148.4,705.7,1155.2,634.7,1151.8,670.2,0
558,18596,2259521,1148.6,705.5,1155.6,634.7,1152.1,670.1,0
558,18597,2259522,1148.7,705.8,1155.8,634.6,1152.25,670.2,0
558,18598,2259523,1148.9,706.1,1156.1,634.4,1152.5,670.25,0
558,18599,2259524,1149.2,706.3,1156.3,634.3,1152.75,670.3,0
558,18600,2259525,1149.4,706.7,1156.5,634.1,1152.95,670.4,0
559,18601,2259526,1149.6,707.0,1156.6,633.8,1153.1,670.4,0
559,18602,2259527,1149.8,707.2,1156.6,633.6,1153.2,670.4,0
559,18603,2259528,1150.0,707.3,1156.5,633.3,1153.25,670.3,0
559,18604,2259529,1150.2,707.3,1156.5,633.1,1153.35,670.2,0
559,18605,2259530,1150.2,707.3,1156.4,632.9,1153.3,670.1,0
559,18606,2259531,1150.3,707.3,1156.4,632.8,1153.35,670.05,0
559,18607,2259532,1150.3,707.3,1156.5,632.7,1153.4,670.0,0
559,18608,2259533,1150.3,707.3,1156.9,632.6,1153.6,669.95,0
559,18609,2259534,1150.3,707.4,1157.2,632.7,1153.75,670.05,0
559,18610,2259535,1150.4,707.5,1157.6,632.8,1154.0,670.15,0
559,18611,2259536,1150.4,707.7,1158.0,632.9,1154.2,670.3,0
559,18612,2259537,1150.5,708.2,1158.5,633.1,1154.5,670.65,0
559,18613,2259538,1150.6,708.7,1158.9,633.2,1154.75,670.95,0
559,18614,2259539,1151.0,709.2,1159.3,633.0,1155.15,671.1,0
559,18615,2259540,1151.5,709.7,1159.5,632.9,1155.5,671.3,0
559,18616,2259541,1151.9,710.2,1159.7,632.5,1155.8,671.35,0
559,18617,2259542,1152.4,710.6,1159.9,632.0,1156.15,671.3,0
559,18618,2259543,1152.9,711.0,1160.1,631.6,1156.5,671.3,0
559,18619,2259544,1153.3,711.0,1160.4,631.2,1156.85,671.1,0
559,18620,2259545,1153.8,711.1,1160.9,630.8,1157.35,670.95,0
559,18621,2259546,1153.9,711.2,1161.4,630.7,1157.65,670.95,0
559,18622,2259547,1154.0,711.3,1161.8,630.6,1157.9,670.95,0
559,18623,2259548,1154.1,711.5,1162.1,630.6,1158.1,671.05,0
559,18624,2259549,1154.2,711.7,1162.3,630.6,1158.25,671.15,0
559,18625,2259550,1154.2,711.9,1162.5,630.4,1158.35,671.15,0
559,18626,2259551,1154.2,712.0,1162.4,630.1,1158.3,671.05,0
559,18627,2259552,1154.3,712.2,1162.1,629.9,1158.2,671.05,0
559,18628,2259553,1154.3,712.3,1161.9,629.2,1158.1,670.75,0
559,18629,2259554,1154.2,712.5,1162.0,628.2,1158.1,670.35,0
559,18630,2259555,1154.2,712.5,1162.2,627.3,1158.2,669.9,0
559,18631,2259556,1154.2,712.5,1162.4,626.4,1158.3,669.45,0
559,18632,2259557,1154.4,712.5,1162.6,625.7,1158.5,669.1,0
559,18633,2259558,1154.4,712.5,1162.8,625.1,1158.6,668.8,0
560,18634,2259559,1154.5,712.5,1163.0,624.7,1158.75,668.6,0
560,18635,2259560,1154.9,712.6,1163.1,624.7,1159.0,668.65,0
560,18636,2259561,1155.3,712.6,1162.9,625.5,1159.1,669.05,0
560,18637,2259562,1155.6,712.7,1162.8,626.2,1159.2,669.45,0
560,18638,2259563,1156.0,712.7,1162.6,627.0,1159.3,669.85,0
560,18639,2259564,1156.0,712.8,1162.5,627.7,1159.25,670.25,0
560,18640,2259565,1156.1,712.8,1162.6,628.1,1159.35,670.45,0
560,18641,2259566,1156.1,712.7,1163.1,628.0,1159.6,670.35,0
560,18642,2259567,1155.9,712.7,1163.6,627.9,1159.75,670.3,0
560,18643,2259568,1155.7,712.7,1164.1,627.3,1159.9,670.0,0
560,18644,2259569,1155.4,712.9,1164.7,626.4,1160.05,669.65,0
560,18645,2259570,1155.3,713.1,1165.3,625.5,1160.3,669.3,0
560,18646,2259571,1155.3,713.2,1165.8,624.6,1160.55,668.9,0
560,18647,2259572,1155.3,713.4,1166.2,624.0,1160.75,668.7,0
560,18648,2259573,1155.3,713.4,1166.1,623.7,1160.7,668.55,0
560,18649,2259574,1155.4,713.4,1166.1,623.5,1160.75,668.45,0
560,18650,2259575,1155.5,713.3,1166.1,623.3,1160.8,668.3,0
560,18651,2259576,1155.6,713.1,1166.1,623.5,1160.85,668.3,0
560,18652,2259577,1155.7,712.9,1166.1,623.6,1160.9,668.25,0
560,18653,2259578,1155.7,712.8,1166.2,623.7,1160.95,668.25,0
560,18654,2259579,1155.8,712.8,1166.2,623.7,1161.0,668.25,0
560,18655,2259580,1156.0,713.1,1166.3,623.8,1161.15,668.45,0
560,18656,2259581,1156.1,713.3,1166.4,623.9,1161.25,668.6,0
560,18657,2259582,1156.2,713.5,1166.6,624.0,1161.4,668.75,0
560,18658,2259583,1156.3,713.7,1166.8,624.1,1161.55,668.9,0
560,18659,2259584,1156.5,714.0,1167.1,624.2,1161.8,669.1,0
560,18660,2259585,1156.6,714.1,1167.5,623.7,1162.05,668.9,0
560,18661,2259586,1156.7,714.1,1167.9,623.1,1162.3,668.6,0
560,18662,2259587,1156.8,714.0,1168.3,622.5,1162.55,668.25,0
560,18663,2259588,1156.9,713.8,1168.6,621.9,1162.75,667.85,0
560,18664,2259589,1157.0,713.7,1168.8,621.3,1162.9,667.5,0
560,18665,2259590,1157.2,713.6,1169.0,620.8,1163.1,667.2,0
560,18666,2259591,1157.5,713.4,1169.1,620.4,1163.3,666.9,0
561,18667,2259592,1157.7,713.2,1169.2,620.6,1163.45,666.9,0
561,18668,2259593,1158.1,713.0,1169.2,620.9,1163.65,666.95,0
561,18669,2259594,1158.4,712.8,1169.3,621.1,1163.85,666.95,0
561,18670,2259595,1158.8,712.7,1169.4,621.0,1164.1,666.85,0
561,18671,2259596,1159.1,712.6,1169.5,620.8,1164.3,666.7,0
561,18672,2259597,1159.3,712.5,1169.6,620.7,1164.45,666.6,0
561,18673,2259598,1159.6,712.5,1169.7,620.3,1164.65,666.4,0
561,18674,2259599,1159.8,712.6,1169.8,620.1,1164.8,666.35,0
561,18675,2259600,1159.8,712.7,1169.8,619.8,1164.8,666.25,0
561,18676,2259601,1159.9,713.0,1169.8,619.8,1164.85,666.4,0
561,18677,2259602,1159.8,713.4,1169.8,620.6,1164.8,667.0,0
561,18678,2259603,1159.7,713.8,1169.6,621.6,1164.65,667.7,0
561,18679,2259604,1159.6,714.2,1169.4,622.5,1164.5,668.35,0
561,18680,2259605,1159.3,715.1,1169.2,623.5,1164.25,669.3,0
561,18681,2259606,1158.3,715.9,1167.9,625.6,1163.1,670.75,0
561,18682,2259607,1157.3,717.3,1166.2,628.5,1161.75,672.9,0
561,18683,2259608,1155.9,718.4,1164.3,632.6,1160.1,675.5,0
561,18684,2259609,1153.6,720.7,1161.7,636.8,1157.65,678.75,0
561,18685,2259610,1150.9,723.1,1158.2,642.0,1154.55,682.55,0
561,18686,2259611,1147.7,726.8,1154.0,648.5,1150.85,687.65,0
561,18687,2259612,1144.2,731.2,1148.4,655.8,1146.3,693.5,0
561,18688,2259613,1140.8,736.7,1143.8,663.0,1142.3,699.85,0
561,18689,2259614,1137.5,741.8,1139.1,670.6,1138.3,706.2,0
561,18690,2259615,1134.6,747.7,1134.2,678.0,1134.4,712.85,0
561,18691,2259616,1132.7,752.6,1130.1,685.5,1131.4,719.05,0
561,18692,2259617,1131.4,757.5,1127.0,691.9,1129.2,724.7,0
561,18693,2259618,1130.7,761.5,1124.8,697.0,1127.75,729.25,0
561,18694,2259619,1130.4,764.3,1124.3,701.4,1127.35,732.85,0
561,18695,2259620,1130.9,766.1,1124.3,704.8,1127.6,735.45,0
561,18696,2259621,1131.6,767.6,1125.2,706.9,1128.4,737.25,0
561,18697,2259622,1132.8,768.4,1126.7,707.7,1129.75,738.05,0
561,18698,2259623,1134.0,768.8,1128.3,707.5,1131.15,738.15,0
561,18699,2259624,1135.2,768.9,1130.4,707.3,1132.8,738.1,0
561,18700,2259625,1136.3,768.3,1132.3,706.9,1134.3,737.6,0
562,18701,2259626,1137.5,767.4,1134.0,706.1,1135.75,736.75,0
562,18702,2259627,1138.5,766.4,1135.2,704.4,1136.85,735.4,0
562,18703,2259628,1139.2,765.4,1136.2,702.7,1137.7,734.05,0
562,18704,2259629,1139.3,763.9,1137.0,700.6,1138.15,732.25,0
562,18705,2259630,1139.4,762.5,1137.6,698.6,1138.5,730.55,0
562,18706,2259631,1139.3,761.4,1137.8,696.7,1138.55,729.05,0
562,18707,2259632,1138.9,760.6,1138.0,694.9,1138.45,727.75,0
562,18708,2259633,1138.5,760.1,1138.1,693.4,1138.3,726.75,0
562,18709,2259634,1138.1,759.6,1138.3,692.4,1138.2,726.0,0
562,18710,2259635,1137.7,759.2,1138.4,691.5,1138.05,725.35,0
562,18711,2259636,1137.4,759.4,1138.9,691.0,1138.15,725.2,0
562,18712,2259637,1137.3,759.5,1139.3,690.6,1138.3,725.05,0
562,18713,2259638,1137.3,759.6,1139.8,690.3,1138.55,724.95,0
562,18714,2259639,1137.5,759.6,1140.3,690.0,1138.9,724.8,0
562,18715,2259640,1137.6,759.5,1140.8,689.9,1139.2,724.7,0
562,18716,2259641,1137.9,759.4,1141.2,690.0,1139.55,724.7,0
562,18717,2259642,1138.1,759.4,1141.7,690.2,1139.9,724.8,0
562,18718,2259643,1138.4,759.4,1141.8,690.4,1140.1,724.9,0
562,18719,2259644,1138.5,759.5,1141.9,690.6,1140.2,725.05,0
562,18720,2259645,1138.7,759.6,1141.9,690.8,1140.3,725.2,0
562,18721,2259646,1138.8,759.9,1142.0,691.0,1140.4,725.45,0
562,18722,2259647,1138.9,760.1,1142.0,691.0,1140.45,725.55,0
562,18723,2259648,1138.9,760.4,1142.0,690.8,1140.45,725.6,0
562,18724,2259649,1138.9,760.7,1141.9,690.7,1140.4,725.7,0
562,18725,2259650,1138.9,760.9,1141.9,690.5,1140.4,725.7,0
562,18726,2259651,1138.9,761.1,1141.8,690.3,1140.35,725.7,0
562,18727,2259652,1138.9,761.2,1141.7,690.2,1140.3,725.7,0
562,18728,2259653,1139.0,761.3,1141.8,690.1,1140.4,725.7,0
562,18729,2259654,1139.2,761.3,1141.8,690.0,1140.5,725.65,0
562,18730,2259655,1139.4,761.4,1141.9,689.9,1140.65,725.65,0
562,18731,2259656,1139.6,761.4,1141.9,689.8,1140.75,725.6,0
562,18732,2259657,1139.8,761.3,1142.0,689.6,1140.9,725.45,0
562,18733,2259658,1140.0,761.2,1142.0,689.2,1141.0,725.2,0
563,18734,2259659,1140.2,760.8,1141.9,688.7,1141.05,724.75,0
563,18735,2259660,1140.2,760.4,1141.9,688.1,1141.05,724.25,0
563,18736,2259661,1140.0,760.1,1141.8,687.4,1140.9,723.75,0
563,18737,2259662,1139.8,759.7,1141.7,686.8,1140.75,723.25,0
563,18738,2259663,1139.5,759.3,1141.7,686.3,1140.6,722.8,0
563,18739,2259664,1139.2,759.1,1141.6,685.7,1140.4,722.4,0
563,18740,2259665,1138.9,759.0,1141.6,685.4,1140.25,722.2,0
563,18741,2259666,1138.9,759.1,1141.7,685.2,1140.3,722.15,0
563,18742,2259667,1138.9,759.1,1141.8,685.1,1140.35,722.1,0
563,18743,2259668,1139.2,759.2,1141.9,685.1,1140.55,722.15,0
563,18744,2259669,1139.5,759.2,1142.1,685.2,1140.8,722.2,0
563,18745,2259670,1139.8,759.4,1142.3,685.3,1141.05,722.35,0
563,18746,2259671,1140.1,759.6,1142.6,685.5,1141.35,722.55,0
563,18747,2259672,1140.6,759.8,1143.0,685.6,1141.8,722.7,0
563,18748,2259673,1140.9,760.1,1143.3,685.5,1142.1,722.8,0
563,18749,2259674,1141.2,760.5,1143.6,685.4,1142.4,722.95,0
563,18750,2259675,1141.4,760.9,1143.8,685.3,1142.6,723.1,0
563,18751,2259676,1141.6,761.3,1144.1,685.3,1142.85,723.3,0
563,18752,2259677,1141.8,761.6,1144.3,685.1,1143.05,723.35,0
563,18753,2259678,1142.0,761.8,1144.4,685.1,1143.2,723.45,0
563,18754,2259679,1142.0,761.9,1144.5,685.1,1143.25,723.5,0
563,18755,2259680,1142.0,762.1,1144.5,685.2,1143.25,723.65,0
563,18756,2259681,1142.0,762.2,1144.6,685.3,1143.3,723.75,0
563,18757,2259682,1141.8,762.2,1144.7,685.3,1143.25,723.75,0
563,18758,2259683,1141.7,762.3,1144.7,685.1,1143.2,723.7,0
563,18759,2259684,1141.5,762.4,1144.8,684.8,1143.15,723.6,0
563,18760,2259685,1141.4,762.5,1145.0,684.6,1143.2,723.55,0
563,18761,2259686,1141.2,762.6,1145.1,684.4,1143.15,723.5,0
563,18762,2259687,1141.1,762.7,1145.2,684.2,1143.15,723.45,0
563,18763,2259688,1141.0,762.8,1145.3,684.0,1143.15,723.4,0
563,18764,2259689,1141.1,762.9,1145.5,683.8,1143.3,723.35,0
563,18765,2259690,1141.2,763.1,1145.5,683.6,1143.35,723.35,0
563,18766,2259691,1141.3,763.3,1145.6,683.4,1143.45,723.35,0
564,18767,2259692,1141.5,763.5,1145.7,683.2,1143.6,723.35,0
564,18768,2259693,1141.6,763.8,1145.8,683.0,1143.7,723.4,0
564,18769,2259694,1141.7,764.0,1146.0,682.8,1143.85,723.4,0
564,18770,2259695,1141.8,764.2,1146.2,682.6,1144.0,723.4,0
564,18771,2259696,1141.9,764.4,1146.4,682.4,1144.15,723.4,0
564,18772,2259697,1142.0,764.5,1146.7,682.4,1144.35,723.45,0
564,18773,2259698,1142.1,764.6,1146.9,682.5,1144.5,723.55,0
564,18774,2259699,1142.2,764.7,1147.1,682.6,1144.65,723.65,0
564,18775,2259700,1142.0,764.8,1147.2,682.7,1144.6,723.75,0
564,18776,2259701,1141.8,764.8,1147.2,682.8,1144.5,723.8,0
564,18777,2259702,1141.6,764.8,1147.3,682.9,1144.45,723.85,0
564,18778,2259703,1141.3,764.9,1147.3,683.0,1144.3,723.95,0
564,18779,2259704,1141.0,765.0,1147.3,683.0,1144.15,724.0,0
564,18780,2259705,1140.7,765.1,1147.3,683.0,1144.0,724.05,0
564,18781,2259706,1140.7,765.1,1147.2,682.7,1143.95,723.9,0
564,18782,2259707,1140.9,765.0,1147.2,682.5,1144.05,723.75,0
564,18783,2259708,1141.3,765.0,1147.2,682.1,1144.25,723.55,0
564,18784,2259709,1141.6,765.0,1147.2,681.8,1144.4,723.4,0
564,18785,2259710,1142.0,765.0,1147.1,681.4,1144.55,723.2,0
564,18786,2259711,1142.3,764.9,1147.1,681.0,1144.7,722.95,0
564,18787,2259712,1142.6,764.9,1147.2,680.6,1144.9,722.75,0
564,18788,2259713,1142.7,764.9,1147.2,680.2,1144.95,722.55,0
564,18789,2259714,1142.7,764.9,1147.3,679.9,1145.0,722.4,0
564,18790,2259715,1142.7,765.0,1147.7,679.7,1145.2,722.35,0
564,18791,2259716,1142.6,765.2,1148.1,679.5,1145.35,722.35,0
564,18792,2259717,1142.6,765.3,1148.4,679.3,1145.5,722.3,0
564,18793,2259718,1142.5,765.4,1148.8,679.1,1145.65,722.25,0
564,18794,2259719,1142.5,765.6,1149.2,679.1,1145.85,722.35,0
564,18795,2259720,1142.4,765.7,1149.5,679.2,1145.95,722.45,0
564,18796,2259721,1142.3,765.8,1149.7,679.2,1146.0,722.5,0
564,18797,2259722,1142.2,766.0,1149.7,679.2,1145.95,722.6,0
564,18798,2259723,1142.2,766.0,1149.6,679.1,1145.9,722.55,0
564,18799,2259724,1142.1,766.0,1149.4,678.9,1145.75,722.45,0
564,18800,2259725,1142.1,765.7,1149.2,678.8,1145.65,722.25,0
565,18801,2259726,1142.0,765.5,1149.0,678.6,1145.5,722.05,0
565,18802,2259727,1142.1,765.2,1148.8,678.1,1145.45,721.65,0
565,18803,2259728,1142.2,765.0,1148.7,677.6,1145.45,721.3,0
565,18804,2259729,1142.3,764.8,1148.7,677.1,1145.5,720.95,0
565,18805,2259730,1142.4,764.5,1148.8,676.6,1145.6,720.55,0
565,18806,2259731,1142.5,764.3,1148.9,676.2,1145.7,720.25,0
565,18807,2259732,1142.5,764.4,1149.1,675.8,1145.8,720.1,0
565,18808,2259733,1142.6,764.4,1149.3,675.4,1145.95,719.9,0
565,18809,2259734,1142.5,764.5,1149.6,675.3,1146.05,719.9,0
565,18810,2259735,1142.4,764.5,1149.8,675.0,1146.1,719.75,0
565,18811,2259736,1142.3,764.5,1150.0,674.8,1146.15,719.65,0
565,18812,2259737,1142.2,764.6,1150.2,674.7,1146.2,719.65,0
565,18813,2259738,1142.2,764.6,1150.3,674.5,1146.25,719.55,0
565,18814,2259739,1142.1,764.7,1150.4,674.3,1146.25,719.5,0
565,18815,2259740,1142.0,764.7,1150.6,674.2,1146.3,719.45,0
565,18816,2259741,1142.0,764.5,1150.6,674.1,1146.3,719.3,0
565,18817,2259742,1142.0,764.3,1150.6,674.2,1146.3,719.25,0
565,18818,2259743,1141.9,764.1,1150.6,674.2,1146.25,719.15,0
565,18819,2259744,1141.9,763.9,1150.6,674.3,1146.25,719.1,0
565,18820,2259745,1142.0,763.6,1150.6,674.4,1146.3,719.0,0
565,18821,2259746,1142.0,763.3,1150.6,674.5,1146.3,718.9,0
565,18822,2259747,1142.1,762.9,1150.6,674.4,1146.35,718.65,0
565,18823,2259748,1142.2,762.6,1150.7,674.3,1146.45,718.45,0
565,18824,2259749,1142.2,762.5,1150.8,674.1,1146.5,718.3,0
565,18825,2259750,1142.1,762.3,1150.9,674.0,1146.5,718.15,0
565,18826,2259751,1142.0,762.0,1151.0,673.8,1146.5,717.9,0
565,18827,2259752,1141.9,761.8,1151.0,673.7,1146.45,717.75,0
565,18828,2259753,1141.8,761.6,1151.1,673.6,1146.45,717.6,0
565,18829,2259754,1141.6,761.5,1151.2,673.5,1146.4,717.5,0
565,18830,2259755,1141.5,761.3,1151.2,673.3,1146.35,717.3,0
565,18831,2259756,1141.4,761.1,1151.2,673.0,1146.3,717.05,0
565,18832,2259757,1141.3,761.0,1151.2,672.8,1146.25,716.9,0
565,18833,2259758,1141.2,760.9,1151.2,672.7,1146.2,716.8,0
566,18834,2259759,1141.2,760.7,1151.2,672.7,1146.2,716.7,0
566,18835,2259760,1141.1,760.5,1151.2,672.6,1146.15,716.55,0
566,18836,2259761,1141.0,760.4,1151.1,672.5,1146.05,716.45,0
566,18837,2259762,1141.0,760.2,1151.2,672.8,1146.1,716.5,0
566,18838,2259763,1140.9,760.0,1151.2,673.1,1146.05,716.55,0
566,18839,2259764,1140.9,759.8,1151.3,673.3,1146.1,716.55,0
566,18840,2259765,1140.9,759.6,1151.4,673.6,1146.15,716.6,0
566,18841,2259766,1140.9,759.4,1151.5,673.7,1146.2,716.55,0
566,18842,2259767,1140.9,759.3,1151.6,673.8,1146.25,716.55,0
566,18843,2259768,1141.0,759.0,1151.8,674.0,1146.4,716.5,0
566,18844,2259769,1141.1,758.6,1151.8,674.0,1146.45,716.3,0
566,18845,2259770,1141.2,758.2,1151.8,674.1,1146.5,716.15,0
566,18846,2259771,1141.3,757.9,1151.9,674.2,1146.6,716.05,0
566,18847,2259772,1141.4,757.6,1151.9,674.2,1146.65,715.9,0
566,18848,2259773,1141.5,757.2,1151.8,674.3,1146.65,715.75,0
566,18849,2259774,1141.7,756.9,1151.8,674.3,1146.75,715.6,0
566,18850,2259775,1141.9,756.8,1151.8,674.3,1146.85,715.55,0
566,18851,2259776,1142.2,756.7,1151.8,674.4,1147.0,715.55,0
566,18852,2259777,1142.4,756.7,1151.8,674.5,1147.1,715.6,0
566,18853,2259778,1142.5,756.7,1151.7,674.7,1147.1,715.7,0
566,18854,2259779,1142.5,756.7,1151.5,675.1,1147.0,715.9,0
566,18855,2259780,1142.4,756.7,1151.4,675.5,1146.9,716.1,0
566,18856,2259781,1142.2,756.7,1151.2,676.0,1146.7,716.35,0
566,18857,2259782,1141.8,756.8,1151.1,676.2,1146.45,716.5,0
566,18858,2259783,1141.4,756.8,1150.9,676.5,1146.15,716.65,0
566,18859,2259784,1141.0,756.8,1150.7,676.7,1145.85,716.75,0
566,18860,2259785,1140.6,756.9,1150.4,676.8,1145.5,716.85,0
566,18861,2259786,1140.3,757.0,1150.1,676.7,1145.2,716.85,0
566,18862,2259787,1140.1,757.1,1149.8,676.6,1144.95,716.85,0
566,18863,2259788,1140.1,757.2,1149.4,676.4,1144.75,716.8,0
566,18864,2259789,1140.3,757.2,1149.1,676.5,1144.7,716.85,0
566,18865,2259790,1140.5,757.2,1148.8,676.4,1144.65,716.8,0
566,18866,2259791,1140.9,757.1,1148.7,676.4,1144.8,716.75,0
567,18867,2259792,1141.2,757.0,1148.8,676.0,1145.0,716.5,0
567,18868,2259793,1141.6,756.9,1148.8,675.6,1145.2,716.25,0
567,18869,2259794,1141.8,756.7,1148.9,675.1,1145.35,715.9,0
567,18870,2259795,1142.0,756.4,1148.9,674.8,1145.45,715.6,0
567,18871,2259796,1141.8,756.1,1148.8,674.5,1145.3,715.3,0
567,18872,2259797,1141.6,755.9,1148.7,674.2,1145.15,715.05,0
567,18873,2259798,1141.4,756.0,1148.6,674.0,1145.0,715.0,0
567,18874,2259799,1141.2,756.0,1148.4,674.2,1144.8,715.1,0
567,18875,2259800,1141.0,756.1,1148.3,674.5,1144.65,715.3,0
567,18876,2259801,1140.8,756.3,1148.2,674.7,1144.5,715.5,0
567,18877,2259802,1140.6,756.2,1148.2,674.9,1144.4,715.55,0
567,18878,2259803,1140.6,756.1,1148.3,675.0,1144.45,715.55,0
567,18879,2259804,1140.7,756.0,1148.3,675.1,1144.5,715.55,0
567,18880,2259805,1140.7,755.7,1148.4,675.1,1144.55,715.4,0
567,18881,2259806,1140.8,755.3,1148.5,674.8,1144.65,715.05,0
567,18882,2259807,1140.8,755.0,1148.7,674.5,1144.75,714.75,0
567,18883,2259808,1140.9,754.8,1148.9,674.2,1144.9,714.5,0
567,18884,2259809,1141.0,754.9,1149.1,673.9,1145.05,714.4,0
567,18885,2259810,1141.0,755.0,1149.4,673.7,1145.2,714.35,0
567,18886,2259811,1141.0,755.1,1149.6,673.4,1145.3,714.25,0
567,18887,2259812,1141.0,755.2,1149.8,673.1,1145.4,714.15,0
567,18888,2259813,1141.0,755.3,1150.0,673.2,1145.5,714.25,0
567,18889,2259814,1141.0,755.2,1150.1,673.2,1145.55,714.2,0
567,18890,2259815,1140.9,755.1,1150.2,673.2,1145.55,714.15,0
567,18891,2259816,1140.8,755.0,1150.2,673.3,1145.5,714.15,0
567,18892,2259817,1140.8,754.8,1150.2,673.3,1145.5,714.05,0
567,18893,2259818,1140.7,754.6,1150.2,673.3,1145.45,713.95,0
567,18894,2259819,1140.7,754.5,1150.2,673.3,1145.45,713.9,0
567,18895,2259820,1140.6,754.4,1150.2,673.3,1145.4,713.85,0
567,18896,2259821,1140.5,754.4,1150.3,673.3,1145.4,713.85,0
567,18897,2259822,1140.5,754.4,1150.3,673.2,1145.4,713.8,0
567,18898,2259823,1140.6,754.5,1150.3,673.0,1145.45,713.75,0
567,18899,2259824,1140.7,754.6,1150.3,672.8,1145.5,713.7,0
567,18900,2259825,1140.8,754.7,1150.3,672.6,1145.55,713.65,0
568,18901,2259826,1140.9,754.7,1150.4,672.2,1145.65,713.45,0
568,18902,2259827,1141.1,754.8,1150.5,671.8,1145.8,713.3,0
568,18903,2259828,1141.4,754.7,1150.5,671.3,1145.95,713.0,0
568,18904,2259829,1141.6,754.6,1150.7,670.9,1146.15,712.75,0
568,18905,2259830,1141.7,754.4,1151.0,670.6,1146.35,712.5,0
568,18906,2259831,1141.9,754.2,1151.2,670.3,1146.55,712.25,0
568,18907,2259832,1142.0,754.0,1151.5,670.1,1146.75,712.05,0
568,18908,2259833,1142.1,753.9,1151.7,670.0,1146.9,711.95,0
568,18909,2259834,1142.1,753.7,1151.9,670.0,1147.0,711.85,0
568,18910,2259835,1142.0,753.7,1152.0,669.9,1147.0,711.8,0
568,18911,2259836,1141.9,753.7,1152.0,669.8,1146.95,711.75,0
568,18912,2259837,1141.8,753.6,1152.0,669.7,1146.9,711.65,0
568,18913,2259838,1141.7,753.5,1152.0,669.4,1146.85,711.45,0
568,18914,2259839,1141.6,753.5,1151.9,668.9,1146.75,711.2,0
568,18915,2259840,1141.6,753.3,1151.8,668.5,1146.7,710.9,0
568,18916,2259841,1141.7,752.9,1151.7,668.0,1146.7,710.45,0
568,18917,2259842,1142.0,752.6,1151.6,667.6,1146.8,710.1,0
568,18918,2259843,1142.2,752.3,1151.3,667.2,1146.75,709.75,0
568,18919,2259844,1142.4,752.0,1151.0,666.9,1146.7,709.45,0
568,18920,2259845,1142.6,752.1,1150.7,666.7,1146.65,709.4,0
568,18921,2259846,1142.5,752.2,1150.3,666.8,1146.4,709.5,0
568,18922,2259847,1142.4,752.3,1150.0,666.9,1146.2,709.6,0
568,18923,2259848,1142.2,752.5,1149.5,666.5,1145.85,709.5,0
568,18924,2259849,1141.8,752.6,1149.0,666.1,1145.4,709.35,0
568,18925,2259850,1141.4,752.6,1148.8,665.7,1145.1,709.15,0
568,18926,2259851,1141.1,752.3,1148.5,665.3,1144.8,708.8,0
568,18927,2259852,1140.9,751.8,1148.1,664.9,1144.5,708.35,0
568,18928,2259853,1140.9,751.1,1147.8,664.4,1144.35,707.75,0
568,18929,2259854,1140.9,750.5,1147.5,663.9,1144.2,707.2,0
568,18930,2259855,1140.9,750.1,1147.3,664.0,1144.1,707.05,0
568,18931,2259856,1140.9,749.7,1147.1,664.1,1144.0,706.9,0
568,18932,2259857,1140.9,749.3,1146.6,664.3,1143.75,706.8,0
568,18933,2259858,1140.8,749.3,1146.2,664.3,1143.5,706.8,0
569,18934,2259859,1140.7,749.3,1145.8,664.3,1143.25,706.8,0
569,18935,2259860,1140.4,749.5,1145.4,664.4,1142.9,706.95,0
569,18936,2259861,1140.2,749.7,1144.8,664.5,1142.5,707.1,0
569,18937,2259862,1140.0,750.0,1144.3,664.6,1142.15,707.3,0
569,18938,2259863,1139.8,750.2,1143.6,664.9,1141.7,707.55,0
569,18939,2259864,1139.6,750.6,1143.1,665.2,1141.35,707.9,0
569,18940,2259865,1139.4,750.9,1142.5,665.7,1140.95,708.3,0
569,18941,2259866,1139.3,751.3,1141.6,666.0,1140.45,708.65,0
569,18942,2259867,1139.3,751.6,1140.7,666.3,1140.0,708.95,0
569,18943,2259868,1139.3,752.0,1139.7,666.5,1139.5,709.25,0
569,18944,2259869,1139.3,752.3,1138.6,666.6,1138.95,709.45,0
569,18945,2259870,1139.3,752.4,1137.7,666.6,1138.5,709.5,0
569,18946,2259871,1138.7,752.4,1136.6,666.6,1137.65,709.5,0
569,18947,2259872,1138.1,752.4,1135.6,666.6,1136.85,709.5,0
569,18948,2259873,1137.3,752.3,1134.8,666.6,1136.05,709.45,0
569,18949,2259874,1135.6,752.0,1133.9,666.6,1134.75,709.3,0
569,18950,2259875,1132.9,751.5,1133.2,666.3,1133.05,708.9,0
569,18951,2259876,1129.1,751.0,1130.8,665.6,1129.95,708.3,0
569,18952,2259877,1123.8,750.8,1126.5,663.7,1125.15,707.25,0
569,18953,2259878,1117.2,749.8,1119.9,661.3,1118.55,705.55,0
569,18954,2259879,1109.1,748.5,1111.1,658.3,1110.1,703.4,0
569,18955,2259880,1099.1,746.4,1100.6,655.0,1099.85,700.7,0
569,18956,2259881,1087.7,743.1,1088.9,651.3,1088.3,697.2,0
569,18957,2259882,1075.2,739.5,1074.8,646.4,1075.0,692.95,0
569,18958,2259883,1061.7,734.8,1060.0,641.0,1060.85,687.9,0
569,18959,2259884,1048.0,729.7,1045.0,635.7,1046.5,682.7,0
569,18960,2259885,1034.3,724.1,1030.5,629.9,1032.4,677.0,0
569,18961,2259886,1020.9,718.4,1017.2,623.7,1019.05,671.05,0
569,18962,2259887,1008.6,712.3,1004.1,616.7,1006.35,664.5,0
569,18963,2259888,998.5,706.7,992.2,609.8,995.35,658.25,0
569,18964,2259889,990.3,701.5,982.7,604.4,986.5,652.95,0
569,18965,2259890,984.3,697.0,975.8,599.0,980.05,648.0,0
569,18966,2259891,980.1,693.0,971.1,594.4,975.6,643.7,0
570,18967,2259892,978.0,690.2,968.9,590.8,973.45,640.5,0
570,18968,2259893,978.0,687.6,968.2,588.3,973.1,637.95,0
570,18969,2259894,980.0,686.1,969.9,587.0,974.95,636.55,0
570,18970,2259895,982.7,685.3,971.9,586.0,977.3,635.65,0
570,18971,2259896,985.8,684.6,974.4,585.2,980.1,634.9,0
570,18972,2259897,989.3,684.4,976.7,585.3,983.0,634.85,0
570,18973,2259898,992.9,684.5,979.1,585.5,986.0,635.0,0
570,18974,2259899,996.1,684.8,981.1,585.9,988.6,635.35,0
570,18975,2259900,998.4,685.4,982.7,586.5,990.55,635.95,0
570,18976,2259901,999.8,686.1,983.6,587.4,991.7,636.75,0
570,18977,2259902,1000.6,686.8,984.3,588.3,992.45,637.55,0
570,18978,2259903,1001.1,687.6,984.6,589.1,992.85,638.35,0
570,18979,2259904,1001.1,688.3,984.8,590.1,992.95,639.2,0
570,18980,2259905,1001.1,688.6,985.1,591.0,993.1,639.8,0
570,18981,2259906,1000.9,688.9,985.1,591.8,993.0,640.35,0
570,18982,2259907,1000.7,689.2,985.2,592.9,992.95,641.05,0
570,18983,2259908,1000.6,689.5,985.3,593.6,992.95,641.55,0
570,18984,2259909,1000.7,689.8,985.4,594.3,993.05,642.05,0
570,18985,2259910,1000.7,690.0,985.4,595.0,993.05,642.5,0
570,18986,2259911,1000.9,690.3,985.4,595.9,993.15,643.1,0
570,18987,2259912,1001.1,690.6,985.4,596.8,993.25,643.7,0
570,18988,2259913,1001.5,690.8,985.5,597.6,993.5,644.2,0
570,18989,2259914,1001.8,690.9,985.6,597.9,993.7,644.4,0
570,18990,2259915,1002.0,691.0,985.8,598.3,993.9,644.65,0
570,18991,2259916,1002.1,691.2,986.1,598.5,994.1,644.85,0
570,18992,2259917,1002.2,691.3,986.4,598.7,994.3,645.0,0
570,18993,2259918,1002.2,691.4,986.7,598.6,994.45,645.0,0
570,18994,2259919,1002.2,691.4,986.8,598.5,994.5,644.95,0
570,18995,2259920,1002.1,691.4,986.6,598.4,994.35,644.9,0
570,18996,2259921,1001.9,691.4,986.3,598.4,994.1,644.9,0
570,18997,2259922,1001.7,691.4,986.0,598.7,993.85,645.05,0
570,18998,2259923,1001.4,691.3,985.5,599.0,993.45,645.15,0
570,18999,2259924,1001.0,691.3,984.9,599.3,992.95,645.3,0
570,19000,2259925,1000.7,691.4,984.3,599.4,992.5,645.4,0
571,19001,2259926,1000.6,691.5,983.7,599.4,992.15,645.45,0
571,19002,2259927,1000.7,691.6,983.3,599.5,992.0,645.55,0
571,19003,2259928,1000.9,691.8,983.0,599.7,991.95,645.75,0
571,19004,2259929,1001.2,691.9,982.7,599.6,991.95,645.75,0
571,19005,2259930,1001.5,692.0,982.4,599.4,991.95,645.7,0
571,19006,2259931,1001.9,692.0,982.1,599.3,992.0,645.65,0
571,19007,2259932,1002.2,692.0,981.7,599.4,991.95,645.7,0
571,19008,2259933,1002.5,691.9,981.6,599.5,992.05,645.7,0
571,19009,2259934,1002.4,691.8,981.5,599.7,991.95,645.75,0
571,19010,2259935,1002.4,691.6,981.3,599.8,991.85,645.7,0
571,19011,2259936,1002.3,691.6,981.2,599.9,991.75,645.75,0
571,19012,2259937,1002.2,691.6,981.1,599.8,991.65,645.7,0
571,19013,2259938,1002.2,692.1,981.0,599.6,991.6,645.85,0
571,19014,2259939,1002.1,692.7,981.0,599.4,991.55,646.05,0
571,19015,2259940,1002.1,693.5,980.9,599.3,991.5,646.4,0
571,19016,2259941,1002.1,694.3,980.8,599.2,991.45,646.75,0
571,19017,2259942,1002.0,695.2,980.7,599.0,991.35,647.1,0
571,19018,2259943,1002.0,696.1,980.6,598.9,991.3,647.5,0
571,19019,2259944,1002.0,696.9,980.6,598.9,991.3,647.9,0
571,19020,2259945,1001.8,697.2,980.5,599.0,991.15,648.1,0
571,19021,2259946,1001.7,697.5,980.4,599.2,991.05,648.35,0
571,19022,2259947,1001.6,697.7,980.3,599.6,990.95,648.65,0
571,19023,2259948,1001.4,697.9,980.1,600.0,990.75,648.95,0
571,19024,2259949,1001.2,698.2,980.1,600.2,990.65,649.2,0
571,19025,2259950,1000.9,698.5,980.0,600.4,990.45,649.45,0
571,19026,2259951,1000.4,698.8,979.9,600.4,990.15,649.6,0
571,19027,2259952,1000.0,699.1,979.9,600.3,989.95,649.7,0
571,19028,2259953,999.6,699.5,979.9,600.3,989.75,649.9,0
571,19029,2259954,999.3,700.0,979.9,600.1,989.6,650.05,0
571,19030,2259955,999.1,700.4,979.9,600.1,989.5,650.25,0
571,19031,2259956,998.9,700.8,979.8,600.2,989.35,650.5,0
571,19032,2259957,998.8,701.2,979.6,600.3,989.2,650.75,0
571,19033,2259958,998.9,701.5,979.5,600.6,989.2,651.05,0
572,19034,2259959,998.9,701.9,979.3,600.9,989.1,651.4,0
572,19035,2259960,999.0,702.3,979.1,601.1,989.05,651.7,0
572,19036,2259961,999.1,702.7,978.8,601.3,988.95,652.0,0
572,19037,2259962,999.1,703.0,978.6,601.2,988.85,652.1,0
572,19038,2259963,999.2,703.2,978.3,601.0,988.75,652.1,0
572,19039,2259964,999.2,703.3,978.0,600.9,988.6,652.1,0
572,19040,2259965,999.3,703.4,977.7,600.9,988.5,652.15,0
572,19041,2259966,999.4,703.5,977.4,601.0,988.4,652.25,0
572,19042,2259967,999.5,703.4,977.1,601.1,988.3,652.25,0
572,19043,2259968,999.7,703.2,976.9,601.2,988.3,652.2,0
572,19044,2259969,999.9,703.3,976.8,601.4,988.35,652.35,0
572,19045,2259970,1000.0,703.4,976.7,601.7,988.35,652.55,0
572,19046,2259971,1000.1,703.6,976.7,602.1,988.4,652.85,0
572,19047,2259972,1000.2,703.8,976.7,602.7,988.45,653.25,0
572,19048,2259973,1000.3,704.1,976.9,603.1,988.6,653.6,0
572,19049,2259974,1000.2,704.4,977.1,603.6,988.65,654.0,0
572,19050,2259975,1000.1,704.7,977.3,604.1,988.7,654.4,0
572,19051,2259976,1000.1,705.0,977.6,604.7,988.85,654.85,0
572,19052,2259977,1000.1,705.4,977.7,605.1,988.9,655.25,0
572,19053,2259978,1000.1,706.0,977.8,605.6,988.95,655.8,0
572,19054,2259979,1000.2,706.6,977.9,605.8,989.05,656.2,0
572,19055,2259980,1000.2,707.1,977.8,606.1,989.0,656.6,0
572,19056,2259981,1000.3,707.5,977.6,606.2,988.95,656.85,0
572,19057,2259982,1000.3,707.8,977.5,606.3,988.9,657.05,0
572,19058,2259983,1000.3,708.0,977.3,606.4,988.8,657.2,0
572,19059,2259984,1000.3,708.2,977.1,606.5,988.7,657.35,0
572,19060,2259985,1000.3,708.2,977.0,606.6,988.65,657.4,0
572,19061,2259986,1000.3,708.3,976.8,606.6,988.55,657.45,0
572,19062,2259987,1000.2,708.3,976.7,606.8,988.45,657.55,0
572,19063,2259988,1000.0,708.5,976.6,607.6,988.3,658.05,0
572,19064,2259989,999.9,708.8,976.5,608.5,988.2,658.65,0
572,19065,2259990,999.4,709.1,976.3,609.3,987.85,659.2,0
572,19066,2259991,999.0,709.3,976.2,610.1,987.6,659.7,0
573,19067,2259992,998.6,709.3,976.1,610.9,987.35,660.1,0
573,19068,2259993,998.2,709.2,976.0,611.2,987.1,660.2,0
573,19069,2259994,997.8,708.9,975.8,611.5,986.8,660.2,0
573,19070,2259995,997.5,708.7,975.6,611.1,986.55,659.9,0
573,19071,2259996,997.2,708.0,975.4,610.6,986.3,659.3,0
573,19072,2259997,997.2,707.3,975.3,610.2,986.25,658.75,0
573,19073,2259998,997.2,706.5,975.2,609.7,986.2,658.1,0
573,19074,2259999,997.2,705.4,975.1,609.2,986.15,657.3,0
573,19075,2260000,997.2,704.5,975.0,609.0,986.1,656.75,0
573,19076,2260001,997.3,703.6,975.2,608.6,986.25,656.1,0
573,19077,2260002,997.3,702.6,975.4,608.1,986.35,655.35,0
573,19078,2260003,997.3,701.7,975.7,607.7,986.5,654.7,0
573,19079,2260004,997.3,700.8,976.4,607.3,986.85,654.05,0
573,19080,2260005,997.2,700.0,977.0,606.7,987.1,653.35,0
573,19081,2260006,997.0,699.5,977.6,606.3,987.3,652.9,0
573,19082,2260007,996.7,699.0,978.1,605.8,987.4,652.4,0
573,19083,2260008,996.5,698.5,978.4,605.4,987.45,651.95,0
573,19084,2260009,996.2,698.1,978.6,604.9,987.4,651.5,0
573,19085,2260010,996.1,698.0,978.8,604.5,987.45,651.25,0
573,19086,2260011,996.0,697.8,978.6,604.1,987.3,650.95,0
573,19087,2260012,996.0,697.6,978.2,603.7,987.1,650.65,0
573,19088,2260013,996.0,697.4,977.9,603.5,986.95,650.45,0
573,19089,2260014,996.1,696.6,977.7,603.2,986.9,649.9,0
573,19090,2260015,996.2,695.8,977.4,603.1,986.8,649.45,0
573,19091,2260016,996.4,695.1,977.3,603.0,986.85,649.05,0
573,19092,2260017,996.5,694.4,977.1,602.9,986.8,648.65,0
573,19093,2260018,996.7,693.7,976.8,602.7,986.75,648.2,0
573,19094,2260019,996.8,693.0,976.7,602.6,986.75,647.8,0
573,19095,2260020,996.9,692.3,976.5,602.3,986.7,647.3,0
573,19096,2260021,997.0,692.3,976.2,602.0,986.6,647.15,0
573,19097,2260022,997.1,692.3,975.9,601.6,986.5,646.95,0
573,19098,2260023,997.2,692.2,975.6,601.2,986.4,646.7,0
573,19099,2260024,997.2,692.1,975.2,600.9,986.2,646.5,0
573,19100,2260025,997.2,691.5,975.1,600.5,986.15,646.0,0
574,19101,2260026,997.2,690.9,975.2,600.2,986.2,645.55,0
574,19102,2260027,997.3,690.3,975.3,599.9,986.3,645.1,0
574,19103,2260028,997.4,689.7,975.4,599.5,986.4,644.6,0
574,19104,2260029,997.5,689.0,975.5,599.2,986.5,644.1,0
574,19105,2260030,997.6,688.3,975.6,598.9,986.6,643.6,0
574,19106,2260031,997.7,687.8,975.6,598.4,986.65,643.1,0
574,19107,2260032,997.9,687.7,975.6,598.0,986.75,642.85,0
574,19108,2260033,998.1,687.5,975.5,597.3,986.8,642.4,0
574,19109,2260034,998.1,687.4,975.3,596.7,986.7,642.05,0
574,19110,2260035,998.1,687.2,975.2,596.3,986.65,641.75,0
574,19111,2260036,998.0,687.1,975.2,595.9,986.6,641.5,0
574,19112,2260037,997.9,686.9,975.2,595.5,986.55,641.2,0
574,19113,2260038,997.8,686.8,975.2,595.2,986.5,641.0,0
574,19114,2260039,997.6,686.6,975.2,594.9,986.4,640.75,0
574,19115,2260040,997.5,686.6,975.2,594.9,986.35,640.75,0
574,19116,2260041,997.4,686.7,975.2,594.7,986.3,640.7,0
574,19117,2260042,997.3,686.8,975.1,594.6,986.2,640.7,0
574,19118,2260043,997.2,686.9,975.0,594.5,986.1,640.7,0
574,19119,2260044,997.2,687.5,975.0,594.3,986.1,640.9,0
574,19120,2260045,997.1,688.0,974.9,594.2,986.0,641.1,0
574,19121,2260046,997.1,688.6,975.0,594.3,986.05,641.45,0
574,19122,2260047,997.0,689.1,975.0,594.3,986.0,641.7,0
574,19123,2260048,997.0,689.5,975.0,594.4,986.0,641.95,0
574,19124,2260049,997.1,690.0,974.9,594.5,986.0,642.25,0
574,19125,2260050,997.1,690.5,974.7,594.6,985.9,642.55,0
574,19126,2260051,997.4,690.7,974.4,594.7,985.9,642.7,0
574,19127,2260052,997.8,690.8,974.1,594.9,985.95,642.85,0
574,19128,2260053,998.1,691.1,973.9,594.9,986.0,643.0,0
574,19129,2260054,998.4,691.7,973.7,594.9,986.05,643.3,0
574,19130,2260055,998.7,692.1,973.5,594.8,986.1,643.45,0
574,19131,2260056,998.7,692.6,973.3,594.4,986.0,643.5,0
574,19132,2260057,998.7,693.0,973.4,593.6,986.05,643.3,0
574,19133,2260058,998.5,693.4,973.4,592.8,985.95,643.1,0
575,19134,2260059,998.1,693.8,973.4,591.9,985.75,642.85,0
575,19135,2260060,997.8,694.1,973.4,591.0,985.6,642.55,0
575,19136,2260061,997.5,694.1,973.2,590.2,985.35,642.15,0
575,19137,2260062,997.1,694.3,973.0,589.5,985.05,641.9,0
575,19138,2260063,997.0,694.5,972.9,589.2,984.95,641.85,0
575,19139,2260064,996.8,694.7,972.7,589.2,984.75,641.95,0
575,19140,2260065,996.7,695.3,972.7,589.4,984.7,642.35,0
575,19141,2260066,996.6,696.0,972.7,589.5,984.65,642.75,0
575,19142,2260067,996.5,696.6,972.7,589.7,984.6,643.15,0
575,19143,2260068,996.4,697.3,972.9,589.9,984.65,643.6,0
575,19144,2260069,996.3,698.0,973.1,590.0,984.7,644.0,0
575,19145,2260070,996.2,698.7,973.2,589.9,984.7,644.3,0
575,19146,2260071,996.1,699.4,973.3,589.7,984.7,644.55,0
575,19147,2260072,996.0,699.7,973.4,589.7,984.7,644.7,0
575,19148,2260073,995.8,700.2,973.4,589.6,984.6,644.9,0
575,19149,2260074,995.6,700.6,973.4,589.5,984.5,645.05,0
575,19150,2260075,995.4,701.0,973.3,589.5,984.35,645.25,0
575,19151,2260076,995.4,701.3,973.3,589.6,984.35,645.45,0
575,19152,2260077,995.5,701.6,973.3,589.9,984.4,645.75,0
575,19153,2260078,995.6,701.9,973.4,590.3,984.5,646.1,0
575,19154,2260079,995.7,702.1,973.6,590.6,984.65,646.35,0
575,19155,2260080,996.0,702.3,973.9,591.0,984.95,646.65,0
575,19156,2260081,996.3,702.5,974.1,591.3,985.2,646.9,0
575,19157,2260082,996.6,702.7,974.3,591.9,985.45,647.3,0
575,19158,2260083,996.8,703.0,974.6,592.4,985.7,647.7,0
575,19159,2260084,996.8,703.3,974.8,592.8,985.8,648.05,0
575,19160,2260085,996.9,703.5,974.9,593.1,985.9,648.3,0
575,19161,2260086,996.9,703.7,974.8,593.3,985.85,648.5,0
575,19162,2260087,996.9,703.8,974.8,593.5,985.85,648.65,0
575,19163,2260088,996.9,703.9,974.8,593.8,985.85,648.85,0
575,19164,2260089,996.9,704.1,974.9,593.8,985.9,648.95,0
575,19165,2260090,996.9,704.0,974.9,593.8,985.9,648.9,0
575,19166,2260091,996.9,703.9,974.9,593.9,985.9,648.9,0
576,19167,2260092,997.0,703.9,974.9,594.1,985.95,649.0,0
576,19168,2260093,997.0,704.0,975.1,594.3,986.05,649.15,0
576,19169,2260094,997.1,704.2,975.2,594.4,986.15,649.3,0
576,19170,2260095,997.2,704.4,975.5,594.2,986.35,649.3,0
576,19171,2260096,997.3,704.6,975.8,593.9,986.55,649.25,0
576,19172,2260097,997.4,704.8,976.1,593.7,986.75,649.25,0
576,19173,2260098,997.6,705.0,976.5,593.8,987.05,649.4,0
576,19174,2260099,997.8,705.2,976.8,593.8,987.3,649.5,0
576,19175,2260100,998.2,705.3,977.1,594.1,987.65,649.7,0
576,19176,2260101,998.6,705.4,977.3,594.4,987.95,649.9,0
576,19177,2260102,999.0,705.3,977.3,595.0,988.15,650.15,0
576,19178,2260103,999.0,705.3,977.1,595.6,988.05,650.45,0
576,19179,2260104,999.0,705.3,976.7,596.1,987.85,650.7,0
576,19180,2260105,998.9,705.3,976.4,596.3,987.65,650.8,0
576,19181,2260106,998.8,705.6,976.2,596.6,987.5,651.1,0
576,19182,2260107,998.5,705.8,976.2,596.7,987.35,651.25,0
576,19183,2260108,998.2,706.1,976.3,596.8,987.25,651.45,0
576,19184,2260109,997.9,706.5,976.4,596.9,987.15,651.7,0
576,19185,2260110,998.1,706.9,976.7,597.1,987.4,652.0,0
576,19186,2260111,998.2,707.3,977.1,597.3,987.65,652.3,0
576,19187,2260112,998.3,707.7,977.2,597.4,987.75,652.55,0
576,19188,2260113,998.4,707.4,977.2,597.3,987.8,652.35,0
576,19189,2260114,998.6,707.1,976.9,597.2,987.75,652.15,0
576,19190,2260115,998.7,706.8,976.7,597.1,987.7,651.95,0
576,19191,2260116,998.8,706.5,976.4,597.0,987.6,651.75,0
576,19192,2260117,998.9,706.2,976.2,596.7,987.55,651.45,0
576,19193,2260118,999.1,705.9,976.0,596.5,987.55,651.2,0
576,19194,2260119,999.2,706.0,976.0,596.4,987.6,651.2,0
576,19195,2260120,999.4,706.5,976.0,596.5,987.7,651.5,0
576,19196,2260121,999.6,706.9,976.2,596.5,987.9,651.7,0
576,19197,2260122,999.7,707.3,976.3,596.7,988.0,652.0,0
576,19198,2260123,999.8,707.5,976.4,596.9,988.1,652.2,0
576,19199,2260124,999.8,707.6,976.6,597.1,988.2,652.35,0
576,19200,2260125,999.9,707.6,976.7,597.2,988.3,652.4,0
577,19201,2260126,999.8,707.4,976.8,597.2,988.3,652.3,0
577,19202,2260127,999.8,707.2,976.9,597.2,988.35,652.2,0
577,19203,2260128,999.7,707.2,976.9,597.1,988.3,652.15,0
577,19204,2260129,999.6,707.1,976.9,597.0,988.25,652.05,0
577,19205,2260130,999.6,707.3,976.9,597.0,988.25,652.15,0
577,19206,2260131,999.4,707.5,976.8,597.1,988.1,652.3,0
577,19207,2260132,999.3,707.6,976.6,597.3,987.95,652.45,0
577,19208,2260133,999.1,707.7,976.3,597.5,987.7,652.6,0
577,19209,2260134,999.0,707.6,976.0,597.9,987.5,652.75,0
577,19210,2260135,998.8,707.5,975.8,598.3,987.3,652.9,0
577,19211,2260136,998.7,707.3,975.5,598.7,987.1,653.0,0
577,19212,2260137,998.6,707.3,975.3,599.0,986.95,653.15,0
577,19213,2260138,998.6,707.2,975.2,599.2,986.9,653.2,0
577,19214,2260139,998.6,707.0,975.1,599.2,986.85,653.1,0
577,19215,2260140,998.5,706.9,975.4,599.3,986.95,653.1,0
577,19216,2260141,998.5,706.8,975.7,599.1,987.1,652.95,0
577,19217,2260142,998.3,706.8,976.0,598.8,987.15,652.8,0
577,19218,2260143,998.2,706.7,976.2,598.5,987.2,652.6,0
577,19219,2260144,998.1,706.7,976.4,598.3,987.25,652.5,0
577,19220,2260145,998.1,706.7,976.5,598.1,987.3,652.4,0
577,19221,2260146,998.0,706.7,976.6,598.0,987.3,652.35,0
577,19222,2260147,998.0,706.7,976.4,597.9,987.2,652.3,0
577,19223,2260148,997.9,706.8,976.2,597.9,987.05,652.35,0
577,19224,2260149,998.0,706.8,976.0,597.8,987.0,652.3,0
577,19225,2260150,998.1,706.8,975.8,597.8,986.95,652.3,0
577,19226,2260151,998.2,706.7,975.6,597.8,986.9,652.25,0
577,19227,2260152,998.3,706.4,975.4,598.0,986.85,652.2,0
577,19228,2260153,998.5,706.2,975.3,598.1,986.9,652.15,0
577,19229,2260154,998.5,705.6,975.2,598.1,986.85,651.85,0
577,19230,2260155,998.6,705.1,975.1,598.2,986.85,651.65,0
577,19231,2260156,998.7,704.6,974.9,598.4,986.8,651.5,0
577,19232,2260157,998.8,704.2,974.9,598.6,986.85,651.4,0
577,19233,2260158,998.9,703.9,974.8,599.0,986.85,651.45,0
578,19234,2260159,998.9,703.7,974.7,599.4,986.8,651.55,0
578,19235,2260160,999.0,703.7,974.6,599.8,986.8,651.75,0
578,19236,2260161,998.9,703.8,974.5,600.2,986.7,652.0,0
578,19237,2260162,998.7,703.8,974.5,600.6,986.6,652.2,0
578,19238,2260163,998.5,703.7,974.5,601.2,986.5,652.45,0
578,19239,2260164,998.2,703.7,974.5,601.7,986.35,652.7,0
578,19240,2260165,997.9,703.6,974.5,602.0,986.2,652.8,0
578,19241,2260166,997.7,703.5,974.5,602.1,986.1,652.8,0
578,19242,2260167,997.4,703.5,974.5,602.0,985.95,652.75,0
578,19243,2260168,997.3,703.4,974.5,601.8,985.9,652.6,0
578,19244,2260169,997.3,703.4,974.4,601.5,985.85,652.45,0
578,19245,2260170,997.4,703.5,974.3,601.3,985.85,652.4,0
578,19246,2260171,997.4,703.3,974.3,601.0,985.85,652.15,0
578,19247,2260172,997.4,703.1,974.2,600.8,985.8,651.95,0
578,19248,2260173,997.4,702.9,974.1,600.8,985.75,651.85,0
578,19249,2260174,997.3,702.6,974.1,601.2,985.7,651.9,0
578,19250,2260175,997.3,702.4,974.1,601.5,985.7,651.95,0
578,19251,2260176,997.2,702.1,974.1,601.7,985.65,651.9,0
578,19252,2260177,997.2,701.9,974.2,601.9,985.7,651.9,0
578,19253,2260178,997.1,701.8,974.3,602.0,985.7,651.9,0
578,19254,2260179,997.1,701.7,974.3,602.1,985.7,651.9,0
578,19255,2260180,997.0,701.7,974.1,602.1,985.55,651.9,0
578,19256,2260181,997.0,701.6,973.8,602.2,985.4,651.9,0
578,19257,2260182,997.0,701.6,973.5,602.2,985.25,651.9,0
578,19258,2260183,997.1,701.5,973.3,602.3,985.2,651.9,0
578,19259,2260184,997.2,701.4,973.1,602.4,985.15,651.9,0
578,19260,2260185,997.3,701.3,972.9,602.4,985.1,651.85,0
578,19261,2260186,997.4,701.3,972.8,602.4,985.1,651.85,0
578,19262,2260187,997.5,701.2,973.0,602.5,985.25,651.85,0
578,19263,2260188,997.4,701.2,973.2,602.5,985.3,651.85,0
578,19264,2260189,997.4,701.2,973.4,602.5,985.4,651.85,0
578,19265,2260190,997.2,701.2,973.5,602.4,985.35,651.8,0
578,19266,2260191,997.0,701.3,973.6,602.3,985.3,651.8,0
579,19267,2260192,996.7,701.3,973.4,602.3,985.05,651.8,0
579,19268,2260193,996.4,701.3,973.1,602.3,984.75,651.8,0
579,19269,2260194,996.2,701.2,972.9,602.2,984.55,651.7,0
579,19270,2260195,996.1,701.2,972.7,602.2,984.4,651.7,0
579,19271,2260196,996.0,701.2,972.4,602.2,984.2,651.7,0
579,19272,2260197,995.9,701.2,972.2,602.3,984.05,651.75,0
579,19273,2260198,995.9,701.3,972.0,602.3,983.95,651.8,0
579,19274,2260199,995.8,701.4,971.8,602.4,983.8,651.9,0
579,19275,2260200,995.9,701.6,971.7,602.5,983.8,652.05,0
579,19276,2260201,995.9,701.8,971.5,602.7,983.7,652.25,0
579,19277,2260202,996.1,702.0,971.3,602.8,983.7,652.4,0
579,19278,2260203,996.3,702.1,971.0,602.9,983.65,652.5,0
579,19279,2260204,996.6,702.2,970.9,603.0,983.75,652.6,0
579,19280,2260205,996.8,702.3,970.7,603.1,983.75,652.7,0
579,19281,2260206,997.0,702.4,970.7,603.3,983.85,652.85,0
579,19282,2260207,997.3,702.6,970.7,603.5,984.0,653.05,0
579,19283,2260208,997.5,702.6,970.7,603.7,984.1,653.15,0
579,19284,2260209,997.6,702.5,970.8,603.9,984.2,653.2,0
579,19285,2260210,997.7,702.4,970.9,604.2,984.3,653.3,0
579,19286,2260211,998.0,702.3,971.0,604.3,984.5,653.3,0
579,19287,2260212,998.2,702.2,971.0,604.1,984.6,653.15,0
579,19288,2260213,998.4,702.0,971.1,603.8,984.75,652.9,0
579,19289,2260214,998.5,701.7,971.1,603.4,984.8,652.55,0
579,19290,2260215,998.4,701.7,971.1,603.0,984.75,652.35,0
579,19291,2260216,998.3,701.7,971.1,602.5,984.7,652.1,0
579,19292,2260217,998.3,701.6,971.1,602.5,984.7,652.05,0
579,19293,2260218,998.0,701.2,971.1,602.6,984.55,651.9,0
579,19294,2260219,997.7,700.8,971.0,602.9,984.35,651.85,0
579,19295,2260220,997.7,700.4,970.9,603.1,984.3,651.75,0
579,19296,2260221,997.6,699.9,970.8,603.3,984.2,651.6,0
579,19297,2260222,997.7,699.3,970.8,603.2,984.25,651.25,0
579,19298,2260223,997.8,698.8,970.7,603.0,984.25,650.9,0
579,19299,2260224,998.0,698.4,970.6,602.5,984.3,650.45,0
579,19300,2260225,998.1,698.3,970.7,602.1,984.4,650.2,0
580,19301,2260226,998.2,698.4,970.8,601.6,984.5,650.0,0
580,19302,2260227,998.1,698.5,970.9,601.3,984.5,649.9,0
580,19303,2260228,998.1,698.6,971.1,601.1,984.6,649.85,0
580,19304,2260229,998.1,698.5,971.2,601.1,984.65,649.8,0
580,19305,2260230,998.1,698.5,971.3,601.1,984.7,649.8,0
580,19306,2260231,998.1,698.4,971.5,601.0,984.8,649.7,0
580,19307,2260232,998.1,698.2,971.6,600.8,984.85,649.5,0
580,19308,2260233,998.1,697.9,971.6,600.7,984.85,649.3,0
580,19309,2260234,998.1,697.6,971.6,600.6,984.85,649.1,0
580,19310,2260235,998.1,697.4,971.7,600.5,984.9,648.95,0
580,19311,2260236,998.2,697.3,971.6,600.4,984.9,648.85,0
580,19312,2260237,998.2,697.2,971.6,600.3,984.9,648.75,0
580,19313,2260238,998.3,697.2,971.5,600.2,984.9,648.7,0
580,19314,2260239,998.3,697.1,971.2,599.7,984.75,648.4,0
580,19315,2260240,998.3,697.1,971.0,599.2,984.65,648.15,0
580,19316,2260241,998.4,697.0,970.9,598.7,984.65,647.85,0
580,19317,2260242,998.5,697.0,971.0,598.3,984.75,647.65,0
580,19318,2260243,998.5,696.9,971.1,597.8,984.8,647.35,0
580,19319,2260244,998.6,696.9,971.2,597.5,984.9,647.2,0
580,19320,2260245,998.6,696.7,971.4,597.7,985.0,647.2,0
580,19321,2260246,998.6,696.4,971.6,598.2,985.1,647.3,0
580,19322,2260247,998.6,696.2,971.8,598.7,985.2,647.45,0
580,19323,2260248,998.6,696.0,972.0,599.1,985.3,647.55,0
580,19324,2260249,998.5,695.8,971.9,599.5,985.2,647.65,0
580,19325,2260250,998.4,695.5,971.8,599.8,985.1,647.65,0
580,19326,2260251,998.4,695.3,971.7,600.0,985.05,647.65,0
580,19327,2260252,998.3,695.2,971.6,599.8,984.95,647.5,0
580,19328,2260253,998.2,695.1,971.6,599.5,984.9,647.3,0
580,19329,2260254,998.0,695.0,971.5,599.2,984.75,647.1,0
580,19330,2260255,997.9,694.9,971.5,598.9,984.7,646.9,0
580,19331,2260256,997.9,694.9,971.5,598.6,984.7,646.75,0
580,19332,2260257,997.9,694.9,971.5,598.5,984.7,646.7,0
580,19333,2260258,998.0,694.9,971.5,598.3,984.75,646.6,0
581,19334,2260259,998.1,694.8,971.5,598.1,984.8,646.45,0
581,19335,2260260,998.1,694.9,971.5,598.0,984.8,646.45,0
581,19336,2260261,998.2,694.9,971.7,598.1,984.95,646.5,0
581,19337,2260262,998.2,694.9,971.8,598.1,985.0,646.5,0
581,19338,2260263,998.2,694.9,971.9,598.2,985.05,646.55,0
581,19339,2260264,998.0,694.9,972.0,598.1,985.0,646.5,0
581,19340,2260265,997.8,694.9,972.1,598.0,984.95,646.45,0
581,19341,2260266,997.5,694.9,972.2,597.9,984.85,646.4,0
581,19342,2260267,997.2,694.8,972.3,597.7,984.75,646.25,0
581,19343,2260268,996.9,694.7,972.4,597.3,984.65,646.0,0
581,19344,2260269,996.6,694.6,972.5,597.0,984.55,645.8,0
581,19345,2260270,996.3,694.5,972.7,596.7,984.5,645.6,0
581,19346,2260271,996.2,694.3,972.8,596.5,984.5,645.4,0
581,19347,2260272,996.2,694.1,973.0,596.3,984.6,645.2,0
581,19348,2260273,996.3,694.0,973.1,596.2,984.7,645.1,0
581,19349,2260274,996.4,693.8,973.2,596.1,984.8,644.95,0
581,19350,2260275,996.7,693.6,973.2,596.0,984.95,644.8,0
581,19351,2260276,996.9,693.4,973.1,596.0,985.0,644.7,0
581,19352,2260277,997.1,693.1,973.1,595.8,985.1,644.45,0
581,19353,2260278,997.2,692.9,973.1,595.6,985.15,644.25,0
581,19354,2260279,997.3,692.9,973.0,595.4,985.15,644.15,0
581,19355,2260280,997.4,692.9,973.0,595.2,985.2,644.05,0
581,19356,2260281,997.4,692.9,973.0,595.0,985.2,643.95,0
581,19357,2260282,997.2,693.0,972.9,595.1,985.05,644.05,0
581,19358,2260283,996.9,693.1,972.9,595.0,984.9,644.05,0
581,19359,2260284,996.7,693.2,972.9,594.9,984.8,644.05,0
581,19360,2260285,996.6,693.2,972.9,594.9,984.75,644.05,0
581,19361,2260286,996.5,693.1,973.0,594.8,984.75,643.95,0
581,19362,2260287,996.4,692.9,973.0,594.8,984.7,643.85,0
581,19363,2260288,996.4,692.6,973.1,594.7,984.75,643.65,0
581,19364,2260289,996.4,692.3,973.1,594.5,984.75,643.4,0
581,19365,2260290,996.5,692.1,973.5,594.4,985.0,643.25,0
581,19366,2260291,996.6,691.9,973.9,594.0,985.25,642.95,0
582,19367,2260292,996.5,691.8,974.2,593.5,985.35,642.65,0
582,19368,2260293,996.4,691.7,974.5,593.1,985.45,642.4,0
582,19369,2260294,996.4,691.6,974.7,592.7,985.55,642.15,0
582,19370,2260295,996.4,691.5,974.8,592.3,985.6,641.9,0
582,19371,2260296,996.4,691.1,974.9,591.9,985.65,641.5,0
582,19372,2260297,996.5,690.7,974.7,591.5,985.6,641.1,0
582,19373,2260298,996.6,690.3,974.5,591.5,985.55,640.9,0
582,19374,2260299,996.8,689.9,974.3,591.5,985.55,640.7,0
582,19375,2260300,996.7,689.4,974.2,591.4,985.45,640.4,0
582,19376,2260301,996.6,689.0,974.1,591.2,985.35,640.1,0
582,19377,2260302,996.5,688.7,974.0,591.1,985.25,639.9,0
582,19378,2260303,996.4,688.6,973.8,590.9,985.1,639.75,0
582,19379,2260304,996.1,688.3,973.6,590.6,984.85,639.45,0
582,19380,2260305,995.8,688.0,973.3,590.4,984.55,639.2,0
582,19381,2260306,995.5,687.7,972.9,590.2,984.2,638.95,0
582,19382,2260307,995.4,687.5,972.6,589.9,984.0,638.7,0
582,19383,2260308,995.2,687.3,972.2,589.6,983.7,638.45,0
582,19384,2260309,995.1,687.2,971.9,589.3,983.5,638.25,0
582,19385,2260310,994.9,687.0,971.7,588.9,983.3,637.95,0
582,19386,2260311,994.9,687.1,971.5,588.4,983.2,637.75,0
582,19387,2260312,994.8,687.1,971.4,588.0,983.1,637.55,0
582,19388,2260313,994.8,687.1,971.3,587.5,983.05,637.3,0
582,19389,2260314,994.8,687.1,971.3,587.1,983.05,637.1,0
582,19390,2260315,994.8,687.1,971.3,586.7,983.05,636.9,0
582,19391,2260316,994.8,687.1,971.2,586.4,983.0,636.75,0
582,19392,2260317,994.9,687.2,971.2,586.1,983.05,636.65,0
582,19393,2260318,994.9,687.3,971.2,585.9,983.05,636.6,0
582,19394,2260319,994.9,687.3,971.2,585.7,983.05,636.5,0
582,19395,2260320,994.9,687.4,971.0,585.6,982.95,636.5,0
582,19396,2260321,994.9,687.4,970.9,585.5,982.9,636.45,0
582,19397,2260322,994.8,687.4,970.8,585.5,982.8,636.45,0
582,19398,2260323,994.8,687.4,970.6,585.4,982.7,636.4,0
582,19399,2260324,994.8,687.3,970.4,585.3,982.6,636.3,0
582,19400,2260325,994.9,687.2,970.1,585.2,982.5,636.2,0
583,19401,2260326,994.9,687.1,969.9,585.1,982.4,636.1,0
583,19402,2260327,995.0,687.1,969.8,585.0,982.4,636.05,0
583,19403,2260328,995.0,687.1,969.7,584.8,982.35,635.95,0
583,19404,2260329,995.0,687.1,969.5,584.5,982.25,635.8,0
583,19405,2260330,995.1,687.1,969.2,584.3,982.15,635.7,0
583,19406,2260331,995.1,687.1,969.0,584.2,982.05,635.65,0
583,19407,2260332,995.0,687.3,968.9,584.2,981.95,635.75,0
583,19408,2260333,995.0,687.4,968.8,584.2,981.9,635.8,0
583,19409,2260334,995.0,687.5,968.7,584.2,981.85,635.85,0
583,19410,2260335,994.9,687.6,968.6,584.3,981.75,635.95,0
583,19411,2260336,994.8,687.7,968.7,584.3,981.75,636.0,0
583,19412,2260337,994.7,687.8,968.7,584.3,981.7,636.05,0
583,19413,2260338,994.5,687.9,968.6,584.3,981.55,636.1,0
583,19414,2260339,994.4,687.9,968.4,584.2,981.4,636.05,0
583,19415,2260340,994.2,687.8,968.2,584.1,981.2,635.95,0
583,19416,2260341,994.1,687.7,967.8,584.1,980.95,635.9,0
583,19417,2260342,994.2,687.5,967.4,584.0,980.8,635.75,0
583,19418,2260343,994.2,687.3,967.1,583.9,980.65,635.6,0
583,19419,2260344,994.3,687.1,966.8,583.8,980.55,635.45,0
583,19420,2260345,994.5,686.9,966.7,583.7,980.6,635.3,0
583,19421,2260346,994.6,686.7,966.6,583.8,980.6,635.25,0
583,19422,2260347,994.8,686.6,966.5,583.8,980.65,635.2,0
583,19423,2260348,994.9,686.6,966.5,583.8,980.7,635.2,0
583,19424,2260349,994.9,686.6,966.4,583.7,980.65,635.15,0
583,19425,2260350,994.6,686.6,966.3,583.4,980.45,635.0,0
583,19426,2260351,994.3,686.7,966.2,583.0,980.25,634.85,0
583,19427,2260352,994.0,687.0,966.1,582.6,980.05,634.8,0
583,19428,2260353,993.7,687.2,966.0,582.1,979.85,634.65,0
583,19429,2260354,993.5,687.5,965.9,581.6,979.7,634.55,0
583,19430,2260355,993.2,688.0,965.9,581.1,979.55,634.55,0
583,19431,2260356,992.9,688.4,966.0,580.8,979.45,634.6,0
583,19432,2260357,992.9,688.9,966.1,580.8,979.5,634.85,0
583,19433,2260358,992.9,688.8,966.2,580.9,979.55,634.85,0
584,19434,2260359,992.9,688.6,966.2,581.0,979.55,634.8,0
584,19435,2260360,992.9,688.4,966.3,581.1,979.6,634.75,0
584,19436,2260361,992.7,688.2,966.5,581.3,979.6,634.75,0
584,19437,2260362,992.5,688.1,966.5,581.5,979.5,634.8,0
584,19438,2260363,992.3,687.9,966.7,581.5,979.5,634.7,0
584,19439,2260364,992.1,687.8,966.8,581.5,979.45,634.65,0
584,19440,2260365,991.9,688.4,967.0,581.5,979.45,634.95,0
584,19441,2260366,991.7,689.0,967.2,581.4,979.45,635.2,0
584,19442,2260367,991.5,689.5,967.4,581.2,979.45,635.35,0
584,19443,2260368,991.5,690.1,967.5,581.1,979.5,635.6,0
584,19444,2260369,991.5,690.6,967.6,581.0,979.55,635.8,0
584,19445,2260370,991.5,691.0,967.6,580.9,979.55,635.95,0
584,19446,2260371,991.6,691.4,967.5,580.8,979.55,636.1,0
584,19447,2260372,991.6,691.5,967.5,580.8,979.55,636.15,0
584,19448,2260373,991.6,691.4,967.4,580.6,979.5,636.0,0
584,19449,2260374,991.5,691.3,967.4,580.4,979.45,635.85,0
584,19450,2260375,991.3,691.1,967.3,580.2,979.3,635.65,0
584,19451,2260376,991.2,690.8,967.3,580.1,979.25,635.45,0
584,19452,2260377,991.0,690.5,967.3,579.8,979.15,635.15,0
584,19453,2260378,990.8,690.3,967.3,579.7,979.05,635.0,0
584,19454,2260379,990.5,690.2,967.4,579.5,978.95,634.85,0
584,19455,2260380,990.4,690.3,967.4,579.4,978.9,634.85,0
584,19456,2260381,990.3,690.3,967.5,579.3,978.9,634.8,0
584,19457,2260382,990.2,690.5,967.4,579.2,978.8,634.85,0
584,19458,2260383,990.1,690.8,967.4,579.1,978.75,634.95,0
584,19459,2260384,989.9,691.0,967.4,579.0,978.65,635.0,0
584,19460,2260385,989.8,691.3,967.4,578.5,978.6,634.9,0
584,19461,2260386,989.7,691.5,967.4,578.0,978.55,634.75,0
584,19462,2260387,989.7,691.6,967.3,577.6,978.5,634.6,0
584,19463,2260388,989.7,691.8,967.3,577.3,978.5,634.55,0
584,19464,2260389,989.7,691.7,967.4,577.1,978.55,634.4,0
584,19465,2260390,989.8,691.5,967.4,577.0,978.6,634.25,0
584,19466,2260391,989.8,691.2,967.4,576.8,978.6,634.0,0
585,19467,2260392,989.9,691.0,967.7,576.9,978.8,633.95,0
585,19468,2260393,990.0,690.7,968.1,576.8,979.05,633.75,0
585,19469,2260394,990.0,690.5,968.3,576.4,979.15,633.45,0
585,19470,2260395,990.1,690.2,968.5,575.6,979.3,632.9,0
585,19471,2260396,990.1,690.2,968.6,574.7,979.35,632.45,0
585,19472,2260397,990.2,690.2,968.7,573.9,979.45,632.05,0
585,19473,2260398,990.2,690.2,968.9,573.3,979.55,631.75,0
585,19474,2260399,990.3,690.3,968.7,572.9,979.5,631.6,0
585,19475,2260400,990.3,690.4,968.5,572.8,979.4,631.6,0
585,19476,2260401,990.1,690.5,968.4,572.9,979.25,631.7,0
585,19477,2260402,989.9,690.6,968.3,573.4,979.1,632.0,0
585,19478,2260403,989.7,690.7,968.3,574.0,979.0,632.35,0
585,19479,2260404,989.5,690.9,968.2,574.6,978.85,632.75,0
585,19480,2260405,989.4,691.2,968.2,575.1,978.8,633.15,0
585,19481,2260406,989.2,691.4,968.1,575.4,978.65,633.4,0
585,19482,2260407,989.1,691.7,968.0,575.7,978.55,633.7,0
585,19483,2260408,989.1,691.9,967.8,576.0,978.45,633.95,0
585,19484,2260409,989.2,692.0,967.6,576.1,978.4,634.05,0
585,19485,2260410,989.4,692.1,967.5,576.2,978.45,634.15,0
585,19486,2260411,989.6,692.1,967.5,576.3,978.55,634.2,0
585,19487,2260412,989.7,692.1,967.4,576.5,978.55,634.3,0
585,19488,2260413,989.8,692.1,967.3,577.0,978.55,634.55,0
585,19489,2260414,989.8,691.9,967.0,577.6,978.4,634.75,0
585,19490,2260415,989.6,691.7,966.8,578.5,978.2,635.1,0
585,19491,2260416,989.4,691.5,966.5,579.3,977.95,635.4,0
585,19492,2260417,989.0,691.3,966.1,580.2,977.55,635.75,0
585,19493,2260418,988.7,691.1,965.8,581.0,977.25,636.05,0
585,19494,2260419,988.3,690.9,965.4,581.7,976.85,636.3,0
585,19495,2260420,988.1,690.8,965.1,582.5,976.6,636.65,0
585,19496,2260421,988.0,690.8,965.1,583.6,976.55,637.2,0
585,19497,2260422,987.9,691.1,965.1,584.3,976.5,637.7,0
585,19498,2260423,987.9,691.3,965.1,585.2,976.5,638.25,0
585,19499,2260424,987.9,691.6,965.0,586.3,976.45,638.95,0
585,19500,2260425,987.9,691.9,964.6,587.5,976.25,639.7,0
586,19501,2260426,987.9,692.2,964.2,588.6,976.05,640.4,0
586,19502,2260427,987.9,692.5,963.8,589.4,975.85,640.95,0
586,19503,2260428,987.8,692.6,963.2,590.0,975.5,641.3,0
586,19504,2260429,987.8,692.5,962.7,590.5,975.25,641.5,0
586,19505,2260430,987.7,692.5,962.2,591.0,974.95,641.75,0
586,19506,2260431,987.5,692.3,961.8,591.2,974.65,641.75,0
586,19507,2260432,987.4,692.2,961.7,591.4,974.55,641.8,0
586,19508,2260433,987.3,691.9,961.5,591.5,974.4,641.7,0
586,19509,2260434,987.1,691.6,960.9,591.5,974.0,641.55,0
586,19510,2260435,987.0,691.4,960.3,591.6,973.65,641.5,0
586,19511,2260436,986.8,691.1,959.7,591.7,973.25,641.4,0
586,19512,2260437,986.6,691.0,958.9,591.7,972.75,641.35,0
586,19513,2260438,986.4,690.9,958.2,591.8,972.3,641.35,0
586,19514,2260439,986.0,690.8,957.5,592.0,971.75,641.4,0
586,19515,2260440,985.6,691.0,957.0,592.3,971.3,641.65,0
586,19516,2260441,985.3,691.1,956.7,592.9,971.0,642.0,0
586,19517,2260442,985.0,691.3,956.6,593.6,970.8,642.45,0
586,19518,2260443,984.7,691.5,956.4,594.3,970.55,642.9,0
586,19519,2260444,984.5,691.7,956.3,595.1,970.4,643.4,0
586,19520,2260445,984.4,691.8,955.8,595.8,970.1,643.8,0
586,19521,2260446,984.5,691.9,955.3,596.5,969.9,644.2,0
586,19522,2260447,984.6,692.1,954.9,597.3,969.75,644.7,0
586,19523,2260448,984.8,692.3,954.6,597.6,969.7,644.95,0
586,19524,2260449,985.0,692.5,954.1,598.4,969.55,645.45,0
586,19525,2260450,985.2,692.7,953.6,599.3,969.4,646.0,0
586,19526,2260451,985.4,692.7,953.2,599.9,969.3,646.3,0
586,19527,2260452,985.5,692.7,953.2,600.5,969.35,646.6,0
586,19528,2260453,985.4,692.7,953.3,601.4,969.35,647.05,0
586,19529,2260454,985.4,692.8,953.3,602.3,969.35,647.55,0
586,19530,2260455,985.4,692.8,953.3,603.1,969.35,647.95,0
586,19531,2260456,985.3,692.8,953.1,603.5,969.2,648.15,0
586,19532,2260457,985.4,692.9,953.0,603.9,969.2,648.4,0
586,19533,2260458,985.4,693.1,952.9,604.6,969.15,648.85,0
587,19534,2260459,985.5,693.3,952.7,605.4,969.1,649.35,0
587,19535,2260460,985.6,693.5,952.4,605.8,969.0,649.65,0
587,19536,2260461,985.5,693.6,952.2,606.6,968.85,650.1,0
587,19537,2260462,985.3,693.7,951.9,607.4,968.6,650.55,0
587,19538,2260463,985.1,693.8,951.8,608.1,968.45,650.95,0
587,19539,2260464,984.7,693.9,951.9,608.7,968.3,651.3,0
587,19540,2260465,984.3,693.9,952.0,609.1,968.15,651.5,0
587,19541,2260466,983.9,694.0,952.1,609.4,968.0,651.7,0
587,19542,2260467,983.6,694.0,952.2,609.8,967.9,651.9,0
587,19543,2260468,983.5,693.9,952.4,609.9,967.95,651.9,0
587,19544,2260469,983.5,693.8,952.6,610.0,968.05,651.9,0
587,19545,2260470,983.5,693.6,952.7,610.1,968.1,651.85,0
587,19546,2260471,983.6,693.2,952.7,610.3,968.15,651.75,0
587,19547,2260472,983.5,692.9,952.7,610.9,968.1,651.9,0
587,19548,2260473,983.3,692.6,952.6,611.4,967.95,652.0,0
587,19549,2260474,983.2,692.2,952.6,611.9,967.9,652.05,0
587,19550,2260475,983.0,692.0,952.5,612.4,967.75,652.2,0
587,19551,2260476,982.7,691.9,952.4,612.8,967.55,652.35,0
587,19552,2260477,982.6,691.9,952.4,613.3,967.5,652.6,0
587,19553,2260478,982.4,692.0,952.5,613.9,967.45,652.95,0
587,19554,2260479,982.4,692.2,952.6,614.2,967.5,653.2,0
587,19555,2260480,982.4,692.3,952.7,614.4,967.55,653.35,0
587,19556,2260481,982.5,692.5,952.8,614.6,967.65,653.55,0
587,19557,2260482,982.5,692.6,953.2,614.6,967.85,653.6,0
587,19558,2260483,982.7,692.7,953.5,614.6,968.1,653.65,0
587,19559,2260484,982.9,692.8,953.7,614.5,968.3,653.65,0
587,19560,2260485,983.2,692.9,954.0,614.3,968.6,653.6,0
587,19561,2260486,983.5,692.9,954.2,614.2,968.85,653.55,0
587,19562,2260487,983.8,693.0,954.5,614.2,969.15,653.6,0
587,19563,2260488,984.1,693.2,954.7,614.2,969.4,653.7,0
587,19564,2260489,984.4,693.5,954.8,614.6,969.6,654.05,0
587,19565,2260490,984.7,693.8,954.8,614.9,969.75,654.35,0
587,19566,2260491,984.8,694.1,955.0,615.4,969.9,654.75,0
588,19567,2260492,984.9,694.4,955.2,615.9,970.05,655.15,0
588,19568,2260493,984.7,694.7,955.4,616.3,970.05,655.5,0
588,19569,2260494,984.6,694.9,955.7,616.8,970.15,655.85,0
588,19570,2260495,984.4,695.1,956.0,617.2,970.2,656.15,0
588,19571,2260496,984.2,695.1,956.2,617.6,970.2,656.35,0
588,19572,2260497,984.0,695.1,956.3,617.9,970.15,656.5,0
588,19573,2260498,983.7,695.1,956.3,618.1,970.0,656.6,0
588,19574,2260499,983.4,695.0,956.2,617.9,969.8,656.45,0
588,19575,2260500,983.4,695.0,956.1,617.6,969.75,656.3,0
588,19576,2260501,983.5,695.0,955.9,617.3,969.7,656.15,0
588,19577,2260502,983.8,694.9,955.7,616.9,969.75,655.9,0
588,19578,2260503,984.1,694.9,955.5,616.5,969.8,655.7,0
588,19579,2260504,984.4,694.9,955.4,616.0,969.9,655.45,0
588,19580,2260505,984.4,695.0,955.4,615.5,969.9,655.25,0
588,19581,2260506,984.3,695.0,955.5,615.3,969.9,655.15,0
588,19582,2260507,984.1,695.1,955.5,615.2,969.8,655.15,0
588,19583,2260508,983.9,695.2,955.5,615.0,969.7,655.1,0
588,19584,2260509,983.3,695.3,955.5,614.8,969.4,655.05,0
588,19585,2260510,982.7,695.3,955.5,614.6,969.1,654.95,0
588,19586,2260511,982.1,695.4,955.4,614.5,968.75,654.95,0
588,19587,2260512,981.8,695.5,955.4,614.4,968.6,654.95,0
588,19588,2260513,981.6,695.5,955.4,614.3,968.5,654.9,0
588,19589,2260514,981.4,695.6,955.5,614.2,968.45,654.9,0
588,19590,2260515,981.3,695.6,955.6,614.0,968.45,654.8,0
588,19591,2260516,981.1,695.6,955.7,613.5,968.4,654.55,0
588,19592,2260517,981.0,695.8,955.8,612.9,968.4,654.35,0
588,19593,2260518,980.8,696.3,955.8,612.4,968.3,654.35,0
588,19594,2260519,980.7,696.8,955.9,611.8,968.3,654.3,0
588,19595,2260520,980.7,697.3,955.9,611.3,968.3,654.3,0
588,19596,2260521,980.5,697.8,956.0,610.9,968.25,654.35,0
588,19597,2260522,980.4,698.3,956.0,610.5,968.2,654.4,0
588,19598,2260523,980.0,698.9,956.0,610.5,968.0,654.7,0
588,19599,2260524,979.6,699.2,956.0,610.5,967.8,654.85,0
588,19600,2260525,979.3,699.3,955.8,610.3,967.55,654.8,0
589,19601,2260526,979.0,699.3,955.6,610.1,967.3,654.7,0
589,19602,2260527,978.6,699.5,955.4,609.8,967.0,654.65,0
589,19603,2260528,978.3,699.6,955.0,609.5,966.65,654.55,0
589,19604,2260529,978.0,699.8,954.6,609.2,966.3,654.5,0
589,19605,2260530,978.0,700.0,954.3,608.9,966.15,654.45,0
589,19606,2260531,978.0,700.2,954.1,608.7,966.05,654.45,0
589,19607,2260532,978.0,700.5,954.1,608.6,966.05,654.55,0
589,19608,2260533,978.1,700.7,954.0,608.7,966.05,654.7,0
589,19609,2260534,978.4,700.8,954.0,608.8,966.2,654.8,0
589,19610,2260535,978.6,701.0,954.1,608.9,966.35,654.95,0
589,19611,2260536,978.9,701.2,954.2,609.0,966.55,655.1,0
589,19612,2260537,979.2,701.4,954.3,609.1,966.75,655.25,0
589,19613,2260538,979.4,701.5,954.2,609.2,966.8,655.35,0
589,19614,2260539,979.5,701.6,954.2,609.2,966.85,655.4,0
589,19615,2260540,979.5,701.8,954.2,609.2,966.85,655.5,0
589,19616,2260541,979.4,701.9,954.1,609.2,966.75,655.55,0
589,19617,2260542,979.2,702.0,954.1,609.1,966.65,655.55,0
589,19618,2260543,979.0,702.1,954.1,609.1,966.55,655.6,0
589,19619,2260544,978.7,702.2,953.8,609.1,966.25,655.65,0
589,19620,2260545,978.5,702.4,953.5,608.9,966.0,655.65,0
589,19621,2260546,978.2,702.5,953.1,608.9,965.65,655.7,0
589,19622,2260547,978.1,702.6,952.7,608.8,965.4,655.7,0
589,19623,2260548,977.9,702.6,952.3,608.8,965.1,655.7,0
589,19624,2260549,977.9,702.6,951.8,608.8,964.85,655.7,0
589,19625,2260550,977.9,702.4,951.2,608.9,964.55,655.65,0
589,19626,2260551,978.1,702.4,951.0,609.1,964.55,655.75,0
589,19627,2260552,978.2,702.4,950.7,609.3,964.45,655.85,0
589,19628,2260553,978.4,702.6,950.5,609.3,964.45,655.95,0
589,19629,2260554,978.5,702.9,950.4,609.0,964.45,655.95,0
589,19630,2260555,978.7,703.3,950.5,608.7,964.6,656.0,0
589,19631,2260556,978.8,703.6,950.5,608.4,964.65,656.0,0
589,19632,2260557,979.1,703.9,950.6,607.9,964.85,655.9,0
589,19633,2260558,979.5,704.0,950.7,607.5,965.1,655.75,0
590,19634,2260559,979.9,704.0,950.7,607.1,965.3,655.55,0
590,19635,2260560,980.3,703.7,950.6,606.8,965.45,655.25,0
590,19636,2260561,980.7,703.4,950.5,606.8,965.6,655.1,0
590,19637,2260562,981.0,703.1,950.4,606.9,965.7,655.0,0
590,19638,2260563,981.2,703.1,950.4,606.9,965.8,655.0,0
590,19639,2260564,981.2,703.2,950.3,607.0,965.75,655.1,0
590,19640,2260565,981.0,703.4,950.2,607.1,965.6,655.25,0
590,19641,2260566,980.7,703.6,950.2,607.2,965.45,655.4,0
590,19642,2260567,980.3,703.8,950.2,607.3,965.25,655.55,0
590,19643,2260568,979.9,704.1,950.2,607.4,965.05,655.75,0
590,19644,2260569,979.6,704.3,950.1,607.5,964.85,655.9,0
590,19645,2260570,979.2,704.4,949.7,607.6,964.45,656.0,0
590,19646,2260571,978.8,704.5,949.4,607.6,964.1,656.05,0
590,19647,2260572,978.3,704.6,949.1,607.5,963.7,656.05,0
590,19648,2260573,978.0,704.8,948.8,607.3,963.4,656.05,0
590,19649,2260574,977.6,704.9,948.6,607.2,963.1,656.05,0
590,19650,2260575,977.2,705.0,948.5,606.9,962.85,655.95,0
590,19651,2260576,976.7,705.0,948.5,606.7,962.6,655.85,0
590,19652,2260577,976.4,704.9,948.7,606.6,962.55,655.75,0
590,19653,2260578,975.9,704.8,949.2,606.6,962.55,655.7,0
590,19654,2260579,975.5,704.8,949.7,606.8,962.6,655.8,0
590,19655,2260580,975.1,704.8,950.1,607.0,962.6,655.9,0
590,19656,2260581,974.8,704.8,950.5,607.3,962.65,656.05,0
590,19657,2260582,974.6,704.9,950.8,607.9,962.7,656.4,0
590,19658,2260583,974.5,705.0,950.9,608.5,962.7,656.75,0
590,19659,2260584,974.4,705.2,950.9,609.1,962.65,657.15,0
590,19660,2260585,974.6,705.3,950.6,609.5,962.6,657.4,0
590,19661,2260586,974.9,705.5,950.4,609.9,962.65,657.7,0
590,19662,2260587,975.1,705.6,950.1,610.3,962.6,657.95,0
590,19663,2260588,975.4,705.6,949.9,610.5,962.65,658.05,0
590,19664,2260589,975.9,705.7,949.5,610.4,962.7,658.05,0
590,19665,2260590,976.4,705.7,949.3,610.0,962.85,657.85,0
590,19666,2260591,976.8,705.4,948.9,609.7,962.85,657.55,0
591,19667,2260592,977.0,705.1,948.5,609.3,962.75,657.2,0
591,19668,2260593,977.0,704.8,948.2,609.0,962.6,656.9,0
591,19669,2260594,977.0,704.6,947.8,608.7,962.4,656.65,0
591,19670,2260595,977.0,704.4,947.4,608.6,962.2,656.5,0
591,19671,2260596,976.8,704.2,947.2,608.6,962.0,656.4,0
591,19672,2260597,976.6,704.0,947.0,608.7,961.8,656.35,0
591,19673,2260598,976.4,704.3,946.9,608.8,961.65,656.55,0
591,19674,2260599,976.1,704.5,946.9,609.0,961.5,656.75,0
591,19675,2260600,975.9,704.8,946.8,609.2,961.35,657.0,0
591,19676,2260601,975.8,705.1,946.7,609.4,961.25,657.25,0
591,19677,2260602,975.6,705.4,946.7,609.3,961.15,657.35,0
591,19678,2260603,975.4,706.0,946.5,609.3,960.95,657.65,0
591,19679,2260604,975.2,706.7,946.3,609.5,960.75,658.1,0
591,19680,2260605,975.0,707.1,946.1,609.8,960.55,658.45,0
591,19681,2260606,974.9,707.6,945.9,610.0,960.4,658.8,0
591,19682,2260607,974.8,707.9,946.0,610.2,960.4,659.05,0
591,19683,2260608,974.6,708.1,946.1,610.6,960.35,659.35,0
591,19684,2260609,974.5,708.1,946.2,611.2,960.35,659.65,0
591,19685,2260610,974.3,707.8,946.5,611.7,960.4,659.75,0
591,19686,2260611,974.2,707.3,946.9,612.1,960.55,659.7,0
591,19687,2260612,974.1,706.7,947.2,612.0,960.65,659.35,0
591,19688,2260613,974.1,706.2,947.4,612.0,960.75,659.1,0
591,19689,2260614,974.1,705.8,947.4,611.9,960.75,658.85,0
591,19690,2260615,974.2,705.4,947.3,611.6,960.75,658.5,0
591,19691,2260616,974.2,705.1,947.3,611.3,960.75,658.2,0
591,19692,2260617,974.3,704.7,947.3,610.9,960.8,657.8,0
591,19693,2260618,974.3,704.7,947.2,610.6,960.75,657.65,0
591,19694,2260619,974.4,704.8,947.1,610.8,960.75,657.8,0
591,19695,2260620,974.4,705.0,946.8,611.3,960.6,658.15,0
591,19696,2260621,974.3,705.2,946.5,611.8,960.4,658.5,0
591,19697,2260622,974.3,705.5,946.1,612.2,960.2,658.85,0
591,19698,2260623,974.3,705.8,945.8,612.5,960.05,659.15,0
591,19699,2260624,974.3,706.2,945.4,612.8,959.85,659.5,0
591,19700,2260625,974.3,706.4,945.0,613.0,959.65,659.7,0
592,19701,2260626,974.2,706.7,944.7,613.2,959.45,659.95,0
592,19702,2260627,974.2,706.8,944.7,613.1,959.45,659.95,0
592,19703,2260628,974.2,706.9,944.7,613.0,959.45,659.95,0
592,19704,2260629,974.1,706.9,944.6,612.9,959.35,659.9,0
592,19705,2260630,974.0,706.9,944.6,612.8,959.3,659.85,0
592,19706,2260631,973.9,706.9,944.6,612.7,959.25,659.8,0
592,19707,2260632,973.8,706.9,944.5,612.5,959.15,659.7,0
592,19708,2260633,973.7,706.8,944.5,612.3,959.1,659.55,0
592,19709,2260634,973.7,706.8,944.5,612.0,959.1,659.4,0
592,19710,2260635,973.7,706.8,944.5,611.7,959.1,659.25,0
592,19711,2260636,973.7,707.1,944.6,611.5,959.15,659.3,0
592,19712,2260637,973.7,707.4,944.7,611.4,959.2,659.4,0
592,19713,2260638,973.6,707.7,944.9,611.3,959.25,659.5,0
592,19714,2260639,973.6,708.0,945.0,611.1,959.3,659.55,0
592,19715,2260640,973.6,708.3,945.1,611.0,959.35,659.65,0
592,19716,2260641,973.5,708.6,945.1,610.9,959.3,659.75,0
592,19717,2260642,973.3,708.9,945.2,610.8,959.25,659.85,0
592,19718,2260643,973.2,709.1,945.2,610.7,959.2,659.9,0
592,19719,2260644,973.2,709.6,945.2,610.6,959.2,660.1,0
592,19720,2260645,973.1,710.0,945.2,610.6,959.15,660.3,0
592,19721,2260646,973.0,710.4,945.1,610.5,959.05,660.45,0
592,19722,2260647,972.9,710.8,945.1,610.7,959.0,660.75,0
592,19723,2260648,972.8,711.2,945.2,610.9,959.0,661.05,0
592,19724,2260649,972.8,711.6,945.2,611.1,959.0,661.35,0
592,19725,2260650,972.8,711.8,945.2,611.2,959.0,661.5,0
592,19726,2260651,972.8,711.8,945.2,611.3,959.0,661.55,0
592,19727,2260652,972.8,711.7,945.1,611.4,958.95,661.55,0
592,19728,2260653,972.9,711.5,944.8,611.3,958.85,661.4,0
592,19729,2260654,972.9,711.3,944.6,611.1,958.75,661.2,0
592,19730,2260655,973.0,711.1,944.3,610.8,958.65,660.95,0
592,19731,2260656,973.1,710.9,944.1,610.4,958.6,660.65,0
592,19732,2260657,973.1,710.7,944.1,609.9,958.6,660.3,0
592,19733,2260658,973.1,710.6,944.1,609.5,958.6,660.05,0
593,19734,2260659,972.9,710.6,944.1,609.0,958.5,659.8,0
593,19735,2260660,972.8,710.5,944.2,608.6,958.5,659.55,0
593,19736,2260661,972.3,710.6,944.2,608.2,958.25,659.4,0
593,19737,2260662,971.9,710.6,944.2,607.9,958.05,659.25,0
593,19738,2260663,971.4,710.7,944.0,607.7,957.7,659.2,0
593,19739,2260664,971.0,711.0,943.7,607.6,957.35,659.3,0
593,19740,2260665,970.6,711.3,943.4,607.5,957.0,659.4,0
593,19741,2260666,970.3,711.6,943.2,607.6,956.75,659.6,0
593,19742,2260667,970.0,712.3,943.1,607.6,956.55,659.95,0
593,19743,2260668,970.0,713.0,943.1,607.6,956.55,660.3,0
593,19744,2260669,969.9,713.6,943.3,607.6,956.6,660.6,0
593,19745,2260670,969.9,714.3,943.7,607.6,956.8,660.95,0
593,19746,2260671,969.9,714.7,944.0,608.0,956.95,661.35,0
593,19747,2260672,970.1,715.0,944.4,608.4,957.25,661.7,0
593,19748,2260673,970.2,715.3,944.8,608.8,957.5,662.05,0
593,19749,2260674,970.4,715.0,945.1,609.1,957.75,662.05,0
593,19750,2260675,970.7,714.7,945.2,609.5,957.95,662.1,0
593,19751,2260676,971.0,714.4,945.2,609.8,958.1,662.1,0
593,19752,2260677,971.4,714.2,945.0,610.1,958.2,662.15,0
593,19753,2260678,971.8,714.0,944.9,610.0,958.35,662.0,0
593,19754,2260679,972.1,713.9,944.7,609.7,958.4,661.8,0
593,19755,2260680,972.2,713.8,944.5,609.2,958.35,661.5,0
593,19756,2260681,972.3,713.9,944.2,608.8,958.25,661.35,0
593,19757,2260682,972.3,714.0,944.0,608.3,958.15,661.15,0
593,19758,2260683,972.3,714.1,943.8,607.8,958.05,660.95,0
593,19759,2260684,972.0,714.4,943.7,607.4,957.85,660.9,0
593,19760,2260685,971.8,714.6,943.6,607.0,957.7,660.8,0
593,19761,2260686,971.6,714.9,943.6,606.9,957.6,660.9,0
593,19762,2260687,971.4,715.2,943.5,606.8,957.45,661.0,0
593,19763,2260688,971.3,715.5,943.5,606.5,957.4,661.0,0
593,19764,2260689,970.8,716.2,943.2,606.2,957.0,661.2,0
593,19765,2260690,970.3,716.8,942.9,606.0,956.6,661.4,0
593,19766,2260691,969.9,717.3,942.6,605.6,956.25,661.45,0
594,19767,2260692,969.5,717.8,942.4,605.2,955.95,661.5,0
594,19768,2260693,969.1,718.2,942.2,604.8,955.65,661.5,0
594,19769,2260694,968.7,718.4,942.1,604.5,955.4,661.45,0
594,19770,2260695,968.3,718.7,942.0,604.3,955.15,661.5,0
594,19771,2260696,968.3,718.7,942.1,604.2,955.2,661.45,0
594,19772,2260697,968.6,718.7,942.3,604.2,955.45,661.45,0
594,19773,2260698,968.9,718.7,942.4,604.2,955.65,661.45,0
594,19774,2260699,969.3,718.7,942.5,604.3,955.9,661.5,0
594,19775,2260700,969.6,718.8,942.5,604.4,956.05,661.6,0
594,19776,2260701,970.0,718.9,942.5,604.6,956.25,661.75,0
594,19777,2260702,970.3,718.9,942.4,604.8,956.35,661.85,0
594,19778,2260703,970.6,718.8,942.3,605.1,956.45,661.95,0
594,19779,2260704,970.6,718.4,942.1,605.3,956.35,661.85,0
594,19780,2260705,970.6,718.0,942.0,605.3,956.3,661.65,0
594,19781,2260706,970.6,717.7,941.7,605.3,956.15,661.5,0
594,19782,2260707,970.6,717.4,941.5,605.2,956.05,661.3,0
594,19783,2260708,970.6,717.3,941.3,605.1,955.95,661.2,0
594,19784,2260709,970.6,717.3,941.0,604.9,955.8,661.1,0
594,19785,2260710,970.5,717.3,940.9,604.7,955.7,661.0,0
594,19786,2260711,970.5,717.5,940.8,604.6,955.65,661.05,0
594,19787,2260712,970.5,717.7,940.7,605.1,955.6,661.4,0
594,19788,2260713,970.2,717.9,940.6,605.6,955.4,661.75,0
594,19789,2260714,969.8,718.0,940.5,606.2,955.15,662.1,0
594,19790,2260715,969.4,718.0,940.6,606.7,955.0,662.35,0
594,19791,2260716,969.0,717.9,940.7,607.3,954.85,662.6,0
594,19792,2260717,968.7,717.8,940.8,608.0,954.75,662.9,0
594,19793,2260718,968.4,717.7,940.9,608.5,954.65,663.1,0
594,19794,2260719,968.3,717.6,941.0,608.5,954.65,663.05,0
594,19795,2260720,968.5,717.4,940.9,608.5,954.7,662.95,0
594,19796,2260721,968.6,717.2,940.9,608.4,954.75,662.8,0
594,19797,2260722,968.9,717.0,940.7,608.3,954.8,662.65,0
594,19798,2260723,969.2,716.7,940.5,608.2,954.85,662.45,0
594,19799,2260724,969.4,716.4,940.3,608.1,954.85,662.25,0
594,19800,2260725,969.7,716.2,940.1,608.1,954.9,662.15,0
595,19801,2260726,969.7,716.1,940.0,608.2,954.85,662.15,0
595,19802,2260727,969.6,715.9,939.9,608.3,954.75,662.1,0
595,19803,2260728,969.3,715.8,939.8,608.5,954.55,662.15,0
595,19804,2260729,968.8,715.7,939.7,608.8,954.25,662.25,0
595,19805,2260730,968.4,715.6,939.6,609.2,954.0,662.4,0
595,19806,2260731,968.0,715.5,939.5,609.5,953.75,662.5,0
595,19807,2260732,967.6,715.4,939.4,610.2,953.5,662.8,0
595,19808,2260733,967.4,715.3,939.4,610.9,953.4,663.1,0
595,19809,2260734,967.2,715.2,939.3,611.6,953.25,663.4,0
595,19810,2260735,967.3,715.1,939.3,612.1,953.3,663.6,0
595,19811,2260736,967.4,715.0,939.5,612.5,953.45,663.75,0
595,19812,2260737,967.5,714.9,940.0,612.9,953.75,663.9,0
595,19813,2260738,967.6,715.1,940.4,613.3,954.0,664.2,0
595,19814,2260739,967.6,715.2,940.9,613.3,954.25,664.25,0
595,19815,2260740,967.6,715.4,941.4,613.2,954.5,664.3,0
595,19816,2260741,967.7,715.5,941.8,613.1,954.75,664.3,0
595,19817,2260742,967.7,715.7,942.2,612.9,954.95,664.3,0
595,19818,2260743,967.9,715.8,942.4,612.8,955.15,664.3,0
595,19819,2260744,968.0,715.9,942.4,612.6,955.2,664.25,0
595,19820,2260745,968.3,715.7,942.3,612.4,955.3,664.05,0
595,19821,2260746,968.7,715.3,942.3,612.2,955.5,663.75,0
595,19822,2260747,969.0,714.8,942.2,612.1,955.6,663.45,0
595,19823,2260748,969.4,714.4,941.9,612.0,955.65,663.2,0
595,19824,2260749,969.7,714.0,941.6,612.3,955.65,663.15,0
595,19825,2260750,970.0,713.7,941.3,612.7,955.65,663.2,0
595,19826,2260751,970.3,713.3,941.0,613.4,955.65,663.35,0
595,19827,2260752,970.4,713.1,940.6,614.0,955.5,663.55,0
595,19828,2260753,970.5,713.0,940.3,614.6,955.4,663.8,0
595,19829,2260754,970.6,713.0,940.0,615.0,955.3,664.0,0
595,19830,2260755,970.4,713.0,940.0,615.4,955.2,664.2,0
595,19831,2260756,970.2,713.0,939.9,615.4,955.05,664.2,0
595,19832,2260757,970.0,713.0,939.8,615.4,954.9,664.2,0
595,19833,2260758,969.6,713.1,939.7,615.2,954.65,664.15,0
596,19834,2260759,969.2,713.1,939.5,615.1,954.35,664.1,0
596,19835,2260760,968.9,713.3,939.4,615.2,954.15,664.25,0
596,19836,2260761,968.6,713.6,939.1,615.3,953.85,664.45,0
596,19837,2260762,968.3,714.0,938.7,615.6,953.5,664.8,0
596,19838,2260763,968.1,714.3,938.4,615.9,953.25,665.1,0
596,19839,2260764,967.9,714.6,938.0,616.1,952.95,665.35,0
596,19840,2260765,967.8,714.9,937.8,616.3,952.8,665.6,0
596,19841,2260766,967.6,715.2,937.6,616.4,952.6,665.8,0
596,19842,2260767,967.5,715.4,937.4,616.5,952.45,665.95,0
596,19843,2260768,967.4,715.4,937.4,616.7,952.4,666.05,0
596,19844,2260769,967.3,715.0,937.7,616.9,952.5,665.95,0
596,19845,2260770,967.3,714.5,938.0,617.1,952.65,665.8,0
596,19846,2260771,967.3,714.0,938.4,617.5,952.85,665.75,0
596,19847,2260772,967.3,713.5,938.8,617.9,953.05,665.7,0
596,19848,2260773,967.3,712.9,939.5,618.4,953.4,665.65,0
596,19849,2260774,967.4,712.3,940.2,618.8,953.8,665.55,0
596,19850,2260775,967.4,711.7,940.9,619.1,954.15,665.4,0
596,19851,2260776,967.5,711.5,941.5,619.5,954.5,665.5,0
596,19852,2260777,967.7,711.3,942.0,620.0,954.85,665.65,0
596,19853,2260778,967.9,711.0,942.4,620.4,955.15,665.7,0
596,19854,2260779,968.0,710.7,942.9,620.7,955.45,665.7,0
596,19855,2260780,968.1,710.4,943.0,620.9,955.55,665.65,0
596,19856,2260781,968.2,710.0,943.0,621.1,955.6,665.55,0
596,19857,2260782,968.3,709.6,943.1,621.4,955.7,665.5,0
596,19858,2260783,968.6,709.3,943.1,621.6,955.85,665.45,0
596,19859,2260784,968.8,709.0,942.9,621.8,955.85,665.4,0
596,19860,2260785,969.0,708.8,942.7,622.1,955.85,665.45,0
596,19861,2260786,969.2,708.6,942.4,622.4,955.8,665.5,0
596,19862,2260787,969.5,708.6,942.1,622.7,955.8,665.65,0
596,19863,2260788,969.7,708.6,941.8,622.9,955.75,665.75,0
596,19864,2260789,969.9,708.6,941.6,623.2,955.75,665.9,0
596,19865,2260790,969.9,708.7,941.3,623.4,955.6,666.05,0
596,19866,2260791,969.8,708.7,941.3,623.4,955.55,666.05,0
597,19867,2260792,969.7,708.7,941.3,623.4,955.5,666.05,0
597,19868,2260793,969.4,708.7,941.3,623.4,955.35,666.05,0
597,19869,2260794,969.0,708.6,941.2,623.4,955.1,666.0,0
597,19870,2260795,968.7,708.9,941.0,623.6,954.85,666.25,0
597,19871,2260796,968.4,709.2,940.9,623.8,954.65,666.5,0
597,19872,2260797,968.2,709.5,940.7,624.0,954.45,666.75,0
597,19873,2260798,967.9,709.9,940.4,624.1,954.15,667.0,0
597,19874,2260799,967.8,710.3,940.2,624.2,954.0,667.25,0
597,19875,2260800,967.9,710.6,939.9,624.1,953.9,667.35,0
597,19876,2260801,968.0,710.8,939.7,624.1,953.85,667.45,0
597,19877,2260802,968.1,710.7,939.5,623.6,953.8,667.15,0
597,19878,2260803,968.2,710.5,939.4,623.2,953.8,666.85,0
597,19879,2260804,968.0,710.4,939.3,622.2,953.65,666.3,0
597,19880,2260805,967.9,710.3,939.2,621.4,953.55,665.85,0
597,19881,2260806,967.7,710.1,939.1,620.7,953.4,665.4,0
597,19882,2260807,967.5,709.9,939.0,620.2,953.25,665.05,0
597,19883,2260808,967.3,709.7,939.0,619.7,953.15,664.7,0
597,19884,2260809,967.1,709.6,938.9,619.4,953.0,664.5,0
597,19885,2260810,967.1,709.5,938.8,619.2,952.95,664.35,0
597,19886,2260811,967.3,709.3,938.7,619.5,953.0,664.4,0
597,19887,2260812,967.5,709.2,938.7,619.8,953.1,664.5,0
597,19888,2260813,967.7,709.3,938.6,620.0,953.15,664.65,0
597,19889,2260814,968.0,709.4,938.7,620.1,953.35,664.75,0
597,19890,2260815,968.3,709.5,938.7,620.2,953.5,664.85,0
597,19891,2260816,968.6,709.6,938.8,620.1,953.7,664.85,0
597,19892,2260817,969.0,709.7,938.8,620.0,953.9,664.85,0
597,19893,2260818,969.3,709.7,938.9,619.8,954.1,664.75,0
597,19894,2260819,969.6,709.7,939.0,619.6,954.3,664.65,0
597,19895,2260820,969.9,709.4,939.2,619.5,954.55,664.45,0
597,19896,2260821,970.1,709.1,939.5,619.4,954.8,664.25,0
597,19897,2260822,970.2,708.8,939.7,619.3,954.95,664.05,0
597,19898,2260823,970.4,708.6,940.2,619.3,955.3,663.95,0
597,19899,2260824,970.2,708.3,940.6,619.4,955.4,663.85,0
597,19900,2260825,970.0,708.1,941.1,619.5,955.55,663.8,0
598,19901,2260826,969.8,707.9,941.6,619.6,955.7,663.75,0
598,19902,2260827,969.6,707.9,942.4,619.7,956.0,663.8,0
598,19903,2260828,969.4,708.0,943.1,619.8,956.25,663.9,0
598,19904,2260829,969.3,708.0,943.9,620.0,956.6,664.0,0
598,19905,2260830,969.2,708.0,944.5,620.3,956.85,664.15,0
598,19906,2260831,969.3,708.0,945.1,620.6,957.2,664.3,0
598,19907,2260832,969.4,708.0,945.6,620.8,957.5,664.4,0
598,19908,2260833,969.7,708.0,946.1,621.1,957.9,664.55,0
598,19909,2260834,970.0,708.0,946.2,621.1,958.1,664.55,0
598,19910,2260835,970.3,707.9,946.3,621.0,958.3,664.45,0
598,19911,2260836,970.5,707.8,946.1,620.9,958.3,664.35,0
598,19912,2260837,970.7,707.5,945.9,620.6,958.3,664.05,0
598,19913,2260838,970.9,707.2,945.7,620.0,958.3,663.6,0
598,19914,2260839,971.1,706.9,945.5,619.4,958.3,663.15,0
598,19915,2260840,971.0,706.6,945.3,618.8,958.15,662.7,0
598,19916,2260841,970.9,706.3,945.1,618.2,958.0,662.25,0
598,19917,2260842,970.8,706.1,944.8,617.8,957.8,661.95,0
598,19918,2260843,970.6,706.0,944.7,617.4,957.65,661.7,0
598,19919,2260844,970.4,706.0,944.4,617.1,957.4,661.55,0
598,19920,2260845,970.2,706.1,944.1,617.0,957.15,661.55,0
598,19921,2260846,970.1,706.2,943.8,616.9,956.95,661.55,0
598,19922,2260847,970.1,706.1,943.5,616.8,956.8,661.45,0
598,19923,2260848,970.1,705.9,943.2,616.8,956.65,661.35,0
598,19924,2260849,970.1,705.8,942.9,616.7,956.5,661.25,0
598,19925,2260850,970.3,705.7,942.6,616.6,956.45,661.15,0
598,19926,2260851,970.5,705.5,942.3,616.5,956.4,661.0,0
598,19927,2260852,970.6,705.5,942.1,616.0,956.35,660.75,0
598,19928,2260853,970.7,705.4,941.8,615.5,956.25,660.45,0
598,19929,2260854,970.8,705.6,941.4,615.0,956.1,660.3,0
598,19930,2260855,970.8,705.7,941.1,614.5,955.95,660.1,0
598,19931,2260856,970.7,705.8,940.8,614.2,955.75,660.0,0
598,19932,2260857,970.7,705.9,940.6,614.0,955.65,659.95,0
598,19933,2260858,970.6,706.0,940.4,613.8,955.5,659.9,0
599,19934,2260859,970.7,706.1,940.3,613.9,955.5,660.0,0
599,19935,2260860,970.7,706.2,940.2,614.1,955.45,660.15,0
599,19936,2260861,970.7,706.5,940.2,614.3,955.45,660.4,0
599,19937,2260862,970.6,706.7,940.3,614.4,955.45,660.55,0
599,19938,2260863,970.6,707.1,940.5,614.3,955.55,660.7,0
599,19939,2260864,970.6,707.6,940.8,614.2,955.7,660.9,0
599,19940,2260865,970.5,708.0,941.1,614.2,955.8,661.1,0
599,19941,2260866,970.4,708.4,941.5,614.1,955.95,661.25,0
599,19942,2260867,970.2,708.7,942.0,614.1,956.1,661.4,0
599,19943,2260868,969.9,709.0,942.4,614.1,956.15,661.55,0
599,19944,2260869,969.7,709.2,942.7,614.1,956.2,661.65,0
599,19945,2260870,969.6,709.1,943.0,614.2,956.3,661.65,0
599,19946,2260871,969.4,709.0,943.1,614.2,956.25,661.6,0
599,19947,2260872,969.3,708.8,943.2,614.1,956.25,661.45,0
599,19948,2260873,969.3,708.5,943.3,613.8,956.3,661.15,0
599,19949,2260874,969.6,708.2,943.4,613.3,956.5,660.75,0
599,19950,2260875,969.8,707.9,943.6,612.9,956.7,660.4,0
599,19951,2260876,969.9,707.6,943.8,612.0,956.85,659.8,0
599,19952,2260877,970.1,707.4,944.1,611.1,957.1,659.25,0
599,19953,2260878,970.2,707.2,944.4,610.1,957.3,658.65,0
599,19954,2260879,970.3,707.0,944.7,609.2,957.5,658.1,0
599,19955,2260880,970.3,707.0,945.0,608.5,957.65,657.75,0
599,19956,2260881,970.2,706.9,945.3,607.8,957.75,657.35,0
599,19957,2260882,970.1,706.8,945.4,607.1,957.75,656.95,0
599,19958,2260883,970.0,706.8,945.5,606.7,957.75,656.75,0
599,19959,2260884,969.8,706.8,945.6,606.2,957.7,656.5,0
599,19960,2260885,969.7,706.8,945.6,605.9,957.65,656.35,0
599,19961,2260886,969.5,706.8,945.5,605.8,957.5,656.3,0
599,19962,2260887,969.4,706.9,945.2,605.7,957.3,656.3,0
599,19963,2260888,969.4,707.0,945.0,605.6,957.2,656.3,0
599,19964,2260889,969.6,707.0,944.8,605.6,957.2,656.3,0
599,19965,2260890,969.7,707.0,944.6,605.5,957.15,656.25,0
599,19966,2260891,969.9,707.1,944.5,605.4,957.2,656.25,0
600,19967,2260892,970.3,707.0,944.4,605.1,957.35,656.05,0
600,19968,2260893,970.7,707.0,944.3,604.7,957.5,655.85,0
600,19969,2260894,971.0,707.0,944.3,604.3,957.65,655.65,0
600,19970,2260895,971.2,706.9,944.3,603.9,957.75,655.4,0
600,19971,2260896,971.4,706.8,944.3,603.2,957.85,655.0,0
600,19972,2260897,971.6,706.8,944.2,602.6,957.9,654.7,0
600,19973,2260898,971.7,706.9,944.2,602.2,957.95,654.55,0
600,19974,2260899,971.8,707.1,944.2,601.9,958.0,654.5,0
600,19975,2260900,971.9,707.2,944.2,601.6,958.05,654.4,0
600,19976,2260901,972.2,707.3,944.3,601.3,958.25,654.3,0
600,19977,2260902,972.4,707.4,944.4,600.8,958.4,654.1,0
600,19978,2260903,972.7,707.6,944.5,600.6,958.6,654.1,0
600,19979,2260904,973.1,707.8,944.7,600.3,958.9,654.05,0
600,19980,2260905,973.5,708.0,945.0,600.0,959.25,654.0,0
600,19981,2260906,973.9,708.2,945.2,599.7,959.55,653.95,0
600,19982,2260907,974.2,708.6,945.3,599.5,959.75,654.05,0
600,19983,2260908,974.5,708.9,945.7,599.4,960.1,654.15,0
600,19984,2260909,974.7,709.3,946.1,599.5,960.4,654.4,0
600,19985,2260910,974.9,709.5,946.7,599.7,960.8,654.6,0
600,19986,2260911,975.0,709.8,947.2,600.0,961.1,654.9,0
600,19987,2260912,975.0,710.0,947.7,600.4,961.35,655.2,0
600,19988,2260913,975.1,710.2,948.2,600.8,961.65,655.5,0
600,19989,2260914,975.1,710.2,948.7,601.2,961.9,655.7,0
600,19990,2260915,975.0,710.2,949.0,601.4,962.0,655.8,0
600,19991,2260916,975.0,710.3,949.2,601.6,962.1,655.95,0
600,19992,2260917,974.9,710.4,949.3,601.9,962.1,656.15,0
600,19993,2260918,974.8,710.4,949.4,602.2,962.1,656.3,0
600,19994,2260919,974.7,710.5,949.5,602.6,962.1,656.55,0
600,19995,2260920,974.6,710.6,949.6,602.9,962.1,656.75,0
600,19996,2260921,974.6,710.6,949.6,603.3,962.1,656.95,0
600,19997,2260922,974.5,710.7,949.6,603.7,962.05,657.2,0
600,19998,2260923,974.4,710.7,949.7,604.0,962.05,657.35,0
600,19999,2260924,974.4,710.8,949.7,604.0,962.05,657.4,0
600,20000,2260925,974.3,710.9,949.8,604.0,962.05,657.45,0
601,20001,2260926,974.4,710.9,950.0,604.0,962.2,657.45,0
601,20002,2260927,974.4,711.1,950.1,604.2,962.25,657.65,0
601,20003,2260928,974.3,711.2,950.2,604.4,962.25,657.8,0
601,20004,2260929,974.3,711.3,950.3,604.5,962.3,657.9,0
601,20005,2260930,974.3,711.5,950.5,604.8,962.4,658.15,0
601,20006,2260931,974.4,711.6,950.6,605.1,962.5,658.35,0
601,20007,2260932,974.4,711.6,950.7,605.4,962.55,658.5,0
601,20008,2260933,974.4,711.7,950.8,605.6,962.6,658.65,0
601,20009,2260934,974.3,711.8,950.8,605.5,962.55,658.65,0
601,20010,2260935,974.2,711.8,950.9,605.4,962.55,658.6,0
601,20011,2260936,974.1,711.8,950.9,605.0,962.5,658.4,0
601,20012,2260937,974.0,711.9,950.9,604.7,962.45,658.3,0
601,20013,2260938,973.8,712.0,950.8,604.5,962.3,658.25,0
601,20014,2260939,973.7,712.2,950.7,604.4,962.2,658.3,0
601,20015,2260940,973.6,712.5,950.6,604.3,962.1,658.4,0
601,20016,2260941,973.6,712.9,950.4,604.2,962.0,658.55,0
601,20017,2260942,973.7,713.3,950.1,604.2,961.9,658.75,0
601,20018,2260943,973.8,713.6,949.8,604.4,961.8,659.0,0
601,20019,2260944,974.0,714.0,949.4,604.5,961.7,659.25,0
601,20020,2260945,974.1,714.4,949.0,604.7,961.55,659.55,0
601,20021,2260946,974.3,714.6,948.4,604.7,961.35,659.65,0
601,20022,2260947,974.5,714.8,947.8,604.8,961.15,659.8,0
601,20023,2260948,974.7,714.8,947.3,604.8,961.0,659.8,0
601,20024,2260949,974.9,714.8,946.9,604.8,960.9,659.8,0
601,20025,2260950,975.1,714.7,946.4,604.9,960.75,659.8,0
601,20026,2260951,975.3,714.5,946.2,605.0,960.75,659.75,0
601,20027,2260952,975.5,714.3,945.9,605.0,960.7,659.65,0
601,20028,2260953,975.6,714.1,945.8,605.0,960.7,659.55,0
601,20029,2260954,975.7,713.9,945.8,605.0,960.75,659.45,0
601,20030,2260955,975.7,713.8,945.7,604.8,960.7,659.3,0
601,20031,2260956,975.6,713.7,945.6,604.2,960.6,658.95,0
601,20032,2260957,975.6,713.7,945.5,603.6,960.55,658.65,0
601,20033,2260958,975.6,713.7,945.3,602.9,960.45,658.3,0
602,20034,2260959,975.5,713.7,945.2,602.4,960.35,658.05,0
602,20035,2260960,975.5,713.7,945.1,602.1,960.3,657.9,0
602,20036,2260961,975.4,713.8,945.1,601.9,960.25,657.85,0
602,20037,2260962,975.5,713.8,945.1,601.9,960.3,657.85,0
602,20038,2260963,975.5,713.8,945.2,602.3,960.35,658.05,0
602,20039,2260964,975.5,713.8,945.4,602.7,960.45,658.25,0
602,20040,2260965,975.5,713.8,945.5,603.2,960.5,658.5,0
602,20041,2260966,975.4,713.7,945.7,603.4,960.55,658.55,0
602,20042,2260967,975.5,713.6,946.4,603.6,960.95,658.6,0
602,20043,2260968,975.6,713.6,947.1,604.0,961.35,658.8,0
602,20044,2260969,975.7,713.6,947.7,604.4,961.7,659.0,0
602,20045,2260970,975.8,713.6,948.3,604.7,962.05,659.15,0
602,20046,2260971,975.9,713.5,949.3,605.0,962.6,659.25,0
602,20047,2260972,976.1,713.5,950.4,605.2,963.25,659.35,0
602,20048,2260973,976.3,713.4,951.4,605.3,963.85,659.35,0
602,20049,2260974,976.6,713.4,951.9,605.3,964.25,659.35,0
602,20050,2260975,976.9,713.4,952.4,605.0,964.65,659.2,0
602,20051,2260976,977.1,713.4,953.1,604.7,965.1,659.05,0
602,20052,2260977,977.3,713.2,953.7,604.5,965.5,658.85,0
602,20053,2260978,977.6,713.1,954.0,604.3,965.8,658.7,0
602,20054,2260979,977.7,712.8,954.3,603.8,966.0,658.3,0
602,20055,2260980,977.8,712.2,954.6,603.3,966.2,657.75,0
602,20056,2260981,977.8,711.7,954.9,602.8,966.35,657.25,0
602,20057,2260982,977.7,711.1,955.2,602.4,966.45,656.75,0
602,20058,2260983,977.7,710.7,955.3,602.0,966.5,656.35,0
602,20059,2260984,977.5,710.3,955.4,601.6,966.45,655.95,0
602,20060,2260985,977.4,709.9,955.4,601.2,966.4,655.55,0
602,20061,2260986,977.3,709.8,955.4,601.1,966.35,655.45,0
602,20062,2260987,977.3,709.8,955.4,601.1,966.35,655.45,0
602,20063,2260988,977.3,709.7,955.3,601.0,966.3,655.35,0
602,20064,2260989,977.4,709.4,955.3,601.0,966.35,655.2,0
602,20065,2260990,977.5,709.1,955.2,600.9,966.35,655.0,0
602,20066,2260991,977.6,708.8,955.1,600.7,966.35,654.75,0
603,20067,2260992,977.7,708.5,954.9,600.4,966.3,654.45,0
603,20068,2260993,977.8,708.2,954.7,600.1,966.25,654.15,0
603,20069,2260994,977.9,707.9,953.9,599.8,965.9,653.85,0
603,20070,2260995,977.9,707.5,953.2,599.5,965.55,653.5,0
603,20071,2260996,977.9,707.4,952.2,599.2,965.05,653.3,0
603,20072,2260997,977.9,707.2,951.3,599.0,964.6,653.1,0
603,20073,2260998,977.9,707.2,950.4,599.0,964.15,653.1,0
603,20074,2260999,977.8,707.2,949.7,599.1,963.75,653.15,0
603,20075,2261000,977.9,707.2,948.6,599.1,963.25,653.15,0
603,20076,2261001,977.9,707.1,948.1,599.2,963.0,653.15,0
603,20077,2261002,977.9,707.2,947.3,599.6,962.6,653.4,0
603,20078,2261003,978.0,707.2,946.8,600.0,962.4,653.6,0
603,20079,2261004,978.0,707.2,946.2,600.4,962.1,653.8,0
603,20080,2261005,978.1,707.1,945.7,600.7,961.9,653.9,0
603,20081,2261006,978.2,707.0,945.5,601.1,961.85,654.05,0
603,20082,2261007,978.2,707.0,945.6,601.5,961.9,654.25,0
603,20083,2261008,978.3,707.0,945.6,602.1,961.95,654.55,0
603,20084,2261009,978.4,707.2,946.0,602.6,962.2,654.9,0
603,20085,2261010,978.5,707.4,946.9,602.9,962.7,655.15,0
603,20086,2261011,978.7,707.7,948.0,603.3,963.35,655.5,0
603,20087,2261012,978.9,708.0,949.0,603.7,963.95,655.85,0
603,20088,2261013,979.1,708.1,950.2,604.1,964.65,656.1,0
603,20089,2261014,979.2,708.2,951.5,604.4,965.35,656.3,0
603,20090,2261015,979.3,708.0,952.9,604.6,966.1,656.3,0
603,20091,2261016,979.4,707.9,954.5,604.6,966.95,656.25,0
603,20092,2261017,979.5,707.5,955.5,604.6,967.5,656.05,0
603,20093,2261018,979.5,707.1,956.4,604.5,967.95,655.8,0
603,20094,2261019,979.4,706.6,957.3,604.2,968.35,655.4,0
603,20095,2261020,979.3,706.2,957.7,603.9,968.5,655.05,0
603,20096,2261021,979.2,705.8,957.9,603.6,968.55,654.7,0
603,20097,2261022,979.2,705.3,957.9,603.4,968.55,654.35,0
603,20098,2261023,979.1,704.7,957.3,603.1,968.2,653.9,0
603,20099,2261024,979.1,704.2,956.6,602.8,967.85,653.5,0
603,20100,2261025,979.0,703.7,955.8,602.6,967.4,653.15,0
604,20101,2261026,979.0,703.3,954.9,602.5,966.95,652.9,0
604,20102,2261027,978.9,702.9,953.9,602.7,966.4,652.8,0
604,20103,2261028,978.8,702.5,953.0,602.8,965.9,652.65,0
604,20104,2261029,978.6,702.4,952.1,602.9,965.35,652.65,0
604,20105,2261030,978.3,702.3,951.5,603.0,964.9,652.65,0
604,20106,2261031,978.1,701.9,950.9,603.1,964.5,652.5,0
604,20107,2261032,977.8,701.5,950.3,602.9,964.05,652.2,0
604,20108,2261033,977.5,701.2,949.5,602.7,963.5,651.95,0
604,20109,2261034,977.2,700.8,948.9,602.4,963.05,651.6,0
604,20110,2261035,976.9,700.4,948.4,602.1,962.65,651.25,0
604,20111,2261036,976.8,700.1,947.9,601.9,962.35,651.0,0
604,20112,2261037,976.8,699.7,948.0,601.8,962.4,650.75,0
604,20113,2261038,976.7,699.6,948.5,601.8,962.6,650.7,0
604,20114,2261039,976.7,699.5,949.2,602.1,962.95,650.8,0
604,20115,2261040,976.7,699.4,950.0,602.2,963.35,650.8,0
604,20116,2261041,976.8,699.3,951.0,602.2,963.9,650.75,0
604,20117,2261042,977.2,699.2,952.0,602.2,964.6,650.7,0
604,20118,2261043,977.6,699.1,953.1,602.1,965.35,650.6,0
604,20119,2261044,978.2,699.0,953.8,601.9,966.0,650.45,0
604,20120,2261045,978.7,699.0,954.5,601.7,966.6,650.35,0
604,20121,2261046,979.2,698.9,955.2,601.4,967.2,650.15,0
604,20122,2261047,979.6,698.8,955.8,601.3,967.7,650.05,0
604,20123,2261048,980.0,698.7,956.3,601.4,968.15,650.05,0
604,20124,2261049,980.0,698.6,956.6,601.5,968.3,650.05,0
604,20125,2261050,979.9,698.6,956.3,601.6,968.1,650.1,0
604,20126,2261051,979.7,698.6,955.9,601.8,967.8,650.2,0
604,20127,2261052,979.5,698.5,955.0,602.0,967.25,650.25,0
604,20128,2261053,979.3,698.4,954.0,602.2,966.65,650.3,0
604,20129,2261054,979.1,698.3,953.1,602.2,966.1,650.25,0
604,20130,2261055,978.9,698.2,952.0,602.1,965.45,650.15,0
604,20131,2261056,978.8,698.0,950.9,601.9,964.85,649.95,0
604,20132,2261057,978.7,697.7,950.3,601.8,964.5,649.75,0
604,20133,2261058,978.6,697.3,949.8,601.6,964.2,649.45,0
605,20134,2261059,978.4,697.0,949.4,601.4,963.9,649.2,0
605,20135,2261060,978.2,696.7,949.0,601.2,963.6,648.95,0
605,20136,2261061,978.0,696.3,948.7,601.2,963.35,648.75,0
605,20137,2261062,977.7,695.9,948.6,601.1,963.15,648.5,0
605,20138,2261063,977.5,695.8,948.6,601.2,963.05,648.5,0
605,20139,2261064,977.3,695.8,948.8,601.7,963.05,648.75,0
605,20140,2261065,977.2,696.1,949.0,602.1,963.1,649.1,0
605,20141,2261066,977.1,696.4,949.5,602.6,963.3,649.5,0
605,20142,2261067,977.1,696.7,950.8,602.9,963.95,649.8,0
605,20143,2261068,977.2,697.2,952.2,603.0,964.7,650.1,0
605,20144,2261069,977.3,697.7,953.5,603.0,965.4,650.35,0
605,20145,2261070,977.4,698.2,954.8,602.9,966.1,650.55,0
605,20146,2261071,977.5,698.5,956.0,602.4,966.75,650.45,0
605,20147,2261072,977.6,698.6,956.8,601.8,967.2,650.2,0
605,20148,2261073,977.7,698.5,957.3,601.0,967.5,649.75,0
605,20149,2261074,977.9,698.5,956.9,600.4,967.4,649.45,0
605,20150,2261075,978.2,698.3,956.4,600.0,967.3,649.15,0
605,20151,2261076,978.4,698.1,955.9,599.6,967.15,648.85,0
605,20152,2261077,978.6,698.0,955.4,599.3,967.0,648.65,0
605,20153,2261078,978.7,697.9,954.3,599.2,966.5,648.55,0
605,20154,2261079,978.6,698.0,953.3,599.1,965.95,648.55,0
605,20155,2261080,978.4,698.3,952.4,599.1,965.4,648.7,0
605,20156,2261081,978.3,698.7,951.5,599.1,964.9,648.9,0
605,20157,2261082,978.0,699.1,950.7,598.8,964.35,648.95,0
605,20158,2261083,977.6,699.6,950.0,598.5,963.8,649.05,0
605,20159,2261084,977.2,700.1,949.3,598.2,963.25,649.15,0
605,20160,2261085,976.8,700.6,949.1,597.7,962.95,649.15,0
605,20161,2261086,976.6,700.9,949.3,597.3,962.95,649.1,0
605,20162,2261087,976.4,701.2,950.0,596.9,963.2,649.05,0
605,20163,2261088,976.2,701.5,950.7,597.1,963.45,649.3,0
605,20164,2261089,975.9,702.0,951.4,597.7,963.65,649.85,0
605,20165,2261090,975.8,702.5,952.8,598.3,964.3,650.4,0
605,20166,2261091,975.7,702.9,954.2,598.8,964.95,650.85,0
606,20167,2261092,975.7,703.3,955.6,599.3,965.65,651.3,0
606,20168,2261093,975.8,703.8,956.7,599.8,966.25,651.8,0
606,20169,2261094,976.2,704.2,957.5,600.2,966.85,652.2,0
606,20170,2261095,976.7,704.7,958.2,600.2,967.45,652.45,0
606,20171,2261096,977.1,705.1,958.8,600.1,967.95,652.6,0
606,20172,2261097,977.5,705.3,958.6,600.1,968.05,652.7,0
606,20173,2261098,977.9,705.6,958.4,600.1,968.15,652.85,0
606,20174,2261099,978.2,706.0,957.4,600.1,967.8,653.05,0
606,20175,2261100,978.3,706.4,956.5,600.0,967.4,653.2,0
606,20176,2261101,978.1,706.7,955.5,599.9,966.8,653.3,0
606,20177,2261102,977.7,706.9,954.5,599.7,966.1,653.3,0
606,20178,2261103,977.2,707.2,953.2,599.4,965.2,653.3,0
606,20179,2261104,976.8,707.5,952.1,599.1,964.45,653.3,0
606,20180,2261105,976.3,707.8,951.0,598.7,963.65,653.25,0
606,20181,2261106,975.8,708.1,950.6,598.4,963.2,653.25,0
606,20182,2261107,975.5,708.2,950.4,598.3,962.95,653.25,0
606,20183,2261108,975.1,708.4,950.4,598.1,962.75,653.25,0
606,20184,2261109,975.1,708.2,951.0,598.0,963.05,653.1,0
606,20185,2261110,975.3,707.9,952.0,597.9,963.65,652.9,0
606,20186,2261111,975.4,707.6,953.1,597.8,964.25,652.7,0
606,20187,2261112,975.7,707.5,954.2,597.5,964.95,652.5,0
606,20188,2261113,976.0,707.7,955.4,597.2,965.7,652.45,0
606,20189,2261114,976.3,707.9,956.3,596.8,966.3,652.35,0
606,20190,2261115,976.6,708.1,957.2,596.3,966.9,652.2,0
606,20191,2261116,976.8,708.6,957.5,595.8,967.15,652.2,0
606,20192,2261117,976.9,709.0,957.6,595.3,967.25,652.15,0
606,20193,2261118,976.9,709.3,957.0,594.8,966.95,652.05,0
606,20194,2261119,976.8,709.6,956.3,594.5,966.55,652.05,0
606,20195,2261120,976.6,709.6,955.4,594.2,966.0,651.9,0
606,20196,2261121,976.3,709.6,954.4,594.1,965.35,651.85,0
606,20197,2261122,976.1,709.7,953.0,594.1,964.55,651.9,0
606,20198,2261123,975.9,709.9,951.5,594.0,963.7,651.95,0
606,20199,2261124,975.7,710.1,950.3,594.1,963.0,652.1,0
606,20200,2261125,975.6,710.4,949.5,594.5,962.55,652.45,0
607,20201,2261126,975.7,710.6,948.8,595.0,962.25,652.8,0
607,20202,2261127,975.9,710.6,948.2,595.4,962.05,653.0,0
607,20203,2261128,976.1,710.6,947.8,595.9,961.95,653.25,0
607,20204,2261129,976.2,710.6,948.6,596.4,962.4,653.5,0
607,20205,2261130,976.3,710.4,949.4,597.0,962.85,653.7,0
607,20206,2261131,976.3,710.3,950.3,597.6,963.3,653.95,0
607,20207,2261132,976.3,710.1,951.3,597.7,963.8,653.9,0
607,20208,2261133,976.1,710.0,952.3,597.9,964.2,653.95,0
607,20209,2261134,975.8,709.9,953.2,597.9,964.5,653.9,0
607,20210,2261135,975.4,709.9,954.1,597.9,964.75,653.9,0
607,20211,2261136,975.1,710.0,954.1,597.7,964.6,653.85,0
607,20212,2261137,974.9,710.1,954.0,597.4,964.45,653.75,0
607,20213,2261138,974.7,710.2,953.4,597.1,964.05,653.65,0
607,20214,2261139,974.5,710.3,952.8,596.8,963.65,653.55,0
607,20215,2261140,974.3,710.4,952.0,596.7,963.15,653.55,0
607,20216,2261141,974.3,710.3,951.3,596.7,962.8,653.5,0
607,20217,2261142,974.4,710.2,950.4,596.6,962.4,653.4,0
607,20218,2261143,974.3,710.1,949.3,596.9,961.8,653.5,0
607,20219,2261144,974.2,709.9,948.2,597.2,961.2,653.55,0
607,20220,2261145,974.1,709.8,947.7,597.5,960.9,653.65,0
607,20221,2261146,974.0,709.7,947.3,597.7,960.65,653.7,0
607,20222,2261147,973.8,709.5,947.0,597.9,960.4,653.7,0
607,20223,2261148,973.7,709.4,946.8,598.2,960.25,653.8,0
607,20224,2261149,973.5,709.1,947.0,598.4,960.25,653.75,0
607,20225,2261150,973.5,708.7,947.4,598.4,960.45,653.55,0
607,20226,2261151,973.5,708.4,947.8,598.4,960.65,653.4,0
607,20227,2261152,973.5,708.1,948.2,598.3,960.85,653.2,0
607,20228,2261153,973.5,707.8,948.5,598.2,961.0,653.0,0
607,20229,2261154,973.5,707.4,948.7,598.0,961.1,652.7,0
607,20230,2261155,973.5,707.1,948.9,597.7,961.2,652.4,0
607,20231,2261156,973.5,706.9,948.8,597.4,961.15,652.15,0
607,20232,2261157,973.5,706.7,948.7,597.2,961.1,651.95,0
607,20233,2261158,973.5,706.5,948.6,597.0,961.05,651.75,0
608,20234,2261159,973.4,706.3,948.5,596.8,960.95,651.55,0
608,20235,2261160,973.2,706.2,948.4,596.7,960.8,651.45,0
608,20236,2261161,973.2,706.1,948.3,596.6,960.75,651.35,0
608,20237,2261162,973.2,706.1,948.1,596.6,960.65,651.35,0
608,20238,2261163,973.2,706.1,948.1,596.5,960.65,651.3,0
608,20239,2261164,973.3,706.2,948.0,596.3,960.65,651.25,0
608,20240,2261165,973.4,706.2,947.9,596.1,960.65,651.15,0
608,20241,2261166,973.6,706.2,947.8,596.1,960.7,651.15,0
608,20242,2261167,973.9,706.2,947.7,596.5,960.8,651.35,0
608,20243,2261168,974.1,706.1,947.4,597.0,960.75,651.55,0
608,20244,2261169,974.0,706.1,947.1,597.4,960.55,651.75,0
608,20245,2261170,974.0,706.0,946.9,597.8,960.45,651.9,0
608,20246,2261171,973.8,706.0,946.7,598.3,960.25,652.15,0
608,20247,2261172,973.6,705.9,946.5,598.6,960.05,652.25,0
608,20248,2261173,973.3,705.9,946.5,599.0,959.9,652.45,0
608,20249,2261174,973.0,705.9,946.5,598.7,959.75,652.3,0
608,20250,2261175,972.7,705.9,947.0,598.4,959.85,652.15,0
608,20251,2261176,972.5,706.0,947.5,598.1,960.0,652.05,0
608,20252,2261177,972.3,706.0,947.9,597.9,960.1,651.95,0
608,20253,2261178,972.3,706.1,948.4,597.7,960.35,651.9,0
608,20254,2261179,972.4,706.2,948.7,597.7,960.55,651.95,0
608,20255,2261180,972.4,706.3,949.0,597.6,960.7,651.95,0
608,20256,2261181,972.5,706.4,949.2,597.6,960.85,652.0,0
608,20257,2261182,972.6,706.3,949.1,597.6,960.85,651.95,0
608,20258,2261183,972.8,706.3,948.9,597.5,960.85,651.9,0
608,20259,2261184,972.9,706.3,948.7,597.4,960.8,651.85,0
608,20260,2261185,973.1,706.3,948.6,597.4,960.85,651.85,0
608,20261,2261186,973.3,706.3,948.4,597.3,960.85,651.8,0
608,20262,2261187,973.4,706.2,948.1,597.2,960.75,651.7,0
608,20263,2261188,973.6,706.2,947.7,597.2,960.65,651.7,0
608,20264,2261189,973.7,706.2,947.5,597.1,960.6,651.65,0
608,20265,2261190,973.8,706.2,947.3,597.0,960.55,651.6,0
608,20266,2261191,973.7,706.1,947.2,596.9,960.45,651.5,0
609,20267,2261192,973.6,706.0,947.0,596.6,960.3,651.3,0
609,20268,2261193,973.5,705.8,947.1,596.4,960.3,651.1,0
609,20269,2261194,973.4,705.5,947.3,596.1,960.35,650.8,0
609,20270,2261195,973.0,705.3,947.5,595.9,960.25,650.6,0
609,20271,2261196,972.7,705.2,947.7,595.6,960.2,650.4,0
609,20272,2261197,972.4,705.0,948.0,595.3,960.2,650.15,0
609,20273,2261198,972.2,704.8,948.2,594.8,960.2,649.8,0
609,20274,2261199,972.0,704.6,948.5,594.1,960.25,649.35,0
609,20275,2261200,971.8,704.4,948.6,593.4,960.2,648.9,0
609,20276,2261201,971.6,704.5,948.6,592.7,960.1,648.6,0
609,20277,2261202,971.7,704.6,948.6,592.0,960.15,648.3,0
609,20278,2261203,971.8,704.6,948.7,591.3,960.25,647.95,0
609,20279,2261204,971.9,704.5,948.8,590.8,960.35,647.65,0
609,20280,2261205,972.0,704.6,949.0,590.4,960.5,647.5,0
609,20281,2261206,972.3,704.7,949.3,590.3,960.8,647.5,0
609,20282,2261207,972.6,704.9,949.5,590.2,961.05,647.55,0
609,20283,2261208,972.9,705.2,949.9,590.2,961.4,647.7,0
609,20284,2261209,973.2,705.3,950.2,590.2,961.7,647.75,0
609,20285,2261210,973.4,705.1,950.5,590.2,961.95,647.65,0
609,20286,2261211,973.4,705.0,950.6,590.3,962.0,647.65,0
609,20287,2261212,973.3,704.9,950.6,590.4,961.95,647.65,0
609,20288,2261213,973.1,704.8,950.6,590.5,961.85,647.65,0
609,20289,2261214,972.9,704.6,950.7,590.6,961.8,647.6,0
609,20290,2261215,972.5,704.4,950.6,590.4,961.55,647.4,0
609,20291,2261216,972.1,704.2,950.3,590.1,961.2,647.15,0
609,20292,2261217,971.6,704.3,949.9,589.9,960.75,647.1,0
609,20293,2261218,971.4,704.4,949.4,589.6,960.4,647.0,0
609,20294,2261219,971.2,704.3,948.9,589.3,960.05,646.8,0
609,20295,2261220,971.0,704.2,948.4,589.1,959.7,646.65,0
609,20296,2261221,970.9,704.0,947.8,589.0,959.35,646.5,0
609,20297,2261222,970.8,703.8,947.2,589.1,959.0,646.45,0
609,20298,2261223,970.8,703.6,946.8,589.4,958.8,646.5,0
609,20299,2261224,970.9,703.5,946.6,589.6,958.75,646.55,0
609,20300,2261225,970.9,703.5,946.5,589.8,958.7,646.65,0
610,20301,2261226,970.9,703.7,946.5,589.9,958.7,646.8,0
610,20302,2261227,970.9,703.8,946.5,590.0,958.7,646.9,0
610,20303,2261228,970.7,703.8,946.5,590.0,958.6,646.9,0
610,20304,2261229,970.6,703.8,946.5,590.0,958.55,646.9,0
610,20305,2261230,970.4,703.7,946.5,590.0,958.45,646.85,0
610,20306,2261231,970.3,703.7,946.5,589.7,958.4,646.7,0
610,20307,2261232,970.2,703.5,946.6,589.4,958.4,646.45,0
610,20308,2261233,970.1,703.4,946.7,589.1,958.4,646.25,0
610,20309,2261234,970.0,703.2,946.9,588.7,958.45,645.95,0
610,20310,2261235,970.1,703.0,947.1,588.3,958.6,645.65,0
610,20311,2261236,970.3,702.8,947.3,587.9,958.8,645.35,0
610,20312,2261237,970.5,702.5,947.4,587.5,958.95,645.0,0
610,20313,2261238,970.8,702.2,947.6,587.4,959.2,644.8,0
610,20314,2261239,971.0,701.9,947.7,587.5,959.35,644.7,0
610,20315,2261240,971.2,701.4,947.7,588.0,959.45,644.7,0
610,20316,2261241,971.5,701.1,947.6,588.6,959.55,644.85,0
610,20317,2261242,971.7,700.8,947.5,589.3,959.6,645.05,0
610,20318,2261243,971.8,700.4,947.4,589.8,959.6,645.1,0
610,20319,2261244,971.8,700.2,947.3,590.2,959.55,645.2,0
610,20320,2261245,971.8,699.9,946.8,590.3,959.3,645.1,0
610,20321,2261246,971.7,699.7,946.5,590.2,959.1,644.95,0
610,20322,2261247,971.6,699.7,946.1,589.6,958.85,644.65,0
610,20323,2261248,971.5,699.6,945.8,588.8,958.65,644.2,0
610,20324,2261249,971.2,699.6,945.7,588.1,958.45,643.85,0
610,20325,2261250,970.9,699.5,945.6,587.4,958.25,643.45,0
610,20326,2261251,970.5,699.3,945.9,586.8,958.2,643.05,0
610,20327,2261252,970.2,699.1,946.6,586.4,958.4,642.75,0
610,20328,2261253,969.9,698.8,947.2,586.1,958.55,642.45,0
610,20329,2261254,969.7,698.5,948.0,585.8,958.85,642.15,0
610,20330,2261255,969.5,698.1,948.8,585.8,959.15,641.95,0
610,20331,2261256,969.4,697.6,949.5,585.7,959.45,641.65,0
610,20332,2261257,969.4,697.0,950.1,585.7,959.75,641.35,0
610,20333,2261258,969.3,696.4,949.9,586.2,959.6,641.3,0
611,20334,2261259,969.3,696.0,949.5,586.9,959.4,641.45,0
611,20335,2261260,969.3,695.6,948.9,587.6,959.1,641.6,0
611,20336,2261261,969.4,695.1,947.9,588.2,958.65,641.65,0
611,20337,2261262,969.5,694.7,946.6,588.8,958.05,641.75,0
611,20338,2261263,969.5,694.3,945.3,589.2,957.4,641.75,0
611,20339,2261264,969.5,694.2,944.1,589.5,956.8,641.85,0
611,20340,2261265,969.4,693.9,943.3,589.2,956.35,641.55,0
611,20341,2261266,969.2,693.6,942.7,588.8,955.95,641.2,0
611,20342,2261267,969.0,693.3,942.8,588.1,955.9,640.7,0
611,20343,2261268,968.7,693.1,943.1,587.5,955.9,640.3,0
611,20344,2261269,968.5,692.8,944.2,586.7,956.35,639.75,0
611,20345,2261270,968.2,692.5,945.4,586.1,956.8,639.3,0
611,20346,2261271,968.1,692.2,946.5,585.6,957.3,638.9,0
611,20347,2261272,968.1,692.0,947.4,585.2,957.75,638.6,0
611,20348,2261273,968.2,691.9,948.4,584.9,958.3,638.4,0
611,20349,2261274,968.4,691.8,949.0,585.1,958.7,638.45,0
611,20350,2261275,968.7,691.6,949.3,585.2,959.0,638.4,0
611,20351,2261276,968.9,691.3,948.8,585.3,958.85,638.3,0
611,20352,2261277,969.2,691.0,947.9,585.4,958.55,638.2,0
611,20353,2261278,969.4,690.7,946.7,585.5,958.05,638.1,0
611,20354,2261279,969.5,690.5,945.3,585.3,957.4,637.9,0
611,20355,2261280,969.5,690.2,943.9,585.1,956.7,637.65,0
611,20356,2261281,969.5,690.0,942.7,584.8,956.1,637.4,0
611,20357,2261282,969.1,689.8,942.0,584.4,955.55,637.1,0
611,20358,2261283,968.6,689.7,941.7,584.1,955.15,636.9,0
611,20359,2261284,968.1,689.6,942.0,583.8,955.05,636.7,0
611,20360,2261285,967.7,689.6,942.7,583.6,955.2,636.6,0
611,20361,2261286,967.2,689.4,943.7,583.6,955.45,636.5,0
611,20362,2261287,966.9,689.3,944.7,583.6,955.8,636.45,0
611,20363,2261288,966.7,689.2,945.5,583.6,956.1,636.4,0
611,20364,2261289,966.7,689.1,946.1,583.7,956.4,636.4,0
611,20365,2261290,966.7,688.9,946.1,583.8,956.4,636.35,0
611,20366,2261291,966.7,688.7,945.8,583.9,956.25,636.3,0
612,20367,2261292,966.7,688.4,944.9,583.9,955.8,636.15,0
612,20368,2261293,966.7,688.0,943.8,583.8,955.25,635.9,0
612,20369,2261294,966.5,687.7,942.7,583.6,954.6,635.65,0
612,20370,2261295,966.0,687.4,941.7,582.9,953.85,635.15,0
612,20371,2261296,965.4,687.1,940.9,582.0,953.15,634.55,0
612,20372,2261297,964.2,686.9,940.3,580.7,952.25,633.8,0
612,20373,2261298,962.9,686.6,939.8,579.5,951.35,633.05,0
612,20374,2261299,961.4,685.8,939.7,577.7,950.55,631.75,0
612,20375,2261300,959.6,684.7,939.2,576.0,949.4,630.35,0
612,20376,2261301,957.8,683.1,938.3,573.3,948.05,628.2,0
612,20377,2261302,956.2,681.0,937.0,571.2,946.6,626.1,0
612,20378,2261303,954.4,678.9,935.4,569.1,944.9,624.0,0
612,20379,2261304,953.4,676.6,933.7,566.9,943.55,621.75,0
612,20380,2261305,952.4,673.8,932.1,563.9,942.25,618.85,0
612,20381,2261306,951.7,671.5,930.7,561.5,941.2,616.5,0
612,20382,2261307,951.3,669.0,930.2,559.2,940.75,614.1,0
612,20383,2261308,951.2,667.0,930.4,557.3,940.8,612.15,0
612,20384,2261309,951.2,664.5,931.0,555.5,941.1,610.0,0
612,20385,2261310,951.3,662.2,931.9,553.6,941.6,607.9,0
612,20386,2261311,952.0,659.9,933.0,552.3,942.5,606.1,0
612,20387,2261312,952.7,658.2,934.1,551.5,943.4,604.85,0
612,20388,2261313,953.4,656.5,934.6,550.8,944.0,603.65,0
612,20389,2261314,954.1,655.1,934.2,550.1,944.15,602.6,0
612,20390,2261315,954.7,653.8,933.3,550.0,944.0,601.9,0
612,20391,2261316,955.2,653.3,932.3,549.8,943.75,601.55,0
612,20392,2261317,955.4,652.8,931.3,549.8,943.35,601.3,0
612,20393,2261318,955.1,652.4,930.5,549.7,942.8,601.05,0
612,20394,2261319,954.8,652.2,929.8,550.2,942.3,601.2,0
612,20395,2261320,954.5,652.1,929.7,550.6,942.1,601.35,0
612,20396,2261321,954.3,652.4,930.0,551.7,942.15,602.05,0
612,20397,2261322,954.0,652.8,930.8,552.7,942.4,602.75,0
612,20398,2261323,953.9,653.3,931.6,554.0,942.75,603.65,0
612,20399,2261324,954.0,653.9,932.4,555.2,943.2,604.55,0
612,20400,2261325,954.1,654.6,932.8,556.4,943.45,605.5,0
613,20401,2261326,954.2,655.1,933.0,557.3,943.6,606.2,0
613,20402,2261327,954.4,655.6,932.9,558.1,943.65,606.85,0
613,20403,2261328,954.6,656.2,932.5,558.3,943.55,607.25,0
613,20404,2261329,954.7,656.6,932.2,558.4,943.45,607.5,0
613,20405,2261330,954.7,657.0,931.7,558.7,943.2,607.85,0
613,20406,2261331,954.5,657.2,931.2,559.0,942.85,608.1,0
613,20407,2261332,954.4,657.4,930.7,559.3,942.55,608.35,0
613,20408,2261333,954.2,657.6,930.8,559.8,942.5,608.7,0
613,20409,2261334,954.0,657.8,931.2,560.3,942.6,609.05,0
613,20410,2261335,953.8,657.9,931.7,560.9,942.75,609.4,0
613,20411,2261336,953.5,658.0,932.1,561.3,942.8,609.65,0
613,20412,2261337,953.4,658.2,932.5,561.6,942.95,609.9,0
613,20413,2261338,953.3,658.4,932.8,561.8,943.05,610.1,0
613,20414,2261339,953.2,658.8,933.0,562.1,943.1,610.45,0
613,20415,2261340,953.1,659.3,932.8,562.1,942.95,610.7,0
613,20416,2261341,953.0,659.8,932.5,562.1,942.75,610.95,0
613,20417,2261342,953.0,660.1,932.2,562.1,942.6,611.1,0
613,20418,2261343,953.0,660.4,931.8,562.2,942.4,611.3,0
613,20419,2261344,953.1,660.7,931.5,562.2,942.3,611.45,0
613,20420,2261345,953.0,661.0,931.3,562.6,942.15,611.8,0
613,20421,2261346,952.9,661.0,931.3,563.0,942.1,612.0,0
613,20422,2261347,952.7,661.1,931.3,563.5,942.0,612.3,0
613,20423,2261348,952.5,661.1,931.4,563.9,941.95,612.5,0
613,20424,2261349,952.0,661.2,931.6,564.4,941.8,612.8,0
613,20425,2261350,951.6,661.4,931.8,564.8,941.7,613.1,0
613,20426,2261351,951.1,661.7,931.9,565.2,941.5,613.45,0
613,20427,2261352,951.1,661.9,932.0,565.1,941.55,613.5,0
613,20428,2261353,951.2,662.3,931.8,565.1,941.5,613.7,0
613,20429,2261354,951.4,663.0,931.7,565.0,941.55,614.0,0
613,20430,2261355,951.8,663.6,931.5,565.0,941.65,614.3,0
613,20431,2261356,952.4,664.2,931.3,565.0,941.85,614.6,0
613,20432,2261357,953.0,664.8,931.2,565.5,942.1,615.15,0
613,20433,2261358,953.4,665.3,931.1,566.0,942.25,615.65,0
614,20434,2261359,953.5,665.8,931.1,566.4,942.3,616.1,0
614,20435,2261360,953.6,666.3,931.1,567.0,942.35,616.65,0
614,20436,2261361,953.5,666.4,931.2,567.5,942.35,616.95,0
614,20437,2261362,953.2,666.5,931.3,568.0,942.25,617.25,0
614,20438,2261363,952.9,666.5,931.4,568.3,942.15,617.4,0
614,20439,2261364,952.7,666.5,931.5,568.5,942.1,617.5,0
614,20440,2261365,952.6,666.4,931.5,568.5,942.05,617.45,0
614,20441,2261366,952.6,666.5,931.5,568.5,942.05,617.5,0
614,20442,2261367,953.0,666.5,931.5,568.6,942.25,617.55,0
614,20443,2261368,953.4,666.9,931.2,568.6,942.3,617.75,0
614,20444,2261369,953.8,667.3,930.8,568.4,942.3,617.85,0
614,20445,2261370,954.3,667.8,930.5,567.9,942.4,617.85,0
614,20446,2261371,954.8,668.8,930.1,567.4,942.45,618.1,0
614,20447,2261372,955.1,669.8,929.7,566.9,942.4,618.35,0
614,20448,2261373,955.4,670.5,929.2,566.4,942.3,618.45,0
614,20449,2261374,955.2,671.1,928.7,565.9,941.95,618.5,0
614,20450,2261375,955.0,671.0,928.4,565.5,941.7,618.25,0
614,20451,2261376,954.7,671.0,928.2,565.2,941.45,618.1,0
614,20452,2261377,954.4,670.9,928.0,565.2,941.2,618.05,0
614,20453,2261378,954.1,670.4,927.9,565.2,941.0,617.8,0
614,20454,2261379,954.0,669.9,927.9,565.1,940.95,617.5,0
614,20455,2261380,953.9,669.5,928.0,565.1,940.95,617.3,0
614,20456,2261381,953.8,669.4,928.1,565.1,940.95,617.25,0
614,20457,2261382,953.7,669.5,928.1,565.0,940.9,617.25,0
614,20458,2261383,953.8,669.7,928.0,564.6,940.9,617.15,0
614,20459,2261384,953.9,669.9,927.8,564.3,940.85,617.1,0
614,20460,2261385,953.9,669.9,927.5,564.0,940.7,616.95,0
614,20461,2261386,953.9,670.0,927.3,563.7,940.6,616.85,0
614,20462,2261387,953.9,669.9,927.0,563.4,940.45,616.65,0
614,20463,2261388,953.9,669.8,926.7,563.2,940.3,616.5,0
614,20464,2261389,953.8,669.8,926.6,563.2,940.2,616.5,0
614,20465,2261390,953.8,669.7,926.6,563.3,940.2,616.5,0
614,20466,2261391,953.7,669.5,926.6,563.5,940.15,616.5,0
615,20467,2261392,953.6,669.4,926.6,563.7,940.1,616.55,0
615,20468,2261393,953.4,669.4,926.7,564.1,940.05,616.75,0
615,20469,2261394,953.1,669.3,926.7,564.5,939.9,616.9,0
615,20470,2261395,952.7,669.1,926.6,564.7,939.65,616.9,0
615,20471,2261396,952.4,668.2,926.2,564.9,939.3,616.55,0
615,20472,2261397,952.0,667.2,925.8,565.1,938.9,616.15,0
615,20473,2261398,951.5,666.3,925.3,565.1,938.4,615.7,0
615,20474,2261399,951.1,665.2,924.9,565.1,938.0,615.15,0
615,20475,2261400,950.7,664.2,924.4,564.6,937.55,614.4,0
615,20476,2261401,950.5,663.2,924.1,564.1,937.3,613.65,0
615,20477,2261402,950.3,662.2,923.8,563.6,937.05,612.9,0
615,20478,2261403,950.1,661.8,923.9,563.1,937.0,612.45,0
615,20479,2261404,949.9,661.3,923.9,562.6,936.9,611.95,0
615,20480,2261405,949.8,660.8,924.0,562.3,936.9,611.55,0
615,20481,2261406,949.6,660.4,924.1,562.0,936.85,611.2,0
615,20482,2261407,949.6,660.0,924.0,561.9,936.8,610.95,0
615,20483,2261408,949.6,659.6,923.6,561.5,936.6,610.55,0
615,20484,2261409,949.7,659.0,923.2,561.2,936.45,610.1,0
615,20485,2261410,949.7,658.6,922.8,561.0,936.25,609.8,0
615,20486,2261411,949.7,658.0,922.4,560.7,936.05,609.35,0
615,20487,2261412,949.5,657.4,922.1,560.3,935.8,608.85,0
615,20488,2261413,949.2,656.6,921.7,560.3,935.45,608.45,0
615,20489,2261414,949.0,655.8,921.6,560.2,935.3,608.0,0
615,20490,2261415,948.8,655.0,921.7,560.4,935.25,607.7,0
615,20491,2261416,948.3,654.4,921.8,560.7,935.05,607.55,0
615,20492,2261417,947.9,654.2,921.9,561.0,934.9,607.6,0
615,20493,2261418,947.5,654.2,921.9,561.3,934.7,607.75,0
615,20494,2261419,947.3,654.3,921.7,561.5,934.5,607.9,0
615,20495,2261420,947.3,654.5,921.4,561.5,934.35,608.0,0
615,20496,2261421,947.2,654.8,921.2,561.5,934.2,608.15,0
615,20497,2261422,947.2,655.1,920.9,561.4,934.05,608.25,0
615,20498,2261423,947.3,655.2,920.6,561.3,933.95,608.25,0
615,20499,2261424,947.3,655.3,920.5,561.3,933.9,608.3,0
615,20500,2261425,947.1,655.3,920.4,561.3,933.75,608.3,0
616,20501,2261426,947.0,655.3,920.8,561.3,933.9,608.3,0
616,20502,2261427,946.7,655.4,921.1,561.5,933.9,608.45,0
616,20503,2261428,946.5,655.7,921.5,561.7,934.0,608.7,0
616,20504,2261429,946.2,656.3,921.9,561.9,934.05,609.1,0
616,20505,2261430,946.0,656.8,922.3,562.1,934.15,609.45,0
616,20506,2261431,945.9,657.3,922.3,562.1,934.1,609.7,0
616,20507,2261432,945.9,657.8,922.3,562.1,934.1,609.95,0
616,20508,2261433,945.9,658.3,922.2,562.1,934.05,610.2,0
616,20509,2261434,945.9,658.9,922.0,562.0,933.95,610.45,0
616,20510,2261435,945.8,659.3,921.8,561.9,933.8,610.6,0
616,20511,2261436,946.1,659.5,921.6,561.8,933.85,610.65,0
616,20512,2261437,946.3,659.6,921.4,561.8,933.85,610.7,0
616,20513,2261438,946.5,659.8,921.5,561.7,934.0,610.75,0
616,20514,2261439,946.5,660.0,921.5,561.7,934.0,610.85,0
616,20515,2261440,946.2,660.1,921.6,561.6,933.9,610.85,0
616,20516,2261441,946.0,660.2,921.6,561.5,933.8,610.85,0
616,20517,2261442,945.8,660.3,921.4,561.4,933.6,610.85,0
616,20518,2261443,945.4,660.4,921.2,561.3,933.3,610.85,0
616,20519,2261444,945.1,660.6,920.9,561.3,933.0,610.95,0
616,20520,2261445,944.9,660.9,920.6,561.8,932.75,611.35,0
616,20521,2261446,945.1,661.3,920.4,562.3,932.75,611.8,0
616,20522,2261447,945.5,661.8,920.1,562.8,932.8,612.3,0
616,20523,2261448,946.0,662.5,920.0,563.2,933.0,612.85,0
616,20524,2261449,946.4,663.1,920.0,563.6,933.2,613.35,0
616,20525,2261450,946.7,663.8,920.0,563.9,933.35,613.85,0
616,20526,2261451,947.0,664.4,920.0,563.9,933.5,614.15,0
616,20527,2261452,947.0,664.9,919.8,563.5,933.4,614.2,0
616,20528,2261453,947.0,665.4,919.7,563.0,933.35,614.2,0
616,20529,2261454,947.0,665.8,919.5,562.6,933.25,614.2,0
616,20530,2261455,946.9,666.0,919.3,562.3,933.1,614.15,0
616,20531,2261456,946.7,666.1,919.0,562.0,932.85,614.05,0
616,20532,2261457,946.6,666.3,918.9,561.8,932.75,614.05,0
616,20533,2261458,946.4,666.2,918.7,561.9,932.55,614.05,0
617,20534,2261459,946.2,666.0,918.6,562.0,932.4,614.0,0
617,20535,2261460,946.1,665.6,918.6,562.2,932.35,613.9,0
617,20536,2261461,945.9,665.2,918.5,562.3,932.2,613.75,0
617,20537,2261462,945.9,664.6,918.4,562.4,932.15,613.5,0
617,20538,2261463,946.0,664.0,918.2,562.5,932.1,613.25,0
617,20539,2261464,946.1,663.5,918.1,562.5,932.1,613.0,0
617,20540,2261465,946.2,662.5,917.9,562.4,932.05,612.45,0
617,20541,2261466,946.3,661.7,917.8,562.2,932.05,611.95,0
617,20542,2261467,946.1,661.0,917.6,561.9,931.85,611.45,0
617,20543,2261468,946.0,660.2,917.5,561.8,931.75,611.0,0
617,20544,2261469,945.8,659.6,917.5,561.6,931.65,610.6,0
617,20545,2261470,945.5,659.0,917.5,561.4,931.5,610.2,0
617,20546,2261471,945.3,658.4,917.5,561.1,931.4,609.75,0
617,20547,2261472,945.0,658.2,917.5,560.8,931.25,609.5,0
617,20548,2261473,944.8,657.7,917.4,560.5,931.1,609.1,0
617,20549,2261474,944.8,657.2,917.3,560.1,931.05,608.65,0
617,20550,2261475,944.8,656.7,917.2,559.7,931.0,608.2,0
617,20551,2261476,944.6,656.0,917.1,559.3,930.85,607.65,0
617,20552,2261477,944.4,655.1,916.9,559.0,930.65,607.05,0
617,20553,2261478,944.2,654.2,916.7,558.6,930.45,606.4,0
617,20554,2261479,944.0,653.3,916.4,558.3,930.2,605.8,0
617,20555,2261480,943.8,652.6,916.2,558.0,930.0,605.3,0
617,20556,2261481,943.6,651.7,915.9,557.7,929.75,604.7,0
617,20557,2261482,943.4,650.7,915.7,557.4,929.55,604.05,0
617,20558,2261483,943.5,650.1,915.5,557.1,929.5,603.6,0
617,20559,2261484,943.5,649.7,915.4,556.7,929.45,603.2,0
617,20560,2261485,943.5,649.2,915.3,556.3,929.4,602.75,0
617,20561,2261486,943.2,648.9,915.3,556.0,929.25,602.45,0
617,20562,2261487,943.1,648.8,915.4,555.7,929.25,602.25,0
617,20563,2261488,942.9,648.9,915.6,555.4,929.25,602.15,0
617,20564,2261489,942.9,649.3,915.7,555.1,929.3,602.2,0
617,20565,2261490,942.8,649.6,915.8,554.9,929.3,602.25,0
617,20566,2261491,942.8,650.2,916.0,554.9,929.4,602.55,0
618,20567,2261492,942.8,650.7,916.1,554.9,929.45,602.8,0
618,20568,2261493,942.9,651.1,916.2,554.7,929.55,602.9,0
618,20569,2261494,943.0,651.6,916.4,554.3,929.7,602.95,0
618,20570,2261495,943.0,652.1,916.4,553.9,929.7,603.0,0
618,20571,2261496,942.9,652.6,916.5,553.5,929.7,603.05,0
618,20572,2261497,942.8,653.0,916.6,553.0,929.7,603.0,0
618,20573,2261498,942.8,653.3,916.8,552.7,929.8,603.0,0
618,20574,2261499,942.7,653.7,917.1,552.5,929.9,603.1,0
618,20575,2261500,942.7,654.1,917.4,552.4,930.05,603.25,0
618,20576,2261501,942.8,654.4,917.9,552.6,930.35,603.5,0
618,20577,2261502,942.8,654.8,918.3,552.7,930.55,603.75,0
618,20578,2261503,942.8,655.0,918.7,552.2,930.75,603.6,0
618,20579,2261504,942.8,655.2,919.1,551.6,930.95,603.4,0
618,20580,2261505,942.9,655.6,919.3,551.0,931.1,603.3,0
618,20581,2261506,942.9,656.0,919.3,550.3,931.1,603.15,0
618,20582,2261507,942.9,656.3,919.0,549.5,930.95,602.9,0
618,20583,2261508,943.0,656.9,918.5,548.8,930.75,602.85,0
618,20584,2261509,943.1,657.5,918.0,548.2,930.55,602.85,0
618,20585,2261510,943.2,658.2,917.5,548.3,930.35,603.25,0
618,20586,2261511,943.2,659.0,917.0,548.4,930.1,603.7,0
618,20587,2261512,943.2,659.7,916.5,548.6,929.85,604.15,0
618,20588,2261513,943.0,660.4,916.2,548.8,929.6,604.6,0
618,20589,2261514,942.8,661.3,916.2,549.1,929.5,605.2,0
618,20590,2261515,942.4,661.8,916.2,549.3,929.3,605.55,0
618,20591,2261516,942.0,662.2,916.3,549.5,929.15,605.85,0
618,20592,2261517,941.5,662.5,916.4,549.4,928.95,605.95,0
618,20593,2261518,941.0,662.6,916.5,549.3,928.75,605.95,0
618,20594,2261519,940.7,662.6,916.6,549.2,928.65,605.9,0
618,20595,2261520,940.5,662.6,916.8,549.1,928.65,605.85,0
618,20596,2261521,940.4,662.4,916.8,549.0,928.6,605.7,0
618,20597,2261522,940.4,662.4,916.9,548.9,928.65,605.65,0
618,20598,2261523,940.5,662.4,916.9,549.1,928.7,605.75,0
618,20599,2261524,940.6,662.4,916.9,549.3,928.75,605.85,0
618,20600,2261525,940.7,662.5,916.9,549.5,928.8,606.0,0
619,20601,2261526,940.8,662.7,916.8,549.7,928.8,606.2,0
619,20602,2261527,940.7,662.9,916.7,549.8,928.7,606.35,0
619,20603,2261528,940.7,663.2,916.5,549.9,928.6,606.55,0
619,20604,2261529,940.7,663.3,916.4,550.0,928.55,606.65,0
619,20605,2261530,940.7,663.5,916.1,550.0,928.4,606.75,0
619,20606,2261531,940.8,663.6,915.9,550.0,928.35,606.8,0
619,20607,2261532,941.2,663.7,915.4,550.1,928.3,606.9,0
619,20608,2261533,941.5,663.9,915.1,550.2,928.3,607.05,0
619,20609,2261534,941.8,663.9,914.7,550.3,928.25,607.1,0
619,20610,2261535,942.0,663.8,914.4,550.4,928.2,607.1,0
619,20611,2261536,942.0,663.7,914.0,550.6,928.0,607.15,0
619,20612,2261537,942.0,663.5,913.8,550.8,927.9,607.15,0
619,20613,2261538,941.9,663.3,914.0,551.1,927.95,607.2,0
619,20614,2261539,941.6,663.1,914.3,551.3,927.95,607.2,0
619,20615,2261540,941.3,662.8,914.5,551.6,927.9,607.2,0
619,20616,2261541,941.1,662.5,914.6,551.8,927.85,607.15,0
619,20617,2261542,941.1,662.2,914.7,552.1,927.9,607.15,0
619,20618,2261543,941.2,662.1,914.8,552.4,928.0,607.25,0
619,20619,2261544,941.4,662.1,914.9,552.5,928.15,607.3,0
619,20620,2261545,941.5,661.9,914.6,552.7,928.05,607.3,0
619,20621,2261546,941.6,661.6,914.2,552.8,927.9,607.2,0
619,20622,2261547,941.7,661.4,914.0,552.9,927.85,607.15,0
619,20623,2261548,941.8,661.1,913.9,553.1,927.85,607.1,0
619,20624,2261549,941.8,660.9,913.9,553.3,927.85,607.1,0
619,20625,2261550,941.8,660.6,913.9,553.6,927.85,607.1,0
619,20626,2261551,941.7,660.3,914.1,553.8,927.9,607.05,0
619,20627,2261552,941.6,659.7,914.2,553.9,927.9,606.8,0
619,20628,2261553,941.4,659.2,914.4,554.1,927.9,606.65,0
619,20629,2261554,941.0,658.9,914.5,554.3,927.75,606.6,0
619,20630,2261555,940.8,658.4,914.7,554.4,927.75,606.4,0
619,20631,2261556,940.5,657.8,914.8,554.4,927.65,606.1,0
619,20632,2261557,940.4,657.2,914.9,554.4,927.65,605.8,0
619,20633,2261558,940.3,656.5,914.9,554.4,927.6,605.45,0
620,20634,2261559,940.3,656.1,914.9,554.6,927.6,605.35,0
620,20635,2261560,940.3,655.5,914.9,554.7,927.6,605.1,0
620,20636,2261561,940.4,655.0,914.8,554.9,927.6,604.95,0
620,20637,2261562,940.5,654.6,914.8,555.1,927.65,604.85,0
620,20638,2261563,940.5,654.3,914.9,555.3,927.7,604.8,0
620,20639,2261564,940.3,654.1,914.9,555.5,927.6,604.8,0
620,20640,2261565,940.2,654.1,914.9,555.6,927.55,604.85,0
620,20641,2261566,940.0,654.2,914.8,555.7,927.4,604.95,0
620,20642,2261567,939.9,654.3,914.7,555.6,927.3,604.95,0
620,20643,2261568,939.8,654.5,914.5,555.5,927.15,605.0,0
620,20644,2261569,939.7,654.5,914.3,555.2,927.0,604.85,0
620,20645,2261570,939.6,654.4,914.1,555.0,926.85,604.7,0
620,20646,2261571,939.7,654.2,914.0,554.6,926.85,604.4,0
620,20647,2261572,939.8,654.2,913.8,554.2,926.8,604.2,0
620,20648,2261573,939.8,654.1,913.7,553.7,926.75,603.9,0
620,20649,2261574,939.8,654.1,913.5,553.4,926.65,603.75,0
620,20650,2261575,939.9,654.1,913.5,553.1,926.7,603.6,0
620,20651,2261576,939.8,654.3,913.3,552.9,926.55,603.6,0
620,20652,2261577,939.8,654.0,913.2,552.5,926.5,603.25,0
620,20653,2261578,939.6,653.8,913.2,552.2,926.4,603.0,0
620,20654,2261579,939.3,653.5,913.3,551.9,926.3,602.7,0
620,20655,2261580,939.0,653.2,913.6,551.5,926.3,602.35,0
620,20656,2261581,938.8,652.7,913.9,550.8,926.35,601.75,0
620,20657,2261582,938.6,652.2,914.2,550.1,926.4,601.15,0
620,20658,2261583,938.4,651.7,914.4,549.6,926.4,600.65,0
620,20659,2261584,938.2,651.7,914.5,549.0,926.35,600.35,0
620,20660,2261585,938.3,651.5,914.4,548.5,926.35,600.0,0
620,20661,2261586,938.4,651.4,914.1,548.1,926.25,599.75,0
620,20662,2261587,938.5,651.3,913.8,547.6,926.15,599.45,0
620,20663,2261588,938.6,651.2,913.5,547.4,926.05,599.3,0
620,20664,2261589,938.7,651.1,913.3,547.3,926.0,599.2,0
620,20665,2261590,938.8,651.1,913.4,547.1,926.1,599.1,0
620,20666,2261591,938.9,651.1,913.8,546.9,926.35,599.0,0
621,20667,2261592,939.0,651.2,914.3,546.8,926.65,599.0,0
621,20668,2261593,938.9,651.3,914.9,546.5,926.9,598.9,0
621,20669,2261594,938.8,651.4,915.4,546.0,927.1,598.7,0
621,20670,2261595,938.7,651.7,915.9,545.4,927.3,598.55,0
621,20671,2261596,938.7,652.0,916.2,544.7,927.45,598.35,0
621,20672,2261597,938.7,652.3,916.4,544.0,927.55,598.15,0
621,20673,2261598,938.9,652.5,916.3,543.2,927.6,597.85,0
621,20674,2261599,939.1,652.7,915.8,542.4,927.45,597.55,0
621,20675,2261600,939.3,652.8,915.3,541.7,927.3,597.25,0
621,20676,2261601,939.5,652.8,914.9,541.3,927.2,597.05,0
621,20677,2261602,939.6,652.7,914.5,540.9,927.05,596.8,0
621,20678,2261603,939.5,652.5,914.4,540.6,926.95,596.55,0
621,20679,2261604,939.5,652.3,914.4,540.1,926.95,596.2,0
621,20680,2261605,939.2,652.1,914.4,539.8,926.8,595.95,0
621,20681,2261606,938.8,652.0,914.7,539.3,926.75,595.65,0
621,20682,2261607,938.3,651.9,915.1,538.4,926.7,595.15,0
621,20683,2261608,938.0,651.9,915.5,537.5,926.75,594.7,0
621,20684,2261609,937.6,651.8,915.8,536.5,926.7,594.15,0
621,20685,2261610,937.3,651.8,916.0,535.8,926.65,593.8,0
621,20686,2261611,937.1,651.7,916.0,535.1,926.55,593.4,0
621,20687,2261612,937.0,651.7,915.9,534.4,926.45,593.05,0
621,20688,2261613,937.1,651.8,915.9,533.6,926.5,592.7,0
621,20689,2261614,937.3,651.9,915.8,533.4,926.55,592.65,0
621,20690,2261615,937.5,652.0,915.6,533.1,926.55,592.55,0
621,20691,2261616,938.0,652.1,915.4,532.6,926.7,592.35,0
621,20692,2261617,938.4,652.1,915.3,532.0,926.85,592.05,0
621,20693,2261618,938.7,652.1,915.1,531.2,926.9,591.65,0
621,20694,2261619,938.6,652.1,915.1,530.3,926.85,591.2,0
621,20695,2261620,938.6,652.1,915.0,529.5,926.8,590.8,0
621,20696,2261621,938.3,652.1,915.1,528.6,926.7,590.35,0
621,20697,2261622,938.0,651.9,915.2,527.7,926.6,589.8,0
621,20698,2261623,937.4,651.8,915.3,527.1,926.35,589.45,0
621,20699,2261624,936.9,651.7,915.4,526.4,926.15,589.05,0
621,20700,2261625,936.5,651.6,915.2,526.0,925.85,588.8,0
622,20701,2261626,936.5,651.4,915.0,525.7,925.75,588.55,0
622,20702,2261627,936.6,651.3,914.7,525.5,925.65,588.4,0
622,20703,2261628,937.0,651.2,914.4,525.5,925.7,588.35,0
622,20704,2261629,937.4,651.2,914.2,525.4,925.8,588.3,0
622,20705,2261630,937.8,651.3,914.0,525.2,925.9,588.25,0
622,20706,2261631,938.1,651.4,913.8,524.8,925.95,588.1,0
622,20707,2261632,938.2,651.4,913.9,524.4,926.05,587.9,0
622,20708,2261633,938.3,651.5,914.0,523.4,926.15,587.45,0
622,20709,2261634,938.1,651.4,914.1,522.4,926.1,586.9,0
622,20710,2261635,937.9,651.3,914.1,521.4,926.0,586.35,0
622,20711,2261636,937.7,651.2,914.2,520.0,925.95,585.6,0
622,20712,2261637,937.5,650.9,914.5,518.7,926.0,584.8,0
622,20713,2261638,937.4,650.7,914.8,517.6,926.1,584.15,0
622,20714,2261639,937.3,650.6,915.1,516.5,926.2,583.55,0
622,20715,2261640,937.0,650.4,915.2,516.0,926.1,583.2,0
622,20716,2261641,936.8,650.4,915.3,515.6,926.05,583.0,0
622,20717,2261642,936.5,650.5,915.5,515.3,926.0,582.9,0
622,20718,2261643,936.4,650.6,915.5,515.4,925.95,583.0,0
622,20719,2261644,936.3,650.7,915.3,515.6,925.8,583.15,0
622,20720,2261645,936.3,650.8,915.1,515.8,925.7,583.3,0
622,20721,2261646,936.6,650.9,914.6,515.9,925.6,583.4,0
622,20722,2261647,937.1,651.0,914.3,515.9,925.7,583.45,0
622,20723,2261648,937.5,651.0,914.0,516.0,925.75,583.5,0
622,20724,2261649,938.0,651.1,913.6,515.7,925.8,583.4,0
622,20725,2261650,938.4,651.1,913.4,515.4,925.9,583.25,0
622,20726,2261651,938.8,651.2,913.3,515.1,926.05,583.15,0
622,20727,2261652,939.1,651.3,913.2,514.8,926.15,583.05,0
622,20728,2261653,939.1,651.3,913.6,514.5,926.35,582.9,0
622,20729,2261654,939.1,651.4,914.0,514.3,926.55,582.85,0
622,20730,2261655,939.1,651.5,914.5,514.1,926.8,582.8,0
622,20731,2261656,939.0,651.5,915.0,514.2,927.0,582.85,0
622,20732,2261657,938.9,651.6,915.5,514.3,927.2,582.95,0
622,20733,2261658,938.7,651.6,916.0,514.8,927.35,583.2,0
623,20734,2261659,938.4,651.5,916.5,515.6,927.45,583.55,0
623,20735,2261660,938.1,651.6,916.7,516.5,927.4,584.05,0
623,20736,2261661,937.8,651.8,917.0,517.4,927.4,584.6,0
623,20737,2261662,937.6,652.0,917.1,518.4,927.35,585.2,0
623,20738,2261663,937.5,652.2,917.0,519.2,927.25,585.7,0
623,20739,2261664,937.3,652.6,916.2,520.0,926.75,586.3,0
623,20740,2261665,937.3,653.0,915.3,520.6,926.3,586.8,0
623,20741,2261666,937.3,653.3,914.4,521.1,925.85,587.2,0
623,20742,2261667,937.5,653.8,913.5,521.5,925.5,587.65,0
623,20743,2261668,937.8,654.0,912.5,522.5,925.15,588.25,0
623,20744,2261669,938.1,654.4,911.7,523.3,924.9,588.85,0
623,20745,2261670,938.3,654.8,911.0,524.4,924.65,589.6,0
623,20746,2261671,938.5,654.9,911.0,525.8,924.75,590.35,0
623,20747,2261672,938.7,655.0,911.0,527.1,924.85,591.05,0
623,20748,2261673,938.9,655.2,911.1,528.6,925.0,591.9,0
623,20749,2261674,938.9,655.2,911.2,530.1,925.05,592.65,0
623,20750,2261675,938.9,655.4,911.3,531.4,925.1,593.4,0
623,20751,2261676,938.9,655.4,911.4,532.9,925.15,594.15,0
623,20752,2261677,938.9,655.4,911.6,534.3,925.25,594.85,0
623,20753,2261678,938.9,655.5,911.7,535.5,925.3,595.5,0
623,20754,2261679,938.8,655.5,911.9,536.7,925.35,596.1,0
623,20755,2261680,938.8,655.6,912.0,537.6,925.4,596.6,0
623,20756,2261681,938.8,655.7,912.4,538.5,925.6,597.1,0
623,20757,2261682,938.9,655.8,913.3,539.1,926.1,597.45,0
623,20758,2261683,939.4,655.8,915.1,539.5,927.25,597.65,0
623,20759,2261684,940.9,655.8,917.6,539.9,929.25,597.85,0
623,20760,2261685,943.8,655.8,920.1,540.0,931.95,597.9,0
623,20761,2261686,947.8,655.6,923.9,540.1,935.85,597.85,0
623,20762,2261687,954.1,655.4,929.3,540.2,941.7,597.8,0
623,20763,2261688,962.0,655.1,936.2,540.2,949.1,597.65,0
623,20764,2261689,971.8,654.6,945.1,539.8,958.45,597.2,0
623,20765,2261690,983.5,654.0,955.9,539.2,969.7,596.6,0
623,20766,2261691,995.5,653.3,968.7,538.7,982.1,596.0,0
624,20767,2261692,1008.7,652.6,983.7,538.3,996.2,595.45,0
624,20768,2261693,1022.2,651.9,999.0,537.8,1010.6,594.85,0
624,20769,2261694,1035.1,651.2,1013.8,536.9,1024.45,594.05,0
624,20770,2261695,1047.8,650.5,1027.1,535.2,1037.45,592.85,0
624,20771,2261696,1059.6,649.8,1039.1,533.8,1049.35,591.8,0
624,20772,2261697,1070.7,649.1,1049.6,531.6,1060.15,590.35,0
624,20773,2261698,1081.0,648.2,1058.4,529.3,1069.7,588.75,0
624,20774,2261699,1089.8,647.3,1067.0,527.0,1078.4,587.15,0
624,20775,2261700,1098.2,645.7,1075.4,524.1,1086.8,584.9,0
624,20776,2261701,1105.6,644.1,1084.0,521.5,1094.8,582.8,0
624,20777,2261702,1112.7,642.4,1092.9,519.1,1102.8,580.75,0
624,20778,2261703,1118.8,640.5,1102.0,516.5,1110.4,578.5,0
624,20779,2261704,1123.6,638.2,1110.1,514.8,1116.85,576.5,0
624,20780,2261705,1127.8,635.9,1117.6,512.3,1122.7,574.1,0
624,20781,2261706,1131.2,633.6,1123.1,509.3,1127.15,571.45,0
624,20782,2261707,1133.7,632.1,1127.3,507.2,1130.5,569.65,0
624,20783,2261708,1135.4,630.4,1130.3,504.8,1132.85,567.6,0
624,20784,2261709,1136.0,628.6,1132.6,502.8,1134.3,565.7,0
624,20785,2261710,1136.5,627.2,1133.8,501.1,1135.15,564.15,0
624,20786,2261711,1136.8,625.8,1134.6,499.4,1135.7,562.6,0
624,20787,2261712,1136.9,624.4,1134.9,498.4,1135.9,561.4,0
624,20788,2261713,1137.0,623.1,1135.2,497.5,1136.1,560.3,0
624,20789,2261714,1137.1,621.6,1135.6,496.6,1136.35,559.1,0
624,20790,2261715,1137.2,620.6,1136.0,496.0,1136.6,558.3,0
624,20791,2261716,1137.3,619.3,1136.4,495.4,1136.85,557.35,0
624,20792,2261717,1137.4,617.9,1136.7,494.9,1137.05,556.4,0
624,20793,2261718,1138.1,616.9,1137.4,494.4,1137.75,555.65,0
624,20794,2261719,1139.0,616.2,1138.4,493.9,1138.7,555.05,0
624,20795,2261720,1139.9,615.2,1139.3,493.8,1139.6,554.5,0
624,20796,2261721,1140.8,614.3,1140.1,494.0,1140.45,554.15,0
624,20797,2261722,1141.7,613.2,1140.8,494.3,1141.25,553.75,0
624,20798,2261723,1142.7,612.5,1141.3,494.7,1142.0,553.6,0
624,20799,2261724,1143.6,611.7,1141.7,495.2,1142.65,553.45,0
624,20800,2261725,1143.9,611.0,1141.6,495.6,1142.75,553.3,0
625,20801,2261726,1144.1,610.4,1141.2,496.1,1142.65,553.25,0
625,20802,2261727,1144.1,610.0,1140.5,496.6,1142.3,553.3,0
625,20803,2261728,1143.9,609.6,1140.0,496.9,1141.95,553.25,0
625,20804,2261729,1143.7,609.5,1139.3,497.1,1141.5,553.3,0
625,20805,2261730,1143.5,609.3,1138.3,497.1,1140.9,553.2,0
625,20806,2261731,1143.2,609.2,1137.3,497.1,1140.25,553.15,0
625,20807,2261732,1142.8,609.0,1136.3,497.1,1139.55,553.05,0
625,20808,2261733,1142.4,608.7,1135.3,497.0,1138.85,552.85,0
625,20809,2261734,1142.2,608.6,1134.5,496.8,1138.35,552.7,0
625,20810,2261735,1142.1,608.5,1133.8,496.8,1137.95,552.65,0
625,20811,2261736,1142.1,608.5,1133.2,496.8,1137.65,552.65,0
625,20812,2261737,1142.1,608.6,1133.2,496.9,1137.65,552.75,0
625,20813,2261738,1142.1,608.7,1133.2,497.2,1137.65,552.95,0
625,20814,2261739,1142.2,609.3,1133.2,497.5,1137.7,553.4,0
625,20815,2261740,1142.4,610.0,1133.2,497.7,1137.8,553.85,0
625,20816,2261741,1142.7,610.5,1133.1,497.9,1137.9,554.2,0
625,20817,2261742,1143.1,611.0,1133.0,498.1,1138.05,554.55,0
625,20818,2261743,1143.4,611.4,1132.9,498.3,1138.15,554.85,0
625,20819,2261744,1143.6,611.7,1132.8,498.4,1138.2,555.05,0
625,20820,2261745,1143.9,612.0,1133.1,498.4,1138.5,555.2,0
625,20821,2261746,1144.2,611.8,1133.4,498.3,1138.8,555.05,0
625,20822,2261747,1144.4,611.7,1133.8,497.9,1139.1,554.8,0
625,20823,2261748,1144.3,611.6,1134.3,497.6,1139.3,554.6,0
625,20824,2261749,1144.0,611.4,1135.0,497.3,1139.5,554.35,0
625,20825,2261750,1143.8,611.3,1135.7,497.0,1139.75,554.15,0
625,20826,2261751,1143.5,611.3,1136.3,496.6,1139.9,553.95,0
625,20827,2261752,1143.2,611.4,1136.7,496.3,1139.95,553.85,0
625,20828,2261753,1142.9,611.7,1137.1,496.0,1140.0,553.85,0
625,20829,2261754,1142.6,612.1,1137.5,496.0,1140.05,554.05,0
625,20830,2261755,1142.4,612.4,1137.9,495.9,1140.15,554.15,0
625,20831,2261756,1142.3,612.7,1138.0,496.0,1140.15,554.35,0
625,20832,2261757,1142.3,613.0,1138.0,496.0,1140.15,554.5,0
625,20833,2261758,1142.4,613.3,1137.8,495.9,1140.1,554.6,0
626,20834,2261759,1142.6,613.5,1137.5,495.4,1140.05,554.45,0
626,20835,2261760,1142.8,613.6,1137.0,494.8,1139.9,554.2,0
626,20836,2261761,1143.0,613.6,1136.6,494.2,1139.8,553.9,0
626,20837,2261762,1143.2,613.9,1135.9,493.8,1139.55,553.85,0
626,20838,2261763,1143.4,614.2,1135.2,493.3,1139.3,553.75,0
626,20839,2261764,1143.7,614.6,1134.6,492.9,1139.15,553.75,0
626,20840,2261765,1144.3,614.9,1134.1,492.5,1139.2,553.7,0
626,20841,2261766,1145.0,615.2,1133.9,492.5,1139.45,553.85,0
626,20842,2261767,1145.8,615.6,1133.7,492.4,1139.75,554.0,0
626,20843,2261768,1146.7,615.9,1133.5,492.2,1140.1,554.05,0
626,20844,2261769,1147.5,616.4,1133.7,491.9,1140.6,554.15,0
626,20845,2261770,1148.4,616.8,1134.0,491.7,1141.2,554.25,0
626,20846,2261771,1149.1,617.3,1134.3,491.4,1141.7,554.35,0
626,20847,2261772,1149.2,617.8,1134.7,491.1,1141.95,554.45,0
626,20848,2261773,1149.3,618.6,1135.1,490.8,1142.2,554.7,0
626,20849,2261774,1149.3,619.5,1135.8,490.7,1142.55,555.1,0
626,20850,2261775,1149.1,620.3,1136.4,490.4,1142.75,555.35,0
626,20851,2261776,1149.0,620.8,1136.9,490.2,1142.95,555.5,0
626,20852,2261777,1148.9,621.2,1137.3,490.0,1143.1,555.6,0
626,20853,2261778,1148.9,621.7,1137.8,489.7,1143.35,555.7,0
626,20854,2261779,1149.0,622.0,1138.1,489.4,1143.55,555.7,0
626,20855,2261780,1149.1,621.9,1138.5,489.0,1143.8,555.45,0
626,20856,2261781,1149.2,621.8,1138.4,488.4,1143.8,555.1,0
626,20857,2261782,1149.4,621.7,1138.3,488.0,1143.85,554.85,0
626,20858,2261783,1149.5,621.7,1138.2,487.6,1143.85,554.65,0
626,20859,2261784,1149.7,621.8,1138.0,487.2,1143.85,554.5,0
626,20860,2261785,1149.8,622.0,1137.3,486.8,1143.55,554.4,0
626,20861,2261786,1150.0,622.3,1136.6,486.6,1143.3,554.45,0
626,20862,2261787,1150.1,622.7,1135.9,486.3,1143.0,554.5,0
626,20863,2261788,1150.2,623.1,1135.4,486.2,1142.8,554.65,0
626,20864,2261789,1150.3,623.6,1135.3,486.1,1142.8,554.85,0
626,20865,2261790,1150.4,624.0,1135.6,486.0,1143.0,555.0,0
626,20866,2261791,1150.5,624.2,1135.8,485.8,1143.15,555.0,0
627,20867,2261792,1150.5,624.5,1137.0,485.6,1143.75,555.05,0
627,20868,2261793,1150.6,624.7,1138.1,485.3,1144.35,555.0,0
627,20869,2261794,1150.8,624.8,1139.2,485.2,1145.0,555.0,0
627,20870,2261795,1151.1,624.8,1140.2,485.0,1145.65,554.9,0
627,20871,2261796,1151.4,624.8,1141.0,484.9,1146.2,554.85,0
627,20872,2261797,1151.6,624.5,1141.3,484.8,1146.45,554.65,0
627,20873,2261798,1151.9,624.4,1141.7,484.1,1146.8,554.25,0
627,20874,2261799,1152.1,624.3,1141.8,483.5,1146.95,553.9,0
627,20875,2261800,1152.3,624.2,1141.5,482.9,1146.9,553.55,0
627,20876,2261801,1152.3,624.1,1141.2,482.2,1146.75,553.15,0
627,20877,2261802,1152.3,624.1,1140.8,481.6,1146.55,552.85,0
627,20878,2261803,1152.3,624.2,1140.4,480.9,1146.35,552.55,0
627,20879,2261804,1152.2,624.5,1140.0,480.2,1146.1,552.35,0
627,20880,2261805,1152.1,624.7,1139.6,479.9,1145.85,552.3,0
627,20881,2261806,1152.1,624.8,1139.2,479.6,1145.65,552.2,0
627,20882,2261807,1152.0,624.9,1139.1,479.4,1145.55,552.15,0
627,20883,2261808,1152.0,624.9,1139.1,479.3,1145.55,552.1,0
627,20884,2261809,1152.0,624.8,1139.4,479.5,1145.7,552.15,0
627,20885,2261810,1152.0,624.7,1139.8,479.7,1145.9,552.2,0
627,20886,2261811,1152.1,624.6,1140.3,480.0,1146.2,552.3,0
627,20887,2261812,1152.2,624.5,1140.8,480.2,1146.5,552.35,0
627,20888,2261813,1152.3,624.4,1141.3,480.3,1146.8,552.35,0
627,20889,2261814,1152.4,624.4,1141.9,480.5,1147.15,552.45,0
627,20890,2261815,1152.5,624.3,1142.4,480.4,1147.45,552.35,0
627,20891,2261816,1152.5,624.2,1142.6,480.0,1147.55,552.1,0
627,20892,2261817,1152.5,624.1,1142.5,479.7,1147.5,551.9,0
627,20893,2261818,1152.5,624.0,1142.2,479.3,1147.35,551.65,0
627,20894,2261819,1152.6,623.9,1141.7,479.2,1147.15,551.55,0
627,20895,2261820,1152.8,623.8,1141.2,478.9,1147.0,551.35,0
627,20896,2261821,1153.0,623.8,1140.6,478.7,1146.8,551.25,0
627,20897,2261822,1153.2,623.7,1140.0,478.4,1146.6,551.05,0
627,20898,2261823,1153.5,623.7,1139.4,478.2,1146.45,550.95,0
627,20899,2261824,1153.7,623.7,1139.0,478.0,1146.35,550.85,0
627,20900,2261825,1153.7,623.8,1139.0,477.8,1146.35,550.8,0
628,20901,2261826,1153.5,623.8,1139.3,477.6,1146.4,550.7,0
628,20902,2261827,1153.4,623.8,1139.6,477.5,1146.5,550.65,0
628,20903,2261828,1153.4,623.9,1140.1,477.5,1146.75,550.7,0
628,20904,2261829,1153.3,623.9,1140.9,477.6,1147.1,550.75,0
628,20905,2261830,1153.3,624.0,1141.7,477.8,1147.5,550.9,0
628,20906,2261831,1153.2,624.0,1142.5,478.1,1147.85,551.05,0
628,20907,2261832,1153.4,624.0,1143.1,478.3,1148.25,551.15,0
628,20908,2261833,1153.5,624.0,1143.4,478.5,1148.45,551.25,0
628,20909,2261834,1153.6,623.9,1143.8,478.7,1148.7,551.3,0
628,20910,2261835,1153.5,623.8,1144.0,479.0,1148.75,551.4,0
628,20911,2261836,1153.4,623.7,1143.9,479.4,1148.65,551.55,0
628,20912,2261837,1153.2,623.5,1143.3,479.7,1148.25,551.6,0
628,20913,2261838,1153.1,623.3,1142.6,479.9,1147.85,551.6,0
628,20914,2261839,1153.1,623.0,1142.0,480.1,1147.55,551.55,0
628,20915,2261840,1153.0,622.7,1141.3,480.2,1147.15,551.45,0
628,20916,2261841,1153.1,622.5,1140.6,480.1,1146.85,551.3,0
628,20917,2261842,1153.2,622.5,1140.0,479.9,1146.6,551.2,0
628,20918,2261843,1153.3,622.7,1139.3,479.6,1146.3,551.15,0
628,20919,2261844,1153.4,623.0,1139.3,479.4,1146.35,551.2,0
628,20920,2261845,1153.6,623.3,1139.6,479.1,1146.6,551.2,0
628,20921,2261846,1153.7,623.7,1140.3,478.9,1147.0,551.3,0
628,20922,2261847,1153.8,624.1,1141.0,478.6,1147.4,551.35,0
628,20923,2261848,1154.0,624.4,1141.7,478.6,1147.85,551.5,0
628,20924,2261849,1154.2,624.5,1142.8,478.6,1148.5,551.55,0
628,20925,2261850,1154.4,624.4,1143.9,478.4,1149.15,551.4,0
628,20926,2261851,1154.6,624.2,1144.9,478.2,1149.75,551.2,0
628,20927,2261852,1154.7,624.1,1145.7,478.0,1150.2,551.05,0
628,20928,2261853,1154.7,623.9,1146.1,477.8,1150.4,550.85,0
628,20929,2261854,1154.8,623.8,1146.1,477.6,1150.45,550.7,0
628,20930,2261855,1154.7,623.4,1146.1,477.5,1150.4,550.45,0
628,20931,2261856,1154.5,623.1,1145.4,477.6,1149.95,550.35,0
628,20932,2261857,1154.4,622.7,1144.5,477.9,1149.45,550.3,0
628,20933,2261858,1154.2,622.4,1143.4,478.2,1148.8,550.3,0
629,20934,2261859,1154.1,622.1,1142.3,478.7,1148.2,550.4,0
629,20935,2261860,1154.0,621.7,1141.2,479.2,1147.6,550.45,0
629,20936,2261861,1153.9,621.3,1140.5,480.2,1147.2,550.75,0
629,20937,2261862,1153.9,621.1,1139.9,481.1,1146.9,551.1,0
629,20938,2261863,1153.9,620.9,1140.0,481.9,1146.95,551.4,0
629,20939,2261864,1153.8,620.7,1140.9,482.7,1147.35,551.7,0
629,20940,2261865,1153.8,620.4,1141.9,483.2,1147.85,551.8,0
629,20941,2261866,1154.0,620.0,1143.0,483.4,1148.5,551.7,0
629,20942,2261867,1154.1,619.8,1144.2,483.6,1149.15,551.7,0
629,20943,2261868,1154.2,619.7,1145.4,483.3,1149.8,551.5,0
629,20944,2261869,1154.2,619.6,1146.5,482.6,1150.35,551.1,0
629,20945,2261870,1154.2,619.7,1147.2,481.9,1150.7,550.8,0
629,20946,2261871,1154.2,619.8,1147.3,481.3,1150.75,550.55,0
629,20947,2261872,1154.1,619.9,1147.4,480.9,1150.75,550.4,0
629,20948,2261873,1154.0,620.0,1147.2,480.8,1150.6,550.4,0
629,20949,2261874,1153.8,620.2,1146.3,480.7,1150.05,550.45,0
629,20950,2261875,1153.8,620.0,1145.5,480.8,1149.65,550.4,0
629,20951,2261876,1153.7,619.6,1144.7,481.2,1149.2,550.4,0
629,20952,2261877,1153.7,619.1,1143.8,481.7,1148.75,550.4,0
629,20953,2261878,1153.8,618.7,1143.0,482.1,1148.4,550.4,0
629,20954,2261879,1153.8,618.3,1142.3,482.5,1148.05,550.4,0
629,20955,2261880,1153.7,617.8,1141.9,482.7,1147.8,550.25,0
629,20956,2261881,1153.7,617.2,1142.2,482.9,1147.95,550.05,0
629,20957,2261882,1153.6,616.8,1142.6,483.0,1148.1,549.9,0
629,20958,2261883,1153.5,616.7,1143.0,483.1,1148.25,549.9,0
629,20959,2261884,1153.4,616.6,1143.5,483.1,1148.45,549.85,0
629,20960,2261885,1153.4,616.5,1144.0,482.8,1148.7,549.65,0
629,20961,2261886,1153.3,616.5,1144.6,482.4,1148.95,549.45,0
629,20962,2261887,1153.0,616.5,1145.0,482.1,1149.0,549.3,0
629,20963,2261888,1152.8,616.5,1145.6,481.8,1149.2,549.15,0
629,20964,2261889,1152.6,616.6,1146.0,481.4,1149.3,549.0,0
629,20965,2261890,1152.4,616.6,1146.3,481.1,1149.35,548.85,0
629,20966,2261891,1152.3,616.7,1145.9,481.0,1149.1,548.85,0
630,20967,2261892,1152.1,616.8,1145.3,481.2,1148.7,549.0,0
630,20968,2261893,1152.0,616.9,1144.6,481.6,1148.3,549.25,0
630,20969,2261894,1152.0,617.0,1143.7,482.0,1147.85,549.5,0
630,20970,2261895,1151.9,616.8,1142.7,482.3,1147.3,549.55,0
630,20971,2261896,1151.8,616.4,1141.6,482.6,1146.7,549.5,0
630,20972,2261897,1151.6,615.9,1140.6,482.9,1146.1,549.4,0
630,20973,2261898,1151.4,615.5,1140.7,483.2,1146.05,549.35,0
630,20974,2261899,1151.2,615.0,1141.2,483.5,1146.2,549.25,0
630,20975,2261900,1151.1,614.5,1142.0,483.8,1146.55,549.15,0
630,20976,2261901,1151.0,614.1,1142.8,484.1,1146.9,549.1,0
630,20977,2261902,1150.8,613.9,1143.7,484.5,1147.25,549.2,0
630,20978,2261903,1150.6,614.1,1144.5,484.8,1147.55,549.45,0
630,20979,2261904,1150.5,614.4,1145.2,485.1,1147.85,549.75,0
630,20980,2261905,1150.4,614.6,1145.6,485.5,1148.0,550.05,0
630,20981,2261906,1150.2,614.9,1145.8,486.0,1148.0,550.45,0
630,20982,2261907,1150.2,615.2,1145.7,486.5,1147.95,550.85,0
630,20983,2261908,1150.3,615.5,1145.2,486.8,1147.75,551.15,0
630,20984,2261909,1150.5,615.7,1144.6,487.2,1147.55,551.45,0
630,20985,2261910,1150.7,615.6,1144.0,487.6,1147.35,551.6,0
630,20986,2261911,1150.8,615.4,1143.4,488.1,1147.1,551.75,0
630,20987,2261912,1151.0,615.3,1142.8,488.7,1146.9,552.0,0
630,20988,2261913,1151.0,615.1,1142.1,489.3,1146.55,552.2,0
630,20989,2261914,1150.9,614.9,1141.5,489.9,1146.2,552.4,0
630,20990,2261915,1150.7,614.8,1141.3,490.5,1146.0,552.65,0
630,20991,2261916,1150.5,614.7,1141.3,491.1,1145.9,552.9,0
630,20992,2261917,1150.3,614.7,1141.7,491.5,1146.0,553.1,0
630,20993,2261918,1150.0,614.7,1142.2,491.8,1146.1,553.25,0
630,20994,2261919,1149.9,614.6,1142.7,491.9,1146.3,553.25,0
630,20995,2261920,1149.8,614.7,1143.4,491.8,1146.6,553.25,0
630,20996,2261921,1149.8,614.8,1144.0,491.8,1146.9,553.3,0
630,20997,2261922,1150.0,614.9,1144.5,491.8,1147.25,553.35,0
630,20998,2261923,1150.2,615.0,1144.8,491.8,1147.5,553.4,0
630,20999,2261924,1150.4,615.1,1144.6,491.8,1147.5,553.45,0
630,21000,2261925,1150.5,615.2,1144.3,491.8,1147.4,553.5,0
631,21001,2261926,1150.7,615.3,1144.0,491.7,1147.35,553.5,0
631,21002,2261927,1150.8,615.3,1143.5,491.7,1147.15,553.5,0
631,21003,2261928,1150.8,615.4,1143.0,492.2,1146.9,553.8,0
631,21004,2261929,1150.7,615.4,1142.6,492.8,1146.65,554.1,0
631,21005,2261930,1150.7,615.4,1142.2,493.4,1146.45,554.4,0
631,21006,2261931,1150.6,615.4,1142.0,494.0,1146.3,554.7,0
631,21007,2261932,1150.5,615.4,1141.9,494.9,1146.2,555.15,0
631,21008,2261933,1150.5,615.4,1141.8,495.9,1146.15,555.65,0
631,21009,2261934,1150.5,615.8,1141.9,496.9,1146.2,556.35,0
631,21010,2261935,1150.5,616.4,1142.0,497.4,1146.25,556.9,0
631,21011,2261936,1150.4,617.1,1142.1,497.8,1146.25,557.45,0
631,21012,2261937,1150.4,617.7,1142.1,498.2,1146.25,557.95,0
631,21013,2261938,1150.3,618.3,1142.1,498.6,1146.2,558.45,0
631,21014,2261939,1150.3,618.9,1141.9,498.6,1146.1,558.75,0
631,21015,2261940,1150.2,619.4,1141.7,498.6,1145.95,559.0,0
631,21016,2261941,1150.1,619.3,1141.5,498.7,1145.8,559.0,0
631,21017,2261942,1150.0,619.0,1141.4,498.7,1145.7,558.85,0
631,21018,2261943,1150.0,618.7,1141.4,498.8,1145.7,558.75,0
631,21019,2261944,1149.8,618.4,1141.4,498.9,1145.6,558.65,0
631,21020,2261945,1149.7,618.3,1141.5,499.3,1145.6,558.8,0
631,21021,2261946,1149.5,618.2,1141.7,499.7,1145.6,558.95,0
631,21022,2261947,1149.3,618.1,1142.1,500.1,1145.7,559.1,0
631,21023,2261948,1149.2,618.3,1142.4,500.6,1145.8,559.45,0
631,21024,2261949,1149.1,618.6,1142.7,501.2,1145.9,559.9,0
631,21025,2261950,1149.0,618.9,1142.9,501.7,1145.95,560.3,0
631,21026,2261951,1149.0,619.0,1143.2,502.3,1146.1,560.65,0
631,21027,2261952,1148.9,619.2,1143.2,502.7,1146.05,560.95,0
631,21028,2261953,1148.8,619.3,1143.0,503.3,1145.9,561.3,0
631,21029,2261954,1148.7,619.4,1142.5,503.9,1145.6,561.65,0
631,21030,2261955,1148.4,619.3,1142.0,504.4,1145.2,561.85,0
631,21031,2261956,1148.1,619.1,1141.5,504.8,1144.8,561.95,0
631,21032,2261957,1147.9,618.9,1141.0,505.2,1144.45,562.05,0
631,21033,2261958,1147.6,618.7,1140.6,505.5,1144.1,562.1,0
632,21034,2261959,1147.5,618.6,1140.3,505.7,1143.9,562.15,0
632,21035,2261960,1147.3,618.8,1140.1,505.7,1143.7,562.25,0
632,21036,2261961,1147.1,619.0,1140.1,505.8,1143.6,562.4,0
632,21037,2261962,1147.1,619.3,1140.3,506.3,1143.7,562.8,0
632,21038,2261963,1147.1,619.8,1140.5,506.7,1143.8,563.25,0
632,21039,2261964,1147.2,620.4,1140.8,507.1,1144.0,563.75,0
632,21040,2261965,1147.3,621.0,1141.2,507.6,1144.25,564.3,0
632,21041,2261966,1147.5,621.4,1141.7,508.1,1144.6,564.75,0
632,21042,2261967,1147.6,621.7,1142.1,508.9,1144.85,565.3,0
632,21043,2261968,1147.8,622.0,1142.5,509.6,1145.15,565.8,0
632,21044,2261969,1147.9,622.4,1142.3,510.1,1145.1,566.25,0
632,21045,2261970,1148.1,622.7,1142.1,510.5,1145.1,566.6,0
632,21046,2261971,1148.2,623.0,1141.8,511.0,1145.0,567.0,0
632,21047,2261972,1148.1,623.1,1141.2,511.5,1144.65,567.3,0
632,21048,2261973,1148.0,622.8,1140.4,511.9,1144.2,567.35,0
632,21049,2261974,1148.0,622.6,1139.7,511.9,1143.85,567.25,0
632,21050,2261975,1148.0,622.3,1139.1,511.8,1143.55,567.05,0
632,21051,2261976,1148.0,621.9,1139.2,511.8,1143.6,566.85,0
632,21052,2261977,1147.9,621.6,1139.5,511.9,1143.7,566.75,0
632,21053,2261978,1147.9,621.2,1140.0,512.2,1143.95,566.7,0
632,21054,2261979,1147.5,621.0,1140.8,512.4,1144.15,566.7,0
632,21055,2261980,1147.2,621.0,1141.8,512.6,1144.5,566.8,0
632,21056,2261981,1146.9,621.1,1142.7,512.8,1144.8,566.95,0
632,21057,2261982,1146.5,621.2,1143.6,513.1,1145.05,567.15,0
632,21058,2261983,1146.2,621.3,1143.8,513.5,1145.0,567.4,0
632,21059,2261984,1145.9,621.6,1143.8,513.8,1144.85,567.7,0
632,21060,2261985,1145.6,622.0,1143.4,514.1,1144.5,568.05,0
632,21061,2261986,1145.5,622.2,1142.9,514.4,1144.2,568.3,0
632,21062,2261987,1145.4,622.5,1142.3,514.7,1143.85,568.6,0
632,21063,2261988,1145.2,622.8,1141.8,515.3,1143.5,569.05,0
632,21064,2261989,1145.1,623.0,1141.3,515.8,1143.2,569.4,0
632,21065,2261990,1145.0,623.2,1141.1,516.3,1143.05,569.75,0
632,21066,2261991,1144.9,623.3,1141.1,516.7,1143.0,570.0,0
633,21067,2261992,1144.7,623.3,1141.7,517.0,1143.2,570.15,0
633,21068,2261993,1144.6,623.2,1142.4,517.3,1143.5,570.25,0
633,21069,2261994,1144.2,623.2,1143.1,517.5,1143.65,570.35,0
633,21070,2261995,1144.1,623.3,1144.0,517.5,1144.05,570.4,0
633,21071,2261996,1143.8,623.4,1144.8,517.6,1144.3,570.5,0
633,21072,2261997,1143.6,623.7,1145.5,517.7,1144.55,570.7,0
633,21073,2261998,1143.2,624.0,1145.8,518.0,1144.5,571.0,0
633,21074,2261999,1142.7,624.4,1145.7,518.7,1144.2,571.55,0
633,21075,2262000,1142.2,624.7,1145.2,519.3,1143.7,572.0,0
633,21076,2262001,1141.9,625.0,1144.7,519.9,1143.3,572.45,0
633,21077,2262002,1141.5,625.3,1144.0,520.6,1142.75,572.95,0
633,21078,2262003,1141.1,625.6,1143.3,521.3,1142.2,573.45,0
633,21079,2262004,1140.6,625.7,1143.1,521.8,1141.85,573.75,0
633,21080,2262005,1140.0,625.8,1143.4,522.2,1141.7,574.0,0
633,21081,2262006,1139.5,625.9,1143.9,522.3,1141.7,574.1,0
633,21082,2262007,1138.8,626.0,1144.8,522.2,1141.8,574.1,0
633,21083,2262008,1138.0,626.1,1145.8,522.3,1141.9,574.2,0
633,21084,2262009,1137.2,626.2,1146.7,522.4,1141.95,574.3,0
633,21085,2262010,1136.2,626.4,1147.6,523.0,1141.9,574.7,0
633,21086,2262011,1135.0,626.7,1148.1,523.8,1141.55,575.25,0
633,21087,2262012,1134.1,627.0,1148.4,524.7,1141.25,575.85,0
633,21088,2262013,1133.0,627.3,1148.3,525.7,1140.65,576.5,0
633,21089,2262014,1132.2,627.8,1147.6,526.8,1139.9,577.3,0
633,21090,2262015,1131.4,628.3,1146.5,528.3,1138.95,578.3,0
633,21091,2262016,1130.6,629.6,1145.2,529.7,1137.9,579.65,0
633,21092,2262017,1129.9,630.8,1143.8,531.2,1136.85,581.0,0
633,21093,2262018,1129.4,632.3,1142.0,532.6,1135.7,582.45,0
633,21094,2262019,1128.9,633.8,1140.0,534.2,1134.45,584.0,0
633,21095,2262020,1128.5,635.2,1138.1,535.7,1133.3,585.45,0
633,21096,2262021,1128.1,637.1,1136.3,537.6,1132.2,587.35,0
633,21097,2262022,1127.8,639.3,1134.8,540.5,1131.3,589.9,0
633,21098,2262023,1127.5,640.9,1133.4,543.4,1130.45,592.15,0
633,21099,2262024,1127.5,643.2,1131.8,547.4,1129.65,595.3,0
633,21100,2262025,1127.5,646.0,1129.5,551.3,1128.5,598.65,0
634,21101,2262026,1127.7,649.3,1127.5,555.1,1127.6,602.2,0
634,21102,2262027,1128.1,653.4,1124.3,558.9,1126.2,606.15,0
634,21103,2262028,1128.6,657.3,1120.9,563.5,1124.75,610.4,0
634,21104,2262029,1129.2,661.7,1117.2,567.6,1123.2,614.65,0
634,21105,2262030,1129.9,666.1,1113.0,571.8,1121.45,618.95,0
634,21106,2262031,1130.5,671.0,1108.7,575.1,1119.6,623.05,0
634,21107,2262032,1131.1,675.3,1105.3,578.5,1118.2,626.9,0
634,21108,2262033,1131.5,679.5,1101.1,582.4,1116.3,630.95,0
634,21109,2262034,1131.6,683.3,1097.7,586.5,1114.65,634.9,0
634,21110,2262035,1131.3,687.0,1094.7,589.1,1113.0,638.05,0
634,21111,2262036,1130.7,690.2,1091.3,591.9,1111.0,641.05,0
634,21112,2262037,1130.0,694.1,1088.0,594.4,1109.0,644.25,0
634,21113,2262038,1129.0,697.4,1084.3,596.3,1106.65,646.85,0
634,21114,2262039,1128.0,701.1,1079.9,598.0,1103.95,649.55,0
634,21115,2262040,1127.0,704.7,1076.0,599.2,1101.5,651.95,0
634,21116,2262041,1126.0,708.2,1072.4,600.3,1099.2,654.25,0
634,21117,2262042,1125.5,711.4,1069.0,602.3,1097.25,656.85,0
634,21118,2262043,1125.2,714.1,1066.4,606.9,1095.8,660.5,0
634,21119,2262044,1125.0,716.9,1065.5,620.0,1095.25,668.45,0
634,21120,2262045,1125.2,721.5,1066.6,639.5,1095.9,680.5,0
634,21121,2262046,1125.6,728.8,1071.3,676.0,1098.45,702.4,0
634,21122,2262047,1126.1,739.5,1075.8,726.4,1100.95,732.95,0
634,21123,2262048,1128.4,755.7,1081.6,785.4,1105.0,770.55,0
634,21124,2262049,1131.6,779.9,1088.5,851.2,1110.05,815.55,0
634,21125,2262050,1135.2,814.6,1085.2,921.2,1110.2,867.9,0
634,21126,2262051,1139.4,857.1,1070.1,982.3,1104.75,919.7,0
634,21127,2262052,1146.6,902.7,1008.5,1059.8,1077.55,981.25,0
634,21128,2262053,1155.8,952.8,940.3,1120.0,1048.05,1036.4,0
634,21129,2262054,1168.8,1006.8,869.4,1166.4,1019.1,1086.6,0
634,21130,2262055,1109.8,1065.5,1190.8,1268.0,1150.3,1166.75,0
634,21131,2262056,972.1,1124.1,1519.2,1332.5,1245.65,1228.3,0
634,21132,2262057,750.5,1264.8,1857.7,1348.9,1304.1,1306.85,0
634,21133,2262058,422.5,1411.8,2013.6,1347.6,1218.05,1379.7,0
635,21134,2262059,-178.9,1579.4,2269.1,1290.2,1045.1,1434.8,0
635,21135,2262060,NaN,NaN,2612.8,1139.5,2612.8,1139.5,0
635,21136,2262061,NaN,NaN,3047.6,694.9,3047.6,694.9,0
635,21137,2262062,NaN,NaN,3049.6,694.1,3049.6,694.1,0
635,21138,2262063,NaN,NaN,3050.8,693.6,3050.8,693.6,0
635,21139,2262064,NaN,NaN,NaN,NaN,NaN,NaN,0
635,21140,2262065,NaN,NaN,NaN,NaN,NaN,NaN,0
635,21141,2262066,NaN,NaN,NaN,NaN,NaN,NaN,0
635,21142,2262067,NaN,NaN,NaN,NaN,NaN,NaN,0
635,21143,2262068,NaN,NaN,NaN,NaN,NaN,NaN,0
635,21144,2262069,NaN,NaN,NaN,NaN,NaN,NaN,0
635,21145,2262070,NaN,NaN,NaN,NaN,NaN,NaN,0
635,21146,2262071,NaN,NaN,NaN,NaN,NaN,NaN,0
635,21147,2262072,NaN,NaN,NaN,NaN,NaN,NaN,0
635,21148,2262073,NaN,NaN,NaN,NaN,NaN,NaN,0
635,21149,2262074,NaN,NaN,NaN,NaN,NaN,NaN,0
635,21150,2262075,NaN,NaN,NaN,NaN,NaN,NaN,0
635,21151,2262076,NaN,NaN,NaN,NaN,NaN,NaN,0
635,21152,2262077,NaN,NaN,NaN,NaN,NaN,NaN,0
635,21153,2262078,NaN,NaN,NaN,NaN,NaN,NaN,0
635,21154,2262079,NaN,NaN,NaN,NaN,NaN,NaN,0
635,21155,2262080,NaN,NaN,NaN,NaN,NaN,NaN,0
635,21156,2262081,NaN,NaN,NaN,NaN,NaN,NaN,0
635,21157,2262082,NaN,NaN,NaN,NaN,NaN,NaN,0
635,21158,2262083,NaN,NaN,NaN,NaN,NaN,NaN,0
635,21159,2262084,NaN,NaN,NaN,NaN,NaN,NaN,0
635,21160,2262085,NaN,NaN,NaN,NaN,NaN,NaN,0
635,21161,2262086,NaN,NaN,NaN,NaN,NaN,NaN,0
635,21162,2262087,NaN,NaN,NaN,NaN,NaN,NaN,0
635,21163,2262088,NaN,NaN,NaN,NaN,NaN,NaN,0
635,21164,2262089,NaN,NaN,NaN,NaN,NaN,NaN,0
635,21165,2262090,NaN,NaN,NaN,NaN,NaN,NaN,0
635,21166,2262091,NaN,NaN,NaN,NaN,NaN,NaN,0
636,21167,2262092,NaN,NaN,NaN,NaN,NaN,NaN,0
636,21168,2262093,NaN,NaN,NaN,NaN,NaN,NaN,0
636,21169,2262094,NaN,NaN,NaN,NaN,NaN,NaN,0
636,21170,2262095,NaN,NaN,NaN,NaN,NaN,NaN,0
636,21171,2262096,NaN,NaN,NaN,NaN,NaN,NaN,0
636,21172,2262097,NaN,NaN,NaN,NaN,NaN,NaN,0
636,21173,2262098,NaN,NaN,NaN,NaN,NaN,NaN,0
636,21174,2262099,NaN,NaN,NaN,NaN,NaN,NaN,0
636,21175,2262100,NaN,NaN,NaN,NaN,NaN,NaN,0
636,21176,2262101,NaN,NaN,NaN,NaN,NaN,NaN,0
636,21177,2262102,NaN,NaN,NaN,NaN,NaN,NaN,0
636,21178,2262103,NaN,NaN,NaN,NaN,NaN,NaN,0
636,21179,2262104,NaN,NaN,NaN,NaN,NaN,NaN,0
636,21180,2262105,NaN,NaN,NaN,NaN,NaN,NaN,0
636,21181,2262106,NaN,NaN,NaN,NaN,NaN,NaN,0
636,21182,2262107,NaN,NaN,NaN,NaN,NaN,NaN,0
636,21183,2262108,NaN,NaN,NaN,NaN,NaN,NaN,0
636,21184,2262109,NaN,NaN,NaN,NaN,NaN,NaN,0
636,21185,2262110,NaN,NaN,NaN,NaN,NaN,NaN,0
636,21186,2262111,NaN,NaN,NaN,NaN,NaN,NaN,0
636,21187,2262112,NaN,NaN,NaN,NaN,NaN,NaN,0
636,21188,2262113,NaN,NaN,NaN,NaN,NaN,NaN,0
636,21189,2262114,NaN,NaN,NaN,NaN,NaN,NaN,0
636,21190,2262115,NaN,NaN,NaN,NaN,NaN,NaN,0
636,21191,2262116,NaN,NaN,NaN,NaN,NaN,NaN,0
636,21192,2262117,NaN,NaN,NaN,NaN,NaN,NaN,0
636,21193,2262118,NaN,NaN,NaN,NaN,NaN,NaN,0
636,21194,2262119,NaN,NaN,NaN,NaN,NaN,NaN,0
636,21195,2262120,NaN,NaN,NaN,NaN,NaN,NaN,0
636,21196,2262121,NaN,NaN,NaN,NaN,NaN,NaN,0
636,21197,2262122,NaN,NaN,NaN,NaN,NaN,NaN,0
636,21198,2262123,NaN,NaN,NaN,NaN,NaN,NaN,0
636,21199,2262124,NaN,NaN,NaN,NaN,NaN,NaN,0
636,21200,2262125,NaN,NaN,NaN,NaN,NaN,NaN,0
637,21201,2262126,NaN,NaN,NaN,NaN,NaN,NaN,0
637,21202,2262127,NaN,NaN,NaN,NaN,NaN,NaN,0
637,21203,2262128,NaN,NaN,NaN,NaN,NaN,NaN,0
637,21204,2262129,NaN,NaN,NaN,NaN,NaN,NaN,0
637,21205,2262130,NaN,NaN,NaN,NaN,NaN,NaN,0
637,21206,2262131,NaN,NaN,NaN,NaN,NaN,NaN,0
637,21207,2262132,NaN,NaN,NaN,NaN,NaN,NaN,0
637,21208,2262133,NaN,NaN,NaN,NaN,NaN,NaN,0
637,21209,2262134,NaN,NaN,NaN,NaN,NaN,NaN,0
637,21210,2262135,NaN,NaN,NaN,NaN,NaN,NaN,0
637,21211,2262136,NaN,NaN,NaN,NaN,NaN,NaN,0
637,21212,2262137,NaN,NaN,NaN,NaN,NaN,NaN,0
637,21213,2262138,NaN,NaN,NaN,NaN,NaN,NaN,0
637,21214,2262139,NaN,NaN,NaN,NaN,NaN,NaN,0
637,21215,2262140,NaN,NaN,NaN,NaN,NaN,NaN,0
637,21216,2262141,NaN,NaN,NaN,NaN,NaN,NaN,0
637,21217,2262142,NaN,NaN,NaN,NaN,NaN,NaN,0
637,21218,2262143,NaN,NaN,NaN,NaN,NaN,NaN,0
637,21219,2262144,NaN,NaN,NaN,NaN,NaN,NaN,0
637,21220,2262145,NaN,NaN,NaN,NaN,NaN,NaN,0
637,21221,2262146,NaN,NaN,NaN,NaN,NaN,NaN,0
637,21222,2262147,NaN,NaN,NaN,NaN,NaN,NaN,0
637,21223,2262148,NaN,NaN,NaN,NaN,NaN,NaN,0
637,21224,2262149,NaN,NaN,NaN,NaN,NaN,NaN,0
637,21225,2262150,NaN,NaN,NaN,NaN,NaN,NaN,0
637,21226,2262151,NaN,NaN,NaN,NaN,NaN,NaN,0
637,21227,2262152,NaN,NaN,NaN,NaN,NaN,NaN,0
637,21228,2262153,NaN,NaN,NaN,NaN,NaN,NaN,0
637,21229,2262154,NaN,NaN,NaN,NaN,NaN,NaN,0
637,21230,2262155,NaN,NaN,NaN,NaN,NaN,NaN,0
637,21231,2262156,NaN,NaN,NaN,NaN,NaN,NaN,0
637,21232,2262157,NaN,NaN,NaN,NaN,NaN,NaN,0
637,21233,2262158,NaN,NaN,NaN,NaN,NaN,NaN,0
638,21234,2262159,NaN,NaN,NaN,NaN,NaN,NaN,0
638,21235,2262160,NaN,NaN,NaN,NaN,NaN,NaN,0
638,21236,2262161,NaN,NaN,NaN,NaN,NaN,NaN,0
638,21237,2262162,NaN,NaN,NaN,NaN,NaN,NaN,0
638,21238,2262163,NaN,NaN,NaN,NaN,NaN,NaN,0
638,21239,2262164,NaN,NaN,NaN,NaN,NaN,NaN,0
638,21240,2262165,NaN,NaN,NaN,NaN,NaN,NaN,0
638,21241,2262166,NaN,NaN,NaN,NaN,NaN,NaN,0
638,21242,2262167,NaN,NaN,NaN,NaN,NaN,NaN,0
638,21243,2262168,NaN,NaN,NaN,NaN,NaN,NaN,0
638,21244,2262169,NaN,NaN,NaN,NaN,NaN,NaN,0
638,21245,2262170,NaN,NaN,NaN,NaN,NaN,NaN,0
638,21246,2262171,NaN,NaN,NaN,NaN,NaN,NaN,0
638,21247,2262172,NaN,NaN,NaN,NaN,NaN,NaN,0
638,21248,2262173,NaN,NaN,NaN,NaN,NaN,NaN,0
638,21249,2262174,NaN,NaN,NaN,NaN,NaN,NaN,0
638,21250,2262175,NaN,NaN,NaN,NaN,NaN,NaN,0
638,21251,2262176,NaN,NaN,NaN,NaN,NaN,NaN,0
638,21252,2262177,NaN,NaN,NaN,NaN,NaN,NaN,0
638,21253,2262178,NaN,NaN,NaN,NaN,NaN,NaN,0
638,21254,2262179,NaN,NaN,NaN,NaN,NaN,NaN,0
638,21255,2262180,NaN,NaN,NaN,NaN,NaN,NaN,0
638,21256,2262181,NaN,NaN,NaN,NaN,NaN,NaN,0
638,21257,2262182,NaN,NaN,NaN,NaN,NaN,NaN,0
638,21258,2262183,NaN,NaN,NaN,NaN,NaN,NaN,0
638,21259,2262184,NaN,NaN,NaN,NaN,NaN,NaN,0
638,21260,2262185,NaN,NaN,NaN,NaN,NaN,NaN,0
638,21261,2262186,NaN,NaN,NaN,NaN,NaN,NaN,0
638,21262,2262187,NaN,NaN,NaN,NaN,NaN,NaN,0
638,21263,2262188,NaN,NaN,NaN,NaN,NaN,NaN,0
638,21264,2262189,NaN,NaN,NaN,NaN,NaN,NaN,0
638,21265,2262190,NaN,NaN,NaN,NaN,NaN,NaN,0
638,21266,2262191,NaN,NaN,NaN,NaN,NaN,NaN,0
639,21267,2262192,NaN,NaN,NaN,NaN,NaN,NaN,0
639,21268,2262193,NaN,NaN,NaN,NaN,NaN,NaN,0
639,21269,2262194,NaN,NaN,NaN,NaN,NaN,NaN,0
639,21270,2262195,NaN,NaN,NaN,NaN,NaN,NaN,0
639,21271,2262196,NaN,NaN,NaN,NaN,NaN,NaN,0
639,21272,2262197,NaN,NaN,NaN,NaN,NaN,NaN,0
639,21273,2262198,NaN,NaN,NaN,NaN,NaN,NaN,0
639,21274,2262199,NaN,NaN,NaN,NaN,NaN,NaN,0
639,21275,2262200,NaN,NaN,NaN,NaN,NaN,NaN,0
639,21276,2262201,NaN,NaN,NaN,NaN,NaN,NaN,0
639,21277,2262202,NaN,NaN,NaN,NaN,NaN,NaN,0
639,21278,2262203,NaN,NaN,NaN,NaN,NaN,NaN,0
639,21279,2262204,NaN,NaN,NaN,NaN,NaN,NaN,0
639,21280,2262205,NaN,NaN,NaN,NaN,NaN,NaN,0
639,21281,2262206,NaN,NaN,NaN,NaN,NaN,NaN,0
639,21282,2262207,NaN,NaN,NaN,NaN,NaN,NaN,0
639,21283,2262208,NaN,NaN,NaN,NaN,NaN,NaN,0
639,21284,2262209,NaN,NaN,NaN,NaN,NaN,NaN,0
639,21285,2262210,NaN,NaN,NaN,NaN,NaN,NaN,0
639,21286,2262211,NaN,NaN,NaN,NaN,NaN,NaN,0
639,21287,2262212,NaN,NaN,NaN,NaN,NaN,NaN,0
639,21288,2262213,NaN,NaN,NaN,NaN,NaN,NaN,0
639,21289,2262214,NaN,NaN,NaN,NaN,NaN,NaN,0
639,21290,2262215,NaN,NaN,NaN,NaN,NaN,NaN,0
639,21291,2262216,NaN,NaN,NaN,NaN,NaN,NaN,0
639,21292,2262217,NaN,NaN,NaN,NaN,NaN,NaN,0
639,21293,2262218,NaN,NaN,NaN,NaN,NaN,NaN,0
639,21294,2262219,NaN,NaN,NaN,NaN,NaN,NaN,0
639,21295,2262220,NaN,NaN,NaN,NaN,NaN,NaN,0
639,21296,2262221,NaN,NaN,NaN,NaN,NaN,NaN,0
639,21297,2262222,NaN,NaN,NaN,NaN,NaN,NaN,0
639,21298,2262223,NaN,NaN,NaN,NaN,NaN,NaN,0
639,21299,2262224,NaN,NaN,NaN,NaN,NaN,NaN,0
639,21300,2262225,NaN,NaN,NaN,NaN,NaN,NaN,0
640,21301,2262226,NaN,NaN,NaN,NaN,NaN,NaN,0
640,21302,2262227,NaN,NaN,NaN,NaN,NaN,NaN,0
640,21303,2262228,NaN,NaN,NaN,NaN,NaN,NaN,0
640,21304,2262229,NaN,NaN,NaN,NaN,NaN,NaN,0
640,21305,2262230,NaN,NaN,NaN,NaN,NaN,NaN,0
640,21306,2262231,NaN,NaN,NaN,NaN,NaN,NaN,0
640,21307,2262232,NaN,NaN,NaN,NaN,NaN,NaN,0
640,21308,2262233,NaN,NaN,NaN,NaN,NaN,NaN,0
640,21309,2262234,NaN,NaN,NaN,NaN,NaN,NaN,0
640,21310,2262235,NaN,NaN,NaN,NaN,NaN,NaN,0
640,21311,2262236,NaN,NaN,NaN,NaN,NaN,NaN,0
640,21312,2262237,NaN,NaN,NaN,NaN,NaN,NaN,0
640,21313,2262238,NaN,NaN,NaN,NaN,NaN,NaN,0
640,21314,2262239,NaN,NaN,NaN,NaN,NaN,NaN,0
640,21315,2262240,NaN,NaN,NaN,NaN,NaN,NaN,0
640,21316,2262241,NaN,NaN,NaN,NaN,NaN,NaN,0
640,21317,2262242,-281.1,1523.2,NaN,NaN,-281.1,1523.2,0
640,21318,2262243,489.4,1309.1,NaN,NaN,489.4,1309.1,0
640,21319,2262244,508.4,1285.7,NaN,NaN,508.4,1285.7,0
640,21320,2262245,525.8,1263.7,NaN,NaN,525.8,1263.7,0
640,21321,2262246,539.1,1248.5,NaN,NaN,539.1,1248.5,0
640,21322,2262247,595.4,1233.0,NaN,NaN,595.4,1233.0,0
640,21323,2262248,653.8,1216.4,NaN,NaN,653.8,1216.4,0
640,21324,2262249,718.0,1201.3,NaN,NaN,718.0,1201.3,0
640,21325,2262250,785.0,1188.4,NaN,NaN,785.0,1188.4,0
640,21326,2262251,859.6,1173.2,NaN,NaN,859.6,1173.2,0
640,21327,2262252,951.6,1156.9,NaN,NaN,951.6,1156.9,0
640,21328,2262253,1042.0,1139.7,NaN,NaN,1042.0,1139.7,0
640,21329,2262254,1085.0,1127.4,NaN,NaN,1085.0,1127.4,0
640,21330,2262255,1126.0,1118.6,NaN,NaN,1126.0,1118.6,0
640,21331,2262256,1159.3,1110.3,NaN,NaN,1159.3,1110.3,0
640,21332,2262257,1187.9,1099.6,NaN,NaN,1187.9,1099.6,0
640,21333,2262258,1212.1,1090.4,NaN,NaN,1212.1,1090.4,0
641,21334,2262259,1218.4,1083.4,NaN,NaN,1218.4,1083.4,0
641,21335,2262260,1224.6,1075.2,NaN,NaN,1224.6,1075.2,0
641,21336,2262261,1229.8,1063.1,NaN,NaN,1229.8,1063.1,0
641,21337,2262262,1228.5,1051.3,NaN,NaN,1228.5,1051.3,0
641,21338,2262263,1226.9,1039.8,NaN,NaN,1226.9,1039.8,0
641,21339,2262264,1224.8,1029.3,NaN,NaN,1224.8,1029.3,0
641,21340,2262265,1222.2,1018.9,NaN,NaN,1222.2,1018.9,0
641,21341,2262266,1219.1,1008.6,NaN,NaN,1219.1,1008.6,0
641,21342,2262267,1216.0,999.0,NaN,NaN,1216.0,999.0,0
641,21343,2262268,1213.4,990.5,NaN,NaN,1213.4,990.5,0
641,21344,2262269,1211.3,981.7,NaN,NaN,1211.3,981.7,0
641,21345,2262270,1209.4,970.9,NaN,NaN,1209.4,970.9,0
641,21346,2262271,1207.5,960.7,NaN,NaN,1207.5,960.7,0
641,21347,2262272,1206.0,950.7,NaN,NaN,1206.0,950.7,0
641,21348,2262273,1203.9,939.7,NaN,NaN,1203.9,939.7,0
641,21349,2262274,1202.1,929.5,2769.4,-44.6,1985.75,442.45,0
641,21350,2262275,1199.6,921.6,2629.9,460.3,1914.75,690.95,0
641,21351,2262276,1196.5,911.9,2319.2,758.8,1757.85,835.35,0
641,21352,2262277,1193.7,904.0,1873.9,872.9,1533.8,888.45,0
641,21353,2262278,1191.2,896.0,1336.2,846.8,1263.7,871.4,0
641,21354,2262279,1188.4,888.4,1331.8,841.8,1260.1,865.1,0
641,21355,2262280,1186.0,881.2,1327.5,836.9,1256.75,859.05,0
641,21356,2262281,1182.4,871.3,1323.1,831.9,1252.75,851.6,0
641,21357,2262282,1179.2,853.9,1318.8,827.0,1249.0,840.45,0
641,21358,2262283,1176.7,836.8,1314.2,821.1,1245.45,828.95,0
641,21359,2262284,1174.0,820.7,1309.2,814.6,1241.6,817.65,0
641,21360,2262285,1171.5,805.0,1307.1,811.0,1239.3,808.0,0
641,21361,2262286,1168.7,787.9,1323.2,806.1,1245.95,797.0,0
641,21362,2262287,1166.2,772.3,1357.5,799.6,1261.85,785.95,0
641,21363,2262288,1164.8,759.0,1368.0,792.5,1266.4,775.75,0
641,21364,2262289,1163.2,749.5,1355.0,769.2,1259.1,759.35,0
641,21365,2262290,1161.7,742.0,1340.6,744.2,1251.15,743.1,0
641,21366,2262291,1160.2,732.2,1326.5,719.7,1243.35,725.95,0
642,21367,2262292,1158.5,722.8,1313.6,697.2,1236.05,710.0,0
642,21368,2262293,1157.1,715.1,1282.6,675.5,1219.85,695.3,0
642,21369,2262294,1155.7,707.5,1232.6,654.3,1194.15,680.9,0
642,21370,2262295,1154.2,698.9,1206.0,633.9,1180.1,666.4,0
642,21371,2262296,1153.3,694.0,1202.8,630.4,1178.05,662.2,0
642,21372,2262297,1152.1,685.1,1201.4,628.9,1176.75,657.0,0
642,21373,2262298,1151.0,678.4,1199.0,627.4,1175.0,652.9,0
642,21374,2262299,1149.8,670.7,1196.8,624.4,1173.3,647.55,0
642,21375,2262300,1148.7,663.0,1194.7,621.7,1171.7,642.35,0
642,21376,2262301,1147.8,654.6,1192.9,619.4,1170.35,637.0,0
642,21377,2262302,1146.5,648.4,1190.7,617.6,1168.6,633.0,0
642,21378,2262303,1145.2,642.0,1188.5,615.9,1166.85,628.95,0
642,21379,2262304,1144.2,639.7,1186.3,614.9,1165.25,627.3,0
642,21380,2262305,1143.2,638.1,1185.2,613.9,1164.2,626.0,0
642,21381,2262306,1143.0,637.7,1184.1,614.5,1163.55,626.1,0
642,21382,2262307,1142.9,637.2,1182.9,615.0,1162.9,626.1,0
642,21383,2262308,1142.8,637.5,1182.3,612.3,1162.55,624.9,0
642,21384,2262309,1143.3,638.0,1181.8,609.2,1162.55,623.6,0
642,21385,2262310,1144.0,638.8,1181.2,606.0,1162.6,622.4,0
642,21386,2262311,1145.5,640.8,1180.4,602.8,1162.95,621.8,0
642,21387,2262312,1147.3,643.7,1179.6,599.6,1163.45,621.65,0
642,21388,2262313,1148.9,646.4,1178.7,596.4,1163.8,621.4,0
642,21389,2262314,1150.5,649.2,1177.7,593.0,1164.1,621.1,0
642,21390,2262315,1152.1,652.1,1176.7,592.7,1164.4,622.4,0
642,21391,2262316,1153.6,655.1,1175.9,592.1,1164.75,623.6,0
642,21392,2262317,1155.0,658.1,1175.3,591.5,1165.15,624.8,0
642,21393,2262318,1155.8,660.0,1174.7,591.0,1165.25,625.5,0
642,21394,2262319,1156.1,660.9,1174.3,590.6,1165.2,625.75,0
642,21395,2262320,1156.2,661.9,1173.9,590.3,1165.05,626.1,0
642,21396,2262321,1156.3,663.7,1173.7,590.0,1165.0,626.85,0
642,21397,2262322,1156.4,665.9,1173.4,589.8,1164.9,627.85,0
642,21398,2262323,1156.4,668.3,1173.1,590.0,1164.75,629.15,0
642,21399,2262324,1156.4,670.6,1172.8,590.1,1164.6,630.35,0
642,21400,2262325,1156.3,672.9,1172.5,590.1,1164.4,631.5,0
643,21401,2262326,1156.3,675.8,1172.1,589.6,1164.2,632.7,0
643,21402,2262327,1156.2,678.8,1171.6,589.2,1163.9,634.0,0
643,21403,2262328,1156.3,681.0,1171.0,588.8,1163.65,634.9,0
643,21404,2262329,1156.2,682.7,1170.8,588.3,1163.5,635.5,0
643,21405,2262330,1156.2,683.9,1170.4,587.8,1163.3,635.85,0
643,21406,2262331,1156.2,684.9,1169.8,587.3,1163.0,636.1,0
643,21407,2262332,1156.2,686.1,1169.3,586.9,1162.75,636.5,0
643,21408,2262333,1156.2,686.5,1168.9,586.7,1162.55,636.6,0
643,21409,2262334,1156.1,686.9,1168.5,586.6,1162.3,636.75,0
643,21410,2262335,1156.1,687.2,1168.3,586.5,1162.2,636.85,0
643,21411,2262336,1156.1,687.4,1168.0,586.4,1162.05,636.9,0
643,21412,2262337,1156.0,688.1,1167.8,586.2,1161.9,637.15,0
643,21413,2262338,1155.9,688.8,1167.7,585.9,1161.8,637.35,0
643,21414,2262339,1155.6,689.5,1167.5,585.6,1161.55,637.55,0
643,21415,2262340,1155.3,690.3,1167.4,585.3,1161.35,637.8,0
643,21416,2262341,1155.0,691.1,1167.3,585.0,1161.15,638.05,0
643,21417,2262342,1154.7,691.9,1166.9,584.7,1160.8,638.3,0
643,21418,2262343,1154.5,692.7,1166.4,584.4,1160.45,638.55,0
643,21419,2262344,1154.4,693.6,1166.0,584.3,1160.2,638.95,0
643,21420,2262345,1154.3,694.5,1165.7,584.4,1160.0,639.45,0
643,21421,2262346,1154.5,695.3,1165.5,584.5,1160.0,639.9,0
643,21422,2262347,1154.8,696.1,1165.2,584.6,1160.0,640.35,0
643,21423,2262348,1155.1,697.0,1165.0,584.7,1160.05,640.85,0
643,21424,2262349,1155.4,697.8,1164.9,585.0,1160.15,641.4,0
643,21425,2262350,1155.7,698.9,1164.8,585.2,1160.25,642.05,0
643,21426,2262351,1156.0,699.3,1164.3,585.5,1160.15,642.4,0
643,21427,2262352,1156.1,699.9,1163.9,585.7,1160.0,642.8,0
643,21428,2262353,1156.2,700.4,1163.5,586.0,1159.85,643.2,0
643,21429,2262354,1156.2,701.2,1163.0,586.3,1159.6,643.75,0
643,21430,2262355,1156.2,701.9,1162.6,586.5,1159.4,644.2,0
643,21431,2262356,1156.1,702.6,1162.2,586.6,1159.15,644.6,0
643,21432,2262357,1156.0,703.4,1161.6,587.0,1158.8,645.2,0
643,21433,2262358,1156.0,704.2,1161.3,587.4,1158.65,645.8,0
644,21434,2262359,1156.0,704.8,1161.0,587.8,1158.5,646.3,0
644,21435,2262360,1156.0,705.4,1160.8,588.3,1158.4,646.85,0
644,21436,2262361,1156.0,705.7,1160.7,588.7,1158.35,647.2,0
644,21437,2262362,1156.0,705.9,1160.6,589.1,1158.3,647.5,0
644,21438,2262363,1156.0,706.1,1160.4,589.5,1158.2,647.8,0
644,21439,2262364,1156.0,706.0,1160.4,589.7,1158.2,647.85,0
644,21440,2262365,1156.0,705.8,1160.5,589.9,1158.25,647.85,0
644,21441,2262366,1155.9,705.7,1160.5,590.1,1158.2,647.9,0
644,21442,2262367,1155.9,705.7,1160.4,590.3,1158.15,648.0,0
644,21443,2262368,1155.7,705.6,1160.3,590.4,1158.0,648.0,0
644,21444,2262369,1155.7,705.6,1160.2,590.6,1157.95,648.1,0
644,21445,2262370,1155.6,705.6,1160.0,591.0,1157.8,648.3,0
644,21446,2262371,1155.6,705.6,1159.9,591.3,1157.75,648.45,0
644,21447,2262372,1155.6,705.5,1159.8,591.5,1157.7,648.5,0
644,21448,2262373,1155.7,705.4,1159.9,591.8,1157.8,648.6,0
644,21449,2262374,1155.8,705.4,1159.9,592.1,1157.85,648.75,0
644,21450,2262375,1156.0,705.5,1160.0,592.4,1158.0,648.95,0
644,21451,2262376,1156.1,705.4,1160.0,592.7,1158.05,649.05,0
644,21452,2262377,1156.1,705.2,1160.0,592.8,1158.05,649.0,0
644,21453,2262378,1156.1,705.0,1160.0,593.0,1158.05,649.0,0
644,21454,2262379,1156.1,704.8,1160.0,593.1,1158.05,648.95,0
644,21455,2262380,1156.1,704.6,1160.0,593.4,1158.05,649.0,0
644,21456,2262381,1156.1,704.5,1160.0,593.6,1158.05,649.05,0
644,21457,2262382,1156.1,704.2,1159.9,594.1,1158.0,649.15,0
644,21458,2262383,1156.1,704.1,1159.8,594.6,1157.95,649.35,0
644,21459,2262384,1156.2,704.1,1159.8,595.1,1158.0,649.6,0
644,21460,2262385,1156.3,704.2,1159.9,595.5,1158.1,649.85,0
644,21461,2262386,1156.5,704.4,1160.0,595.9,1158.25,650.15,0
644,21462,2262387,1156.7,704.6,1160.1,596.1,1158.4,650.35,0
644,21463,2262388,1156.8,704.6,1160.0,596.3,1158.4,650.45,0
644,21464,2262389,1156.9,704.7,1160.0,596.2,1158.45,650.45,0
644,21465,2262390,1157.0,704.7,1160.0,596.0,1158.5,650.35,0
644,21466,2262391,1157.1,704.7,1160.0,595.9,1158.55,650.3,0
645,21467,2262392,1157.2,704.7,1159.7,595.8,1158.45,650.25,0
645,21468,2262393,1157.2,704.8,1159.5,595.8,1158.35,650.3,0
645,21469,2262394,1157.3,704.9,1159.4,596.0,1158.35,650.45,0
645,21470,2262395,1157.5,705.0,1159.2,596.2,1158.35,650.6,0
645,21471,2262396,1157.7,705.1,1159.0,596.4,1158.35,650.75,0
645,21472,2262397,1157.9,705.2,1158.9,596.5,1158.4,650.85,0
645,21473,2262398,1158.1,705.3,1158.6,596.6,1158.35,650.95,0
645,21474,2262399,1158.3,705.5,1157.9,596.5,1158.1,651.0,0
645,21475,2262400,1158.3,706.0,1157.3,596.3,1157.8,651.15,0
645,21476,2262401,1158.0,706.5,1156.8,595.9,1157.4,651.2,0
645,21477,2262402,1157.6,706.9,1156.5,595.5,1157.05,651.2,0
645,21478,2262403,1157.3,707.2,1156.2,595.1,1156.75,651.15,0
645,21479,2262404,1157.1,707.5,1155.9,594.6,1156.5,651.05,0
645,21480,2262405,1157.0,707.6,1155.6,594.2,1156.3,650.9,0
645,21481,2262406,1156.9,707.7,1155.7,593.6,1156.3,650.65,0
645,21482,2262407,1157.2,707.5,1155.8,593.0,1156.5,650.25,0
645,21483,2262408,1157.6,707.3,1155.8,592.5,1156.7,649.9,0
645,21484,2262409,1158.1,707.3,1155.8,592.0,1156.95,649.65,0
645,21485,2262410,1158.5,707.3,1155.8,591.6,1157.15,649.45,0
645,21486,2262411,1158.7,707.3,1156.0,591.4,1157.35,649.35,0
645,21487,2262412,1158.5,707.2,1156.4,591.2,1157.45,649.2,0
645,21488,2262413,1158.3,707.1,1156.9,591.4,1157.6,649.25,0
645,21489,2262414,1158.1,707.0,1157.3,591.6,1157.7,649.3,0
645,21490,2262415,1158.0,706.9,1157.8,591.8,1157.9,649.35,0
645,21491,2262416,1157.7,706.8,1158.3,592.0,1158.0,649.4,0
645,21492,2262417,1157.5,706.7,1158.6,592.3,1158.05,649.5,0
645,21493,2262418,1157.3,706.7,1158.7,592.6,1158.0,649.65,0
645,21494,2262419,1157.2,706.8,1158.6,592.9,1157.9,649.85,0
645,21495,2262420,1157.0,706.9,1158.4,593.3,1157.7,650.1,0
645,21496,2262421,1156.8,707.0,1157.9,593.6,1157.35,650.3,0
645,21497,2262422,1156.6,707.2,1157.4,593.9,1157.0,650.55,0
645,21498,2262423,1156.4,707.5,1156.8,594.2,1156.6,650.85,0
645,21499,2262424,1156.1,707.8,1156.1,593.9,1156.1,650.85,0
645,21500,2262425,1156.0,708.1,1155.5,593.6,1155.75,650.85,0
646,21501,2262426,1155.9,708.4,1155.0,593.3,1155.45,650.85,0
646,21502,2262427,1156.0,708.8,1154.7,593.0,1155.35,650.9,0
646,21503,2262428,1156.0,709.4,1154.5,592.5,1155.25,650.95,0
646,21504,2262429,1156.4,710.1,1154.3,592.2,1155.35,651.15,0
646,21505,2262430,1156.7,710.6,1154.2,591.6,1155.45,651.1,0
646,21506,2262431,1157.0,711.1,1154.1,591.3,1155.55,651.2,0
646,21507,2262432,1157.4,711.5,1154.0,591.0,1155.7,651.25,0
646,21508,2262433,1157.6,711.8,1154.1,590.7,1155.85,651.25,0
646,21509,2262434,1157.9,712.0,1154.2,590.3,1156.05,651.15,0
646,21510,2262435,1158.0,711.7,1154.3,589.7,1156.15,650.7,0
646,21511,2262436,1157.8,711.2,1154.4,589.1,1156.1,650.15,0
646,21512,2262437,1157.6,710.7,1154.5,588.9,1156.05,649.8,0
646,21513,2262438,1157.4,710.2,1154.4,588.8,1155.9,649.5,0
646,21514,2262439,1157.3,709.9,1154.2,588.9,1155.75,649.4,0
646,21515,2262440,1157.2,709.7,1154.0,589.2,1155.6,649.45,0
646,21516,2262441,1157.1,709.6,1153.7,589.6,1155.4,649.6,0
646,21517,2262442,1157.1,709.8,1153.4,590.1,1155.25,649.95,0
646,21518,2262443,1157.1,710.1,1153.2,590.7,1155.15,650.4,0
646,21519,2262444,1157.2,710.4,1153.0,591.3,1155.1,650.85,0
646,21520,2262445,1157.3,710.7,1152.9,591.8,1155.1,651.25,0
646,21521,2262446,1157.3,711.0,1152.9,592.1,1155.1,651.55,0
646,21522,2262447,1157.3,711.2,1152.9,592.2,1155.1,651.7,0
646,21523,2262448,1157.4,711.4,1153.0,592.2,1155.2,651.8,0
646,21524,2262449,1157.5,711.5,1153.1,592.0,1155.3,651.75,0
646,21525,2262450,1157.5,711.9,1153.4,591.8,1155.45,651.85,0
646,21526,2262451,1157.3,712.3,1153.6,591.5,1155.45,651.9,0
646,21527,2262452,1157.1,712.7,1153.9,591.2,1155.5,651.95,0
646,21528,2262453,1156.8,713.2,1154.2,590.8,1155.5,652.0,0
646,21529,2262454,1156.4,713.6,1154.5,590.5,1155.45,652.05,0
646,21530,2262455,1156.0,714.0,1154.5,590.3,1155.25,652.15,0
646,21531,2262456,1155.6,714.5,1154.5,590.0,1155.05,652.25,0
646,21532,2262457,1155.4,714.6,1154.3,589.4,1154.85,652.0,0
646,21533,2262458,1155.4,714.7,1154.0,588.9,1154.7,651.8,0
647,21534,2262459,1155.5,714.7,1153.6,588.1,1154.55,651.4,0
647,21535,2262460,1155.5,714.7,1153.2,587.3,1154.35,651.0,0
647,21536,2262461,1155.7,714.7,1152.8,586.4,1154.25,650.55,0
647,21537,2262462,1155.9,714.7,1152.5,585.7,1154.2,650.2,0
647,21538,2262463,1156.1,714.6,1152.3,585.0,1154.2,649.8,0
647,21539,2262464,1156.2,714.6,1152.1,584.7,1154.15,649.65,0
647,21540,2262465,1156.2,714.8,1152.1,584.7,1154.15,649.75,0
647,21541,2262466,1156.3,715.2,1152.1,584.9,1154.2,650.05,0
647,21542,2262467,1156.4,715.6,1152.1,585.2,1154.25,650.4,0
647,21543,2262468,1156.5,716.1,1152.2,585.5,1154.35,650.8,0
647,21544,2262469,1156.9,716.5,1152.3,585.9,1154.6,651.2,0
647,21545,2262470,1157.3,717.1,1152.3,586.4,1154.8,651.75,0
647,21546,2262471,1157.8,717.5,1152.4,586.6,1155.1,652.05,0
647,21547,2262472,1158.2,717.9,1152.5,586.7,1155.35,652.3,0
647,21548,2262473,1158.6,718.1,1152.7,586.8,1155.65,652.45,0
647,21549,2262474,1159.1,718.2,1152.7,587.0,1155.9,652.6,0
647,21550,2262475,1159.6,718.3,1152.8,587.4,1156.2,652.85,0
647,21551,2262476,1159.9,718.3,1152.8,587.9,1156.35,653.1,0
647,21552,2262477,1160.0,718.3,1152.8,588.4,1156.4,653.35,0
647,21553,2262478,1160.1,718.3,1152.8,589.0,1156.45,653.65,0
647,21554,2262479,1159.9,718.2,1152.8,589.5,1156.35,653.85,0
647,21555,2262480,1159.7,718.1,1152.8,590.0,1156.25,654.05,0
647,21556,2262481,1159.4,718.0,1152.8,590.4,1156.1,654.2,0
647,21557,2262482,1159.0,718.1,1152.7,590.5,1155.85,654.3,0
647,21558,2262483,1158.4,718.2,1152.5,590.5,1155.45,654.35,0
647,21559,2262484,1157.8,718.4,1152.2,590.5,1155.0,654.45,0
647,21560,2262485,1157.3,718.5,1151.9,590.5,1154.6,654.5,0
647,21561,2262486,1156.9,718.7,1151.6,590.4,1154.25,654.55,0
647,21562,2262487,1156.4,719.0,1151.4,590.4,1153.9,654.7,0
647,21563,2262488,1155.9,719.3,1151.2,590.3,1153.55,654.8,0
647,21564,2262489,1155.5,719.4,1151.0,590.2,1153.25,654.8,0
647,21565,2262490,1155.2,719.5,1151.0,589.9,1153.1,654.7,0
647,21566,2262491,1155.0,719.5,1150.9,589.7,1152.95,654.6,0
648,21567,2262492,1154.9,719.5,1150.8,589.3,1152.85,654.4,0
648,21568,2262493,1154.9,719.4,1150.7,588.5,1152.8,653.95,0
648,21569,2262494,1155.0,719.4,1150.6,587.8,1152.8,653.6,0
648,21570,2262495,1155.0,719.3,1150.5,587.1,1152.75,653.2,0
648,21571,2262496,1155.2,719.2,1150.5,586.7,1152.85,652.95,0
648,21572,2262497,1155.3,719.1,1150.5,586.7,1152.9,652.9,0
648,21573,2262498,1155.5,719.2,1150.8,586.6,1153.15,652.9,0
648,21574,2262499,1155.8,719.4,1151.2,586.7,1153.5,653.05,0
648,21575,2262500,1156.2,719.7,1151.5,587.3,1153.85,653.5,0
648,21576,2262501,1156.5,719.9,1151.7,587.7,1154.1,653.8,0
648,21577,2262502,1156.8,720.2,1151.9,588.0,1154.35,654.1,0
648,21578,2262503,1157.0,720.5,1152.1,588.1,1154.55,654.3,0
648,21579,2262504,1157.3,720.8,1152.2,588.0,1154.75,654.4,0
648,21580,2262505,1157.6,721.0,1152.2,588.0,1154.9,654.5,0
648,21581,2262506,1157.7,721.2,1152.2,587.9,1154.95,654.55,0
648,21582,2262507,1158.0,721.1,1152.2,587.8,1155.1,654.45,0
648,21583,2262508,1158.3,721.2,1152.2,587.8,1155.25,654.5,0
648,21584,2262509,1158.6,721.2,1152.2,587.8,1155.4,654.5,0
648,21585,2262510,1158.9,721.2,1152.2,588.0,1155.55,654.6,0
648,21586,2262511,1159.1,721.3,1152.3,588.3,1155.7,654.8,0
648,21587,2262512,1159.4,721.3,1152.3,588.7,1155.85,655.0,0
648,21588,2262513,1159.5,721.4,1152.5,589.3,1156.0,655.35,0
648,21589,2262514,1159.3,721.4,1152.7,590.0,1156.0,655.7,0
648,21590,2262515,1159.0,721.5,1152.9,590.5,1155.95,656.0,0
648,21591,2262516,1158.7,721.5,1153.4,591.1,1156.05,656.3,0
648,21592,2262517,1158.0,721.5,1153.9,591.4,1155.95,656.45,0
648,21593,2262518,1157.4,721.4,1154.4,591.6,1155.9,656.5,0
648,21594,2262519,1156.7,721.3,1154.6,591.6,1155.65,656.45,0
648,21595,2262520,1156.1,721.2,1154.4,591.4,1155.25,656.3,0
648,21596,2262521,1155.6,721.0,1154.3,591.2,1154.95,656.1,0
648,21597,2262522,1155.2,720.8,1154.1,591.0,1154.65,655.9,0
648,21598,2262523,1154.9,720.6,1153.5,590.8,1154.2,655.7,0
648,21599,2262524,1154.8,720.4,1152.7,590.7,1153.75,655.55,0
648,21600,2262525,1154.7,720.2,1151.9,590.8,1153.3,655.5,0
649,21601,2262526,1154.7,720.2,1151.3,590.8,1153.0,655.5,0
649,21602,2262527,1154.7,720.2,1150.9,590.9,1152.8,655.55,0
649,21603,2262528,1154.6,720.2,1150.5,590.9,1152.55,655.55,0
649,21604,2262529,1154.5,720.2,1150.2,590.9,1152.35,655.55,0
649,21605,2262530,1154.4,720.0,1149.9,591.0,1152.15,655.5,0
649,21606,2262531,1154.3,719.9,1149.8,591.1,1152.05,655.5,0
649,21607,2262532,1154.0,719.5,1149.7,591.0,1151.85,655.25,0
649,21608,2262533,1153.5,718.6,1149.6,590.9,1151.55,654.75,0
649,21609,2262534,1153.0,717.5,1149.3,590.3,1151.15,653.9,0
649,21610,2262535,1152.6,716.3,1148.9,589.7,1150.75,653.0,0
649,21611,2262536,1151.5,714.8,1148.5,589.0,1150.0,651.9,0
649,21612,2262537,1150.3,713.1,1147.5,588.1,1148.9,650.6,0
649,21613,2262538,1148.6,710.4,1146.1,586.3,1147.35,648.35,0
649,21614,2262539,1146.8,707.6,1144.7,584.6,1145.75,646.1,0
649,21615,2262540,1144.4,704.5,1142.6,582.4,1143.5,643.45,0
649,21616,2262541,1141.5,701.1,1140.4,580.2,1140.95,640.65,0
649,21617,2262542,1138.5,697.0,1138.2,576.8,1138.35,636.9,0
649,21618,2262543,1136.0,692.9,1136.0,572.5,1136.0,632.7,0
649,21619,2262544,1133.7,688.7,1134.4,568.5,1134.05,628.6,0
649,21620,2262545,1131.8,684.5,1133.4,564.6,1132.6,624.55,0
649,21621,2262546,1130.6,680.3,1132.6,560.9,1131.6,620.6,0
649,21622,2262547,1130.2,676.7,1132.5,557.8,1131.35,617.25,0
649,21623,2262548,1130.4,673.0,1132.7,555.2,1131.55,614.1,0
649,21624,2262549,1130.6,669.8,1133.0,553.8,1131.8,611.8,0
649,21625,2262550,1130.9,666.8,1133.2,553.3,1132.05,610.05,0
649,21626,2262551,1131.2,664.3,1133.3,552.8,1132.25,608.55,0
649,21627,2262552,1131.6,662.6,1133.2,552.9,1132.4,607.75,0
649,21628,2262553,1131.8,661.5,1132.8,553.1,1132.3,607.3,0
649,21629,2262554,1131.9,660.4,1132.4,553.3,1132.15,606.85,0
649,21630,2262555,1132.0,660.2,1131.9,553.5,1131.95,606.85,0
649,21631,2262556,1132.3,660.2,1131.4,553.7,1131.85,606.95,0
649,21632,2262557,1132.6,660.4,1130.8,553.9,1131.7,607.15,0
649,21633,2262558,1132.9,660.7,1130.3,554.4,1131.6,607.55,0
650,21634,2262559,1133.2,660.9,1130.0,555.0,1131.6,607.95,0
650,21635,2262560,1133.6,661.2,1129.7,555.5,1131.65,608.35,0
650,21636,2262561,1133.9,661.3,1129.4,556.1,1131.65,608.7,0
650,21637,2262562,1134.2,661.9,1129.1,556.7,1131.65,609.3,0
650,21638,2262563,1134.3,662.4,1128.8,557.8,1131.55,610.1,0
650,21639,2262564,1134.5,663.0,1128.8,558.9,1131.65,610.95,0
650,21640,2262565,1134.5,663.6,1128.7,559.7,1131.6,611.65,0
650,21641,2262566,1134.6,664.3,1128.7,560.3,1131.65,612.3,0
650,21642,2262567,1134.6,665.1,1128.7,560.9,1131.65,613.0,0
650,21643,2262568,1134.6,665.9,1128.7,561.5,1131.65,613.7,0
650,21644,2262569,1134.6,666.3,1128.8,561.9,1131.7,614.1,0
650,21645,2262570,1134.6,666.7,1128.9,561.9,1131.75,614.3,0
650,21646,2262571,1134.8,667.1,1129.1,561.8,1131.95,614.45,0
650,21647,2262572,1135.0,667.5,1129.3,561.8,1132.15,614.65,0
650,21648,2262573,1135.2,667.8,1129.6,561.8,1132.4,614.8,0
650,21649,2262574,1135.4,668.1,1129.9,561.4,1132.65,614.75,0
650,21650,2262575,1135.5,668.4,1130.3,561.1,1132.9,614.75,0
650,21651,2262576,1135.5,668.7,1130.8,560.8,1133.15,614.75,0
650,21652,2262577,1135.6,668.9,1131.3,560.5,1133.45,614.7,0
650,21653,2262578,1135.5,669.2,1131.7,560.2,1133.6,614.7,0
650,21654,2262579,1135.4,669.5,1132.1,559.9,1133.75,614.7,0
650,21655,2262580,1135.3,669.7,1132.4,559.5,1133.85,614.6,0
650,21656,2262581,1135.2,669.9,1132.7,559.4,1133.95,614.65,0
650,21657,2262582,1135.3,670.2,1132.9,558.8,1134.1,614.5,0
650,21658,2262583,1135.4,670.5,1132.9,558.3,1134.15,614.4,0
650,21659,2262584,1135.4,670.8,1132.8,557.7,1134.1,614.25,0
650,21660,2262585,1135.5,671.1,1132.7,557.1,1134.1,614.1,0
650,21661,2262586,1135.5,671.8,1132.5,556.6,1134.0,614.2,0
650,21662,2262587,1135.7,672.3,1132.3,556.1,1134.0,614.2,0
650,21663,2262588,1135.9,672.8,1132.3,555.7,1134.1,614.25,0
650,21664,2262589,1136.1,673.1,1132.6,555.7,1134.35,614.4,0
650,21665,2262590,1136.4,673.4,1133.0,555.8,1134.7,614.6,0
650,21666,2262591,1136.7,673.6,1133.7,555.8,1135.2,614.7,0
651,21667,2262592,1137.0,673.8,1134.4,555.9,1135.7,614.85,0
651,21668,2262593,1137.3,673.8,1135.2,555.9,1136.25,614.85,0
651,21669,2262594,1137.4,673.7,1136.1,555.9,1136.75,614.8,0
651,21670,2262595,1137.5,673.7,1136.9,555.7,1137.2,614.7,0
651,21671,2262596,1137.6,674.0,1137.4,555.5,1137.5,614.75,0
651,21672,2262597,1137.7,674.3,1137.6,555.3,1137.65,614.8,0
651,21673,2262598,1137.7,674.5,1137.5,555.1,1137.6,614.8,0
651,21674,2262599,1137.6,674.8,1137.4,554.3,1137.5,614.55,0
651,21675,2262600,1137.5,675.4,1137.3,553.6,1137.4,614.5,0
651,21676,2262601,1137.4,676.0,1136.9,552.9,1137.15,614.45,0
651,21677,2262602,1137.4,676.5,1136.0,552.2,1136.7,614.35,0
651,21678,2262603,1137.2,676.8,1135.1,551.6,1136.15,614.2,0
651,21679,2262604,1137.1,677.1,1134.4,550.8,1135.75,613.95,0
651,21680,2262605,1137.1,677.3,1133.8,550.1,1135.45,613.7,0
651,21681,2262606,1137.1,677.6,1133.0,549.9,1135.05,613.75,0
651,21682,2262607,1137.0,677.6,1132.1,549.7,1134.55,613.65,0
651,21683,2262608,1137.0,677.5,1131.2,549.6,1134.1,613.55,0
651,21684,2262609,1137.0,677.5,1130.9,549.5,1133.95,613.5,0
651,21685,2262610,1137.0,677.5,1130.5,549.6,1133.75,613.55,0
651,21686,2262611,1137.0,677.6,1130.0,549.7,1133.5,613.65,0
651,21687,2262612,1136.9,677.7,1129.7,549.9,1133.3,613.8,0
651,21688,2262613,1136.6,678.0,1129.6,550.2,1133.1,614.1,0
651,21689,2262614,1136.2,678.3,1129.6,550.3,1132.9,614.3,0
651,21690,2262615,1136.0,678.6,1129.8,550.3,1132.9,614.45,0
651,21691,2262616,1135.7,679.0,1130.1,550.1,1132.9,614.55,0
651,21692,2262617,1135.5,679.4,1130.4,549.8,1132.95,614.6,0
651,21693,2262618,1135.3,679.9,1131.1,549.5,1133.2,614.7,0
651,21694,2262619,1135.1,680.7,1131.7,548.9,1133.4,614.8,0
651,21695,2262620,1135.2,681.3,1132.2,548.2,1133.7,614.75,0
651,21696,2262621,1135.2,681.8,1132.5,547.6,1133.85,614.7,0
651,21697,2262622,1135.3,682.4,1132.6,547.0,1133.95,614.7,0
651,21698,2262623,1135.3,682.9,1132.7,546.7,1134.0,614.8,0
651,21699,2262624,1135.3,683.3,1132.8,546.3,1134.05,614.8,0
651,21700,2262625,1135.5,683.7,1132.6,545.4,1134.05,614.55,0
652,21701,2262626,1135.8,683.7,1132.5,544.7,1134.15,614.2,0
652,21702,2262627,1136.0,683.7,1132.8,544.0,1134.4,613.85,0
652,21703,2262628,1136.2,683.6,1133.3,543.2,1134.75,613.4,0
652,21704,2262629,1136.4,683.6,1133.8,542.5,1135.1,613.05,0
652,21705,2262630,1136.5,683.5,1134.4,541.9,1135.45,612.7,0
652,21706,2262631,1136.7,683.6,1134.9,541.4,1135.8,612.5,0
652,21707,2262632,1136.7,683.5,1135.4,541.3,1136.05,612.4,0
652,21708,2262633,1136.4,683.6,1135.8,541.6,1136.1,612.6,0
652,21709,2262634,1136.1,683.8,1135.7,541.8,1135.9,612.8,0
652,21710,2262635,1135.8,684.0,1135.5,542.2,1135.65,613.1,0
652,21711,2262636,1135.4,684.3,1135.2,542.4,1135.3,613.35,0
652,21712,2262637,1135.0,684.6,1134.8,542.6,1134.9,613.6,0
652,21713,2262638,1134.6,684.9,1133.8,542.9,1134.2,613.9,0
652,21714,2262639,1134.2,685.3,1132.8,543.1,1133.5,614.2,0
652,21715,2262640,1134.1,685.6,1131.9,543.2,1133.0,614.4,0
652,21716,2262641,1134.0,686.2,1131.2,543.3,1132.6,614.75,0
652,21717,2262642,1134.1,686.8,1130.9,543.2,1132.5,615.0,0
652,21718,2262643,1134.1,687.4,1130.6,543.1,1132.35,615.25,0
652,21719,2262644,1134.3,687.9,1130.5,543.0,1132.4,615.45,0
652,21720,2262645,1134.4,688.5,1131.1,542.7,1132.75,615.6,0
652,21721,2262646,1134.6,689.0,1131.6,542.4,1133.1,615.7,0
652,21722,2262647,1134.7,689.5,1132.0,542.1,1133.35,615.8,0
652,21723,2262648,1135.0,689.6,1132.4,541.9,1133.7,615.75,0
652,21724,2262649,1135.2,689.7,1132.6,541.8,1133.9,615.75,0
652,21725,2262650,1135.3,689.7,1133.0,541.6,1134.15,615.65,0
652,21726,2262651,1135.4,689.7,1133.4,541.4,1134.4,615.55,0
652,21727,2262652,1135.6,689.7,1133.7,541.2,1134.65,615.45,0
652,21728,2262653,1135.7,689.7,1133.8,541.0,1134.75,615.35,0
652,21729,2262654,1135.8,689.7,1134.0,540.9,1134.9,615.3,0
652,21730,2262655,1135.8,689.8,1134.0,540.7,1134.9,615.25,0
652,21731,2262656,1135.5,689.9,1134.0,540.6,1134.75,615.25,0
652,21732,2262657,1135.2,690.1,1134.4,540.9,1134.8,615.5,0
652,21733,2262658,1134.9,690.3,1134.8,541.1,1134.85,615.7,0
653,21734,2262659,1134.6,690.7,1135.2,541.5,1134.9,616.1,0
653,21735,2262660,1134.3,690.9,1135.7,541.8,1135.0,616.35,0
653,21736,2262661,1133.8,691.3,1136.2,542.3,1135.0,616.8,0
653,21737,2262662,1133.3,691.7,1136.5,542.6,1134.9,617.15,0
653,21738,2262663,1133.0,692.1,1136.8,542.9,1134.9,617.5,0
653,21739,2262664,1132.7,692.4,1136.0,542.9,1134.35,617.65,0
653,21740,2262665,1132.5,692.5,1135.0,542.9,1133.75,617.7,0
653,21741,2262666,1132.3,692.4,1134.0,543.0,1133.15,617.7,0
653,21742,2262667,1132.1,692.3,1133.0,543.1,1132.55,617.7,0
653,21743,2262668,1132.1,692.2,1132.0,543.3,1132.05,617.75,0
653,21744,2262669,1132.2,691.9,1131.0,543.4,1131.6,617.65,0
653,21745,2262670,1132.3,691.6,1130.1,543.6,1131.2,617.6,0
653,21746,2262671,1132.4,691.3,1129.6,543.7,1131.0,617.5,0
653,21747,2262672,1132.5,691.1,1129.4,543.8,1130.95,617.45,0
653,21748,2262673,1132.5,691.1,1129.3,543.9,1130.9,617.5,0
653,21749,2262674,1132.5,691.1,1129.5,544.0,1131.0,617.55,0
653,21750,2262675,1132.5,691.0,1129.8,544.0,1131.15,617.5,0
653,21751,2262676,1132.5,691.0,1130.2,544.0,1131.35,617.5,0
653,21752,2262677,1132.5,690.9,1130.6,543.9,1131.55,617.4,0
653,21753,2262678,1132.4,690.8,1131.0,543.9,1131.7,617.35,0
653,21754,2262679,1132.4,690.7,1131.3,543.7,1131.85,617.2,0
653,21755,2262680,1132.3,690.7,1131.5,543.7,1131.9,617.2,0
653,21756,2262681,1132.3,690.5,1131.6,543.7,1131.95,617.1,0
653,21757,2262682,1132.3,690.3,1131.6,543.8,1131.95,617.05,0
653,21758,2262683,1132.3,690.1,1131.8,544.2,1132.05,617.15,0
653,21759,2262684,1132.3,689.8,1131.9,544.6,1132.1,617.2,0
653,21760,2262685,1132.4,689.7,1132.1,545.1,1132.25,617.4,0
653,21761,2262686,1132.5,689.5,1132.2,545.7,1132.35,617.6,0
653,21762,2262687,1132.6,689.4,1132.4,546.5,1132.5,617.95,0
653,21763,2262688,1132.7,689.5,1132.5,547.2,1132.6,618.35,0
653,21764,2262689,1132.7,689.8,1132.6,547.9,1132.65,618.85,0
653,21765,2262690,1132.6,690.0,1132.5,548.2,1132.55,619.1,0
653,21766,2262691,1132.6,690.2,1132.4,548.6,1132.5,619.4,0
654,21767,2262692,1132.5,690.3,1132.0,548.8,1132.25,619.55,0
654,21768,2262693,1132.3,690.1,1131.6,549.0,1131.95,619.55,0
654,21769,2262694,1132.1,689.8,1130.9,549.0,1131.5,619.4,0
654,21770,2262695,1132.0,689.5,1130.3,549.0,1131.15,619.25,0
654,21771,2262696,1131.8,689.1,1129.6,549.1,1130.7,619.1,0
654,21772,2262697,1131.8,688.6,1128.9,549.1,1130.35,618.85,0
654,21773,2262698,1131.7,688.1,1128.3,549.9,1130.0,619.0,0
654,21774,2262699,1131.7,687.8,1127.9,550.7,1129.8,619.25,0
654,21775,2262700,1131.7,687.7,1127.7,551.5,1129.7,619.6,0
654,21776,2262701,1131.6,687.5,1127.7,552.2,1129.65,619.85,0
654,21777,2262702,1131.5,687.3,1127.8,552.8,1129.65,620.05,0
654,21778,2262703,1131.4,687.1,1127.9,553.5,1129.65,620.3,0
654,21779,2262704,1131.2,686.8,1128.2,554.4,1129.7,620.6,0
654,21780,2262705,1131.1,686.6,1128.4,554.9,1129.75,620.75,0
654,21781,2262706,1130.9,686.3,1128.7,555.3,1129.8,620.8,0
654,21782,2262707,1130.7,686.2,1128.8,555.6,1129.75,620.9,0
654,21783,2262708,1130.6,686.0,1129.0,555.8,1129.8,620.9,0
654,21784,2262709,1130.4,685.9,1129.2,556.0,1129.8,620.95,0
654,21785,2262710,1130.3,685.8,1129.2,556.2,1129.75,621.0,0
654,21786,2262711,1130.2,686.0,1129.2,556.5,1129.7,621.25,0
654,21787,2262712,1130.1,686.2,1129.1,556.4,1129.6,621.3,0
654,21788,2262713,1130.1,686.4,1128.8,556.4,1129.45,621.4,0
654,21789,2262714,1130.2,687.0,1128.5,556.6,1129.35,621.8,0
654,21790,2262715,1130.3,687.6,1128.0,557.0,1129.15,622.3,0
654,21791,2262716,1130.4,688.2,1127.5,557.4,1128.95,622.8,0
654,21792,2262717,1130.6,688.8,1127.1,557.7,1128.85,623.25,0
654,21793,2262718,1130.7,689.3,1126.6,557.8,1128.65,623.55,0
654,21794,2262719,1130.8,689.6,1126.2,557.9,1128.5,623.75,0
654,21795,2262720,1130.8,689.9,1126.0,557.9,1128.4,623.9,0
654,21796,2262721,1130.8,689.8,1125.8,557.8,1128.3,623.8,0
654,21797,2262722,1130.7,689.7,1125.7,557.7,1128.2,623.7,0
654,21798,2262723,1130.6,689.5,1125.8,557.6,1128.2,623.55,0
654,21799,2262724,1130.6,689.4,1125.8,557.6,1128.2,623.5,0
654,21800,2262725,1130.5,689.2,1126.1,557.6,1128.3,623.4,0
655,21801,2262726,1130.4,689.2,1126.3,557.6,1128.35,623.4,0
655,21802,2262727,1130.5,689.2,1126.6,557.7,1128.55,623.45,0
655,21803,2262728,1130.6,689.3,1126.8,557.8,1128.7,623.55,0
655,21804,2262729,1130.8,689.3,1127.1,557.9,1128.95,623.6,0
655,21805,2262730,1130.9,689.5,1127.4,558.1,1129.15,623.8,0
655,21806,2262731,1131.1,689.6,1127.6,558.3,1129.35,623.95,0
655,21807,2262732,1131.1,689.6,1127.7,558.6,1129.4,624.1,0
655,21808,2262733,1131.1,689.6,1127.8,558.8,1129.45,624.2,0
655,21809,2262734,1130.9,689.6,1127.9,559.1,1129.4,624.35,0
655,21810,2262735,1130.8,689.6,1127.9,559.4,1129.35,624.5,0
655,21811,2262736,1130.6,689.6,1127.9,559.6,1129.25,624.6,0
655,21812,2262737,1130.5,689.6,1127.8,559.8,1129.15,624.7,0
655,21813,2262738,1130.5,689.6,1127.8,560.2,1129.15,624.9,0
655,21814,2262739,1130.8,689.6,1127.7,560.4,1129.25,625.0,0
655,21815,2262740,1131.1,689.6,1127.6,560.6,1129.35,625.1,0
655,21816,2262741,1131.5,689.5,1127.5,560.9,1129.5,625.2,0
655,21817,2262742,1131.6,689.5,1127.3,561.2,1129.45,625.35,0
655,21818,2262743,1131.7,689.4,1127.2,561.6,1129.45,625.5,0
655,21819,2262744,1131.8,689.4,1127.0,562.1,1129.4,625.75,0
655,21820,2262745,1131.8,689.0,1126.7,562.5,1129.25,625.75,0
655,21821,2262746,1131.7,688.7,1126.4,562.8,1129.05,625.75,0
655,21822,2262747,1131.6,688.4,1126.1,563.3,1128.85,625.85,0
655,21823,2262748,1131.5,688.1,1125.9,563.7,1128.7,625.9,0
655,21824,2262749,1131.7,687.8,1125.7,564.1,1128.7,625.95,0
655,21825,2262750,1131.9,687.5,1125.6,564.2,1128.75,625.85,0
655,21826,2262751,1132.2,687.2,1125.5,564.3,1128.85,625.75,0
655,21827,2262752,1132.4,687.0,1125.5,564.3,1128.95,625.65,0
655,21828,2262753,1132.4,686.8,1125.5,564.2,1128.95,625.5,0
655,21829,2262754,1132.3,686.1,1125.6,564.1,1128.95,625.1,0
655,21830,2262755,1132.3,685.5,1125.7,563.9,1129.0,624.7,0
655,21831,2262756,1132.1,684.8,1125.7,563.7,1128.9,624.25,0
655,21832,2262757,1132.0,684.2,1125.8,563.4,1128.9,623.8,0
655,21833,2262758,1131.9,683.5,1125.8,563.3,1128.85,623.4,0
656,21834,2262759,1131.8,683.0,1125.9,563.2,1128.85,623.1,0
656,21835,2262760,1131.9,682.6,1125.9,563.1,1128.9,622.85,0
656,21836,2262761,1132.1,682.7,1126.0,563.0,1129.05,622.85,0
656,21837,2262762,1132.3,682.7,1126.1,563.0,1129.2,622.85,0
656,21838,2262763,1132.5,682.7,1126.1,562.9,1129.3,622.8,0
656,21839,2262764,1132.7,682.7,1126.1,562.8,1129.4,622.75,0
656,21840,2262765,1132.7,682.7,1126.1,562.8,1129.4,622.75,0
656,21841,2262766,1132.8,682.7,1126.1,562.8,1129.45,622.75,0
656,21842,2262767,1132.8,682.6,1126.0,562.8,1129.4,622.7,0
656,21843,2262768,1132.8,682.5,1125.8,562.7,1129.3,622.6,0
656,21844,2262769,1132.5,682.4,1125.6,562.5,1129.05,622.45,0
656,21845,2262770,1132.3,682.2,1125.3,562.2,1128.8,622.2,0
656,21846,2262771,1132.0,682.1,1125.0,561.9,1128.5,622.0,0
656,21847,2262772,1131.8,681.9,1124.8,561.3,1128.3,621.6,0
656,21848,2262773,1131.6,681.8,1124.7,560.6,1128.15,621.2,0
656,21849,2262774,1131.4,681.6,1124.6,559.9,1128.0,620.75,0
656,21850,2262775,1131.3,681.3,1124.5,559.3,1127.9,620.3,0
656,21851,2262776,1131.3,680.9,1124.3,558.7,1127.8,619.8,0
656,21852,2262777,1131.3,680.6,1124.2,558.2,1127.75,619.4,0
656,21853,2262778,1131.3,680.3,1124.0,557.8,1127.65,619.05,0
656,21854,2262779,1131.1,680.1,1123.8,557.6,1127.45,618.85,0
656,21855,2262780,1131.0,679.9,1123.6,557.1,1127.3,618.5,0
656,21856,2262781,1130.9,679.6,1123.4,556.7,1127.15,618.15,0
656,21857,2262782,1130.7,679.5,1123.2,556.2,1126.95,617.85,0
656,21858,2262783,1130.6,679.5,1123.1,555.8,1126.85,617.65,0
656,21859,2262784,1130.4,679.4,1123.0,555.4,1126.7,617.4,0
656,21860,2262785,1130.4,679.3,1122.9,554.9,1126.65,617.1,0
656,21861,2262786,1130.4,679.2,1122.7,554.5,1126.55,616.85,0
656,21862,2262787,1130.5,679.2,1122.6,553.9,1126.55,616.55,0
656,21863,2262788,1130.5,679.1,1122.5,553.4,1126.5,616.25,0
656,21864,2262789,1130.6,679.1,1122.3,552.6,1126.45,615.85,0
656,21865,2262790,1130.6,678.9,1122.1,551.8,1126.35,615.35,0
656,21866,2262791,1130.7,678.5,1122.0,550.5,1126.35,614.5,0
657,21867,2262792,1130.8,678.2,1122.0,549.4,1126.4,613.8,0
657,21868,2262793,1130.9,677.8,1121.9,548.3,1126.4,613.05,0
657,21869,2262794,1131.0,677.4,1121.9,547.6,1126.45,612.5,0
657,21870,2262795,1131.0,677.0,1121.9,546.8,1126.45,611.9,0
657,21871,2262796,1130.9,676.6,1122.1,546.4,1126.5,611.5,0
657,21872,2262797,1130.9,676.3,1122.4,545.8,1126.65,611.05,0
657,21873,2262798,1130.6,676.0,1122.7,545.7,1126.65,610.85,0
657,21874,2262799,1130.3,675.8,1123.1,545.6,1126.7,610.7,0
657,21875,2262800,1129.9,675.2,1123.4,545.4,1126.65,610.3,0
657,21876,2262801,1129.6,674.6,1123.8,545.2,1126.7,609.9,0
657,21877,2262802,1129.3,674.1,1124.1,544.9,1126.7,609.5,0
657,21878,2262803,1128.8,673.6,1124.2,544.6,1126.5,609.1,0
657,21879,2262804,1128.3,673.1,1124.4,544.5,1126.35,608.8,0
657,21880,2262805,1128.0,672.9,1124.4,544.3,1126.2,608.6,0
657,21881,2262806,1127.7,672.8,1124.5,544.2,1126.1,608.5,0
657,21882,2262807,1127.4,673.1,1124.6,544.1,1126.0,608.6,0
657,21883,2262808,1127.2,673.4,1124.7,543.9,1125.95,608.65,0
657,21884,2262809,1127.0,673.7,1124.8,543.7,1125.9,608.7,0
657,21885,2262810,1127.0,673.9,1124.9,543.3,1125.95,608.6,0
657,21886,2262811,1126.9,674.1,1125.0,542.8,1125.95,608.45,0
657,21887,2262812,1126.9,674.3,1125.1,542.0,1126.0,608.15,0
657,21888,2262813,1126.9,674.4,1125.2,541.1,1126.05,607.75,0
657,21889,2262814,1126.8,674.2,1125.2,540.2,1126.0,607.2,0
657,21890,2262815,1126.8,674.0,1125.3,539.3,1126.05,606.65,0
657,21891,2262816,1126.8,673.9,1125.3,538.6,1126.05,606.25,0
657,21892,2262817,1126.7,673.7,1125.3,538.1,1126.0,605.9,0
657,21893,2262818,1126.7,673.5,1125.4,537.6,1126.05,605.55,0
657,21894,2262819,1126.7,673.4,1125.4,537.2,1126.05,605.3,0
657,21895,2262820,1126.7,673.2,1125.5,537.1,1126.1,605.15,0
657,21896,2262821,1126.7,673.2,1125.6,536.8,1126.15,605.0,0
657,21897,2262822,1126.7,673.3,1125.7,536.5,1126.2,604.9,0
657,21898,2262823,1126.7,673.3,1125.8,536.3,1126.25,604.8,0
657,21899,2262824,1126.8,673.4,1125.8,536.1,1126.3,604.75,0
657,21900,2262825,1126.8,673.2,1125.5,536.0,1126.15,604.6,0
658,21901,2262826,1126.9,672.9,1125.2,536.1,1126.05,604.5,0
658,21902,2262827,1126.9,672.7,1124.8,536.1,1125.85,604.4,0
658,21903,2262828,1126.8,672.5,1124.3,536.3,1125.55,604.4,0
658,21904,2262829,1126.8,672.2,1123.8,536.2,1125.3,604.2,0
658,21905,2262830,1126.7,671.8,1123.3,535.8,1125.0,603.8,0
658,21906,2262831,1126.7,671.1,1122.7,535.3,1124.7,603.2,0
658,21907,2262832,1126.7,670.7,1122.5,534.9,1124.6,602.8,0
658,21908,2262833,1126.7,670.3,1122.3,534.5,1124.5,602.4,0
658,21909,2262834,1126.8,669.9,1122.0,534.5,1124.4,602.2,0
658,21910,2262835,1126.9,669.6,1121.9,534.4,1124.4,602.0,0
658,21911,2262836,1126.9,669.2,1121.7,534.5,1124.3,601.85,0
658,21912,2262837,1126.9,669.3,1121.6,534.9,1124.25,602.1,0
658,21913,2262838,1126.9,669.7,1121.7,535.3,1124.3,602.5,0
658,21914,2262839,1126.7,670.1,1121.8,535.6,1124.25,602.85,0
658,21915,2262840,1126.6,670.3,1121.9,535.8,1124.25,603.05,0
658,21916,2262841,1126.5,670.4,1122.0,535.7,1124.25,603.05,0
658,21917,2262842,1126.4,670.4,1122.1,535.7,1124.25,603.05,0
658,21918,2262843,1126.4,670.4,1122.2,535.7,1124.3,603.05,0
658,21919,2262844,1126.4,670.2,1122.3,535.8,1124.35,603.0,0
658,21920,2262845,1126.3,669.8,1122.2,535.9,1124.25,602.85,0
658,21921,2262846,1126.2,669.5,1122.1,536.1,1124.15,602.8,0
658,21922,2262847,1126.1,669.3,1122.0,536.4,1124.05,602.85,0
658,21923,2262848,1126.1,669.2,1122.0,536.7,1124.05,602.95,0
658,21924,2262849,1126.0,669.1,1121.9,537.0,1123.95,603.05,0
658,21925,2262850,1126.0,669.0,1122.0,537.2,1124.0,603.1,0
658,21926,2262851,1126.0,668.9,1122.2,537.4,1124.1,603.15,0
658,21927,2262852,1126.1,668.9,1122.6,537.6,1124.35,603.25,0
658,21928,2262853,1126.1,668.8,1123.0,538.0,1124.55,603.4,0
658,21929,2262854,1126.2,668.8,1123.3,538.3,1124.75,603.55,0
658,21930,2262855,1126.2,668.9,1123.6,538.6,1124.9,603.75,0
658,21931,2262856,1126.4,668.9,1123.9,538.9,1125.15,603.9,0
658,21932,2262857,1126.5,669.1,1124.1,539.2,1125.3,604.15,0
658,21933,2262858,1126.7,669.2,1124.2,539.6,1125.45,604.4,0
659,21934,2262859,1126.8,669.3,1124.0,539.9,1125.4,604.6,0
659,21935,2262860,1126.7,669.4,1123.6,539.8,1125.15,604.6,0
659,21936,2262861,1126.6,669.5,1123.2,539.7,1124.9,604.6,0
659,21937,2262862,1126.6,669.5,1122.9,539.5,1124.75,604.5,0
659,21938,2262863,1126.4,669.6,1122.6,539.4,1124.5,604.5,0
659,21939,2262864,1126.2,669.6,1122.3,539.2,1124.25,604.4,0
659,21940,2262865,1126.1,669.6,1122.1,539.0,1124.1,604.3,0
659,21941,2262866,1126.0,669.6,1121.9,539.0,1123.95,604.3,0
659,21942,2262867,1126.2,669.6,1121.9,539.0,1124.05,604.3,0
659,21943,2262868,1126.4,669.6,1121.9,539.2,1124.15,604.4,0
659,21944,2262869,1126.5,669.5,1121.9,539.5,1124.2,604.5,0
659,21945,2262870,1126.6,669.5,1122.0,539.8,1124.3,604.65,0
659,21946,2262871,1126.8,669.4,1122.1,540.1,1124.45,604.75,0
659,21947,2262872,1127.0,669.2,1122.4,540.5,1124.7,604.85,0
659,21948,2262873,1127.0,669.2,1122.6,540.7,1124.8,604.95,0
659,21949,2262874,1127.1,669.1,1122.9,540.8,1125.0,604.95,0
659,21950,2262875,1127.1,669.1,1123.2,540.8,1125.15,604.95,0
659,21951,2262876,1127.1,669.1,1123.4,540.4,1125.25,604.75,0
659,21952,2262877,1127.1,669.1,1123.7,540.1,1125.4,604.6,0
659,21953,2262878,1126.9,669.2,1123.8,539.9,1125.35,604.55,0
659,21954,2262879,1126.7,669.2,1123.8,539.8,1125.25,604.5,0
659,21955,2262880,1126.4,669.3,1123.8,539.7,1125.1,604.5,0
659,21956,2262881,1126.1,669.4,1123.8,539.7,1124.95,604.55,0
659,21957,2262882,1125.8,669.6,1123.3,539.8,1124.55,604.7,0
659,21958,2262883,1125.3,669.9,1122.9,540.2,1124.1,605.05,0
659,21959,2262884,1124.9,670.1,1122.4,540.6,1123.65,605.35,0
659,21960,2262885,1124.6,670.3,1121.9,540.9,1123.25,605.6,0
659,21961,2262886,1124.5,670.4,1121.4,541.1,1122.95,605.75,0
659,21962,2262887,1124.3,670.5,1120.9,541.3,1122.6,605.9,0
659,21963,2262888,1124.2,670.6,1120.5,541.5,1122.35,606.05,0
659,21964,2262889,1124.2,670.6,1120.7,541.7,1122.45,606.15,0
659,21965,2262890,1124.3,670.6,1121.0,541.8,1122.65,606.2,0
659,21966,2262891,1124.4,670.6,1121.3,542.1,1122.85,606.35,0
660,21967,2262892,1124.6,670.6,1121.6,542.4,1123.1,606.5,0
660,21968,2262893,1124.6,670.5,1121.8,542.8,1123.2,606.65,0
660,21969,2262894,1124.7,670.3,1122.0,543.3,1123.35,606.8,0
660,21970,2262895,1124.8,670.1,1122.1,543.8,1123.45,606.95,0
660,21971,2262896,1125.0,669.8,1121.9,544.3,1123.45,607.05,0
660,21972,2262897,1125.1,669.5,1121.7,544.7,1123.4,607.1,0
660,21973,2262898,1125.3,669.2,1121.4,545.1,1123.35,607.15,0
660,21974,2262899,1125.4,669.0,1121.1,545.5,1123.25,607.25,0
660,21975,2262900,1125.6,669.0,1120.9,545.7,1123.25,607.35,0
660,21976,2262901,1125.8,668.9,1120.8,546.2,1123.3,607.55,0
660,21977,2262902,1125.9,668.9,1120.6,546.5,1123.25,607.7,0
660,21978,2262903,1125.9,668.9,1120.5,546.7,1123.2,607.8,0
660,21979,2262904,1126.0,668.8,1120.4,546.9,1123.2,607.85,0
660,21980,2262905,1125.9,668.7,1120.3,547.0,1123.1,607.85,0
660,21981,2262906,1125.8,668.6,1120.3,547.1,1123.05,607.85,0
660,21982,2262907,1125.7,668.6,1120.2,546.9,1122.95,607.75,0
660,21983,2262908,1125.6,668.5,1120.1,546.3,1122.85,607.4,0
660,21984,2262909,1125.4,668.4,1120.1,545.8,1122.75,607.1,0
660,21985,2262910,1125.3,668.4,1120.0,545.3,1122.65,606.85,0
660,21986,2262911,1125.2,668.3,1120.0,544.9,1122.6,606.6,0
660,21987,2262912,1125.1,668.3,1119.9,544.5,1122.5,606.4,0
660,21988,2262913,1125.1,668.4,1119.9,544.4,1122.5,606.4,0
660,21989,2262914,1125.2,668.4,1119.9,544.6,1122.55,606.5,0
660,21990,2262915,1125.2,668.5,1119.8,544.9,1122.5,606.7,0
660,21991,2262916,1125.2,668.6,1119.8,545.2,1122.5,606.9,0
660,21992,2262917,1125.2,668.7,1119.8,545.5,1122.5,607.1,0
660,21993,2262918,1125.1,668.8,1119.8,545.9,1122.45,607.35,0
660,21994,2262919,1125.1,668.8,1119.8,546.1,1122.45,607.45,0
660,21995,2262920,1125.1,668.8,1119.8,546.2,1122.45,607.5,0
660,21996,2262921,1125.1,668.7,1119.8,546.1,1122.45,607.4,0
660,21997,2262922,1125.1,668.6,1119.9,545.9,1122.5,607.25,0
660,21998,2262923,1125.1,668.4,1119.9,545.8,1122.5,607.1,0
660,21999,2262924,1125.0,668.3,1120.0,545.7,1122.5,607.0,0
660,22000,2262925,1124.9,668.2,1120.0,545.4,1122.45,606.8,0
661,22001,2262926,1124.8,668.1,1120.1,545.1,1122.45,606.6,0
661,22002,2262927,1124.8,668.0,1120.1,544.6,1122.45,606.3,0
661,22003,2262928,1124.7,667.9,1120.4,544.2,1122.55,606.05,0
661,22004,2262929,1124.6,667.8,1120.7,544.0,1122.65,605.9,0
661,22005,2262930,1124.5,667.5,1121.1,543.7,1122.8,605.6,0
661,22006,2262931,1124.4,666.9,1121.5,543.7,1122.95,605.3,0
661,22007,2262932,1124.3,666.4,1121.8,543.7,1123.05,605.05,0
661,22008,2262933,1124.2,665.9,1122.3,543.8,1123.25,604.85,0
661,22009,2262934,1124.0,665.6,1122.7,544.3,1123.35,604.95,0
661,22010,2262935,1123.8,665.4,1122.9,544.8,1123.35,605.1,0
661,22011,2262936,1123.7,665.2,1123.1,545.2,1123.4,605.2,0
661,22012,2262937,1123.9,665.3,1123.1,545.5,1123.5,605.4,0
661,22013,2262938,1124.1,665.6,1123.1,545.7,1123.6,605.65,0
661,22014,2262939,1124.4,665.9,1123.1,545.8,1123.75,605.85,0
661,22015,2262940,1124.7,666.1,1123.0,546.3,1123.85,606.2,0
661,22016,2262941,1125.0,666.2,1123.0,546.6,1124.0,606.4,0
661,22017,2262942,1125.2,666.3,1122.9,546.9,1124.05,606.6,0
661,22018,2262943,1125.4,666.3,1122.8,547.3,1124.1,606.8,0
661,22019,2262944,1125.4,666.2,1122.7,547.6,1124.05,606.9,0
661,22020,2262945,1125.3,666.0,1122.7,548.0,1124.0,607.0,0
661,22021,2262946,1125.3,665.7,1122.6,548.5,1123.95,607.1,0
661,22022,2262947,1125.2,665.5,1122.5,548.5,1123.85,607.0,0
661,22023,2262948,1125.1,665.1,1121.7,548.7,1123.4,606.9,0
661,22024,2262949,1124.9,664.8,1121.0,548.8,1122.95,606.8,0
661,22025,2262950,1124.8,664.6,1120.2,548.9,1122.5,606.75,0
661,22026,2262951,1124.6,664.5,1119.5,549.4,1122.05,606.95,0
661,22027,2262952,1124.5,664.4,1118.8,549.8,1121.65,607.1,0
661,22028,2262953,1124.4,664.3,1118.2,550.2,1121.3,607.25,0
661,22029,2262954,1124.5,664.3,1117.5,550.5,1121.0,607.4,0
661,22030,2262955,1124.7,664.3,1117.5,550.8,1121.1,607.55,0
661,22031,2262956,1124.9,664.3,1117.5,551.2,1121.2,607.75,0
661,22032,2262957,1125.0,664.3,1117.5,551.2,1121.25,607.75,0
661,22033,2262958,1125.1,664.3,1117.5,550.8,1121.3,607.55,0
662,22034,2262959,1125.2,664.2,1117.3,550.5,1121.25,607.35,0
662,22035,2262960,1125.3,664.2,1116.9,550.2,1121.1,607.2,0
662,22036,2262961,1125.1,664.1,1116.5,549.9,1120.8,607.0,0
662,22037,2262962,1124.9,664.0,1116.2,549.6,1120.55,606.8,0
662,22038,2262963,1124.6,664.0,1115.8,549.5,1120.2,606.75,0
662,22039,2262964,1124.3,664.0,1115.5,549.8,1119.9,606.9,0
662,22040,2262965,1124.0,664.1,1115.1,550.0,1119.55,607.05,0
662,22041,2262966,1123.8,664.2,1115.1,550.3,1119.45,607.25,0
662,22042,2262967,1123.5,664.3,1115.1,550.6,1119.3,607.45,0
662,22043,2262968,1123.3,664.4,1115.4,550.8,1119.35,607.6,0
662,22044,2262969,1123.2,664.4,1115.7,551.1,1119.45,607.75,0
662,22045,2262970,1123.2,664.3,1116.1,551.1,1119.65,607.7,0
662,22046,2262971,1123.2,664.3,1116.6,551.1,1119.9,607.7,0
662,22047,2262972,1123.5,664.0,1117.2,551.0,1120.35,607.5,0
662,22048,2262973,1123.7,663.8,1117.9,550.9,1120.8,607.35,0
662,22049,2262974,1123.9,663.6,1118.6,550.9,1121.25,607.25,0
662,22050,2262975,1124.1,663.4,1119.3,550.8,1121.7,607.1,0
662,22051,2262976,1124.3,663.3,1120.0,550.8,1122.15,607.05,0
662,22052,2262977,1124.4,663.2,1120.7,551.2,1122.55,607.2,0
662,22053,2262978,1124.5,663.2,1121.2,551.5,1122.85,607.35,0
662,22054,2262979,1124.4,663.2,1121.4,551.9,1122.9,607.55,0
662,22055,2262980,1124.3,663.3,1121.5,552.3,1122.9,607.8,0
662,22056,2262981,1124.2,663.3,1121.5,552.7,1122.85,608.0,0
662,22057,2262982,1123.9,663.2,1121.1,553.1,1122.5,608.15,0
662,22058,2262983,1123.8,663.2,1120.7,553.5,1122.25,608.35,0
662,22059,2262984,1123.7,663.0,1120.3,553.6,1122.0,608.3,0
662,22060,2262985,1123.6,662.8,1119.9,553.7,1121.75,608.25,0
662,22061,2262986,1123.5,662.5,1119.7,553.8,1121.6,608.15,0
662,22062,2262987,1123.4,662.2,1119.5,553.9,1121.45,608.05,0
662,22063,2262988,1123.4,661.9,1119.2,553.9,1121.3,607.9,0
662,22064,2262989,1123.4,661.5,1119.1,554.0,1121.25,607.75,0
662,22065,2262990,1123.4,661.1,1119.0,554.0,1121.2,607.55,0
662,22066,2262991,1123.2,660.8,1118.8,554.0,1121.0,607.4,0
663,22067,2262992,1123.1,660.6,1118.6,554.2,1120.85,607.4,0
663,22068,2262993,1122.9,660.5,1118.3,554.3,1120.6,607.4,0
663,22069,2262994,1122.7,660.4,1118.0,554.5,1120.35,607.45,0
663,22070,2262995,1122.5,660.4,1117.7,554.7,1120.1,607.55,0
663,22071,2262996,1122.4,660.6,1117.4,554.8,1119.9,607.7,0
663,22072,2262997,1122.3,660.8,1117.0,554.9,1119.65,607.85,0
663,22073,2262998,1122.4,661.1,1116.6,554.9,1119.5,608.0,0
663,22074,2262999,1122.6,661.3,1116.3,554.8,1119.45,608.05,0
663,22075,2263000,1122.7,661.4,1116.0,554.7,1119.35,608.05,0
663,22076,2263001,1122.9,661.5,1115.6,554.6,1119.25,608.05,0
663,22077,2263002,1123.1,661.5,1115.3,554.6,1119.2,608.05,0
663,22078,2263003,1123.3,661.2,1114.9,554.8,1119.1,608.0,0
663,22079,2263004,1123.2,660.8,1114.6,555.1,1118.9,607.95,0
663,22080,2263005,1123.0,660.4,1114.4,555.4,1118.7,607.9,0
663,22081,2263006,1122.8,660.0,1114.1,556.0,1118.45,608.0,0
663,22082,2263007,1122.6,659.6,1113.9,556.5,1118.25,608.05,0
663,22083,2263008,1122.4,659.6,1113.9,557.0,1118.15,608.3,0
663,22084,2263009,1122.3,659.7,1113.8,557.6,1118.05,608.65,0
663,22085,2263010,1122.2,660.2,1113.8,558.0,1118.0,609.1,0
663,22086,2263011,1122.4,660.6,1113.8,558.3,1118.1,609.45,0
663,22087,2263012,1122.6,661.0,1113.9,558.6,1118.25,609.8,0
663,22088,2263013,1122.9,661.3,1113.9,558.7,1118.4,610.0,0
663,22089,2263014,1123.0,661.1,1114.0,558.7,1118.5,609.9,0
663,22090,2263015,1123.1,660.6,1114.1,558.9,1118.6,609.75,0
663,22091,2263016,1123.0,659.9,1114.1,558.9,1118.55,609.4,0
663,22092,2263017,1122.8,659.3,1114.2,559.0,1118.5,609.15,0
663,22093,2263018,1122.5,658.6,1114.2,559.0,1118.35,608.8,0
663,22094,2263019,1122.2,658.2,1114.3,559.0,1118.25,608.6,0
663,22095,2263020,1121.9,657.9,1114.4,559.1,1118.15,608.5,0
663,22096,2263021,1121.7,658.3,1114.5,559.1,1118.1,608.7,0
663,22097,2263022,1121.8,658.8,1114.7,559.0,1118.25,608.9,0
663,22098,2263023,1122.0,659.4,1114.9,558.9,1118.45,609.15,0
663,22099,2263024,1122.4,660.0,1115.0,558.7,1118.7,609.35,0
663,22100,2263025,1122.9,660.6,1115.3,558.6,1119.1,609.6,0
664,22101,2263026,1123.3,661.1,1115.6,558.4,1119.45,609.75,0
664,22102,2263027,1123.6,661.4,1115.9,558.3,1119.75,609.85,0
664,22103,2263028,1123.9,661.1,1116.1,558.2,1120.0,609.65,0
664,22104,2263029,1124.0,660.6,1116.4,558.1,1120.2,609.35,0
664,22105,2263030,1124.1,659.9,1116.7,558.1,1120.4,609.0,0
664,22106,2263031,1124.0,659.1,1116.9,558.1,1120.45,608.6,0
664,22107,2263032,1123.8,658.5,1117.0,558.0,1120.4,608.25,0
664,22108,2263033,1123.6,657.8,1117.1,557.8,1120.35,607.8,0
664,22109,2263034,1123.3,657.5,1117.2,557.5,1120.25,607.5,0
664,22110,2263035,1123.1,657.7,1117.3,557.1,1120.2,607.4,0
664,22111,2263036,1122.9,657.9,1117.3,556.6,1120.1,607.25,0
664,22112,2263037,1122.7,658.2,1117.3,556.1,1120.0,607.15,0
664,22113,2263038,1122.6,658.6,1117.3,555.6,1119.95,607.1,0
664,22114,2263039,1122.6,658.9,1117.3,555.2,1119.95,607.05,0
664,22115,2263040,1122.6,659.1,1117.5,554.9,1120.05,607.0,0
664,22116,2263041,1122.7,658.9,1117.8,554.8,1120.25,606.85,0
664,22117,2263042,1122.8,658.8,1118.1,554.7,1120.45,606.75,0
664,22118,2263043,1122.9,658.6,1118.4,554.8,1120.65,606.7,0
664,22119,2263044,1122.9,658.4,1118.8,554.9,1120.85,606.65,0
664,22120,2263045,1123.0,658.3,1119.1,554.9,1121.05,606.6,0
664,22121,2263046,1122.9,658.2,1119.3,554.9,1121.1,606.55,0
664,22122,2263047,1122.9,658.2,1119.0,554.9,1120.95,606.55,0
664,22123,2263048,1122.9,658.2,1118.6,554.9,1120.75,606.55,0
664,22124,2263049,1123.0,658.2,1118.2,555.0,1120.6,606.6,0
664,22125,2263050,1123.0,658.1,1117.8,555.0,1120.4,606.55,0
664,22126,2263051,1123.1,658.0,1117.4,555.0,1120.25,606.5,0
664,22127,2263052,1123.1,657.8,1117.0,555.0,1120.05,606.4,0
664,22128,2263053,1123.1,657.5,1116.7,555.0,1119.9,606.25,0
664,22129,2263054,1123.1,657.2,1116.7,555.0,1119.9,606.1,0
664,22130,2263055,1123.0,656.9,1116.7,554.9,1119.85,605.9,0
664,22131,2263056,1122.9,656.7,1116.7,554.9,1119.8,605.8,0
664,22132,2263057,1123.0,656.5,1116.7,554.9,1119.85,605.7,0
664,22133,2263058,1123.0,656.4,1116.6,554.9,1119.8,605.65,0
665,22134,2263059,1123.1,656.3,1116.4,555.0,1119.75,605.65,0
665,22135,2263060,1123.2,656.3,1116.2,555.0,1119.7,605.65,0
665,22136,2263061,1123.4,656.4,1116.0,555.1,1119.7,605.75,0
665,22137,2263062,1123.6,656.4,1115.6,555.1,1119.6,605.75,0
665,22138,2263063,1123.8,656.4,1115.2,555.1,1119.5,605.75,0
665,22139,2263064,1124.0,656.4,1114.9,555.0,1119.45,605.7,0
665,22140,2263065,1124.2,656.3,1114.8,554.9,1119.5,605.6,0
665,22141,2263066,1124.3,656.3,1114.8,554.8,1119.55,605.55,0
665,22142,2263067,1124.4,656.3,1114.9,554.8,1119.65,605.55,0
665,22143,2263068,1124.5,656.3,1114.9,554.8,1119.7,605.55,0
665,22144,2263069,1124.6,656.2,1115.3,554.8,1119.95,605.5,0
665,22145,2263070,1124.5,656.2,1115.7,555.1,1120.1,605.65,0
665,22146,2263071,1124.3,656.3,1116.0,555.3,1120.15,605.8,0
665,22147,2263072,1124.2,656.6,1116.2,555.6,1120.2,606.1,0
665,22148,2263073,1124.0,657.0,1116.3,555.7,1120.15,606.35,0
665,22149,2263074,1124.0,657.3,1116.3,555.9,1120.15,606.6,0
665,22150,2263075,1123.9,657.7,1116.2,556.1,1120.05,606.9,0
665,22151,2263076,1124.0,658.2,1116.0,556.2,1120.0,607.2,0
665,22152,2263077,1124.1,658.6,1115.8,556.3,1119.95,607.45,0
665,22153,2263078,1124.2,659.0,1115.3,556.3,1119.75,607.65,0
665,22154,2263079,1124.3,659.0,1114.9,556.6,1119.6,607.8,0
665,22155,2263080,1124.5,658.8,1114.4,556.9,1119.45,607.85,0
665,22156,2263081,1124.4,658.6,1114.1,557.1,1119.25,607.85,0
665,22157,2263082,1124.3,658.4,1113.8,557.4,1119.05,607.9,0
665,22158,2263083,1124.1,658.0,1113.6,557.6,1118.85,607.8,0
665,22159,2263084,1123.8,657.7,1113.3,557.8,1118.55,607.75,0
665,22160,2263085,1123.6,657.3,1113.3,557.9,1118.45,607.6,0
665,22161,2263086,1123.4,657.2,1113.3,557.9,1118.35,607.55,0
665,22162,2263087,1123.2,657.4,1113.4,557.9,1118.3,607.65,0
665,22163,2263088,1123.1,658.0,1113.4,558.0,1118.25,608.0,0
665,22164,2263089,1123.2,658.6,1113.5,558.1,1118.35,608.35,0
665,22165,2263090,1123.1,659.2,1113.6,558.3,1118.35,608.75,0
665,22166,2263091,1123.0,659.8,1113.7,558.7,1118.35,609.25,0
666,22167,2263092,1123.0,660.2,1113.8,559.2,1118.4,609.7,0
666,22168,2263093,1122.9,660.6,1113.9,559.7,1118.4,610.15,0
666,22169,2263094,1122.9,660.8,1113.9,560.2,1118.4,610.5,0
666,22170,2263095,1122.9,660.7,1113.9,560.7,1118.4,610.7,0
666,22171,2263096,1122.9,660.6,1113.8,561.0,1118.35,610.8,0
666,22172,2263097,1122.8,660.6,1113.5,561.2,1118.15,610.9,0
666,22173,2263098,1122.7,660.8,1113.2,561.1,1117.95,610.95,0
666,22174,2263099,1122.7,661.0,1112.9,561.0,1117.8,611.0,0
666,22175,2263100,1122.6,661.4,1112.6,560.9,1117.6,611.15,0
666,22176,2263101,1122.4,661.7,1112.3,560.7,1117.35,611.2,0
666,22177,2263102,1122.3,662.0,1112.0,560.6,1117.15,611.3,0
666,22178,2263103,1122.5,662.3,1111.8,560.5,1117.15,611.4,0
666,22179,2263104,1123.0,662.5,1111.7,560.4,1117.35,611.45,0
666,22180,2263105,1123.4,662.6,1111.6,560.3,1117.5,611.45,0
666,22181,2263106,1123.8,662.8,1111.4,560.2,1117.6,611.5,0
666,22182,2263107,1124.2,662.9,1111.2,560.1,1117.7,611.5,0
666,22183,2263108,1124.5,663.0,1111.0,560.0,1117.75,611.5,0
666,22184,2263109,1124.8,663.3,1110.9,560.0,1117.85,611.65,0
666,22185,2263110,1124.8,663.6,1110.8,560.0,1117.8,611.8,0
666,22186,2263111,1124.7,663.9,1110.7,559.9,1117.7,611.9,0
666,22187,2263112,1124.6,664.2,1110.7,560.0,1117.65,612.1,0
666,22188,2263113,1124.6,664.6,1110.6,560.0,1117.6,612.3,0
666,22189,2263114,1124.7,665.0,1110.7,560.0,1117.7,612.5,0
666,22190,2263115,1124.7,665.3,1110.7,560.0,1117.7,612.65,0
666,22191,2263116,1124.7,665.5,1110.8,560.0,1117.75,612.75,0
666,22192,2263117,1124.8,665.7,1110.9,560.2,1117.85,612.95,0
666,22193,2263118,1124.8,666.0,1111.0,560.4,1117.9,613.2,0
666,22194,2263119,1124.9,666.1,1111.1,560.6,1118.0,613.35,0
666,22195,2263120,1124.8,666.2,1111.2,560.8,1118.0,613.5,0
666,22196,2263121,1124.8,666.3,1111.3,561.0,1118.05,613.65,0
666,22197,2263122,1124.7,666.4,1111.3,561.1,1118.0,613.75,0
666,22198,2263123,1124.5,666.4,1111.3,560.9,1117.9,613.65,0
666,22199,2263124,1124.4,666.5,1111.2,560.6,1117.8,613.55,0
666,22200,2263125,1124.3,666.6,1111.2,560.2,1117.75,613.4,0
667,22201,2263126,1124.1,666.8,1111.2,559.8,1117.65,613.3,0
667,22202,2263127,1124.0,667.0,1111.2,559.4,1117.6,613.2,0
667,22203,2263128,1124.0,667.4,1111.1,558.9,1117.55,613.15,0
667,22204,2263129,1124.0,667.9,1111.0,558.5,1117.5,613.2,0
667,22205,2263130,1124.0,668.5,1111.0,558.4,1117.5,613.45,0
667,22206,2263131,1124.1,668.9,1110.9,558.2,1117.5,613.55,0
667,22207,2263132,1124.1,669.3,1110.8,558.0,1117.45,613.65,0
667,22208,2263133,1124.2,669.6,1110.6,557.7,1117.4,613.65,0
667,22209,2263134,1124.3,669.9,1110.5,557.6,1117.4,613.75,0
667,22210,2263135,1124.3,669.9,1110.4,557.5,1117.35,613.7,0
667,22211,2263136,1124.4,669.8,1110.2,557.6,1117.3,613.7,0
667,22212,2263137,1124.5,669.8,1110.1,557.6,1117.3,613.7,0
667,22213,2263138,1124.6,669.7,1110.0,557.8,1117.3,613.75,0
667,22214,2263139,1124.6,669.7,1110.0,558.0,1117.3,613.85,0
667,22215,2263140,1124.6,669.6,1109.9,558.2,1117.25,613.9,0
667,22216,2263141,1124.6,669.6,1110.0,558.4,1117.3,614.0,0
667,22217,2263142,1124.6,669.6,1110.0,558.6,1117.3,614.1,0
667,22218,2263143,1124.5,669.8,1110.0,558.7,1117.25,614.25,0
667,22219,2263144,1124.3,670.1,1110.1,558.6,1117.2,614.35,0
667,22220,2263145,1124.1,670.3,1110.1,558.5,1117.1,614.4,0
667,22221,2263146,1123.9,670.5,1110.2,558.4,1117.05,614.45,0
667,22222,2263147,1123.8,670.7,1110.2,558.2,1117.0,614.45,0
667,22223,2263148,1123.6,671.0,1110.3,558.0,1116.95,614.5,0
667,22224,2263149,1123.4,671.3,1110.3,557.8,1116.85,614.55,0
667,22225,2263150,1123.3,671.3,1110.3,557.5,1116.8,614.4,0
667,22226,2263151,1123.2,671.4,1110.2,557.2,1116.7,614.3,0
667,22227,2263152,1123.1,671.5,1110.2,556.9,1116.65,614.2,0
667,22228,2263153,1123.0,671.6,1110.2,556.6,1116.6,614.1,0
667,22229,2263154,1123.0,671.7,1110.3,556.3,1116.65,614.0,0
667,22230,2263155,1122.9,671.5,1110.3,556.2,1116.6,613.85,0
667,22231,2263156,1122.9,671.4,1110.3,556.0,1116.6,613.7,0
667,22232,2263157,1122.8,671.1,1110.2,556.0,1116.5,613.55,0
667,22233,2263158,1122.8,670.9,1110.0,556.1,1116.4,613.5,0
668,22234,2263159,1122.8,670.6,1109.9,556.1,1116.35,613.35,0
668,22235,2263160,1122.8,670.4,1109.8,556.3,1116.3,613.35,0
668,22236,2263161,1122.7,670.2,1109.6,556.3,1116.15,613.25,0
668,22237,2263162,1122.7,670.1,1109.6,556.2,1116.15,613.15,0
668,22238,2263163,1122.7,670.1,1109.5,555.9,1116.1,613.0,0
668,22239,2263164,1122.7,670.2,1109.7,555.6,1116.2,612.9,0
668,22240,2263165,1122.7,670.2,1109.9,555.3,1116.3,612.75,0
668,22241,2263166,1122.7,670.3,1110.1,555.1,1116.4,612.7,0
668,22242,2263167,1122.7,670.4,1110.2,554.8,1116.45,612.6,0
668,22243,2263168,1122.8,670.4,1110.2,554.5,1116.5,612.45,0
668,22244,2263169,1123.0,670.4,1110.1,554.1,1116.55,612.25,0
668,22245,2263170,1123.1,670.4,1110.2,553.6,1116.65,612.0,0
668,22246,2263171,1123.3,670.4,1110.1,553.1,1116.7,611.75,0
668,22247,2263172,1123.4,670.4,1110.1,552.6,1116.75,611.5,0
668,22248,2263173,1123.6,670.3,1110.1,552.1,1116.85,611.2,0
668,22249,2263174,1123.6,670.5,1110.1,551.6,1116.85,611.05,0
668,22250,2263175,1123.6,670.7,1110.3,551.0,1116.95,610.85,0
668,22251,2263176,1123.5,671.0,1110.4,550.6,1116.95,610.8,0
668,22252,2263177,1123.3,671.4,1110.4,550.6,1116.85,611.0,0
668,22253,2263178,1123.1,671.8,1110.5,550.5,1116.8,611.15,0
668,22254,2263179,1122.9,672.2,1110.5,550.5,1116.7,611.35,0
668,22255,2263180,1122.8,672.6,1110.4,550.4,1116.6,611.5,0
668,22256,2263181,1122.7,672.8,1110.4,550.5,1116.55,611.65,0
668,22257,2263182,1122.7,673.0,1110.3,550.6,1116.5,611.8,0
668,22258,2263183,1122.7,673.1,1110.3,550.7,1116.5,611.9,0
668,22259,2263184,1122.7,673.0,1110.3,550.8,1116.5,611.9,0
668,22260,2263185,1122.7,672.8,1110.3,550.9,1116.5,611.85,0
668,22261,2263186,1122.7,672.6,1110.4,551.0,1116.55,611.8,0
668,22262,2263187,1122.6,672.3,1110.5,551.0,1116.55,611.65,0
668,22263,2263188,1122.5,672.0,1110.6,551.0,1116.55,611.5,0
668,22264,2263189,1122.4,671.8,1110.7,550.9,1116.55,611.35,0
668,22265,2263190,1122.3,671.6,1110.8,551.1,1116.55,611.35,0
668,22266,2263191,1122.2,671.6,1110.9,551.2,1116.55,611.4,0
669,22267,2263192,1122.2,671.6,1110.8,551.3,1116.5,611.45,0
669,22268,2263193,1122.3,671.7,1110.7,551.4,1116.5,611.55,0
669,22269,2263194,1122.4,671.8,1110.6,551.7,1116.5,611.75,0
669,22270,2263195,1122.5,671.8,1110.5,552.0,1116.5,611.9,0
669,22271,2263196,1122.6,671.9,1110.4,552.4,1116.5,612.15,0
669,22272,2263197,1122.8,671.9,1110.3,552.7,1116.55,612.3,0
669,22273,2263198,1122.9,671.9,1110.4,552.9,1116.65,612.4,0
669,22274,2263199,1123.0,671.9,1110.4,553.1,1116.7,612.5,0
669,22275,2263200,1123.0,671.8,1110.6,553.3,1116.8,612.55,0
669,22276,2263201,1123.0,671.7,1110.7,553.5,1116.85,612.6,0
669,22277,2263202,1122.9,671.3,1110.8,553.6,1116.85,612.45,0
669,22278,2263203,1122.8,670.8,1110.9,553.6,1116.85,612.2,0
669,22279,2263204,1122.8,670.5,1110.6,553.4,1116.7,611.95,0
669,22280,2263205,1122.7,670.2,1110.2,553.2,1116.45,611.7,0
669,22281,2263206,1122.7,670.2,1109.9,552.6,1116.3,611.4,0
669,22282,2263207,1122.7,670.2,1109.6,552.0,1116.15,611.1,0
669,22283,2263208,1122.8,670.3,1109.3,551.5,1116.05,610.9,0
669,22284,2263209,1122.7,670.9,1109.0,551.0,1115.85,610.95,0
669,22285,2263210,1122.7,671.4,1108.7,550.8,1115.7,611.1,0
669,22286,2263211,1122.6,671.8,1108.8,550.8,1115.7,611.3,0
669,22287,2263212,1122.7,672.2,1108.9,550.8,1115.8,611.5,0
669,22288,2263213,1122.9,672.2,1109.0,551.2,1115.95,611.7,0
669,22289,2263214,1123.2,672.1,1109.1,551.6,1116.15,611.85,0
669,22290,2263215,1123.4,672.1,1109.2,551.9,1116.3,612.0,0
669,22291,2263216,1123.7,672.0,1109.3,552.1,1116.5,612.05,0
669,22292,2263217,1123.9,671.9,1109.3,552.1,1116.6,612.0,0
669,22293,2263218,1124.2,671.6,1109.3,552.1,1116.75,611.85,0
669,22294,2263219,1124.3,671.3,1109.3,552.0,1116.8,611.65,0
669,22295,2263220,1124.2,671.1,1109.3,551.9,1116.75,611.5,0
669,22296,2263221,1124.1,670.9,1109.3,551.8,1116.7,611.35,0
669,22297,2263222,1123.9,670.6,1109.3,551.4,1116.6,611.0,0
669,22298,2263223,1123.7,670.4,1109.1,551.1,1116.4,610.75,0
669,22299,2263224,1123.5,670.0,1109.0,550.8,1116.25,610.4,0
669,22300,2263225,1123.3,669.8,1109.0,550.5,1116.15,610.15,0
670,22301,2263226,1123.2,669.7,1109.2,550.3,1116.2,610.0,0
670,22302,2263227,1123.1,669.6,1109.3,550.1,1116.2,609.85,0
670,22303,2263228,1123.1,669.4,1109.4,549.9,1116.25,609.65,0
670,22304,2263229,1123.2,669.2,1109.4,549.9,1116.3,609.55,0
670,22305,2263230,1123.4,669.1,1109.5,550.0,1116.45,609.55,0
670,22306,2263231,1123.7,669.0,1109.6,550.1,1116.65,609.55,0
670,22307,2263232,1123.9,668.9,1109.7,550.2,1116.8,609.55,0
670,22308,2263233,1124.1,668.8,1109.5,550.2,1116.8,609.5,0
670,22309,2263234,1124.2,668.7,1109.4,550.2,1116.8,609.45,0
670,22310,2263235,1124.4,668.6,1109.3,549.8,1116.85,609.2,0
670,22311,2263236,1124.4,668.6,1109.3,549.3,1116.85,608.95,0
670,22312,2263237,1124.4,668.4,1109.3,548.9,1116.85,608.65,0
670,22313,2263238,1124.4,668.3,1109.2,548.6,1116.8,608.45,0
670,22314,2263239,1124.4,668.0,1109.2,548.2,1116.8,608.1,0
670,22315,2263240,1124.3,667.7,1109.1,548.0,1116.7,607.85,0
670,22316,2263241,1124.2,667.3,1109.0,547.8,1116.6,607.55,0
670,22317,2263242,1124.0,667.0,1108.9,547.9,1116.45,607.45,0
670,22318,2263243,1123.9,666.7,1108.8,548.1,1116.35,607.4,0
670,22319,2263244,1123.6,666.5,1108.7,548.1,1116.15,607.3,0
670,22320,2263245,1123.3,666.2,1108.6,548.3,1115.95,607.25,0
670,22321,2263246,1123.1,666.2,1108.6,548.5,1115.85,607.35,0
670,22322,2263247,1122.8,666.2,1108.5,548.6,1115.65,607.4,0
670,22323,2263248,1122.6,666.2,1108.5,548.5,1115.55,607.35,0
670,22324,2263249,1122.5,666.2,1108.4,548.3,1115.45,607.25,0
670,22325,2263250,1122.4,666.2,1108.3,548.2,1115.35,607.2,0
670,22326,2263251,1122.4,666.2,1108.3,548.0,1115.35,607.1,0
670,22327,2263252,1122.4,666.1,1108.3,547.6,1115.35,606.85,0
670,22328,2263253,1122.4,666.1,1108.2,547.3,1115.3,606.7,0
670,22329,2263254,1122.4,666.0,1108.2,547.0,1115.3,606.5,0
670,22330,2263255,1122.3,665.9,1108.1,547.0,1115.2,606.45,0
670,22331,2263256,1122.2,665.8,1108.1,547.0,1115.15,606.4,0
670,22332,2263257,1122.0,665.5,1108.1,546.9,1115.05,606.2,0
670,22333,2263258,1121.9,665.2,1108.0,546.8,1114.95,606.0,0
671,22334,2263259,1121.7,665.0,1108.0,546.7,1114.85,605.85,0
671,22335,2263260,1121.6,664.8,1108.0,546.5,1114.8,605.65,0
671,22336,2263261,1121.5,664.8,1107.8,546.2,1114.65,605.5,0
671,22337,2263262,1121.5,664.9,1107.7,545.9,1114.6,605.4,0
671,22338,2263263,1121.4,665.0,1107.5,545.6,1114.45,605.3,0
671,22339,2263264,1121.4,665.3,1107.4,545.3,1114.4,605.3,0
671,22340,2263265,1121.4,665.6,1107.2,545.2,1114.3,605.4,0
671,22341,2263266,1121.4,666.0,1107.0,545.0,1114.2,605.5,0
671,22342,2263267,1121.5,666.4,1106.9,544.9,1114.2,605.65,0
671,22343,2263268,1121.5,666.7,1106.9,544.9,1114.2,605.8,0
671,22344,2263269,1121.5,666.9,1106.9,544.8,1114.2,605.85,0
671,22345,2263270,1121.6,667.3,1106.8,544.7,1114.2,606.0,0
671,22346,2263271,1121.5,667.7,1106.7,544.4,1114.1,606.05,0
671,22347,2263272,1121.5,668.1,1106.7,543.7,1114.1,605.9,0
671,22348,2263273,1121.5,668.4,1106.6,543.0,1114.05,605.7,0
671,22349,2263274,1121.5,668.6,1106.5,542.3,1114.0,605.45,0
671,22350,2263275,1121.5,668.7,1106.4,541.6,1113.95,605.15,0
671,22351,2263276,1121.5,668.8,1106.3,540.9,1113.9,604.85,0
671,22352,2263277,1121.6,668.9,1106.3,540.3,1113.95,604.6,0
671,22353,2263278,1121.7,668.9,1106.3,539.7,1114.0,604.3,0
671,22354,2263279,1121.7,669.0,1106.4,539.7,1114.05,604.35,0
671,22355,2263280,1121.8,669.0,1106.6,539.7,1114.2,604.35,0
671,22356,2263281,1121.8,669.1,1106.8,539.6,1114.3,604.35,0
671,22357,2263282,1121.8,669.1,1107.0,539.5,1114.4,604.3,0
671,22358,2263283,1121.7,669.2,1107.2,539.4,1114.45,604.3,0
671,22359,2263284,1121.7,669.2,1107.3,539.2,1114.5,604.2,0
671,22360,2263285,1121.6,669.2,1107.5,538.9,1114.55,604.05,0
671,22361,2263286,1121.6,669.2,1107.6,538.3,1114.6,603.75,0
671,22362,2263287,1121.5,668.9,1107.8,537.6,1114.65,603.25,0
671,22363,2263288,1121.5,668.7,1108.1,536.6,1114.8,602.65,0
671,22364,2263289,1121.6,668.4,1108.4,535.4,1115.0,601.9,0
671,22365,2263290,1121.8,668.1,1108.6,534.3,1115.2,601.2,0
671,22366,2263291,1122.1,667.9,1108.9,532.9,1115.5,600.4,0
672,22367,2263292,1122.3,667.7,1109.1,531.6,1115.7,599.65,0
672,22368,2263293,1122.6,667.6,1109.2,530.4,1115.9,599.0,0
672,22369,2263294,1122.9,667.6,1109.3,529.1,1116.1,598.35,0
672,22370,2263295,1123.1,667.7,1109.4,528.0,1116.25,597.85,0
672,22371,2263296,1123.3,667.7,1109.5,527.0,1116.4,597.35,0
672,22372,2263297,1123.3,667.6,1109.5,526.1,1116.4,596.85,0
672,22373,2263298,1123.3,667.6,1109.5,525.5,1116.4,596.55,0
672,22374,2263299,1123.0,667.5,1109.4,525.0,1116.2,596.25,0
672,22375,2263300,1122.7,667.0,1109.3,524.1,1116.0,595.55,0
672,22376,2263301,1122.4,666.5,1109.1,523.0,1115.75,594.75,0
672,22377,2263302,1122.0,665.7,1108.8,522.0,1115.4,593.85,0
672,22378,2263303,1121.7,664.9,1108.5,521.1,1115.1,593.0,0
672,22379,2263304,1121.4,664.1,1108.2,520.2,1114.8,592.15,0
672,22380,2263305,1121.1,662.8,1108.1,519.3,1114.6,591.05,0
672,22381,2263306,1121.1,661.6,1108.1,518.4,1114.6,590.0,0
672,22382,2263307,1121.1,660.6,1108.1,518.2,1114.6,589.4,0
672,22383,2263308,1121.1,659.6,1108.1,518.2,1114.6,588.9,0
672,22384,2263309,1121.2,658.9,1108.2,518.3,1114.7,588.6,0
672,22385,2263310,1121.3,658.1,1108.2,518.5,1114.75,588.3,0
672,22386,2263311,1121.4,657.4,1108.2,518.7,1114.8,588.05,0
672,22387,2263312,1121.5,657.1,1108.1,518.9,1114.8,588.0,0
672,22388,2263313,1121.6,656.8,1108.0,519.1,1114.8,587.95,0
672,22389,2263314,1121.6,656.6,1107.9,519.3,1114.75,587.95,0
672,22390,2263315,1121.6,656.4,1107.8,519.6,1114.7,588.0,0
672,22391,2263316,1121.6,656.3,1107.7,519.8,1114.65,588.05,0
672,22392,2263317,1121.5,656.3,1107.6,520.1,1114.55,588.2,0
672,22393,2263318,1121.4,656.2,1107.5,520.4,1114.45,588.3,0
672,22394,2263319,1121.4,656.2,1107.5,521.0,1114.45,588.6,0
672,22395,2263320,1121.3,656.2,1107.5,521.6,1114.4,588.9,0
672,22396,2263321,1121.1,656.2,1107.4,522.3,1114.25,589.25,0
672,22397,2263322,1120.9,656.1,1107.4,523.2,1114.15,589.65,0
672,22398,2263323,1120.7,656.0,1107.3,524.0,1114.0,590.0,0
672,22399,2263324,1120.6,655.8,1107.2,524.8,1113.9,590.3,0
672,22400,2263325,1120.4,655.6,1107.1,525.4,1113.75,590.5,0
673,22401,2263326,1120.2,655.5,1107.0,525.8,1113.6,590.65,0
673,22402,2263327,1120.1,655.3,1106.9,526.1,1113.5,590.7,0
673,22403,2263328,1120.0,655.2,1106.8,526.4,1113.4,590.8,0
673,22404,2263329,1120.0,655.2,1106.8,526.9,1113.4,591.05,0
673,22405,2263330,1120.0,655.2,1106.7,527.3,1113.35,591.25,0
673,22406,2263331,1120.0,655.3,1106.8,527.7,1113.4,591.5,0
673,22407,2263332,1120.0,655.4,1106.9,528.2,1113.45,591.8,0
673,22408,2263333,1120.0,655.5,1107.0,528.6,1113.5,592.05,0
673,22409,2263334,1120.1,655.5,1107.0,529.0,1113.55,592.25,0
673,22410,2263335,1120.1,655.5,1107.1,529.3,1113.6,592.4,0
673,22411,2263336,1120.2,655.5,1107.2,529.5,1113.7,592.5,0
673,22412,2263337,1120.2,655.5,1107.3,529.7,1113.75,592.6,0
673,22413,2263338,1120.1,655.5,1107.4,530.6,1113.75,593.05,0
673,22414,2263339,1120.0,655.4,1107.4,531.5,1113.7,593.45,0
673,22415,2263340,1119.7,655.4,1107.4,532.5,1113.55,593.95,0
673,22416,2263341,1119.4,655.4,1107.4,533.4,1113.4,594.4,0
673,22417,2263342,1119.1,655.5,1107.5,534.4,1113.3,594.95,0
673,22418,2263343,1118.9,655.5,1107.5,535.3,1113.2,595.4,0
673,22419,2263344,1118.7,655.5,1107.5,535.9,1113.1,595.7,0
673,22420,2263345,1118.4,655.5,1107.5,535.8,1112.95,595.65,0
673,22421,2263346,1118.3,655.5,1107.5,535.7,1112.9,595.6,0
673,22422,2263347,1118.4,655.5,1107.5,535.5,1112.95,595.5,0
673,22423,2263348,1118.4,655.5,1107.5,535.3,1112.95,595.4,0
673,22424,2263349,1118.5,655.5,1107.4,535.3,1112.95,595.4,0
673,22425,2263350,1118.5,655.6,1107.3,535.3,1112.9,595.45,0
673,22426,2263351,1118.6,655.7,1107.0,535.5,1112.8,595.6,0
673,22427,2263352,1118.6,655.8,1106.7,535.8,1112.65,595.8,0
673,22428,2263353,1118.7,655.9,1106.4,536.2,1112.55,596.05,0
673,22429,2263354,1118.7,656.1,1106.2,536.5,1112.45,596.3,0
673,22430,2263355,1118.6,656.1,1105.9,536.9,1112.25,596.5,0
673,22431,2263356,1118.6,656.2,1105.7,536.9,1112.15,596.55,0
673,22432,2263357,1118.5,656.2,1105.4,536.8,1111.95,596.5,0
673,22433,2263358,1118.5,656.2,1105.4,536.8,1111.95,596.5,0
674,22434,2263359,1118.4,656.4,1105.4,536.7,1111.9,596.55,0
674,22435,2263360,1118.4,656.5,1105.4,536.6,1111.9,596.55,0
674,22436,2263361,1118.4,656.6,1105.3,536.5,1111.85,596.55,0
674,22437,2263362,1118.4,656.8,1105.2,536.6,1111.8,596.7,0
674,22438,2263363,1118.3,657.0,1105.2,536.8,1111.75,596.9,0
674,22439,2263364,1118.3,657.3,1105.1,537.1,1111.7,597.2,0
674,22440,2263365,1118.2,657.7,1105.1,537.3,1111.65,597.5,0
674,22441,2263366,1118.1,658.1,1105.1,537.5,1111.6,597.8,0
674,22442,2263367,1117.9,658.6,1105.0,537.7,1111.45,598.15,0
674,22443,2263368,1117.7,658.9,1104.9,537.9,1111.3,598.4,0
674,22444,2263369,1117.6,659.1,1104.7,538.1,1111.15,598.6,0
674,22445,2263370,1117.4,659.2,1104.5,538.2,1110.95,598.7,0
674,22446,2263371,1117.2,659.3,1104.3,538.4,1110.75,598.85,0
674,22447,2263372,1117.1,659.2,1104.0,538.5,1110.55,598.85,0
674,22448,2263373,1117.0,658.9,1103.8,538.5,1110.4,598.7,0
674,22449,2263374,1116.9,658.5,1103.5,538.5,1110.2,598.5,0
674,22450,2263375,1116.8,658.4,1103.3,538.4,1110.05,598.4,0
674,22451,2263376,1116.6,658.3,1103.1,538.2,1109.85,598.25,0
674,22452,2263377,1116.3,658.5,1102.9,538.0,1109.6,598.25,0
674,22453,2263378,1116.1,658.7,1102.8,537.9,1109.45,598.3,0
674,22454,2263379,1115.9,658.9,1102.8,537.8,1109.35,598.35,0
674,22455,2263380,1115.7,659.1,1102.8,537.8,1109.25,598.45,0
674,22456,2263381,1115.5,659.4,1102.9,537.8,1109.2,598.6,0
674,22457,2263382,1115.3,659.5,1103.0,537.8,1109.15,598.65,0
674,22458,2263383,1115.4,659.5,1103.1,537.7,1109.25,598.6,0
674,22459,2263384,1115.4,659.3,1103.1,537.8,1109.25,598.55,0
674,22460,2263385,1115.5,659.2,1103.1,537.9,1109.3,598.55,0
674,22461,2263386,1115.5,659.0,1102.9,538.1,1109.2,598.55,0
674,22462,2263387,1115.6,658.8,1102.7,538.3,1109.15,598.55,0
674,22463,2263388,1115.7,658.7,1102.6,538.6,1109.15,598.65,0
674,22464,2263389,1115.8,658.7,1102.4,538.7,1109.1,598.7,0
674,22465,2263390,1115.8,658.8,1102.2,538.7,1109.0,598.75,0
674,22466,2263391,1115.7,658.9,1102.2,538.3,1108.95,598.6,0
675,22467,2263392,1115.6,658.9,1101.8,537.8,1108.7,598.35,0
675,22468,2263393,1115.2,659.0,1101.2,537.1,1108.2,598.05,0
675,22469,2263394,1113.8,659.1,1100.1,536.0,1106.95,597.55,0
675,22470,2263395,1111.5,659.2,1098.6,534.3,1105.05,596.75,0
675,22471,2263396,1108.6,659.3,1096.4,532.7,1102.5,596.0,0
675,22472,2263397,1104.1,659.5,1092.8,531.2,1098.45,595.35,0
675,22473,2263398,1098.0,658.7,1088.1,529.6,1093.05,594.15,0
675,22474,2263399,1090.2,658.1,1081.4,527.5,1085.8,592.8,0
675,22475,2263400,1080.9,656.8,1072.6,525.1,1076.75,590.95,0
675,22476,2263401,1071.0,655.5,1062.3,522.2,1066.65,588.85,0
675,22477,2263402,1060.4,653.5,1049.8,519.1,1055.1,586.3,0
675,22478,2263403,1049.0,650.4,1036.2,515.2,1042.6,582.8,0
675,22479,2263404,1037.7,646.8,1022.0,510.7,1029.85,578.75,0
675,22480,2263405,1027.3,643.6,1008.6,505.7,1017.95,574.65,0
675,22481,2263406,1017.8,639.9,997.7,499.7,1007.75,569.8,0
675,22482,2263407,1009.3,635.3,989.0,493.8,999.15,564.55,0
675,22483,2263408,1002.5,629.7,982.4,487.6,992.45,558.65,0
675,22484,2263409,997.0,624.4,978.7,481.7,987.85,553.05,0
675,22485,2263410,993.0,619.9,976.8,476.7,984.9,548.3,0
675,22486,2263411,990.5,615.5,977.1,472.3,983.8,543.9,0
675,22487,2263412,989.1,611.3,978.2,468.8,983.65,540.05,0
675,22488,2263413,989.3,607.3,979.2,466.6,984.25,536.95,0
675,22489,2263414,990.4,604.8,980.3,464.5,985.35,534.65,0
675,22490,2263415,991.9,602.9,981.3,463.3,986.6,533.1,0
675,22491,2263416,993.7,601.3,982.1,462.6,987.9,531.95,0
675,22492,2263417,995.4,600.0,982.9,461.7,989.15,530.85,0
675,22493,2263418,997.2,599.1,983.4,460.5,990.3,529.8,0
675,22494,2263419,998.7,598.4,983.4,459.3,991.05,528.85,0
675,22495,2263420,999.0,598.1,983.5,458.2,991.25,528.15,0
675,22496,2263421,999.3,597.7,983.5,457.3,991.4,527.5,0
675,22497,2263422,999.2,597.7,983.6,456.6,991.4,527.15,0
675,22498,2263423,998.9,597.7,983.6,456.0,991.25,526.85,0
675,22499,2263424,998.8,597.7,983.7,455.7,991.25,526.7,0
675,22500,2263425,998.7,597.5,984.1,456.1,991.4,526.8,0
676,22501,2263426,999.0,597.3,984.6,456.5,991.8,526.9,0
676,22502,2263427,999.8,597.1,985.1,456.9,992.45,527.0,0
676,22503,2263428,1000.6,596.9,985.6,457.4,993.1,527.15,0
676,22504,2263429,1001.7,596.7,986.7,458.0,994.2,527.35,0
676,22505,2263430,1002.6,596.5,987.9,458.6,995.25,527.55,0
676,22506,2263431,1003.5,596.3,989.1,459.1,996.3,527.7,0
676,22507,2263432,1004.3,596.3,990.0,459.4,997.15,527.85,0
676,22508,2263433,1004.8,596.3,990.9,459.7,997.85,528.0,0
676,22509,2263434,1005.1,596.3,991.7,460.0,998.4,528.15,0
676,22510,2263435,1005.4,596.3,992.5,460.4,998.95,528.35,0
676,22511,2263436,1005.4,596.6,992.7,460.5,999.05,528.55,0
676,22512,2263437,1005.5,597.0,992.8,460.7,999.15,528.85,0
676,22513,2263438,1005.6,597.3,992.9,460.8,999.25,529.05,0
676,22514,2263439,1005.5,597.7,992.9,460.8,999.2,529.25,0
676,22515,2263440,1005.4,598.1,993.1,460.8,999.25,529.45,0
676,22516,2263441,1005.2,598.4,993.3,460.7,999.25,529.55,0
676,22517,2263442,1005.0,599.0,993.6,460.6,999.3,529.8,0
676,22518,2263443,1004.7,599.2,993.9,460.6,999.3,529.9,0
676,22519,2263444,1004.3,599.5,994.2,460.6,999.25,530.05,0
676,22520,2263445,1004.0,599.9,994.7,460.7,999.35,530.3,0
676,22521,2263446,1003.7,600.3,995.1,460.9,999.4,530.6,0
676,22522,2263447,1003.5,600.6,995.4,461.0,999.45,530.8,0
676,22523,2263448,1003.8,600.9,995.5,461.1,999.65,531.0,0
676,22524,2263449,1004.2,601.1,995.2,461.2,999.7,531.15,0
676,22525,2263450,1004.6,601.3,994.8,461.2,999.7,531.25,0
676,22526,2263451,1005.1,601.3,994.3,460.9,999.7,531.1,0
676,22527,2263452,1005.6,601.2,993.7,460.6,999.65,530.9,0
676,22528,2263453,1006.1,601.1,993.2,460.3,999.65,530.7,0
676,22529,2263454,1006.5,601.0,992.7,460.0,999.6,530.5,0
676,22530,2263455,1006.6,600.9,992.5,459.7,999.55,530.3,0
676,22531,2263456,1006.6,600.8,992.5,459.5,999.55,530.15,0
676,22532,2263457,1006.5,600.9,992.6,459.5,999.55,530.2,0
676,22533,2263458,1006.5,600.9,992.7,459.6,999.6,530.25,0
677,22534,2263459,1006.5,601.0,992.8,459.7,999.65,530.35,0
677,22535,2263460,1006.6,601.1,992.7,459.8,999.65,530.45,0
677,22536,2263461,1006.6,601.2,992.6,459.7,999.6,530.45,0
677,22537,2263462,1006.7,601.2,992.1,459.1,999.4,530.15,0
677,22538,2263463,1006.8,601.3,991.5,458.6,999.15,529.95,0
677,22539,2263464,1006.9,601.3,990.9,458.0,998.9,529.65,0
677,22540,2263465,1007.0,601.3,990.3,457.7,998.65,529.5,0
677,22541,2263466,1007.1,601.3,989.8,457.4,998.45,529.35,0
677,22542,2263467,1007.1,601.3,989.3,457.1,998.2,529.2,0
677,22543,2263468,1007.2,601.4,988.7,457.0,997.95,529.2,0
677,22544,2263469,1007.2,601.4,988.6,457.3,997.9,529.35,0
677,22545,2263470,1007.1,601.5,988.3,457.6,997.7,529.55,0
677,22546,2263471,1007.1,601.4,988.1,457.8,997.6,529.6,0
677,22547,2263472,1007.1,601.4,987.9,457.7,997.5,529.55,0
677,22548,2263473,1007.1,601.4,987.8,457.7,997.45,529.55,0
677,22549,2263474,1007.2,601.4,987.7,457.9,997.45,529.65,0
677,22550,2263475,1007.3,601.5,987.6,458.1,997.45,529.8,0
677,22551,2263476,1007.4,601.6,987.6,458.4,997.5,530.0,0
677,22552,2263477,1007.5,601.8,987.7,458.7,997.6,530.25,0
677,22553,2263478,1007.6,602.0,987.8,459.3,997.7,530.65,0
677,22554,2263479,1007.7,602.4,987.8,459.9,997.75,531.15,0
677,22555,2263480,1007.8,602.7,987.8,460.6,997.8,531.65,0
677,22556,2263481,1007.8,603.0,987.7,461.0,997.75,532.0,0
677,22557,2263482,1007.8,603.2,987.6,461.4,997.7,532.3,0
677,22558,2263483,1007.9,603.3,987.4,461.8,997.65,532.55,0
677,22559,2263484,1007.9,603.5,987.3,462.3,997.6,532.9,0
677,22560,2263485,1007.9,603.7,987.1,462.6,997.5,533.15,0
677,22561,2263486,1007.8,603.7,987.0,463.0,997.4,533.35,0
677,22562,2263487,1007.8,603.8,986.8,463.4,997.3,533.6,0
677,22563,2263488,1007.8,603.8,986.6,463.8,997.2,533.8,0
677,22564,2263489,1007.8,603.7,986.4,464.2,997.1,533.95,0
677,22565,2263490,1007.7,603.7,986.3,464.5,997.0,534.1,0
677,22566,2263491,1007.5,603.5,986.2,464.7,996.85,534.1,0
678,22567,2263492,1007.5,603.4,986.2,464.9,996.85,534.15,0
678,22568,2263493,1007.4,603.2,986.1,465.2,996.75,534.2,0
678,22569,2263494,1007.3,603.1,986.2,465.8,996.75,534.45,0
678,22570,2263495,1007.2,603.1,986.3,466.3,996.75,534.7,0
678,22571,2263496,1007.0,603.2,986.4,466.9,996.7,535.05,0
678,22572,2263497,1006.8,603.2,986.4,467.6,996.6,535.4,0
678,22573,2263498,1006.6,603.2,986.4,468.3,996.5,535.75,0
678,22574,2263499,1006.3,603.1,986.5,468.9,996.4,536.0,0
678,22575,2263500,1005.9,602.9,986.8,469.4,996.35,536.15,0
678,22576,2263501,1005.5,602.6,987.0,469.5,996.25,536.05,0
678,22577,2263502,1005.1,602.3,987.2,469.6,996.15,535.95,0
678,22578,2263503,1004.9,601.9,987.4,469.8,996.15,535.85,0
678,22579,2263504,1004.7,601.6,987.5,469.7,996.1,535.65,0
678,22580,2263505,1004.5,601.5,987.5,469.5,996.0,535.5,0
678,22581,2263506,1004.3,601.4,987.5,469.4,995.9,535.4,0
678,22582,2263507,1004.2,601.4,987.2,469.3,995.7,535.35,0
678,22583,2263508,1004.0,601.5,986.9,469.1,995.45,535.3,0
678,22584,2263509,1003.8,601.6,986.7,469.0,995.25,535.3,0
678,22585,2263510,1003.6,601.7,986.5,468.9,995.05,535.3,0
678,22586,2263511,1003.4,601.8,986.3,468.8,994.85,535.3,0
678,22587,2263512,1003.3,601.9,986.3,468.8,994.8,535.35,0
678,22588,2263513,1003.1,602.0,986.2,468.9,994.65,535.45,0
678,22589,2263514,1003.0,602.2,986.1,468.9,994.55,535.55,0
678,22590,2263515,1003.0,602.4,986.0,469.0,994.5,535.7,0
678,22591,2263516,1003.0,602.7,986.0,469.0,994.5,535.85,0
678,22592,2263517,1003.1,603.1,985.9,468.9,994.5,536.0,0
678,22593,2263518,1003.1,603.3,985.8,468.9,994.45,536.1,0
678,22594,2263519,1003.2,603.5,985.8,468.9,994.5,536.2,0
678,22595,2263520,1003.3,603.7,985.7,468.9,994.5,536.3,0
678,22596,2263521,1003.4,604.0,985.6,468.9,994.5,536.45,0
678,22597,2263522,1003.5,604.2,985.6,469.1,994.55,536.65,0
678,22598,2263523,1003.6,604.5,985.6,469.4,994.6,536.95,0
678,22599,2263524,1003.8,604.6,985.7,469.8,994.75,537.2,0
678,22600,2263525,1003.9,604.8,985.7,470.3,994.8,537.55,0
679,22601,2263526,1004.0,605.0,985.8,470.9,994.9,537.95,0
679,22602,2263527,1004.2,605.1,985.9,471.6,995.05,538.35,0
679,22603,2263528,1004.3,605.2,986.0,472.2,995.15,538.7,0
679,22604,2263529,1004.5,605.2,986.1,472.7,995.3,538.95,0
679,22605,2263530,1004.7,605.2,986.2,473.3,995.45,539.25,0
679,22606,2263531,1005.0,605.1,986.4,473.6,995.7,539.35,0
679,22607,2263532,1005.2,605.0,986.6,474.0,995.9,539.5,0
679,22608,2263533,1005.3,605.0,986.8,474.5,996.05,539.75,0
679,22609,2263534,1005.4,604.9,986.9,474.7,996.15,539.8,0
679,22610,2263535,1005.1,604.8,987.0,474.9,996.05,539.85,0
679,22611,2263536,1004.9,604.6,987.1,475.1,996.0,539.85,0
679,22612,2263537,1004.5,604.3,987.0,475.4,995.75,539.85,0
679,22613,2263538,1004.1,604.2,986.9,475.7,995.5,539.95,0
679,22614,2263539,1003.8,603.9,986.7,475.9,995.25,539.9,0
679,22615,2263540,1003.4,603.7,986.4,476.0,994.9,539.85,0
679,22616,2263541,1003.2,603.4,985.9,476.1,994.55,539.75,0
679,22617,2263542,1003.2,602.8,985.4,476.2,994.3,539.5,0
679,22618,2263543,1003.1,602.3,985.0,476.1,994.05,539.2,0
679,22619,2263544,1003.1,602.0,984.7,476.0,993.9,539.0,0
679,22620,2263545,1003.0,601.6,984.3,475.9,993.65,538.75,0
679,22621,2263546,1002.9,601.3,983.9,475.5,993.4,538.4,0
679,22622,2263547,1002.8,601.0,983.7,475.2,993.25,538.1,0
679,22623,2263548,1002.5,600.7,983.7,474.8,993.1,537.75,0
679,22624,2263549,1002.1,600.6,983.9,474.5,993.0,537.55,0
679,22625,2263550,1001.6,600.6,984.1,474.2,992.85,537.4,0
679,22626,2263551,1001.2,600.5,984.3,473.9,992.75,537.2,0
679,22627,2263552,1000.8,600.5,984.6,473.7,992.7,537.1,0
679,22628,2263553,1000.4,600.4,984.9,473.7,992.65,537.05,0
679,22629,2263554,1000.1,600.3,985.1,473.8,992.6,537.05,0
679,22630,2263555,1000.0,600.1,985.3,473.8,992.65,536.95,0
679,22631,2263556,1000.0,599.9,985.2,473.7,992.6,536.8,0
679,22632,2263557,1000.4,599.3,985.1,473.5,992.75,536.4,0
679,22633,2263558,1000.9,598.8,985.0,473.2,992.95,536.0,0
680,22634,2263559,1001.3,598.3,984.9,472.7,993.1,535.5,0
680,22635,2263560,1001.7,597.9,984.7,472.1,993.2,535.0,0
680,22636,2263561,1002.0,597.4,984.5,471.5,993.25,534.45,0
680,22637,2263562,1002.4,597.1,984.3,471.0,993.35,534.05,0
680,22638,2263563,1002.7,596.7,984.1,470.5,993.4,533.6,0
680,22639,2263564,1002.6,596.6,984.0,470.4,993.3,533.5,0
680,22640,2263565,1002.6,596.6,983.9,470.2,993.25,533.4,0
680,22641,2263566,1002.6,596.5,983.8,470.4,993.2,533.45,0
680,22642,2263567,1002.6,596.5,983.9,470.7,993.25,533.6,0
680,22643,2263568,1002.6,596.6,984.0,471.0,993.3,533.8,0
680,22644,2263569,1002.7,596.8,984.2,471.4,993.45,534.1,0
680,22645,2263570,1002.7,597.0,984.3,471.8,993.5,534.4,0
680,22646,2263571,1002.8,597.3,984.4,471.9,993.6,534.6,0
680,22647,2263572,1002.7,597.7,984.5,472.0,993.6,534.85,0
680,22648,2263573,1002.7,598.0,984.6,472.0,993.65,535.0,0
680,22649,2263574,1002.6,598.3,984.6,471.8,993.6,535.05,0
680,22650,2263575,1002.6,598.2,984.6,471.6,993.6,534.9,0
680,22651,2263576,1002.5,598.2,984.6,470.7,993.55,534.45,0
680,22652,2263577,1002.5,597.9,984.7,469.8,993.6,533.85,0
680,22653,2263578,1002.3,597.6,984.8,468.9,993.55,533.25,0
680,22654,2263579,1002.2,597.2,984.9,467.8,993.55,532.5,0
680,22655,2263580,1002.1,596.8,985.0,466.6,993.55,531.7,0
680,22656,2263581,1002.0,596.4,985.1,465.7,993.55,531.05,0
680,22657,2263582,1001.9,596.1,985.2,464.8,993.55,530.45,0
680,22658,2263583,1001.8,595.9,985.1,464.4,993.45,530.15,0
680,22659,2263584,1001.7,595.7,984.9,464.1,993.3,529.9,0
680,22660,2263585,1001.6,595.7,984.8,463.7,993.2,529.7,0
680,22661,2263586,1001.6,595.7,984.6,463.6,993.1,529.65,0
680,22662,2263587,1001.6,595.7,984.3,463.6,992.95,529.65,0
680,22663,2263588,1001.6,595.8,983.8,463.5,992.7,529.65,0
680,22664,2263589,1001.6,596.1,983.1,463.4,992.35,529.75,0
680,22665,2263590,1001.6,596.3,982.6,463.2,992.1,529.75,0
680,22666,2263591,1001.5,596.6,982.1,463.0,991.8,529.8,0
681,22667,2263592,1001.8,596.8,981.5,462.7,991.65,529.75,0
681,22668,2263593,1002.0,597.1,980.9,462.4,991.45,529.75,0
681,22669,2263594,1002.2,597.7,980.5,462.1,991.35,529.9,0
681,22670,2263595,1002.3,598.2,980.2,461.8,991.25,530.0,0
681,22671,2263596,1002.3,598.8,980.2,461.6,991.25,530.2,0
681,22672,2263597,1002.2,599.3,980.3,461.5,991.25,530.4,0
681,22673,2263598,1002.2,599.8,980.5,461.5,991.35,530.65,0
681,22674,2263599,1002.0,600.3,980.8,461.8,991.4,531.05,0
681,22675,2263600,1001.7,600.8,981.1,462.3,991.4,531.55,0
681,22676,2263601,1001.5,601.1,981.5,462.8,991.5,531.95,0
681,22677,2263602,1001.3,601.4,981.9,463.3,991.6,532.35,0
681,22678,2263603,1001.2,601.7,982.3,463.8,991.75,532.75,0
681,22679,2263604,1001.1,602.0,982.6,464.3,991.85,533.15,0
681,22680,2263605,1001.0,602.5,983.5,464.7,992.25,533.6,0
681,22681,2263606,1000.8,603.0,984.3,464.7,992.55,533.85,0
681,22682,2263607,1000.6,603.4,985.1,464.7,992.85,534.05,0
681,22683,2263608,1000.4,604.0,985.9,464.6,993.15,534.3,0
681,22684,2263609,1000.3,604.8,986.6,464.4,993.45,534.6,0
681,22685,2263610,1000.3,605.9,987.3,464.2,993.8,535.05,0
681,22686,2263611,1000.3,606.8,987.9,464.0,994.1,535.4,0
681,22687,2263612,1000.4,607.7,987.8,463.7,994.1,535.7,0
681,22688,2263613,1000.5,608.5,987.7,463.5,994.1,536.0,0
681,22689,2263614,1000.7,609.3,987.6,463.2,994.15,536.25,0
681,22690,2263615,1000.8,609.8,987.1,462.9,993.95,536.35,0
681,22691,2263616,1000.9,610.1,986.6,462.8,993.75,536.45,0
681,22692,2263617,1001.0,610.1,985.7,462.7,993.35,536.4,0
681,22693,2263618,1001.1,610.2,984.9,462.6,993.0,536.4,0
681,22694,2263619,1001.1,610.3,984.1,462.5,992.6,536.4,0
681,22695,2263620,1001.1,610.4,983.2,462.4,992.15,536.4,0
681,22696,2263621,1001.1,610.6,982.4,462.4,991.75,536.5,0
681,22697,2263622,1001.0,610.8,981.9,462.2,991.45,536.5,0
681,22698,2263623,1000.8,611.1,981.3,462.1,991.05,536.6,0
681,22699,2263624,1000.5,611.3,981.1,461.9,990.8,536.6,0
681,22700,2263625,1000.2,611.6,980.8,461.7,990.5,536.65,0
682,22701,2263626,999.9,611.9,980.6,461.6,990.25,536.75,0
682,22702,2263627,999.6,612.1,980.5,461.6,990.05,536.85,0
682,22703,2263628,999.3,612.3,980.5,461.7,989.9,537.0,0
682,22704,2263629,999.0,612.5,980.5,462.5,989.75,537.5,0
682,22705,2263630,998.8,612.6,980.8,463.3,989.8,537.95,0
682,22706,2263631,998.6,612.7,981.2,464.2,989.9,538.45,0
682,22707,2263632,998.5,612.9,981.7,465.1,990.1,539.0,0
682,22708,2263633,998.5,613.2,982.5,465.9,990.5,539.55,0
682,22709,2263634,998.6,613.4,983.3,466.5,990.95,539.95,0
682,22710,2263635,998.7,613.6,983.9,467.1,991.3,540.35,0
682,22711,2263636,998.8,613.8,984.7,467.1,991.75,540.45,0
682,22712,2263637,998.9,613.7,985.4,467.1,992.15,540.4,0
682,22713,2263638,998.9,613.5,986.1,467.0,992.5,540.25,0
682,22714,2263639,999.0,613.3,986.7,466.9,992.85,540.1,0
682,22715,2263640,998.9,613.1,987.1,466.9,993.0,540.0,0
682,22716,2263641,998.9,612.8,987.4,466.8,993.15,539.8,0
682,22717,2263642,998.8,612.5,987.6,466.8,993.2,539.65,0
682,22718,2263643,998.8,612.3,987.5,466.9,993.15,539.6,0
682,22719,2263644,998.7,612.2,987.0,466.9,992.85,539.55,0
682,22720,2263645,998.6,612.1,986.3,467.0,992.45,539.55,0
682,22721,2263646,998.5,611.9,985.6,467.0,992.05,539.45,0
682,22722,2263647,998.4,611.7,984.4,467.1,991.4,539.4,0
682,22723,2263648,998.3,611.4,983.2,467.3,990.75,539.35,0
682,22724,2263649,998.2,611.1,982.0,467.5,990.1,539.3,0
682,22725,2263650,998.2,610.8,981.0,467.7,989.6,539.25,0
682,22726,2263651,998.1,610.2,979.9,467.9,989.0,539.05,0
682,22727,2263652,998.0,609.5,979.0,468.1,988.5,538.8,0
682,22728,2263653,998.0,608.9,978.2,468.2,988.1,538.55,0
682,22729,2263654,997.9,608.4,977.9,468.3,987.9,538.35,0
682,22730,2263655,997.8,607.9,977.6,468.4,987.7,538.15,0
682,22731,2263656,997.7,607.4,977.4,468.4,987.55,537.9,0
682,22732,2263657,997.5,607.0,977.3,468.7,987.4,537.85,0
682,22733,2263658,997.0,606.7,977.4,468.9,987.2,537.8,0
683,22734,2263659,996.5,606.4,977.9,469.5,987.2,537.95,0
683,22735,2263660,996.0,606.2,978.3,470.0,987.15,538.1,0
683,22736,2263661,995.6,605.9,978.7,470.6,987.15,538.25,0
683,22737,2263662,995.2,605.6,979.1,471.2,987.15,538.4,0
683,22738,2263663,994.8,605.3,979.5,471.8,987.15,538.55,0
683,22739,2263664,994.6,604.9,980.4,472.2,987.5,538.55,0
683,22740,2263665,994.7,604.7,981.2,472.7,987.95,538.7,0
683,22741,2263666,994.8,604.5,981.7,473.1,988.25,538.8,0
683,22742,2263667,994.9,604.1,982.2,473.7,988.55,538.9,0
683,22743,2263668,994.9,603.8,982.7,474.2,988.8,539.0,0
683,22744,2263669,994.9,603.5,983.1,474.7,989.0,539.1,0
683,22745,2263670,994.8,603.5,983.6,475.1,989.2,539.3,0
683,22746,2263671,994.9,603.7,983.6,475.9,989.25,539.8,0
683,22747,2263672,995.0,603.9,983.5,476.7,989.25,540.3,0
683,22748,2263673,995.5,604.1,983.6,477.5,989.55,540.8,0
683,22749,2263674,996.1,604.5,983.5,478.5,989.8,541.5,0
683,22750,2263675,996.5,604.8,983.5,479.4,990.0,542.1,0
683,22751,2263676,997.0,605.1,983.2,480.4,990.1,542.75,0
683,22752,2263677,997.3,605.1,982.9,481.4,990.1,543.25,0
683,22753,2263678,997.5,605.0,982.5,482.0,990.0,543.5,0
683,22754,2263679,997.5,604.9,982.0,482.5,989.75,543.7,0
683,22755,2263680,997.0,604.8,981.4,483.0,989.2,543.9,0
683,22756,2263681,996.5,604.7,981.0,483.2,988.75,543.95,0
683,22757,2263682,996.0,604.7,980.5,483.8,988.25,544.25,0
683,22758,2263683,995.6,604.6,980.1,484.3,987.85,544.45,0
683,22759,2263684,995.3,604.5,979.7,484.9,987.5,544.7,0
683,22760,2263685,995.0,604.4,979.3,485.6,987.15,545.0,0
683,22761,2263686,994.7,604.3,979.1,486.4,986.9,545.35,0
683,22762,2263687,994.6,604.2,979.0,487.1,986.8,545.65,0
683,22763,2263688,994.5,604.1,979.1,487.6,986.8,545.85,0
683,22764,2263689,994.4,604.0,979.3,487.8,986.85,545.9,0
683,22765,2263690,994.4,604.0,979.7,488.2,987.05,546.1,0
683,22766,2263691,994.4,604.0,980.1,488.6,987.25,546.3,0
684,22767,2263692,994.5,604.0,980.6,488.9,987.55,546.45,0
684,22768,2263693,994.5,604.0,981.2,489.2,987.85,546.6,0
684,22769,2263694,994.5,603.9,981.6,489.7,988.05,546.8,0
684,22770,2263695,994.4,603.8,982.1,490.1,988.25,546.95,0
684,22771,2263696,994.3,603.6,982.6,490.5,988.45,547.05,0
684,22772,2263697,994.1,603.2,983.1,490.7,988.6,546.95,0
684,22773,2263698,993.8,602.8,983.6,491.0,988.7,546.9,0
684,22774,2263699,993.5,602.5,984.3,491.3,988.9,546.9,0
684,22775,2263700,993.3,602.2,984.9,491.7,989.1,546.95,0
684,22776,2263701,993.1,601.9,985.5,491.9,989.3,546.9,0
684,22777,2263702,993.0,601.7,985.9,492.1,989.45,546.9,0
684,22778,2263703,993.0,601.8,986.2,492.3,989.6,547.05,0
684,22779,2263704,993.1,602.1,986.4,492.5,989.75,547.3,0
684,22780,2263705,993.2,602.3,986.7,492.5,989.95,547.4,0
684,22781,2263706,993.3,602.6,986.7,492.4,990.0,547.5,0
684,22782,2263707,993.5,602.8,986.6,492.3,990.05,547.55,0
684,22783,2263708,993.7,603.1,986.5,492.3,990.1,547.7,0
684,22784,2263709,994.0,603.6,986.1,492.3,990.05,547.95,0
684,22785,2263710,994.2,603.9,985.7,492.2,989.95,548.05,0
684,22786,2263711,994.4,604.3,985.3,492.2,989.85,548.25,0
684,22787,2263712,994.5,604.7,984.9,492.4,989.7,548.55,0
684,22788,2263713,994.5,605.1,984.4,492.6,989.45,548.85,0
684,22789,2263714,994.3,605.5,984.1,492.8,989.2,549.15,0
684,22790,2263715,993.9,605.8,983.2,493.1,988.55,549.45,0
684,22791,2263716,993.5,606.0,982.4,493.4,987.95,549.7,0
684,22792,2263717,993.1,606.2,981.7,493.5,987.4,549.85,0
684,22793,2263718,992.6,606.4,980.8,493.6,986.7,550.0,0
684,22794,2263719,991.9,606.6,980.0,493.7,985.95,550.15,0
684,22795,2263720,991.3,606.9,979.2,493.7,985.25,550.3,0
684,22796,2263721,990.8,607.2,978.4,493.6,984.6,550.4,0
684,22797,2263722,990.5,607.5,978.0,493.5,984.25,550.5,0
684,22798,2263723,990.2,607.7,977.9,493.4,984.05,550.55,0
684,22799,2263724,989.9,607.9,977.9,493.3,983.9,550.6,0
684,22800,2263725,989.8,608.1,978.0,493.2,983.9,550.65,0
685,22801,2263726,990.1,608.5,978.1,493.2,984.1,550.85,0
685,22802,2263727,990.3,608.9,978.4,493.2,984.35,551.05,0
685,22803,2263728,990.6,609.4,978.8,493.2,984.7,551.3,0
685,22804,2263729,991.0,609.9,979.1,493.3,985.05,551.6,0
685,22805,2263730,991.4,610.5,979.5,493.3,985.45,551.9,0
685,22806,2263731,991.9,611.0,979.8,493.4,985.85,552.2,0
685,22807,2263732,992.3,611.6,980.0,493.4,986.15,552.5,0
685,22808,2263733,992.5,611.9,980.5,493.4,986.5,552.65,0
685,22809,2263734,992.7,612.3,980.8,493.4,986.75,552.85,0
685,22810,2263735,992.9,612.6,981.1,493.5,987.0,553.05,0
685,22811,2263736,992.9,612.8,981.5,493.5,987.2,553.15,0
685,22812,2263737,992.9,613.0,981.9,493.6,987.4,553.3,0
685,22813,2263738,992.8,613.1,982.4,493.7,987.6,553.4,0
685,22814,2263739,992.7,613.2,982.9,493.8,987.8,553.5,0
685,22815,2263740,992.6,613.2,983.2,493.9,987.9,553.55,0
685,22816,2263741,992.6,613.3,983.4,493.9,988.0,553.6,0
685,22817,2263742,992.6,613.3,983.8,493.9,988.2,553.6,0
685,22818,2263743,992.6,613.3,984.1,493.9,988.35,553.6,0
685,22819,2263744,992.7,613.3,984.4,493.8,988.55,553.55,0
685,22820,2263745,992.7,613.4,984.6,493.7,988.65,553.55,0
685,22821,2263746,992.6,613.5,984.9,493.5,988.75,553.5,0
685,22822,2263747,992.5,613.7,985.2,493.4,988.85,553.55,0
685,22823,2263748,992.2,614.0,985.5,493.4,988.85,553.7,0
685,22824,2263749,991.9,614.4,985.9,493.4,988.9,553.9,0
685,22825,2263750,991.6,614.7,986.1,493.3,988.85,554.0,0
685,22826,2263751,991.3,615.0,986.3,493.3,988.8,554.15,0
685,22827,2263752,991.0,615.2,986.5,493.2,988.75,554.2,0
685,22828,2263753,990.8,615.4,986.5,493.1,988.65,554.25,0
685,22829,2263754,990.5,615.3,986.5,493.0,988.5,554.15,0
685,22830,2263755,990.3,615.2,986.4,492.9,988.35,554.05,0
685,22831,2263756,990.2,615.0,986.2,492.9,988.2,553.95,0
685,22832,2263757,990.0,614.8,986.0,492.9,988.0,553.85,0
685,22833,2263758,989.9,614.6,985.7,492.9,987.8,553.75,0
686,22834,2263759,989.8,614.5,985.4,493.0,987.6,553.75,0
686,22835,2263760,989.7,614.4,985.2,493.2,987.45,553.8,0
686,22836,2263761,989.7,614.6,984.9,493.3,987.3,553.95,0
686,22837,2263762,989.6,614.9,984.7,493.4,987.15,554.15,0
686,22838,2263763,989.6,615.2,984.2,493.4,986.9,554.3,0
686,22839,2263764,989.5,615.4,983.8,493.3,986.65,554.35,0
686,22840,2263765,989.4,615.6,983.4,493.1,986.4,554.35,0
686,22841,2263766,989.3,615.7,983.0,493.0,986.15,554.35,0
686,22842,2263767,989.2,615.6,982.7,492.8,985.95,554.2,0
686,22843,2263768,989.0,615.1,982.4,492.6,985.7,553.85,0
686,22844,2263769,988.6,614.5,982.0,492.4,985.3,553.45,0
686,22845,2263770,988.2,614.1,981.9,492.1,985.05,553.1,0
686,22846,2263771,987.8,613.6,981.7,491.5,984.75,552.55,0
686,22847,2263772,987.4,613.1,981.6,491.0,984.5,552.05,0
686,22848,2263773,986.8,612.7,981.2,490.4,984.0,551.55,0
686,22849,2263774,986.2,612.5,980.9,489.6,983.55,551.05,0
686,22850,2263775,985.7,612.5,980.6,488.8,983.15,550.65,0
686,22851,2263776,985.4,612.4,980.2,488.1,982.8,550.25,0
686,22852,2263777,985.1,612.2,980.0,487.5,982.55,549.85,0
686,22853,2263778,984.9,612.2,979.8,487.3,982.35,549.75,0
686,22854,2263779,984.8,612.3,979.6,487.1,982.2,549.7,0
686,22855,2263780,984.8,612.3,979.5,486.9,982.15,549.6,0
686,22856,2263781,984.9,612.4,979.2,486.9,982.05,549.65,0
686,22857,2263782,985.2,612.6,979.0,486.8,982.1,549.7,0
686,22858,2263783,985.4,612.7,978.8,486.7,982.1,549.7,0
686,22859,2263784,985.6,612.9,978.6,485.9,982.1,549.4,0
686,22860,2263785,985.8,613.0,978.5,485.2,982.15,549.1,0
686,22861,2263786,985.9,612.8,978.3,484.4,982.1,548.6,0
686,22862,2263787,986.0,612.6,978.1,483.7,982.05,548.15,0
686,22863,2263788,986.1,612.3,978.0,482.9,982.05,547.6,0
686,22864,2263789,986.1,611.8,977.9,482.4,982.0,547.1,0
686,22865,2263790,986.1,611.4,977.7,481.7,981.9,546.55,0
686,22866,2263791,986.2,610.9,977.5,481.6,981.85,546.25,0
687,22867,2263792,986.3,610.6,977.2,481.1,981.75,545.85,0
687,22868,2263793,986.4,610.4,977.0,480.7,981.7,545.55,0
687,22869,2263794,986.5,610.2,976.8,480.3,981.65,545.25,0
687,22870,2263795,986.6,610.0,976.8,479.8,981.7,544.9,0
687,22871,2263796,986.6,610.0,976.8,479.3,981.7,544.65,0
687,22872,2263797,986.5,609.9,976.9,478.9,981.7,544.4,0
687,22873,2263798,986.4,609.9,977.1,478.5,981.75,544.2,0
687,22874,2263799,986.3,609.8,977.2,478.3,981.75,544.05,0
687,22875,2263800,986.2,609.6,977.4,478.0,981.8,543.8,0
687,22876,2263801,986.1,609.4,977.5,477.8,981.8,543.6,0
687,22877,2263802,985.9,609.2,977.5,477.6,981.7,543.4,0
687,22878,2263803,985.9,609.1,977.3,477.3,981.6,543.2,0
687,22879,2263804,985.8,608.9,977.1,477.0,981.45,542.95,0
687,22880,2263805,985.8,608.7,976.9,476.8,981.35,542.75,0
687,22881,2263806,985.7,608.5,976.7,476.7,981.2,542.6,0
687,22882,2263807,985.7,608.3,976.6,476.5,981.15,542.4,0
687,22883,2263808,985.6,608.1,976.8,476.1,981.2,542.1,0
687,22884,2263809,985.5,607.9,976.9,475.8,981.2,541.85,0
687,22885,2263810,985.3,607.7,977.3,475.4,981.3,541.55,0
687,22886,2263811,985.2,607.5,977.6,475.0,981.4,541.25,0
687,22887,2263812,985.0,607.3,978.0,474.5,981.5,540.9,0
687,22888,2263813,984.9,607.2,978.4,474.0,981.65,540.6,0
687,22889,2263814,984.7,607.2,978.8,473.6,981.75,540.4,0
687,22890,2263815,984.4,607.1,979.1,473.4,981.75,540.25,0
687,22891,2263816,984.3,607.1,979.3,473.3,981.8,540.2,0
687,22892,2263817,984.1,607.1,979.6,473.1,981.85,540.1,0
687,22893,2263818,984.0,607.1,979.8,473.0,981.9,540.05,0
687,22894,2263819,983.9,607.1,980.0,473.0,981.95,540.05,0
687,22895,2263820,983.9,607.1,980.1,473.1,982.0,540.1,0
687,22896,2263821,983.9,607.1,980.2,473.1,982.05,540.1,0
687,22897,2263822,983.9,607.1,980.3,473.1,982.1,540.1,0
687,22898,2263823,983.9,607.6,980.3,473.2,982.1,540.4,0
687,22899,2263824,984.0,608.2,980.4,473.3,982.2,540.75,0
687,22900,2263825,984.0,608.8,980.5,473.5,982.25,541.15,0
688,22901,2263826,984.1,609.4,980.6,473.5,982.35,541.45,0
688,22902,2263827,984.1,610.2,980.8,473.6,982.45,541.9,0
688,22903,2263828,984.0,610.9,981.0,473.7,982.5,542.3,0
688,22904,2263829,983.9,611.6,981.2,473.8,982.55,542.7,0
688,22905,2263830,983.9,612.1,981.4,473.8,982.65,542.95,0
688,22906,2263831,983.9,612.4,981.6,473.8,982.75,543.1,0
688,22907,2263832,984.0,612.8,981.9,474.1,982.95,543.45,0
688,22908,2263833,984.0,613.1,982.0,474.4,983.0,543.75,0
688,22909,2263834,984.1,613.4,982.1,474.7,983.1,544.05,0
688,22910,2263835,984.2,613.7,982.1,474.7,983.15,544.2,0
688,22911,2263836,984.3,613.8,982.1,474.7,983.2,544.25,0
688,22912,2263837,984.4,613.8,982.2,474.6,983.3,544.2,0
688,22913,2263838,984.4,613.8,982.2,474.4,983.3,544.1,0
688,22914,2263839,984.5,613.8,982.3,474.0,983.4,543.9,0
688,22915,2263840,984.5,613.7,982.4,473.6,983.45,543.65,0
688,22916,2263841,984.6,613.7,982.5,473.1,983.55,543.4,0
688,22917,2263842,984.8,613.8,982.7,473.0,983.75,543.4,0
688,22918,2263843,985.0,614.1,982.9,472.9,983.95,543.5,0
688,22919,2263844,985.1,614.3,983.1,472.9,984.1,543.6,0
688,22920,2263845,985.2,614.6,983.2,473.2,984.2,543.9,0
688,22921,2263846,985.3,615.2,983.3,473.4,984.3,544.3,0
688,22922,2263847,985.4,615.7,983.5,473.6,984.45,544.65,0
688,22923,2263848,985.3,616.1,983.6,473.7,984.45,544.9,0
688,22924,2263849,985.2,616.4,983.7,473.8,984.45,545.1,0
688,22925,2263850,985.0,616.7,983.7,473.9,984.35,545.3,0
688,22926,2263851,984.8,617.0,983.7,473.9,984.25,545.45,0
688,22927,2263852,984.7,617.4,983.8,473.8,984.25,545.6,0
688,22928,2263853,984.6,617.4,983.9,473.7,984.25,545.55,0
688,22929,2263854,984.5,617.6,983.9,473.6,984.2,545.6,0
688,22930,2263855,984.3,617.7,983.9,473.7,984.1,545.7,0
688,22931,2263856,984.0,617.9,983.6,473.8,983.8,545.85,0
688,22932,2263857,983.9,618.0,983.4,473.9,983.65,545.95,0
688,22933,2263858,983.6,618.2,983.1,474.0,983.35,546.1,0
689,22934,2263859,983.3,618.3,982.8,475.0,983.05,546.65,0
689,22935,2263860,983.0,618.7,982.6,476.1,982.8,547.4,0
689,22936,2263861,982.7,619.1,982.3,477.2,982.5,548.15,0
689,22937,2263862,982.5,619.5,982.0,478.2,982.25,548.85,0
689,22938,2263863,982.4,619.8,981.9,479.2,982.15,549.5,0
689,22939,2263864,982.3,620.1,981.7,480.1,982.0,550.1,0
689,22940,2263865,982.3,620.5,981.6,480.9,981.95,550.7,0
689,22941,2263866,982.3,620.9,981.5,480.9,981.9,550.9,0
689,22942,2263867,982.4,621.1,981.3,480.9,981.85,551.0,0
689,22943,2263868,982.4,621.6,981.2,480.9,981.8,551.25,0
689,22944,2263869,982.5,622.2,981.0,481.0,981.75,551.6,0
689,22945,2263870,982.5,622.8,980.8,481.2,981.65,552.0,0
689,22946,2263871,982.6,623.3,980.4,481.4,981.5,552.35,0
689,22947,2263872,982.6,623.9,979.9,481.6,981.25,552.75,0
689,22948,2263873,982.6,624.5,979.5,481.8,981.05,553.15,0
689,22949,2263874,982.7,625.0,979.0,482.1,980.85,553.55,0
689,22950,2263875,982.7,625.1,978.7,482.4,980.7,553.75,0
689,22951,2263876,982.7,625.2,978.4,483.3,980.55,554.25,0
689,22952,2263877,982.8,625.4,978.2,484.3,980.5,554.85,0
689,22953,2263878,982.8,625.5,978.3,485.3,980.55,555.4,0
689,22954,2263879,982.8,625.5,978.4,486.3,980.6,555.9,0
689,22955,2263880,982.9,625.6,978.5,487.3,980.7,556.45,0
689,22956,2263881,982.9,625.7,978.7,488.4,980.8,557.05,0
689,22957,2263882,982.9,625.9,978.8,489.2,980.85,557.55,0
689,22958,2263883,982.9,626.2,978.9,489.4,980.9,557.8,0
689,22959,2263884,982.9,626.6,979.0,489.6,980.95,558.1,0
689,22960,2263885,983.0,626.9,979.2,489.8,981.1,558.35,0
689,22961,2263886,983.0,627.2,979.4,490.2,981.2,558.7,0
689,22962,2263887,983.1,627.5,979.6,490.5,981.35,559.0,0
689,22963,2263888,983.1,627.8,979.8,490.8,981.45,559.3,0
689,22964,2263889,983.3,628.1,979.9,491.3,981.6,559.7,0
689,22965,2263890,983.4,628.3,980.1,491.7,981.75,560.0,0
689,22966,2263891,983.5,628.4,980.2,492.2,981.85,560.3,0
690,22967,2263892,983.7,628.5,980.2,492.6,981.95,560.55,0
690,22968,2263893,983.8,628.6,980.1,493.1,981.95,560.85,0
690,22969,2263894,984.0,628.8,979.9,493.6,981.95,561.2,0
690,22970,2263895,984.1,628.9,979.6,494.1,981.85,561.5,0
690,22971,2263896,984.1,629.0,979.4,494.5,981.75,561.75,0
690,22972,2263897,984.1,629.0,979.2,494.9,981.65,561.95,0
690,22973,2263898,984.0,629.2,979.1,495.3,981.55,562.25,0
690,22974,2263899,983.9,629.3,979.0,495.7,981.45,562.5,0
690,22975,2263900,983.9,629.5,979.1,495.8,981.5,562.65,0
690,22976,2263901,983.8,629.6,979.3,496.0,981.55,562.8,0
690,22977,2263902,983.8,629.7,979.4,496.2,981.6,562.95,0
690,22978,2263903,983.8,629.8,979.6,496.4,981.7,563.1,0
690,22979,2263904,983.8,629.9,979.7,496.5,981.75,563.2,0
690,22980,2263905,983.8,630.0,979.8,496.7,981.8,563.35,0
690,22981,2263906,983.7,630.1,979.8,496.9,981.75,563.5,0
690,22982,2263907,983.6,630.1,979.8,497.1,981.7,563.6,0
690,22983,2263908,983.4,630.1,979.7,497.3,981.55,563.7,0
690,22984,2263909,983.2,630.0,979.6,497.5,981.4,563.75,0
690,22985,2263910,983.1,629.9,979.5,497.7,981.3,563.8,0
690,22986,2263911,982.9,629.8,979.5,497.9,981.2,563.85,0
690,22987,2263912,982.8,629.6,979.4,498.1,981.1,563.85,0
690,22988,2263913,983.0,629.5,979.3,498.2,981.15,563.85,0
690,22989,2263914,983.1,629.4,979.2,498.2,981.15,563.8,0
690,22990,2263915,983.3,629.6,979.1,498.3,981.2,563.95,0
690,22991,2263916,983.5,630.0,979.0,498.5,981.25,564.25,0
690,22992,2263917,983.7,630.3,978.8,498.7,981.25,564.5,0
690,22993,2263918,983.8,630.7,978.6,499.0,981.2,564.85,0
690,22994,2263919,983.8,630.9,978.4,499.2,981.1,565.05,0
690,22995,2263920,983.6,631.1,978.2,499.7,980.9,565.4,0
690,22996,2263921,983.3,631.2,978.0,500.1,980.65,565.65,0
690,22997,2263922,982.9,631.1,977.9,500.6,980.4,565.85,0
690,22998,2263923,982.5,630.8,977.7,501.0,980.1,565.9,0
690,22999,2263924,982.2,630.4,977.6,501.3,979.9,565.85,0
690,23000,2263925,982.0,630.1,977.5,501.4,979.75,565.75,0
691,23001,2263926,981.8,629.8,977.4,501.5,979.6,565.65,0
691,23002,2263927,981.8,629.7,977.2,501.4,979.5,565.55,0
691,23003,2263928,981.9,629.6,976.9,501.3,979.4,565.45,0
691,23004,2263929,982.1,629.6,976.7,501.2,979.4,565.4,0
691,23005,2263930,982.5,629.6,976.4,501.0,979.45,565.3,0
691,23006,2263931,982.8,629.7,976.2,500.8,979.5,565.25,0
691,23007,2263932,983.1,629.8,976.0,500.6,979.55,565.2,0
691,23008,2263933,983.3,629.9,975.9,500.6,979.6,565.25,0
691,23009,2263934,983.5,630.0,975.9,500.6,979.7,565.3,0
691,23010,2263935,983.7,630.0,975.8,500.7,979.75,565.35,0
691,23011,2263936,983.9,630.1,975.8,500.9,979.85,565.5,0
691,23012,2263937,983.7,630.0,975.8,501.0,979.75,565.5,0
691,23013,2263938,983.5,629.9,975.7,501.3,979.6,565.6,0
691,23014,2263939,983.3,629.7,975.6,501.5,979.45,565.6,0
691,23015,2263940,983.1,629.5,975.4,501.6,979.25,565.55,0
691,23016,2263941,983.0,629.3,975.3,501.8,979.15,565.55,0
691,23017,2263942,982.8,629.2,975.1,501.9,978.95,565.55,0
691,23018,2263943,982.6,629.0,975.0,502.0,978.8,565.5,0
691,23019,2263944,982.6,629.0,974.9,502.1,978.75,565.55,0
691,23020,2263945,982.6,629.0,974.9,502.2,978.75,565.6,0
691,23021,2263946,982.7,629.0,974.9,502.3,978.8,565.65,0
691,23022,2263947,982.8,629.0,974.9,502.5,978.85,565.75,0
691,23023,2263948,983.0,629.0,974.9,502.5,978.95,565.75,0
691,23024,2263949,983.1,629.0,974.9,502.6,979.0,565.8,0
691,23025,2263950,983.2,629.1,975.0,502.6,979.1,565.85,0
691,23026,2263951,983.3,629.2,975.1,502.7,979.2,565.95,0
691,23027,2263952,983.5,629.3,975.3,502.8,979.4,566.05,0
691,23028,2263953,983.5,629.4,975.6,502.8,979.55,566.1,0
691,23029,2263954,983.5,629.6,975.8,502.9,979.65,566.25,0
691,23030,2263955,983.5,629.7,976.0,503.0,979.75,566.35,0
691,23031,2263956,983.5,629.9,976.2,503.2,979.85,566.55,0
691,23032,2263957,983.5,630.0,976.3,503.4,979.9,566.7,0
691,23033,2263958,983.7,630.2,976.3,503.8,980.0,567.0,0
692,23034,2263959,983.9,630.3,975.9,504.1,979.9,567.2,0
692,23035,2263960,984.1,630.5,975.6,504.4,979.85,567.45,0
692,23036,2263961,984.3,630.6,975.2,504.7,979.75,567.65,0
692,23037,2263962,984.4,630.6,974.8,504.7,979.6,567.65,0
692,23038,2263963,984.6,630.7,974.4,504.7,979.5,567.7,0
692,23039,2263964,984.7,630.7,974.1,504.6,979.4,567.65,0
692,23040,2263965,984.6,630.7,973.7,504.4,979.15,567.55,0
692,23041,2263966,984.5,630.6,973.9,504.4,979.2,567.5,0
692,23042,2263967,984.2,630.6,974.2,504.4,979.2,567.5,0
692,23043,2263968,983.9,630.6,974.4,504.5,979.15,567.55,0
692,23044,2263969,983.7,630.7,974.7,504.7,979.2,567.7,0
692,23045,2263970,983.6,630.7,975.0,505.0,979.3,567.85,0
692,23046,2263971,983.5,630.9,975.3,505.3,979.4,568.1,0
692,23047,2263972,983.4,631.3,975.6,505.7,979.5,568.5,0
692,23048,2263973,983.4,631.6,975.8,505.9,979.6,568.75,0
692,23049,2263974,983.7,631.9,976.0,506.1,979.85,569.0,0
692,23050,2263975,984.0,632.3,976.2,506.1,980.1,569.2,0
692,23051,2263976,984.3,632.7,976.3,506.1,980.3,569.4,0
692,23052,2263977,984.5,633.1,976.4,506.1,980.45,569.6,0
692,23053,2263978,984.7,633.4,976.5,506.0,980.6,569.7,0
692,23054,2263979,984.8,633.5,976.5,505.9,980.65,569.7,0
692,23055,2263980,985.0,633.5,976.5,505.8,980.75,569.65,0
692,23056,2263981,985.0,633.6,976.5,505.7,980.75,569.65,0
692,23057,2263982,985.1,633.5,976.5,505.6,980.8,569.55,0
692,23058,2263983,985.1,633.4,976.6,505.6,980.85,569.5,0
692,23059,2263984,985.1,633.3,976.7,505.6,980.9,569.45,0
692,23060,2263985,985.1,633.2,976.8,505.6,980.95,569.4,0
692,23061,2263986,985.1,633.1,976.9,505.5,981.0,569.3,0
692,23062,2263987,985.1,633.0,977.0,505.4,981.05,569.2,0
692,23063,2263988,985.0,632.9,977.1,505.4,981.05,569.15,0
692,23064,2263989,985.0,632.8,977.2,505.4,981.1,569.1,0
692,23065,2263990,984.8,632.9,977.2,505.4,981.0,569.15,0
692,23066,2263991,984.6,633.1,977.3,505.5,980.95,569.3,0
693,23067,2263992,984.5,633.3,977.3,505.5,980.9,569.4,0
693,23068,2263993,984.4,633.5,977.2,505.6,980.8,569.55,0
693,23069,2263994,984.3,633.7,977.1,505.7,980.7,569.7,0
693,23070,2263995,984.3,633.6,977.0,505.8,980.65,569.7,0
693,23071,2263996,984.2,633.6,976.8,505.7,980.5,569.65,0
693,23072,2263997,984.3,633.4,976.7,505.7,980.5,569.55,0
693,23073,2263998,984.3,633.1,976.5,505.6,980.4,569.35,0
693,23074,2263999,984.3,632.8,976.4,505.6,980.35,569.2,0
693,23075,2264000,984.2,632.3,976.4,505.4,980.3,568.85,0
693,23076,2264001,984.1,631.8,976.2,505.3,980.15,568.55,0
693,23077,2264002,984.0,631.5,976.1,505.2,980.05,568.35,0
693,23078,2264003,984.0,631.2,976.0,505.2,980.0,568.2,0
693,23079,2264004,984.0,631.0,975.9,505.3,979.95,568.15,0
693,23080,2264005,984.0,630.8,975.9,505.4,979.95,568.1,0
693,23081,2264006,984.0,630.6,975.9,505.5,979.95,568.05,0
693,23082,2264007,984.1,630.6,975.9,505.7,980.0,568.15,0
693,23083,2264008,984.1,630.7,976.1,505.8,980.1,568.25,0
693,23084,2264009,984.2,630.9,976.2,505.8,980.2,568.35,0
693,23085,2264010,984.1,631.2,976.4,505.8,980.25,568.5,0
693,23086,2264011,984.2,631.4,976.6,505.3,980.4,568.35,0
693,23087,2264012,984.2,631.5,976.7,504.7,980.45,568.1,0
693,23088,2264013,984.2,631.7,976.7,504.1,980.45,567.9,0
693,23089,2264014,984.2,631.8,976.8,503.5,980.5,567.65,0
693,23090,2264015,984.1,631.9,976.8,502.7,980.45,567.3,0
693,23091,2264016,984.1,631.8,976.9,502.1,980.5,566.95,0
693,23092,2264017,984.1,631.7,977.0,501.3,980.55,566.5,0
693,23093,2264018,984.0,631.4,977.4,501.0,980.7,566.2,0
693,23094,2264019,984.2,631.0,977.8,500.6,981.0,565.8,0
693,23095,2264020,984.5,630.6,978.3,500.3,981.4,565.45,0
693,23096,2264021,984.7,630.2,978.6,500.0,981.65,565.1,0
693,23097,2264022,985.0,629.9,979.0,499.9,982.0,564.9,0
693,23098,2264023,985.1,629.4,979.3,499.7,982.2,564.55,0
693,23099,2264024,985.3,628.9,979.5,499.6,982.4,564.25,0
693,23100,2264025,985.4,628.5,979.5,499.4,982.45,563.95,0
694,23101,2264026,985.2,628.2,979.4,499.1,982.3,563.65,0
694,23102,2264027,984.9,627.9,979.5,498.8,982.2,563.35,0
694,23103,2264028,984.8,627.8,979.5,498.5,982.15,563.15,0
694,23104,2264029,984.8,627.6,979.7,498.2,982.25,562.9,0
694,23105,2264030,984.9,627.6,979.9,497.9,982.4,562.75,0
694,23106,2264031,985.1,627.7,980.3,497.5,982.7,562.6,0
694,23107,2264032,985.2,627.7,980.7,497.2,982.95,562.45,0
694,23108,2264033,985.4,627.8,981.1,496.9,983.25,562.35,0
694,23109,2264034,985.7,627.8,981.6,496.7,983.65,562.25,0
694,23110,2264035,985.8,627.8,982.0,496.6,983.9,562.2,0
694,23111,2264036,985.9,627.8,982.4,496.5,984.15,562.15,0
694,23112,2264037,985.9,627.7,982.8,495.9,984.35,561.8,0
694,23113,2264038,985.8,627.5,983.1,495.3,984.45,561.4,0
694,23114,2264039,985.8,627.4,983.4,494.9,984.6,561.15,0
694,23115,2264040,985.7,627.3,983.6,494.4,984.65,560.85,0
694,23116,2264041,985.7,627.3,983.8,493.9,984.75,560.6,0
694,23117,2264042,985.8,627.2,984.2,493.4,985.0,560.3,0
694,23118,2264043,985.9,627.1,984.8,492.7,985.35,559.9,0
694,23119,2264044,986.0,627.1,985.3,492.4,985.65,559.75,0
694,23120,2264045,986.1,627.2,986.0,492.1,986.05,559.65,0
694,23121,2264046,986.3,627.2,986.7,491.8,986.5,559.5,0
694,23122,2264047,986.4,627.1,987.4,491.5,986.9,559.3,0
694,23123,2264048,986.5,627.1,988.0,491.1,987.25,559.1,0
694,23124,2264049,986.6,627.1,988.5,490.6,987.55,558.85,0
694,23125,2264050,986.7,627.1,988.7,490.4,987.7,558.75,0
694,23126,2264051,986.8,627.2,989.1,490.0,987.95,558.6,0
694,23127,2264052,986.9,627.2,989.2,489.6,988.05,558.4,0
694,23128,2264053,987.1,627.3,989.4,489.2,988.25,558.25,0
694,23129,2264054,987.4,627.3,989.5,488.8,988.45,558.05,0
694,23130,2264055,987.6,627.3,989.6,488.5,988.6,557.9,0
694,23131,2264056,987.8,627.3,989.7,488.4,988.75,557.85,0
694,23132,2264057,987.9,627.4,989.8,488.3,988.85,557.85,0
694,23133,2264058,988.1,627.3,989.9,488.4,989.0,557.85,0
695,23134,2264059,988.2,627.2,989.9,488.5,989.05,557.85,0
695,23135,2264060,988.2,627.2,989.8,488.7,989.0,557.95,0
695,23136,2264061,988.2,627.2,989.8,488.9,989.0,558.05,0
695,23137,2264062,988.2,627.3,989.7,489.0,988.95,558.15,0
695,23138,2264063,988.1,627.4,989.5,489.1,988.8,558.25,0
695,23139,2264064,988.1,627.4,989.2,489.0,988.65,558.2,0
695,23140,2264065,988.1,627.4,988.7,488.9,988.4,558.15,0
695,23141,2264066,988.2,627.4,988.2,488.7,988.2,558.05,0
695,23142,2264067,988.4,627.4,987.7,488.5,988.05,557.95,0
695,23143,2264068,988.6,627.4,987.3,488.3,987.95,557.85,0
695,23144,2264069,988.7,627.3,986.8,488.0,987.75,557.65,0
695,23145,2264070,988.9,627.3,986.5,487.8,987.7,557.55,0
695,23146,2264071,989.1,627.3,986.1,487.6,987.6,557.45,0
695,23147,2264072,989.3,627.4,985.8,487.5,987.55,557.45,0
695,23148,2264073,989.4,627.5,985.5,487.3,987.45,557.4,0
695,23149,2264074,989.5,627.6,985.2,487.1,987.35,557.35,0
695,23150,2264075,989.5,627.6,984.8,487.0,987.15,557.3,0
695,23151,2264076,989.4,627.6,984.5,486.8,986.95,557.2,0
695,23152,2264077,989.3,627.4,984.2,486.7,986.75,557.05,0
695,23153,2264078,989.1,627.4,983.9,486.6,986.5,557.0,0
695,23154,2264079,988.9,627.3,983.7,486.6,986.3,556.95,0
695,23155,2264080,988.7,627.2,983.5,486.5,986.1,556.85,0
695,23156,2264081,988.5,627.1,983.3,486.5,985.9,556.8,0
695,23157,2264082,988.3,627.0,983.1,486.5,985.7,556.75,0
695,23158,2264083,988.3,627.0,982.9,486.6,985.6,556.8,0
695,23159,2264084,988.3,627.1,982.7,486.8,985.5,556.95,0
695,23160,2264085,988.4,627.1,982.5,486.9,985.45,557.0,0
695,23161,2264086,988.4,627.2,982.3,487.1,985.35,557.15,0
695,23162,2264087,988.4,627.3,982.0,487.2,985.2,557.25,0
695,23163,2264088,988.4,627.4,981.6,487.3,985.0,557.35,0
695,23164,2264089,988.4,627.5,981.3,487.2,984.85,557.35,0
695,23165,2264090,988.4,627.6,980.9,487.2,984.65,557.4,0
695,23166,2264091,988.3,627.8,980.5,487.0,984.4,557.4,0
696,23167,2264092,988.2,628.0,980.2,486.8,984.2,557.4,0
696,23168,2264093,988.2,628.2,980.0,486.7,984.1,557.45,0
696,23169,2264094,988.2,628.4,980.0,486.5,984.1,557.45,0
696,23170,2264095,988.2,628.6,980.0,486.4,984.1,557.5,0
696,23171,2264096,988.2,628.7,980.1,486.3,984.15,557.5,0
696,23172,2264097,988.3,629.0,980.2,486.3,984.25,557.65,0
696,23173,2264098,988.5,629.2,980.3,486.2,984.4,557.7,0
696,23174,2264099,988.9,629.4,980.6,485.7,984.75,557.55,0
696,23175,2264100,989.2,629.7,980.8,485.3,985.0,557.5,0
696,23176,2264101,989.6,630.0,981.0,484.9,985.3,557.45,0
696,23177,2264102,990.0,630.3,981.2,484.4,985.6,557.35,0
696,23178,2264103,990.3,630.8,981.5,483.9,985.9,557.35,0
696,23179,2264104,990.7,631.3,981.9,483.4,986.3,557.35,0
696,23180,2264105,990.8,631.7,982.4,483.0,986.6,557.35,0
696,23181,2264106,990.7,632.2,982.6,483.0,986.65,557.6,0
696,23182,2264107,990.7,632.5,982.9,482.9,986.8,557.7,0
696,23183,2264108,990.6,632.8,983.1,482.5,986.85,557.65,0
696,23184,2264109,990.5,633.1,983.4,482.2,986.95,557.65,0
696,23185,2264110,990.3,633.1,983.5,481.9,986.9,557.5,0
696,23186,2264111,990.3,633.2,983.4,481.6,986.85,557.4,0
696,23187,2264112,990.4,633.3,983.4,481.3,986.9,557.3,0
696,23188,2264113,990.5,633.4,983.4,481.2,986.95,557.3,0
696,23189,2264114,990.7,633.8,983.5,481.0,987.1,557.4,0
696,23190,2264115,991.1,634.1,983.6,481.1,987.35,557.6,0
696,23191,2264116,991.4,634.5,983.8,481.1,987.6,557.8,0
696,23192,2264117,991.7,634.8,984.0,481.1,987.85,557.95,0
696,23193,2264118,992.0,635.6,984.2,481.0,988.1,558.3,0
696,23194,2264119,992.2,636.3,984.5,480.9,988.35,558.6,0
696,23195,2264120,992.4,637.1,984.8,480.7,988.6,558.9,0
696,23196,2264121,992.6,637.7,985.1,480.6,988.85,559.15,0
696,23197,2264122,992.7,638.3,985.4,480.5,989.05,559.4,0
696,23198,2264123,992.7,638.9,985.6,480.6,989.15,559.75,0
696,23199,2264124,992.8,639.5,985.8,480.8,989.3,560.15,0
696,23200,2264125,992.8,639.6,986.1,481.2,989.45,560.4,0
697,23201,2264126,992.8,639.9,986.3,482.3,989.55,561.1,0
697,23202,2264127,992.9,640.1,986.4,483.4,989.65,561.75,0
697,23203,2264128,992.9,640.4,986.6,484.5,989.75,562.45,0
697,23204,2264129,992.9,640.9,986.7,486.3,989.8,563.6,0
697,23205,2264130,992.9,641.5,987.0,488.0,989.95,564.75,0
697,23206,2264131,992.9,642.1,987.3,489.6,990.1,565.85,0
697,23207,2264132,992.9,642.8,987.5,491.2,990.2,567.0,0
697,23208,2264133,992.9,643.3,987.8,492.1,990.35,567.7,0
697,23209,2264134,992.8,643.7,988.1,493.0,990.45,568.35,0
697,23210,2264135,992.7,644.0,988.3,493.9,990.5,568.95,0
697,23211,2264136,992.4,644.1,988.5,494.3,990.45,569.2,0
697,23212,2264137,992.2,644.2,988.5,494.7,990.35,569.45,0
697,23213,2264138,992.0,644.3,988.2,495.6,990.1,569.95,0
697,23214,2264139,991.8,644.4,988.0,496.3,989.9,570.35,0
697,23215,2264140,991.6,644.4,987.7,497.0,989.65,570.7,0
697,23216,2264141,991.5,644.5,987.4,497.8,989.45,571.15,0
697,23217,2264142,991.3,644.6,987.1,498.6,989.2,571.6,0
697,23218,2264143,991.2,644.6,987.0,499.2,989.1,571.9,0
697,23219,2264144,991.2,644.7,986.9,500.3,989.05,572.5,0
697,23220,2264145,991.1,644.7,987.1,501.0,989.1,572.85,0
697,23221,2264146,991.1,644.8,987.1,501.7,989.1,573.25,0
697,23222,2264147,991.2,644.9,987.1,502.4,989.15,573.65,0
697,23223,2264148,991.3,645.1,986.9,503.1,989.1,574.1,0
697,23224,2264149,991.4,645.3,986.3,503.8,988.85,574.55,0
697,23225,2264150,991.6,645.5,985.7,504.9,988.65,575.2,0
697,23226,2264151,991.7,645.8,985.1,505.4,988.4,575.6,0
697,23227,2264152,991.9,646.0,984.4,506.0,988.15,576.0,0
697,23228,2264153,992.0,646.1,983.8,506.6,987.9,576.35,0
697,23229,2264154,992.1,646.2,983.3,507.2,987.7,576.7,0
697,23230,2264155,992.2,646.3,982.9,507.6,987.55,576.95,0
697,23231,2264156,992.3,646.3,982.9,508.1,987.6,577.2,0
697,23232,2264157,992.5,646.4,982.9,508.3,987.7,577.35,0
697,23233,2264158,992.7,646.4,982.9,508.6,987.8,577.5,0
698,23234,2264159,992.8,646.5,982.8,508.9,987.8,577.7,0
698,23235,2264160,992.9,646.5,982.8,509.2,987.85,577.85,0
698,23236,2264161,992.9,646.5,982.8,509.4,987.85,577.95,0
698,23237,2264162,992.9,646.4,982.7,509.8,987.8,578.1,0
698,23238,2264163,992.8,646.2,982.5,510.5,987.65,578.35,0
698,23239,2264164,992.8,646.1,982.4,511.3,987.6,578.7,0
698,23240,2264165,992.8,645.8,982.3,512.0,987.55,578.9,0
698,23241,2264166,992.7,645.6,982.2,512.6,987.45,579.1,0
698,23242,2264167,992.7,645.3,982.1,513.3,987.4,579.3,0
698,23243,2264168,992.8,645.2,982.0,514.0,987.4,579.6,0
698,23244,2264169,992.9,645.2,982.0,514.6,987.45,579.9,0
698,23245,2264170,992.9,645.1,982.0,514.8,987.45,579.95,0
698,23246,2264171,992.8,645.1,981.9,515.0,987.35,580.05,0
698,23247,2264172,992.7,645.0,981.7,515.1,987.2,580.05,0
698,23248,2264173,992.7,644.9,981.6,515.1,987.15,580.0,0
698,23249,2264174,992.6,644.8,981.5,515.0,987.05,579.9,0
698,23250,2264175,992.6,644.6,981.3,514.7,986.95,579.65,0
698,23251,2264176,992.6,644.4,981.1,514.3,986.85,579.35,0
698,23252,2264177,992.7,644.1,981.0,513.8,986.85,578.95,0
698,23253,2264178,992.7,643.8,980.9,513.2,986.8,578.5,0
698,23254,2264179,992.8,643.5,980.9,512.8,986.85,578.15,0
698,23255,2264180,992.9,643.2,980.9,512.4,986.9,577.8,0
698,23256,2264181,993.0,643.0,980.9,512.3,986.95,577.65,0
698,23257,2264182,993.1,642.7,981.0,512.5,987.05,577.6,0
698,23258,2264183,993.3,642.5,981.2,512.6,987.25,577.55,0
698,23259,2264184,993.4,642.3,981.3,512.7,987.35,577.5,0
698,23260,2264185,993.7,642.1,981.5,512.3,987.6,577.2,0
698,23261,2264186,994.0,642.0,981.6,511.8,987.8,576.9,0
698,23262,2264187,994.3,641.9,981.7,511.3,988.0,576.6,0
698,23263,2264188,994.6,641.7,981.8,510.6,988.2,576.15,0
698,23264,2264189,994.8,641.6,981.8,509.9,988.3,575.75,0
698,23265,2264190,994.9,641.4,981.8,509.3,988.35,575.35,0
698,23266,2264191,995.0,641.3,981.8,508.9,988.4,575.1,0
699,23267,2264192,994.9,641.1,981.8,508.9,988.35,575.0,0
699,23268,2264193,994.7,640.9,981.8,508.9,988.25,574.9,0
699,23269,2264194,994.6,640.8,981.8,508.8,988.2,574.8,0
699,23270,2264195,994.4,640.6,981.9,508.6,988.15,574.6,0
699,23271,2264196,994.2,640.5,982.0,508.3,988.1,574.4,0
699,23272,2264197,994.0,640.4,982.1,508.1,988.05,574.25,0
699,23273,2264198,993.9,640.3,982.2,507.9,988.05,574.1,0
699,23274,2264199,993.9,640.0,982.3,507.7,988.1,573.85,0
699,23275,2264200,993.9,639.8,982.4,507.4,988.15,573.6,0
699,23276,2264201,993.8,639.5,982.5,507.2,988.15,573.35,0
699,23277,2264202,993.8,639.2,982.7,507.1,988.25,573.15,0
699,23278,2264203,993.9,639.0,982.9,506.9,988.4,572.95,0
699,23279,2264204,993.9,638.8,983.1,506.9,988.5,572.85,0
699,23280,2264205,994.0,638.5,983.3,506.9,988.65,572.7,0
699,23281,2264206,994.0,638.5,983.5,506.9,988.75,572.7,0
699,23282,2264207,994.1,638.3,983.7,507.0,988.9,572.65,0
699,23283,2264208,994.3,638.2,984.0,507.2,989.15,572.7,0
699,23284,2264209,994.5,638.2,984.2,507.4,989.35,572.8,0
699,23285,2264210,994.7,638.2,984.3,507.7,989.5,572.95,0
699,23286,2264211,995.0,638.4,984.6,507.9,989.8,573.15,0
699,23287,2264212,995.3,638.6,984.9,508.1,990.1,573.35,0
699,23288,2264213,995.5,638.9,985.1,508.3,990.3,573.6,0
699,23289,2264214,995.7,639.3,985.3,508.5,990.5,573.9,0
699,23290,2264215,995.8,639.8,985.5,508.6,990.65,574.2,0
699,23291,2264216,995.9,640.2,985.7,508.8,990.8,574.5,0
699,23292,2264217,996.0,640.5,985.8,508.9,990.9,574.7,0
699,23293,2264218,996.0,640.5,985.9,509.0,990.95,574.75,0
699,23294,2264219,996.0,640.6,986.0,509.2,991.0,574.9,0
699,23295,2264220,996.1,640.7,986.1,509.4,991.1,575.05,0
699,23296,2264221,996.0,640.9,986.2,509.5,991.1,575.2,0
699,23297,2264222,996.0,641.1,986.3,510.1,991.15,575.6,0
699,23298,2264223,995.9,641.3,986.5,510.6,991.2,575.95,0
699,23299,2264224,995.8,641.6,986.6,511.1,991.2,576.35,0
699,23300,2264225,995.7,641.8,986.9,511.5,991.3,576.65,0
700,23301,2264226,995.8,642.1,987.1,511.9,991.45,577.0,0
700,23302,2264227,995.9,642.5,987.3,512.4,991.6,577.45,0
700,23303,2264228,996.0,642.9,988.0,512.9,992.0,577.9,0
700,23304,2264229,996.1,643.4,988.6,513.1,992.35,578.25,0
700,23305,2264230,996.4,643.8,989.3,513.2,992.85,578.5,0
700,23306,2264231,996.6,644.3,989.8,513.3,993.2,578.8,0
700,23307,2264232,996.9,644.9,990.3,513.4,993.6,579.15,0
700,23308,2264233,997.0,645.6,990.9,513.4,993.95,579.5,0
700,23309,2264234,997.2,646.2,991.5,513.5,994.35,579.85,0
700,23310,2264235,997.4,646.8,991.7,513.5,994.55,580.15,0
700,23311,2264236,997.6,647.4,991.9,513.5,994.75,580.45,0
700,23312,2264237,998.0,647.8,992.0,513.5,995.0,580.65,0
700,23313,2264238,998.2,648.2,992.2,513.5,995.2,580.85,0
700,23314,2264239,998.5,648.2,992.2,513.5,995.35,580.85,0
700,23315,2264240,998.8,648.1,992.3,513.4,995.55,580.75,0
700,23316,2264241,999.0,647.5,992.2,513.3,995.6,580.4,0
700,23317,2264242,999.1,646.9,991.9,513.1,995.5,580.0,0
700,23318,2264243,999.2,646.2,991.5,512.9,995.35,579.55,0
700,23319,2264244,999.2,645.5,991.3,512.6,995.25,579.05,0
700,23320,2264245,999.2,644.5,991.0,512.5,995.1,578.5,0
700,23321,2264246,999.2,643.6,990.8,512.3,995.0,577.95,0
700,23322,2264247,999.3,642.7,990.5,512.1,994.9,577.4,0
700,23323,2264248,999.4,642.1,990.2,511.8,994.8,576.95,0
700,23324,2264249,999.5,641.5,990.1,511.5,994.8,576.5,0
700,23325,2264250,999.6,640.6,990.1,511.2,994.85,575.9,0
700,23326,2264251,999.7,639.7,990.0,510.9,994.85,575.3,0
700,23327,2264252,999.8,639.2,989.9,510.5,994.85,574.85,0
700,23328,2264253,999.9,638.7,989.8,510.2,994.85,574.45,0
700,23329,2264254,1000.1,638.4,989.7,510.0,994.9,574.2,0
700,23330,2264255,1000.3,638.2,989.4,509.5,994.85,573.85,0
700,23331,2264256,1000.5,638.1,989.1,509.1,994.8,573.6,0
700,23332,2264257,1000.7,638.2,988.9,508.6,994.8,573.4,0
700,23333,2264258,1001.0,638.2,988.8,508.0,994.9,573.1,0
701,23334,2264259,1001.2,637.9,988.9,507.3,995.05,572.6,0
701,23335,2264260,1001.4,637.1,989.0,506.6,995.2,571.85,0
701,23336,2264261,1001.4,636.1,989.3,505.4,995.35,570.75,0
701,23337,2264262,1001.3,635.0,989.7,504.7,995.5,569.85,0
701,23338,2264263,1001.2,633.9,990.1,503.7,995.65,568.8,0
701,23339,2264264,1001.2,633.0,990.4,502.7,995.8,567.85,0
701,23340,2264265,1001.3,632.2,990.8,501.8,996.05,567.0,0
701,23341,2264266,1001.4,631.8,990.9,500.5,996.15,566.15,0
701,23342,2264267,1001.5,631.8,991.1,499.4,996.3,565.6,0
701,23343,2264268,1001.7,631.9,991.3,498.1,996.5,565.0,0
701,23344,2264269,1001.8,632.1,991.4,496.8,996.6,564.45,0
701,23345,2264270,1001.9,632.3,991.5,495.6,996.7,563.95,0
701,23346,2264271,1002.0,632.3,991.6,494.4,996.8,563.35,0
701,23347,2264272,1002.0,632.1,991.7,492.8,996.85,562.45,0
701,23348,2264273,1001.9,631.9,991.7,491.7,996.8,561.8,0
701,23349,2264274,1001.9,631.7,991.7,490.6,996.8,561.15,0
701,23350,2264275,1001.8,631.4,991.7,489.8,996.75,560.6,0
701,23351,2264276,1001.9,631.1,991.7,489.1,996.8,560.1,0
701,23352,2264277,1001.9,630.8,991.6,488.5,996.75,559.65,0
701,23353,2264278,1002.1,630.6,991.6,487.9,996.85,559.25,0
701,23354,2264279,1002.4,630.5,991.6,487.7,997.0,559.1,0
701,23355,2264280,1002.8,630.4,991.4,487.4,997.1,558.9,0
701,23356,2264281,1003.3,630.4,991.3,487.1,997.3,558.75,0
701,23357,2264282,1003.7,630.5,991.1,486.8,997.4,558.65,0
701,23358,2264283,1004.1,630.5,991.0,486.4,997.55,558.45,0
701,23359,2264284,1004.4,630.7,990.8,486.0,997.6,558.35,0
701,23360,2264285,1004.6,630.9,990.6,485.4,997.6,558.15,0
701,23361,2264286,1004.7,631.1,990.3,484.9,997.5,558.0,0
701,23362,2264287,1004.7,631.5,990.1,484.4,997.4,557.95,0
701,23363,2264288,1004.6,631.9,989.9,483.9,997.25,557.9,0
701,23364,2264289,1004.6,632.3,989.7,483.7,997.15,558.0,0
701,23365,2264290,1004.7,632.8,989.6,483.5,997.15,558.15,0
701,23366,2264291,1004.5,633.5,989.4,483.5,996.95,558.5,0
702,23367,2264292,1004.4,634.2,989.3,483.6,996.85,558.9,0
702,23368,2264293,1004.2,635.2,989.2,483.8,996.7,559.5,0
702,23369,2264294,1004.1,636.2,989.1,484.0,996.6,560.1,0
702,23370,2264295,1003.9,637.2,989.0,484.2,996.45,560.7,0
702,23371,2264296,1003.7,638.4,989.1,484.5,996.4,561.45,0
702,23372,2264297,1003.5,639.5,989.2,485.2,996.35,562.35,0
702,23373,2264298,1003.5,640.3,989.3,486.3,996.4,563.3,0
702,23374,2264299,1003.6,641.1,989.4,487.5,996.5,564.3,0
702,23375,2264300,1003.6,641.7,989.6,489.1,996.6,565.4,0
702,23376,2264301,1003.7,642.1,989.8,490.7,996.75,566.4,0
702,23377,2264302,1003.8,642.4,990.0,492.9,996.9,567.65,0
702,23378,2264303,1003.8,642.7,990.1,495.4,996.95,569.05,0
702,23379,2264304,1003.8,643.0,990.2,497.5,997.0,570.25,0
702,23380,2264305,1003.8,643.4,990.4,499.6,997.1,571.5,0
702,23381,2264306,1003.8,643.6,990.5,501.5,997.15,572.55,0
702,23382,2264307,1003.7,643.7,990.4,503.1,997.05,573.4,0
702,23383,2264308,1003.6,643.4,990.4,504.8,997.0,574.1,0
702,23384,2264309,1003.5,643.1,990.4,505.8,996.95,574.45,0
702,23385,2264310,1003.6,642.8,990.6,506.5,997.1,574.65,0
702,23386,2264311,1003.9,642.4,990.7,507.1,997.3,574.75,0
702,23387,2264312,1004.2,641.4,990.9,507.5,997.55,574.45,0
702,23388,2264313,1004.5,640.4,991.1,508.0,997.8,574.2,0
702,23389,2264314,1004.8,639.4,991.4,508.5,998.1,573.95,0
702,23390,2264315,1005.3,638.5,991.6,509.0,998.45,573.75,0
702,23391,2264316,1005.8,637.4,991.8,509.4,998.8,573.4,0
702,23392,2264317,1006.2,636.3,991.9,509.8,999.05,573.05,0
702,23393,2264318,1006.3,635.2,992.0,510.2,999.15,572.7,0
702,23394,2264319,1006.3,634.4,992.1,510.7,999.2,572.55,0
702,23395,2264320,1006.3,633.7,992.3,511.1,999.3,572.4,0
702,23396,2264321,1006.3,633.0,992.5,511.5,999.4,572.25,0
702,23397,2264322,1006.1,632.4,992.7,511.8,999.4,572.1,0
702,23398,2264323,1005.9,631.9,992.7,512.0,999.3,571.95,0
702,23399,2264324,1005.7,631.5,992.7,511.9,999.2,571.7,0
702,23400,2264325,1005.6,631.0,992.6,511.7,999.1,571.35,0
703,23401,2264326,1005.6,630.8,992.3,511.3,998.95,571.05,0
703,23402,2264327,1005.6,630.8,992.0,510.8,998.8,570.8,0
703,23403,2264328,1005.5,631.0,991.5,510.1,998.5,570.55,0
703,23404,2264329,1005.5,631.3,991.2,509.3,998.35,570.3,0
703,23405,2264330,1005.5,631.6,990.9,507.9,998.2,569.75,0
703,23406,2264331,1005.5,631.7,990.8,506.7,998.15,569.2,0
703,23407,2264332,1005.6,631.8,990.8,505.5,998.2,568.65,0
703,23408,2264333,1005.7,631.8,990.9,503.7,998.3,567.75,0
703,23409,2264334,1005.8,631.6,991.2,501.8,998.5,566.7,0
703,23410,2264335,1005.9,631.3,991.4,500.2,998.65,565.75,0
703,23411,2264336,1006.0,631.0,991.9,498.4,998.95,564.7,0
703,23412,2264337,1006.2,630.8,992.4,497.3,999.3,564.05,0
703,23413,2264338,1006.2,630.8,993.0,496.2,999.6,563.5,0
703,23414,2264339,1006.3,630.8,993.5,494.8,999.9,562.8,0
703,23415,2264340,1006.3,630.9,994.0,494.0,1000.15,562.45,0
703,23416,2264341,1006.3,631.2,994.5,493.3,1000.4,562.25,0
703,23417,2264342,1006.2,631.6,995.0,492.6,1000.6,562.1,0
703,23418,2264343,1006.1,631.9,995.2,492.0,1000.65,561.95,0
703,23419,2264344,1005.9,632.2,995.3,491.3,1000.6,561.75,0
703,23420,2264345,1005.8,632.5,995.3,490.8,1000.55,561.65,0
703,23421,2264346,1005.6,632.9,995.1,489.7,1000.35,561.3,0
703,23422,2264347,1005.4,633.2,994.9,488.7,1000.15,560.95,0
703,23423,2264348,1005.4,633.5,994.7,487.6,1000.05,560.55,0
703,23424,2264349,1005.3,633.8,994.4,486.6,999.85,560.2,0
703,23425,2264350,1005.3,634.2,994.0,485.6,999.65,559.9,0
703,23426,2264351,1005.3,634.6,993.6,484.6,999.45,559.6,0
703,23427,2264352,1005.3,635.1,993.1,483.6,999.2,559.35,0
703,23428,2264353,1005.3,635.8,992.7,483.5,999.0,559.65,0
703,23429,2264354,1005.3,636.5,992.4,483.4,998.85,559.95,0
703,23430,2264355,1005.3,637.1,992.0,483.4,998.65,560.25,0
703,23431,2264356,1005.5,637.6,991.7,483.4,998.6,560.5,0
703,23432,2264357,1005.9,638.5,991.1,483.4,998.5,560.95,0
703,23433,2264358,1006.3,639.3,990.6,483.4,998.45,561.35,0
704,23434,2264359,1006.8,639.9,990.1,483.4,998.45,561.65,0
704,23435,2264360,1007.2,640.3,989.7,483.3,998.45,561.8,0
704,23436,2264361,1007.7,640.8,989.3,483.3,998.5,562.05,0
704,23437,2264362,1008.3,641.1,988.9,483.8,998.6,562.45,0
704,23438,2264363,1008.6,641.1,988.6,484.2,998.6,562.65,0
704,23439,2264364,1008.8,640.7,988.6,484.7,998.7,562.7,0
704,23440,2264365,1008.7,639.8,988.5,485.3,998.6,562.55,0
704,23441,2264366,1008.7,638.9,988.5,486.8,998.6,562.85,0
704,23442,2264367,1008.6,637.9,988.3,488.3,998.45,563.1,0
704,23443,2264368,1008.4,636.9,988.2,489.8,998.3,563.35,0
704,23444,2264369,1008.2,635.9,988.0,491.3,998.1,563.6,0
704,23445,2264370,1008.1,635.1,987.8,492.8,997.95,563.95,0
704,23446,2264371,1007.9,634.3,987.6,494.4,997.75,564.35,0
704,23447,2264372,1007.8,634.0,987.3,496.6,997.55,565.3,0
704,23448,2264373,1007.8,633.5,987.2,498.0,997.5,565.75,0
704,23449,2264374,1007.8,633.0,987.5,499.4,997.65,566.2,0
704,23450,2264375,1007.8,632.3,987.8,501.1,997.8,566.7,0
704,23451,2264376,1007.8,631.6,988.2,502.2,998.0,566.9,0
704,23452,2264377,1007.9,630.8,988.6,503.3,998.25,567.05,0
704,23453,2264378,1007.9,630.0,988.9,504.6,998.4,567.3,0
704,23454,2264379,1007.9,629.2,989.3,505.2,998.6,567.2,0
704,23455,2264380,1008.0,628.5,989.6,505.7,998.8,567.1,0
704,23456,2264381,1008.0,627.9,989.5,506.3,998.75,567.1,0
704,23457,2264382,1008.0,627.4,989.4,506.7,998.7,567.05,0
704,23458,2264383,1008.0,627.1,989.4,507.1,998.7,567.1,0
704,23459,2264384,1008.1,626.9,989.3,507.4,998.7,567.15,0
704,23460,2264385,1008.2,626.7,989.4,507.4,998.8,567.05,0
704,23461,2264386,1008.4,626.6,989.4,507.4,998.9,567.0,0
704,23462,2264387,1008.6,626.5,989.5,507.3,999.05,566.9,0
704,23463,2264388,1008.9,626.4,989.8,507.3,999.35,566.85,0
704,23464,2264389,1009.2,626.4,990.4,507.5,999.8,566.95,0
704,23465,2264390,1009.4,626.3,991.0,507.6,1000.2,566.95,0
704,23466,2264391,1009.5,626.3,991.6,507.8,1000.55,567.05,0
705,23467,2264392,1009.7,626.3,992.1,508.1,1000.9,567.2,0
705,23468,2264393,1009.8,626.2,992.6,508.5,1001.2,567.35,0
705,23469,2264394,1009.9,626.2,993.0,508.8,1001.45,567.5,0
705,23470,2264395,1010.0,626.3,993.3,509.0,1001.65,567.65,0
705,23471,2264396,1010.4,626.4,993.4,508.9,1001.9,567.65,0
705,23472,2264397,1010.7,626.4,993.5,508.8,1002.1,567.6,0
705,23473,2264398,1011.0,626.5,993.6,508.7,1002.3,567.6,0
705,23474,2264399,1011.4,626.7,993.7,508.4,1002.55,567.55,0
705,23475,2264400,1011.7,626.9,993.8,508.1,1002.75,567.5,0
705,23476,2264401,1012.0,627.1,993.9,507.7,1002.95,567.4,0
705,23477,2264402,1012.2,627.3,993.9,507.3,1003.05,567.3,0
705,23478,2264403,1012.2,627.3,993.8,507.1,1003.0,567.2,0
705,23479,2264404,1012.3,627.3,993.7,506.8,1003.0,567.05,0
705,23480,2264405,1012.5,627.3,993.5,506.6,1003.0,566.95,0
705,23481,2264406,1012.6,627.4,993.4,506.4,1003.0,566.9,0
705,23482,2264407,1012.8,627.5,993.1,506.2,1002.95,566.85,0
705,23483,2264408,1013.0,627.7,992.8,506.1,1002.9,566.9,0
705,23484,2264409,1013.2,628.0,992.5,505.8,1002.85,566.9,0
705,23485,2264410,1013.4,628.5,992.4,505.6,1002.9,567.05,0
705,23486,2264411,1013.6,629.0,992.3,505.4,1002.95,567.2,0
705,23487,2264412,1013.7,629.6,992.2,505.2,1002.95,567.4,0
705,23488,2264413,1013.8,630.1,992.0,505.0,1002.9,567.55,0
705,23489,2264414,1013.9,630.6,992.0,504.9,1002.95,567.75,0
705,23490,2264415,1014.1,631.0,991.9,504.7,1003.0,567.85,0
705,23491,2264416,1014.3,631.4,991.8,504.6,1003.05,568.0,0
705,23492,2264417,1014.4,631.7,991.7,504.4,1003.05,568.05,0
705,23493,2264418,1014.5,632.1,991.6,504.1,1003.05,568.1,0
705,23494,2264419,1014.6,632.5,991.5,503.8,1003.05,568.15,0
705,23495,2264420,1014.6,632.9,991.4,503.4,1003.0,568.15,0
705,23496,2264421,1014.6,633.2,991.3,503.0,1002.95,568.1,0
705,23497,2264422,1014.5,633.6,991.4,502.6,1002.95,568.1,0
705,23498,2264423,1014.3,634.1,991.5,502.1,1002.9,568.1,0
705,23499,2264424,1014.1,634.6,991.5,501.6,1002.8,568.1,0
705,23500,2264425,1013.9,634.9,991.6,501.2,1002.75,568.05,0
706,23501,2264426,1013.8,635.3,991.7,500.8,1002.75,568.05,0
706,23502,2264427,1013.7,635.6,991.8,500.4,1002.75,568.0,0
706,23503,2264428,1013.6,635.8,991.9,499.9,1002.75,567.85,0
706,23504,2264429,1013.6,636.0,992.0,499.5,1002.8,567.75,0
706,23505,2264430,1013.7,636.0,991.9,499.3,1002.8,567.65,0
706,23506,2264431,1013.7,636.0,991.9,499.1,1002.8,567.55,0
706,23507,2264432,1013.7,635.9,991.9,498.9,1002.8,567.4,0
706,23508,2264433,1013.7,635.9,991.9,498.8,1002.8,567.35,0
706,23509,2264434,1013.7,636.0,992.0,498.7,1002.85,567.35,0
706,23510,2264435,1013.7,636.0,992.0,498.7,1002.85,567.35,0
706,23511,2264436,1013.6,636.1,992.1,498.4,1002.85,567.25,0
706,23512,2264437,1013.6,636.3,992.2,498.1,1002.9,567.2,0
706,23513,2264438,1013.6,636.5,992.3,497.9,1002.95,567.2,0
706,23514,2264439,1013.5,636.7,992.5,497.6,1003.0,567.15,0
706,23515,2264440,1013.5,636.8,992.6,497.3,1003.05,567.05,0
706,23516,2264441,1013.5,636.7,992.7,497.1,1003.1,566.9,0
706,23517,2264442,1013.5,636.7,992.8,496.7,1003.15,566.7,0
706,23518,2264443,1013.5,636.6,992.9,496.5,1003.2,566.55,0
706,23519,2264444,1013.6,636.4,993.0,496.3,1003.3,566.35,0
706,23520,2264445,1013.6,636.2,993.0,496.1,1003.3,566.15,0
706,23521,2264446,1013.6,636.0,993.0,495.9,1003.3,565.95,0
706,23522,2264447,1013.7,635.8,993.1,495.7,1003.4,565.75,0
706,23523,2264448,1013.7,635.8,993.1,495.5,1003.4,565.65,0
706,23524,2264449,1013.6,635.8,993.2,495.6,1003.4,565.7,0
706,23525,2264450,1013.6,635.8,993.2,495.6,1003.4,565.7,0
706,23526,2264451,1013.5,635.9,993.2,495.6,1003.35,565.75,0
706,23527,2264452,1013.4,636.0,993.3,495.7,1003.35,565.85,0
706,23528,2264453,1013.3,636.1,993.4,495.7,1003.35,565.9,0
706,23529,2264454,1013.2,636.3,993.5,495.8,1003.35,566.05,0
706,23530,2264455,1013.1,636.2,993.7,495.8,1003.4,566.0,0
706,23531,2264456,1012.8,636.1,993.8,495.8,1003.3,565.95,0
706,23532,2264457,1012.5,635.9,993.9,495.8,1003.2,565.85,0
706,23533,2264458,1012.2,635.7,993.9,495.9,1003.05,565.8,0
707,23534,2264459,1011.9,635.6,994.0,495.9,1002.95,565.75,0
707,23535,2264460,1011.7,635.4,994.0,495.9,1002.85,565.65,0
707,23536,2264461,1011.5,635.3,993.9,496.0,1002.7,565.65,0
707,23537,2264462,1011.3,635.3,993.8,496.0,1002.55,565.65,0
707,23538,2264463,1011.3,635.3,993.8,496.0,1002.55,565.65,0
707,23539,2264464,1011.4,635.3,993.8,495.9,1002.6,565.6,0
707,23540,2264465,1011.4,635.3,993.9,495.9,1002.65,565.6,0
707,23541,2264466,1011.5,635.3,993.9,495.9,1002.7,565.6,0
707,23542,2264467,1011.6,635.2,993.9,495.8,1002.75,565.5,0
707,23543,2264468,1011.6,635.0,994.0,495.8,1002.8,565.4,0
707,23544,2264469,1011.6,634.9,994.0,495.6,1002.8,565.25,0
707,23545,2264470,1011.6,634.6,993.9,495.5,1002.75,565.05,0
707,23546,2264471,1011.6,634.2,993.8,495.4,1002.7,564.8,0
707,23547,2264472,1011.6,633.7,993.7,495.3,1002.65,564.5,0
707,23548,2264473,1011.7,633.3,993.4,495.1,1002.55,564.2,0
707,23549,2264474,1011.8,633.0,993.1,494.8,1002.45,563.9,0
707,23550,2264475,1011.9,632.7,992.9,494.6,1002.4,563.65,0
707,23551,2264476,1012.0,632.4,992.8,494.6,1002.4,563.5,0
707,23552,2264477,1012.1,632.3,992.7,494.7,1002.4,563.5,0
707,23553,2264478,1012.2,632.4,992.7,494.9,1002.45,563.65,0
707,23554,2264479,1012.3,632.2,992.6,495.1,1002.45,563.65,0
707,23555,2264480,1012.3,632.1,992.7,495.3,1002.5,563.7,0
707,23556,2264481,1012.4,632.0,992.6,495.9,1002.5,563.95,0
707,23557,2264482,1012.4,631.8,992.5,496.4,1002.45,564.1,0
707,23558,2264483,1012.5,631.4,992.2,497.1,1002.35,564.25,0
707,23559,2264484,1012.5,630.7,991.8,497.7,1002.15,564.2,0
707,23560,2264485,1012.6,630.0,991.5,498.3,1002.05,564.15,0
707,23561,2264486,1012.6,629.5,991.2,498.9,1001.9,564.2,0
707,23562,2264487,1012.7,629.1,991.0,499.5,1001.85,564.3,0
707,23563,2264488,1012.8,628.7,990.9,499.9,1001.85,564.3,0
707,23564,2264489,1012.8,628.4,990.8,500.3,1001.8,564.35,0
707,23565,2264490,1012.8,628.0,990.9,500.3,1001.85,564.15,0
707,23566,2264491,1012.9,627.9,990.9,500.2,1001.9,564.05,0
708,23567,2264492,1012.9,627.5,991.0,500.1,1001.95,563.8,0
708,23568,2264493,1012.9,627.1,991.0,500.0,1001.95,563.55,0
708,23569,2264494,1012.9,626.5,990.9,499.9,1001.9,563.2,0
708,23570,2264495,1012.9,625.9,990.8,499.8,1001.85,562.85,0
708,23571,2264496,1012.9,625.4,990.7,499.7,1001.8,562.55,0
708,23572,2264497,1012.9,625.0,990.4,499.6,1001.65,562.3,0
708,23573,2264498,1012.9,624.5,990.2,499.6,1001.55,562.05,0
708,23574,2264499,1013.0,624.4,990.0,499.6,1001.5,562.0,0
708,23575,2264500,1013.0,624.3,989.7,499.9,1001.35,562.1,0
708,23576,2264501,1013.0,624.2,989.5,500.2,1001.25,562.2,0
708,23577,2264502,1013.0,624.2,989.3,500.6,1001.15,562.4,0
708,23578,2264503,1013.0,624.1,989.1,501.0,1001.05,562.55,0
708,23579,2264504,1012.9,624.1,988.9,501.5,1000.9,562.8,0
708,23580,2264505,1012.8,624.1,988.9,502.0,1000.85,563.05,0
708,23581,2264506,1012.7,624.1,988.9,502.7,1000.8,563.4,0
708,23582,2264507,1012.6,624.2,988.9,503.3,1000.75,563.75,0
708,23583,2264508,1012.5,624.1,989.0,503.9,1000.75,564.0,0
708,23584,2264509,1012.4,624.0,989.1,504.4,1000.75,564.2,0
708,23585,2264510,1012.3,623.8,989.1,505.1,1000.7,564.45,0
708,23586,2264511,1012.2,623.6,989.2,505.7,1000.7,564.65,0
708,23587,2264512,1012.1,623.4,989.1,506.6,1000.6,565.0,0
708,23588,2264513,1012.0,623.3,989.1,507.2,1000.55,565.25,0
708,23589,2264514,1011.8,623.1,989.2,507.7,1000.5,565.4,0
708,23590,2264515,1011.6,623.1,989.2,508.3,1000.4,565.7,0
708,23591,2264516,1011.3,623.1,989.2,508.8,1000.25,565.95,0
708,23592,2264517,1011.1,623.2,989.3,509.1,1000.2,566.15,0
708,23593,2264518,1010.9,623.4,989.5,509.5,1000.2,566.45,0
708,23594,2264519,1010.6,623.5,989.7,509.6,1000.15,566.55,0
708,23595,2264520,1010.3,623.6,989.9,509.6,1000.1,566.6,0
708,23596,2264521,1010.0,623.7,990.1,509.7,1000.05,566.7,0
708,23597,2264522,1009.7,623.5,990.2,509.7,999.95,566.6,0
708,23598,2264523,1009.5,623.3,990.4,509.9,999.95,566.6,0
708,23599,2264524,1009.3,623.1,990.5,510.1,999.9,566.6,0
708,23600,2264525,1009.2,622.9,990.6,510.4,999.9,566.65,0
709,23601,2264526,1009.1,622.7,990.5,510.8,999.8,566.75,0
709,23602,2264527,1009.1,622.5,990.4,511.2,999.75,566.85,0
709,23603,2264528,1009.1,622.3,990.3,511.7,999.7,567.0,0
709,23604,2264529,1009.2,622.3,990.2,512.1,999.7,567.2,0
709,23605,2264530,1009.3,622.2,990.1,512.5,999.7,567.35,0
709,23606,2264531,1009.3,622.2,990.0,512.9,999.65,567.55,0
709,23607,2264532,1009.4,622.3,990.0,513.1,999.7,567.7,0
709,23608,2264533,1009.4,622.4,990.0,513.1,999.7,567.75,0
709,23609,2264534,1009.4,622.5,990.1,513.0,999.75,567.75,0
709,23610,2264535,1009.5,622.8,990.2,512.8,999.85,567.8,0
709,23611,2264536,1009.5,623.1,990.4,512.6,999.95,567.85,0
709,23612,2264537,1009.5,623.4,990.5,512.4,1000.0,567.9,0
709,23613,2264538,1009.5,623.6,990.7,512.2,1000.1,567.9,0
709,23614,2264539,1009.4,623.7,990.8,512.0,1000.1,567.85,0
709,23615,2264540,1009.4,623.9,991.0,511.9,1000.2,567.9,0
709,23616,2264541,1009.4,624.0,991.3,511.8,1000.35,567.9,0
709,23617,2264542,1009.3,623.9,991.4,511.8,1000.35,567.85,0
709,23618,2264543,1009.3,623.8,991.6,511.8,1000.45,567.8,0
709,23619,2264544,1009.2,623.8,991.8,511.7,1000.5,567.75,0
709,23620,2264545,1008.9,623.7,992.0,511.7,1000.45,567.7,0
709,23621,2264546,1008.7,623.8,992.2,511.6,1000.45,567.7,0
709,23622,2264547,1008.5,623.9,992.3,511.6,1000.4,567.75,0
709,23623,2264548,1008.3,624.0,992.4,511.6,1000.35,567.8,0
709,23624,2264549,1008.1,624.3,992.4,511.6,1000.25,567.95,0
709,23625,2264550,1007.9,624.6,992.4,511.6,1000.15,568.1,0
709,23626,2264551,1007.8,625.1,992.5,511.6,1000.15,568.35,0
709,23627,2264552,1007.8,625.5,992.5,511.7,1000.15,568.6,0
709,23628,2264553,1007.9,625.9,992.5,511.8,1000.2,568.85,0
709,23629,2264554,1007.9,626.3,992.5,511.9,1000.2,569.1,0
709,23630,2264555,1007.8,626.7,992.6,511.9,1000.2,569.3,0
709,23631,2264556,1007.7,626.9,992.5,511.6,1000.1,569.25,0
709,23632,2264557,1007.6,627.1,992.5,511.2,1000.05,569.15,0
709,23633,2264558,1007.4,627.0,992.3,510.9,999.85,568.95,0
710,23634,2264559,1007.1,626.8,992.2,510.4,999.65,568.6,0
710,23635,2264560,1006.9,626.7,992.0,509.6,999.45,568.15,0
710,23636,2264561,1006.8,626.6,991.8,508.9,999.3,567.75,0
710,23637,2264562,1006.7,626.4,991.5,508.3,999.1,567.35,0
710,23638,2264563,1006.6,626.3,991.1,507.9,998.85,567.1,0
710,23639,2264564,1006.5,626.2,990.7,507.6,998.6,566.9,0
710,23640,2264565,1006.6,626.3,990.4,507.3,998.5,566.8,0
710,23641,2264566,1006.7,626.4,990.1,507.1,998.4,566.75,0
710,23642,2264567,1006.9,626.4,989.7,507.2,998.3,566.8,0
710,23643,2264568,1007.1,626.4,989.2,507.3,998.15,566.85,0
710,23644,2264569,1007.3,626.4,988.7,507.3,998.0,566.85,0
710,23645,2264570,1007.5,626.3,988.3,507.3,997.9,566.8,0
710,23646,2264571,1007.6,626.2,988.0,507.3,997.8,566.75,0
710,23647,2264572,1007.3,626.1,987.2,507.2,997.25,566.65,0
710,23648,2264573,1007.0,626.0,986.5,507.1,996.75,566.55,0
710,23649,2264574,1006.6,625.9,985.9,506.9,996.25,566.4,0
710,23650,2264575,1006.2,625.9,985.4,506.8,995.8,566.35,0
710,23651,2264576,1005.8,625.9,984.9,506.6,995.35,566.25,0
710,23652,2264577,1005.4,625.9,984.4,506.5,994.9,566.2,0
710,23653,2264578,1005.1,625.9,983.9,506.1,994.5,566.0,0
710,23654,2264579,1005.0,625.6,983.8,505.8,994.4,565.7,0
710,23655,2264580,1005.0,625.4,983.7,505.4,994.35,565.4,0
710,23656,2264581,1005.0,625.1,983.6,505.1,994.3,565.1,0
710,23657,2264582,1005.1,624.8,983.5,504.5,994.3,564.65,0
710,23658,2264583,1005.2,624.5,983.4,504.0,994.3,564.25,0
710,23659,2264584,1005.2,624.1,983.0,503.4,994.1,563.75,0
710,23660,2264585,1005.2,623.9,982.4,503.0,993.8,563.45,0
710,23661,2264586,1005.2,623.8,981.9,502.6,993.55,563.2,0
710,23662,2264587,1004.9,623.8,981.3,502.1,993.1,562.95,0
710,23663,2264588,1004.6,623.8,980.8,501.8,992.7,562.8,0
710,23664,2264589,1004.3,623.8,980.4,501.7,992.35,562.75,0
710,23665,2264590,1003.7,623.8,980.1,501.6,991.9,562.7,0
710,23666,2264591,1003.1,623.5,980.0,501.5,991.55,562.5,0
711,23667,2264592,1002.5,623.3,980.2,501.5,991.35,562.4,0
711,23668,2264593,1002.3,623.2,980.3,501.4,991.3,562.3,0
711,23669,2264594,1002.3,623.0,980.7,501.3,991.5,562.15,0
711,23670,2264595,1002.2,622.7,981.1,501.1,991.65,561.9,0
711,23671,2264596,1002.2,622.4,981.4,500.8,991.8,561.6,0
711,23672,2264597,1002.4,622.2,981.7,500.5,992.05,561.35,0
711,23673,2264598,1002.6,622.1,982.0,500.2,992.3,561.15,0
711,23674,2264599,1002.8,622.0,982.3,500.1,992.55,561.05,0
711,23675,2264600,1002.8,621.9,982.6,500.0,992.7,560.95,0
711,23676,2264601,1002.8,621.8,982.7,500.0,992.75,560.9,0
711,23677,2264602,1002.5,621.7,983.0,500.0,992.75,560.85,0
711,23678,2264603,1002.2,621.8,983.2,500.1,992.7,560.95,0
711,23679,2264604,1002.0,621.8,983.5,500.1,992.75,560.95,0
711,23680,2264605,1001.8,622.0,983.8,500.2,992.8,561.1,0
711,23681,2264606,1001.7,622.1,984.1,500.2,992.9,561.15,0
711,23682,2264607,1001.6,622.3,984.4,500.1,993.0,561.2,0
711,23683,2264608,1001.5,622.5,984.8,500.1,993.15,561.3,0
711,23684,2264609,1001.6,622.7,985.5,499.9,993.55,561.3,0
711,23685,2264610,1001.6,622.9,986.2,499.8,993.9,561.35,0
711,23686,2264611,1001.6,622.8,986.9,499.5,994.25,561.15,0
711,23687,2264612,1001.7,622.7,987.7,499.1,994.7,560.9,0
711,23688,2264613,1001.7,622.6,988.3,498.7,995.0,560.65,0
711,23689,2264614,1001.8,622.5,988.8,498.2,995.3,560.35,0
711,23690,2264615,1001.9,622.3,989.2,497.7,995.55,560.0,0
711,23691,2264616,1001.9,622.2,989.0,497.2,995.45,559.7,0
711,23692,2264617,1001.9,622.3,988.8,496.8,995.35,559.55,0
711,23693,2264618,1001.9,622.4,988.5,496.4,995.2,559.4,0
711,23694,2264619,1001.9,622.6,988.3,496.0,995.1,559.3,0
711,23695,2264620,1001.9,622.7,988.0,495.7,994.95,559.2,0
711,23696,2264621,1001.7,622.8,987.8,495.3,994.75,559.05,0
711,23697,2264622,1001.6,622.9,987.5,494.8,994.55,558.85,0
711,23698,2264623,1001.7,623.0,987.3,494.4,994.5,558.7,0
711,23699,2264624,1001.7,623.0,987.0,494.0,994.35,558.5,0
711,23700,2264625,1001.7,622.9,986.7,493.6,994.2,558.25,0
712,23701,2264626,1001.6,622.8,986.4,493.2,994.0,558.0,0
712,23702,2264627,1001.5,622.7,985.9,492.9,993.7,557.8,0
712,23703,2264628,1001.5,622.7,985.4,492.8,993.45,557.75,0
712,23704,2264629,1001.3,622.6,985.0,492.7,993.15,557.65,0
712,23705,2264630,1001.1,622.6,984.4,492.5,992.75,557.55,0
712,23706,2264631,1001.0,622.5,983.6,492.2,992.3,557.35,0
712,23707,2264632,1000.9,622.5,982.8,491.8,991.85,557.15,0
712,23708,2264633,1000.9,622.5,982.0,491.3,991.45,556.9,0
712,23709,2264634,1000.9,622.5,981.2,490.9,991.05,556.7,0
712,23710,2264635,1001.0,622.4,980.5,490.5,990.75,556.45,0
712,23711,2264636,1001.1,622.4,979.9,490.2,990.5,556.3,0
712,23712,2264637,1001.2,622.3,979.6,490.0,990.4,556.15,0
712,23713,2264638,1001.3,622.2,979.5,489.9,990.4,556.05,0
712,23714,2264639,1001.3,622.1,979.3,490.0,990.3,556.05,0
712,23715,2264640,1001.1,622.0,979.1,490.2,990.1,556.1,0
712,23716,2264641,1000.9,621.8,979.1,490.3,990.0,556.05,0
712,23717,2264642,1000.7,621.7,979.1,490.3,989.9,556.0,0
712,23718,2264643,1000.4,621.7,979.1,490.2,989.75,555.95,0
712,23719,2264644,1000.2,621.7,979.0,489.8,989.6,555.75,0
712,23720,2264645,999.9,621.7,979.0,489.4,989.45,555.55,0
712,23721,2264646,999.5,621.8,979.1,489.1,989.3,555.45,0
712,23722,2264647,999.3,621.9,979.3,488.9,989.3,555.4,0
712,23723,2264648,999.1,622.0,979.5,488.7,989.3,555.35,0
712,23724,2264649,998.9,622.1,979.8,488.7,989.35,555.4,0
712,23725,2264650,998.6,622.1,980.0,488.7,989.3,555.4,0
712,23726,2264651,998.4,622.0,980.1,488.9,989.25,555.45,0
712,23727,2264652,998.2,621.9,980.2,489.2,989.2,555.55,0
712,23728,2264653,998.2,621.8,980.3,489.4,989.25,555.6,0
712,23729,2264654,998.1,621.6,980.4,489.5,989.25,555.55,0
712,23730,2264655,998.0,621.5,980.6,489.6,989.3,555.55,0
712,23731,2264656,997.9,621.3,980.8,489.7,989.35,555.5,0
712,23732,2264657,997.9,621.2,981.1,489.8,989.5,555.5,0
712,23733,2264658,997.8,621.0,981.3,489.6,989.55,555.3,0
713,23734,2264659,997.8,620.9,981.5,489.4,989.65,555.15,0
713,23735,2264660,997.9,620.7,981.8,489.1,989.85,554.9,0
713,23736,2264661,998.1,620.6,981.9,488.8,990.0,554.7,0
713,23737,2264662,998.2,620.5,982.0,488.3,990.1,554.4,0
713,23738,2264663,998.4,620.3,982.1,488.0,990.25,554.15,0
713,23739,2264664,998.6,620.2,982.2,487.6,990.4,553.9,0
713,23740,2264665,998.8,620.0,982.3,487.5,990.55,553.75,0
713,23741,2264666,999.0,620.0,982.5,487.4,990.75,553.7,0
713,23742,2264667,999.0,620.0,982.7,487.6,990.85,553.8,0
713,23743,2264668,999.0,620.0,982.9,487.7,990.95,553.85,0
713,23744,2264669,999.0,620.2,983.1,488.1,991.05,554.15,0
713,23745,2264670,999.0,620.5,983.3,488.6,991.15,554.55,0
713,23746,2264671,999.0,620.9,983.4,489.0,991.2,554.95,0
713,23747,2264672,999.0,621.3,983.5,489.3,991.25,555.3,0
713,23748,2264673,999.0,621.5,983.5,489.6,991.25,555.55,0
713,23749,2264674,999.0,621.7,983.5,489.9,991.25,555.8,0
713,23750,2264675,998.9,621.9,983.6,490.1,991.25,556.0,0
713,23751,2264676,998.9,622.0,983.6,490.6,991.25,556.3,0
713,23752,2264677,998.7,622.0,983.6,491.0,991.15,556.5,0
713,23753,2264678,998.6,621.9,983.6,491.4,991.1,556.65,0
713,23754,2264679,998.5,621.8,983.5,491.9,991.0,556.85,0
713,23755,2264680,998.4,621.8,983.4,492.3,990.9,557.05,0
713,23756,2264681,998.4,621.8,983.0,492.7,990.7,557.25,0
713,23757,2264682,998.3,621.8,982.6,493.2,990.45,557.5,0
713,23758,2264683,998.3,621.8,982.2,493.4,990.25,557.6,0
713,23759,2264684,998.3,621.8,981.8,493.6,990.05,557.7,0
713,23760,2264685,998.2,621.8,981.4,493.9,989.8,557.85,0
713,23761,2264686,998.2,621.9,981.1,494.1,989.65,558.0,0
713,23762,2264687,998.2,622.1,980.9,494.3,989.55,558.2,0
713,23763,2264688,998.1,622.3,980.8,494.6,989.45,558.45,0
713,23764,2264689,998.1,622.7,980.7,494.6,989.4,558.65,0
713,23765,2264690,998.1,623.1,980.6,494.5,989.35,558.8,0
713,23766,2264691,998.1,623.6,980.5,494.6,989.3,559.1,0
714,23767,2264692,998.1,624.0,980.3,494.7,989.2,559.35,0
714,23768,2264693,998.0,624.3,980.2,494.8,989.1,559.55,0
714,23769,2264694,997.9,624.5,980.0,495.2,988.95,559.85,0
714,23770,2264695,997.7,624.8,979.8,495.5,988.75,560.15,0
714,23771,2264696,997.6,624.7,979.6,495.8,988.6,560.25,0
714,23772,2264697,997.6,624.6,979.4,496.4,988.5,560.5,0
714,23773,2264698,997.7,624.6,979.2,496.7,988.45,560.65,0
714,23774,2264699,997.7,624.7,979.1,497.0,988.4,560.85,0
714,23775,2264700,997.7,624.8,978.9,497.3,988.3,561.05,0
714,23776,2264701,997.6,625.0,978.8,497.4,988.2,561.2,0
714,23777,2264702,997.4,625.3,978.8,497.6,988.1,561.45,0
714,23778,2264703,997.3,625.6,978.7,497.8,988.0,561.7,0
714,23779,2264704,996.9,626.0,978.7,497.8,987.8,561.9,0
714,23780,2264705,996.6,626.4,978.6,497.8,987.6,562.1,0
714,23781,2264706,996.3,626.7,978.5,497.8,987.4,562.25,0
714,23782,2264707,996.1,627.0,978.5,497.8,987.3,562.4,0
714,23783,2264708,996.1,627.3,978.5,497.8,987.3,562.55,0
714,23784,2264709,996.2,627.7,978.4,497.7,987.3,562.7,0
714,23785,2264710,996.3,628.0,978.4,497.5,987.35,562.75,0
714,23786,2264711,996.4,628.3,978.4,497.4,987.4,562.85,0
714,23787,2264712,996.6,628.5,978.5,497.2,987.55,562.85,0
714,23788,2264713,996.7,628.8,978.5,497.1,987.6,562.95,0
714,23789,2264714,996.8,629.1,978.5,497.1,987.65,563.1,0
714,23790,2264715,996.9,629.6,978.5,496.9,987.7,563.25,0
714,23791,2264716,996.8,629.9,978.5,496.9,987.65,563.4,0
714,23792,2264717,996.7,630.6,978.5,496.8,987.6,563.7,0
714,23793,2264718,996.6,631.2,978.6,496.6,987.6,563.9,0
714,23794,2264719,996.5,631.8,978.8,496.5,987.65,564.15,0
714,23795,2264720,996.4,632.4,978.9,496.4,987.65,564.4,0
714,23796,2264721,996.4,633.0,979.1,496.2,987.75,564.6,0
714,23797,2264722,996.4,633.5,979.2,496.2,987.8,564.85,0
714,23798,2264723,996.5,634.0,979.3,496.2,987.9,565.1,0
714,23799,2264724,996.5,634.2,979.4,496.0,987.95,565.1,0
714,23800,2264725,996.5,634.4,979.4,495.9,987.95,565.15,0
715,23801,2264726,996.6,634.6,979.4,495.3,988.0,564.95,0
715,23802,2264727,996.6,635.0,979.5,494.8,988.05,564.9,0
715,23803,2264728,996.6,635.4,979.5,494.1,988.05,564.75,0
715,23804,2264729,996.4,635.7,979.6,493.4,988.0,564.55,0
715,23805,2264730,996.2,636.0,979.6,492.7,987.9,564.35,0
715,23806,2264731,996.0,636.4,979.7,492.0,987.85,564.2,0
715,23807,2264732,995.8,636.7,979.8,491.4,987.8,564.05,0
715,23808,2264733,995.6,637.1,980.0,491.2,987.8,564.15,0
715,23809,2264734,995.5,637.3,980.2,491.1,987.85,564.2,0
715,23810,2264735,995.5,637.4,980.4,491.1,987.95,564.25,0
715,23811,2264736,995.8,637.5,981.2,491.2,988.5,564.35,0
715,23812,2264737,996.4,637.6,982.5,491.8,989.45,564.7,0
715,23813,2264738,997.3,638.0,984.2,492.5,990.75,565.25,0
715,23814,2264739,998.9,638.3,986.8,493.5,992.85,565.9,0
715,23815,2264740,1001.5,639.1,990.0,494.8,995.75,566.95,0
715,23816,2264741,1005.4,640.2,993.4,496.5,999.4,568.35,0
715,23817,2264742,1010.7,641.4,998.0,498.8,1004.35,570.1,0
715,23818,2264743,1017.3,643.0,1003.1,502.1,1010.2,572.55,0
715,23819,2264744,1025.0,644.7,1009.1,505.0,1017.05,574.85,0
715,23820,2264745,1034.4,646.3,1016.4,507.9,1025.4,577.1,0
715,23821,2264746,1044.6,648.0,1024.2,511.4,1034.4,579.7,0
715,23822,2264747,1055.2,649.1,1033.1,515.1,1044.15,582.1,0
715,23823,2264748,1066.2,650.7,1043.5,519.3,1054.85,585.0,0
715,23824,2264749,1077.0,652.2,1054.1,523.8,1065.55,588.0,0
715,23825,2264750,1087.1,653.3,1063.8,527.2,1075.45,590.25,0
715,23826,2264751,1096.1,655.9,1072.3,531.4,1084.2,593.65,0
715,23827,2264752,1103.3,658.2,1078.9,536.0,1091.1,597.1,0
715,23828,2264753,1108.9,661.4,1084.1,540.0,1096.5,600.7,0
715,23829,2264754,1112.8,665.0,1086.7,544.7,1099.75,604.85,0
715,23830,2264755,1114.8,668.4,1086.8,549.1,1100.8,608.75,0
715,23831,2264756,1114.7,672.8,1084.8,552.9,1099.75,612.85,0
715,23832,2264757,1113.4,677.1,1081.5,556.7,1097.45,616.9,0
715,23833,2264758,1111.1,680.2,1077.6,560.2,1094.35,620.2,0
716,23834,2264759,1108.4,683.3,1073.6,563.1,1091.0,623.2,0
716,23835,2264760,1105.6,685.6,1069.5,566.1,1087.55,625.85,0
716,23836,2264761,1103.1,687.3,1066.1,567.7,1084.6,627.5,0
716,23837,2264762,1100.6,688.4,1063.4,568.7,1082.0,628.55,0
716,23838,2264763,1098.9,688.1,1061.5,569.2,1080.2,628.65,0
716,23839,2264764,1097.5,687.7,1060.5,568.9,1079.0,628.3,0
716,23840,2264765,1096.4,686.6,1060.2,567.4,1078.3,627.0,0
716,23841,2264766,1095.8,685.0,1060.5,565.2,1078.15,625.1,0
716,23842,2264767,1095.2,683.4,1061.0,562.7,1078.1,623.05,0
716,23843,2264768,1094.4,681.8,1061.8,560.0,1078.1,620.9,0
716,23844,2264769,1093.7,680.0,1062.6,557.4,1078.15,618.7,0
716,23845,2264770,1093.1,678.6,1063.3,554.9,1078.2,616.75,0
716,23846,2264771,1092.3,676.9,1063.9,552.7,1078.1,614.8,0
716,23847,2264772,1091.8,675.9,1064.3,551.1,1078.05,613.5,0
716,23848,2264773,1090.9,675.3,1064.0,550.0,1077.45,612.65,0
716,23849,2264774,1090.1,674.7,1063.7,549.2,1076.9,611.95,0
716,23850,2264775,1089.5,674.3,1063.2,548.5,1076.35,611.4,0
716,23851,2264776,1089.0,674.3,1062.6,547.8,1075.8,611.05,0
716,23852,2264777,1088.5,674.3,1062.1,547.0,1075.3,610.65,0
716,23853,2264778,1088.2,674.4,1061.5,546.9,1074.85,610.65,0
716,23854,2264779,1087.9,674.6,1061.2,547.0,1074.55,610.8,0
716,23855,2264780,1087.9,674.7,1061.2,547.2,1074.55,610.95,0
716,23856,2264781,1088.0,674.8,1061.2,547.4,1074.6,611.1,0
716,23857,2264782,1088.2,674.9,1061.1,547.7,1074.65,611.3,0
716,23858,2264783,1088.3,675.1,1061.0,548.0,1074.65,611.55,0
716,23859,2264784,1088.7,675.2,1060.9,548.3,1074.8,611.75,0
716,23860,2264785,1089.0,675.3,1060.9,548.6,1074.95,611.95,0
716,23861,2264786,1089.4,675.3,1060.8,548.7,1075.1,612.0,0
716,23862,2264787,1089.7,675.3,1060.7,548.7,1075.2,612.0,0
716,23863,2264788,1090.1,675.4,1060.7,548.6,1075.4,612.0,0
716,23864,2264789,1090.4,675.5,1060.6,548.6,1075.5,612.05,0
716,23865,2264790,1090.7,675.4,1060.5,548.6,1075.6,612.0,0
716,23866,2264791,1090.9,675.3,1060.5,548.5,1075.7,611.9,0
717,23867,2264792,1091.1,675.0,1060.4,548.5,1075.75,611.75,0
717,23868,2264793,1091.2,674.8,1060.4,548.4,1075.8,611.6,0
717,23869,2264794,1091.3,674.5,1060.3,548.3,1075.8,611.4,0
717,23870,2264795,1091.2,674.2,1060.2,548.2,1075.7,611.2,0
717,23871,2264796,1091.2,673.9,1060.2,548.1,1075.7,611.0,0
717,23872,2264797,1091.0,673.1,1060.2,547.9,1075.6,610.5,0
717,23873,2264798,1090.8,672.4,1060.3,547.7,1075.55,610.05,0
717,23874,2264799,1090.6,672.0,1060.5,547.6,1075.55,609.8,0
717,23875,2264800,1090.5,671.5,1060.6,547.5,1075.55,609.5,0
717,23876,2264801,1090.3,670.9,1060.9,547.5,1075.6,609.2,0
717,23877,2264802,1090.3,670.3,1061.2,547.6,1075.75,608.95,0
717,23878,2264803,1090.2,669.6,1061.6,547.7,1075.9,608.65,0
717,23879,2264804,1090.3,669.4,1061.9,548.0,1076.1,608.7,0
717,23880,2264805,1090.3,669.3,1062.1,548.3,1076.2,608.8,0
717,23881,2264806,1090.4,669.1,1062.4,548.5,1076.4,608.8,0
717,23882,2264807,1090.4,668.9,1062.6,548.8,1076.5,608.85,0
717,23883,2264808,1090.4,668.7,1062.7,549.1,1076.55,608.9,0
717,23884,2264809,1090.5,668.4,1062.7,549.3,1076.6,608.85,0
717,23885,2264810,1090.5,668.1,1062.8,549.8,1076.65,608.95,0
717,23886,2264811,1090.4,667.7,1062.8,550.1,1076.6,608.9,0
717,23887,2264812,1090.4,667.4,1062.7,550.5,1076.55,608.95,0
717,23888,2264813,1090.4,667.0,1062.7,550.9,1076.55,608.95,0
717,23889,2264814,1090.4,666.6,1062.8,551.2,1076.6,608.9,0
717,23890,2264815,1090.4,666.2,1062.9,551.4,1076.65,608.8,0
717,23891,2264816,1090.4,666.0,1063.0,551.6,1076.7,608.8,0
717,23892,2264817,1090.4,665.9,1063.1,551.7,1076.75,608.8,0
717,23893,2264818,1090.2,665.8,1063.2,551.6,1076.7,608.7,0
717,23894,2264819,1090.1,665.7,1063.4,551.5,1076.75,608.6,0
717,23895,2264820,1090.0,665.6,1063.5,551.3,1076.75,608.45,0
717,23896,2264821,1090.0,665.5,1063.6,551.1,1076.8,608.3,0
717,23897,2264822,1090.0,665.4,1063.6,550.9,1076.8,608.15,0
717,23898,2264823,1090.0,665.3,1063.6,550.8,1076.8,608.05,0
717,23899,2264824,1089.9,665.0,1063.7,550.8,1076.8,607.9,0
717,23900,2264825,1090.0,664.6,1063.6,551.3,1076.8,607.95,0
718,23901,2264826,1090.2,664.2,1063.7,552.0,1076.95,608.1,0
718,23902,2264827,1090.2,663.7,1063.7,552.7,1076.95,608.2,0
718,23903,2264828,1090.1,663.2,1063.8,553.4,1076.95,608.3,0
718,23904,2264829,1089.9,662.7,1064.0,554.1,1076.95,608.4,0
718,23905,2264830,1089.8,662.4,1064.2,554.7,1077.0,608.55,0
718,23906,2264831,1089.6,662.1,1064.3,555.2,1076.95,608.65,0
718,23907,2264832,1089.4,662.0,1064.5,555.2,1076.95,608.6,0
718,23908,2264833,1089.2,661.8,1064.6,555.1,1076.9,608.45,0
718,23909,2264834,1089.1,661.7,1064.7,554.7,1076.9,608.2,0
718,23910,2264835,1088.9,661.4,1064.5,554.4,1076.7,607.9,0
718,23911,2264836,1088.9,661.2,1064.3,554.1,1076.6,607.65,0
718,23912,2264837,1088.9,661.0,1064.1,553.9,1076.5,607.45,0
718,23913,2264838,1088.9,660.7,1063.8,553.8,1076.35,607.25,0
718,23914,2264839,1089.0,660.5,1063.5,553.8,1076.25,607.15,0
718,23915,2264840,1089.0,660.2,1063.1,554.1,1076.05,607.15,0
718,23916,2264841,1089.1,659.9,1062.6,554.8,1075.85,607.35,0
718,23917,2264842,1089.2,659.8,1062.2,555.6,1075.7,607.7,0
718,23918,2264843,1089.2,659.7,1061.9,556.3,1075.55,608.0,0
718,23919,2264844,1089.1,659.7,1061.6,557.0,1075.35,608.35,0
718,23920,2264845,1089.0,659.6,1061.4,557.5,1075.2,608.55,0
718,23921,2264846,1088.8,659.6,1061.3,557.9,1075.05,608.75,0
718,23922,2264847,1088.6,659.5,1061.3,558.0,1074.95,608.75,0
718,23923,2264848,1088.5,659.5,1061.0,557.9,1074.75,608.7,0
718,23924,2264849,1088.3,659.4,1060.7,557.9,1074.5,608.65,0
718,23925,2264850,1088.2,659.3,1060.4,557.8,1074.3,608.55,0
718,23926,2264851,1088.0,659.3,1060.0,557.7,1074.0,608.5,0
718,23927,2264852,1088.0,659.2,1059.6,557.6,1073.8,608.4,0
718,23928,2264853,1088.0,659.1,1059.2,557.7,1073.6,608.4,0
718,23929,2264854,1087.9,659.2,1058.8,557.7,1073.35,608.45,0
718,23930,2264855,1087.9,659.3,1058.5,557.7,1073.2,608.5,0
718,23931,2264856,1087.8,659.4,1058.3,558.3,1073.05,608.85,0
718,23932,2264857,1087.9,659.5,1058.0,558.9,1072.95,609.2,0
718,23933,2264858,1087.9,659.6,1057.9,559.5,1072.9,609.55,0
719,23934,2264859,1088.0,659.7,1057.7,560.0,1072.85,609.85,0
719,23935,2264860,1088.1,659.8,1057.5,560.5,1072.8,610.15,0
719,23936,2264861,1088.2,659.8,1057.4,561.1,1072.8,610.45,0
719,23937,2264862,1088.3,659.8,1057.3,561.7,1072.8,610.75,0
719,23938,2264863,1088.5,659.9,1057.3,561.7,1072.9,610.8,0
719,23939,2264864,1088.7,660.2,1057.2,561.8,1072.95,611.0,0
719,23940,2264865,1088.9,660.4,1057.2,561.7,1073.05,611.05,0
719,23941,2264866,1089.0,660.7,1057.3,561.7,1073.15,611.2,0
719,23942,2264867,1089.2,661.4,1057.4,561.7,1073.3,611.55,0
719,23943,2264868,1089.3,662.1,1057.7,561.7,1073.5,611.9,0
719,23944,2264869,1089.3,662.7,1058.0,561.6,1073.65,612.15,0
719,23945,2264870,1089.4,663.3,1058.5,561.6,1073.95,612.45,0
719,23946,2264871,1089.4,663.7,1058.9,561.8,1074.15,612.75,0
719,23947,2264872,1089.4,664.1,1059.4,562.1,1074.4,613.1,0
719,23948,2264873,1089.4,664.5,1059.8,562.4,1074.6,613.45,0
719,23949,2264874,1089.4,664.6,1060.3,562.7,1074.85,613.65,0
719,23950,2264875,1089.5,664.7,1060.7,563.0,1075.1,613.85,0
719,23951,2264876,1089.5,664.8,1061.2,563.2,1075.35,614.0,0
719,23952,2264877,1089.5,664.9,1061.7,563.4,1075.6,614.15,0
719,23953,2264878,1089.6,665.0,1062.2,563.2,1075.9,614.1,0
719,23954,2264879,1089.6,665.1,1062.6,563.1,1076.1,614.1,0
719,23955,2264880,1089.7,665.3,1063.1,562.9,1076.4,614.1,0
719,23956,2264881,1089.8,665.5,1063.4,562.9,1076.6,614.2,0
719,23957,2264882,1089.8,665.8,1063.7,562.9,1076.75,614.35,0
719,23958,2264883,1089.9,666.1,1063.9,563.1,1076.9,614.6,0
719,23959,2264884,1089.9,666.5,1064.0,563.4,1076.95,614.95,0
719,23960,2264885,1089.8,666.9,1064.1,563.6,1076.95,615.25,0
719,23961,2264886,1089.7,667.4,1064.2,563.9,1076.95,615.65,0
719,23962,2264887,1089.7,667.6,1064.3,564.1,1077.0,615.85,0
719,23963,2264888,1089.7,667.9,1064.3,564.2,1077.0,616.05,0
719,23964,2264889,1089.6,668.1,1064.3,564.3,1076.95,616.2,0
719,23965,2264890,1089.6,668.4,1064.1,564.3,1076.85,616.35,0
719,23966,2264891,1089.5,668.7,1064.0,564.2,1076.75,616.45,0
720,23967,2264892,1089.4,668.9,1063.5,564.2,1076.45,616.55,0
720,23968,2264893,1089.2,669.4,1063.0,564.2,1076.1,616.8,0
720,23969,2264894,1088.9,669.8,1062.4,564.4,1075.65,617.1,0
720,23970,2264895,1088.7,670.3,1061.8,564.6,1075.25,617.45,0
720,23971,2264896,1088.5,670.9,1061.1,564.9,1074.8,617.9,0
720,23972,2264897,1088.4,671.7,1060.5,565.1,1074.45,618.4,0
720,23973,2264898,1088.5,672.5,1059.9,565.4,1074.2,618.95,0
720,23974,2264899,1088.6,673.2,1059.5,565.6,1074.05,619.4,0
720,23975,2264900,1088.8,673.7,1059.0,565.7,1073.9,619.7,0
720,23976,2264901,1088.9,674.1,1058.6,565.7,1073.75,619.9,0
720,23977,2264902,1088.9,674.5,1058.2,565.7,1073.55,620.1,0
720,23978,2264903,1088.6,674.7,1057.8,565.6,1073.2,620.15,0
720,23979,2264904,1088.2,674.6,1057.5,565.5,1072.85,620.05,0
720,23980,2264905,1087.8,674.2,1057.3,565.5,1072.55,619.85,0
720,23981,2264906,1087.5,673.9,1057.2,565.5,1072.35,619.7,0
720,23982,2264907,1087.2,673.5,1057.1,565.6,1072.15,619.55,0
720,23983,2264908,1087.0,673.1,1057.0,565.8,1072.0,619.45,0
720,23984,2264909,1086.8,672.8,1057.3,566.0,1072.05,619.4,0
720,23985,2264910,1086.9,672.4,1057.6,566.2,1072.25,619.3,0
720,23986,2264911,1086.9,672.1,1057.9,566.3,1072.4,619.2,0
720,23987,2264912,1087.0,672.2,1058.2,566.5,1072.6,619.35,0
720,23988,2264913,1087.0,672.3,1058.5,566.6,1072.75,619.45,0
720,23989,2264914,1087.0,672.3,1058.7,566.6,1072.85,619.45,0
720,23990,2264915,1086.9,672.3,1058.9,566.6,1072.9,619.45,0
720,23991,2264916,1086.7,672.4,1058.9,566.6,1072.8,619.5,0
720,23992,2264917,1086.5,672.5,1059.4,566.6,1072.95,619.55,0
720,23993,2264918,1086.4,672.6,1059.8,566.7,1073.1,619.65,0
720,23994,2264919,1086.2,672.7,1060.2,566.7,1073.2,619.7,0
720,23995,2264920,1086.1,672.9,1060.5,566.6,1073.3,619.75,0
720,23996,2264921,1086.0,673.2,1060.8,566.4,1073.4,619.8,0
720,23997,2264922,1086.0,673.4,1061.1,566.3,1073.55,619.85,0
720,23998,2264923,1086.1,673.6,1061.4,566.2,1073.75,619.9,0
720,23999,2264924,1086.3,673.6,1061.3,566.4,1073.8,620.0,0
720,24000,2264925,1086.4,673.5,1061.2,566.7,1073.8,620.1,0
721,24001,2264926,1086.4,673.2,1061.0,567.0,1073.7,620.1,0
721,24002,2264927,1086.2,672.8,1060.9,567.4,1073.55,620.1,0
721,24003,2264928,1085.9,672.3,1060.8,567.7,1073.35,620.0,0
721,24004,2264929,1085.6,671.7,1060.7,567.8,1073.15,619.75,0
721,24005,2264930,1085.3,671.2,1060.6,568.0,1072.95,619.6,0
721,24006,2264931,1084.9,670.7,1060.5,567.7,1072.7,619.2,0
721,24007,2264932,1084.5,670.4,1060.2,567.4,1072.35,618.9,0
721,24008,2264933,1084.2,670.1,1059.8,567.1,1072.0,618.6,0
721,24009,2264934,1084.2,669.8,1059.4,566.8,1071.8,618.3,0
721,24010,2264935,1084.2,669.5,1059.0,566.6,1071.6,618.05,0
721,24011,2264936,1084.2,669.2,1058.6,566.4,1071.4,617.8,0
721,24012,2264937,1084.4,668.9,1058.1,566.3,1071.25,617.6,0
721,24013,2264938,1084.6,668.6,1057.7,566.1,1071.15,617.35,0
721,24014,2264939,1084.8,668.3,1057.3,566.0,1071.05,617.15,0
721,24015,2264940,1085.0,667.9,1057.1,565.8,1071.05,616.85,0
721,24016,2264941,1085.3,667.4,1056.9,565.7,1071.1,616.55,0
721,24017,2264942,1085.7,667.0,1056.6,565.7,1071.15,616.35,0
721,24018,2264943,1086.0,666.7,1056.4,565.8,1071.2,616.25,0
721,24019,2264944,1086.2,666.3,1056.1,565.9,1071.15,616.1,0
721,24020,2264945,1086.3,665.8,1056.0,566.1,1071.15,615.95,0
721,24021,2264946,1086.4,665.3,1055.9,566.3,1071.15,615.8,0
721,24022,2264947,1086.5,664.9,1056.0,566.5,1071.25,615.7,0
721,24023,2264948,1086.4,664.6,1056.2,566.7,1071.3,615.65,0
721,24024,2264949,1086.2,664.4,1056.4,566.8,1071.3,615.6,0
721,24025,2264950,1086.0,664.1,1056.8,566.9,1071.4,615.5,0
721,24026,2264951,1085.9,663.7,1057.2,567.0,1071.55,615.35,0
721,24027,2264952,1085.8,663.5,1057.5,567.1,1071.65,615.3,0
721,24028,2264953,1085.8,663.3,1057.9,567.1,1071.85,615.2,0
721,24029,2264954,1085.8,663.2,1058.0,567.1,1071.9,615.15,0
721,24030,2264955,1085.8,663.0,1058.2,567.1,1072.0,615.05,0
721,24031,2264956,1085.7,662.9,1058.4,567.1,1072.05,615.0,0
721,24032,2264957,1085.7,662.7,1058.4,567.0,1072.05,614.85,0
721,24033,2264958,1085.6,662.5,1058.4,567.0,1072.0,614.75,0
722,24034,2264959,1085.5,662.3,1058.4,567.2,1071.95,614.75,0
722,24035,2264960,1085.4,662.1,1058.4,567.5,1071.9,614.8,0
722,24036,2264961,1085.2,662.0,1058.3,567.8,1071.75,614.9,0
722,24037,2264962,1085.1,661.8,1058.3,568.5,1071.7,615.15,0
722,24038,2264963,1085.0,661.6,1058.1,569.5,1071.55,615.55,0
722,24039,2264964,1084.9,661.5,1058.0,570.5,1071.45,616.0,0
722,24040,2264965,1084.7,661.3,1057.8,571.3,1071.25,616.3,0
722,24041,2264966,1084.6,661.0,1057.6,572.0,1071.1,616.5,0
722,24042,2264967,1084.4,660.7,1057.5,572.6,1070.95,616.65,0
722,24043,2264968,1084.3,660.5,1057.4,573.2,1070.85,616.85,0
722,24044,2264969,1084.2,660.2,1057.3,573.5,1070.75,616.85,0
722,24045,2264970,1084.2,660.0,1057.1,573.2,1070.65,616.6,0
722,24046,2264971,1084.4,659.9,1056.9,572.9,1070.65,616.4,0
722,24047,2264972,1084.5,659.9,1056.2,572.6,1070.35,616.25,0
722,24048,2264973,1084.6,660.0,1055.5,572.4,1070.05,616.2,0
722,24049,2264974,1084.8,660.1,1054.8,572.3,1069.8,616.2,0
722,24050,2264975,1084.9,660.2,1054.2,572.2,1069.55,616.2,0
722,24051,2264976,1084.9,660.4,1053.6,572.2,1069.25,616.3,0
722,24052,2264977,1084.9,660.5,1053.2,572.5,1069.05,616.5,0
722,24053,2264978,1084.9,660.6,1052.7,572.8,1068.8,616.7,0
722,24054,2264979,1084.9,660.6,1052.8,573.1,1068.85,616.85,0
722,24055,2264980,1084.9,660.7,1052.8,573.4,1068.85,617.05,0
722,24056,2264981,1084.9,660.7,1052.6,573.6,1068.75,617.15,0
722,24057,2264982,1084.8,660.8,1052.5,573.9,1068.65,617.35,0
722,24058,2264983,1084.7,661.0,1052.4,574.0,1068.55,617.5,0
722,24059,2264984,1084.6,661.3,1052.3,574.1,1068.45,617.7,0
722,24060,2264985,1084.5,661.6,1052.2,574.2,1068.35,617.9,0
722,24061,2264986,1084.3,662.0,1052.1,574.2,1068.2,618.1,0
722,24062,2264987,1084.2,662.6,1052.1,574.1,1068.15,618.35,0
722,24063,2264988,1084.0,663.1,1052.2,574.0,1068.1,618.55,0
722,24064,2264989,1083.8,663.6,1052.4,573.9,1068.1,618.75,0
722,24065,2264990,1083.7,664.1,1052.8,573.8,1068.25,618.95,0
722,24066,2264991,1083.6,664.5,1053.1,573.7,1068.35,619.1,0
723,24067,2264992,1083.5,664.9,1053.4,573.7,1068.45,619.3,0
723,24068,2264993,1083.4,665.3,1053.7,573.8,1068.55,619.55,0
723,24069,2264994,1083.4,665.5,1054.0,574.0,1068.7,619.75,0
723,24070,2264995,1083.4,665.7,1054.2,574.5,1068.8,620.1,0
723,24071,2264996,1083.4,665.9,1054.3,575.0,1068.85,620.45,0
723,24072,2264997,1083.5,666.1,1054.2,575.5,1068.85,620.8,0
723,24073,2264998,1083.5,666.3,1054.2,576.0,1068.85,621.15,0
723,24074,2264999,1083.5,666.5,1054.2,576.2,1068.85,621.35,0
723,24075,2265000,1083.5,666.5,1054.2,576.3,1068.85,621.4,0
723,24076,2265001,1083.5,666.9,1054.2,576.3,1068.85,621.6,0
723,24077,2265002,1083.5,667.3,1054.2,576.0,1068.85,621.65,0
723,24078,2265003,1083.5,667.6,1054.3,575.7,1068.9,621.65,0
723,24079,2265004,1083.6,667.9,1054.3,575.5,1068.95,621.7,0
723,24080,2265005,1083.7,668.2,1054.2,575.3,1068.95,621.75,0
723,24081,2265006,1083.8,668.5,1054.1,575.4,1068.95,621.95,0
723,24082,2265007,1083.9,668.9,1053.9,575.5,1068.9,622.2,0
723,24083,2265008,1084.0,669.1,1053.8,575.6,1068.9,622.35,0
723,24084,2265009,1084.1,669.3,1053.6,575.7,1068.85,622.5,0
723,24085,2265010,1084.0,669.5,1053.5,575.7,1068.75,622.6,0
723,24086,2265011,1084.0,669.8,1053.3,575.8,1068.65,622.8,0
723,24087,2265012,1083.9,670.4,1053.3,575.9,1068.6,623.15,0
723,24088,2265013,1083.7,670.9,1053.3,576.0,1068.5,623.45,0
723,24089,2265014,1083.6,671.4,1053.3,576.1,1068.45,623.75,0
723,24090,2265015,1083.4,671.8,1053.1,576.3,1068.25,624.05,0
723,24091,2265016,1083.3,672.4,1052.9,576.3,1068.1,624.35,0
723,24092,2265017,1083.2,672.8,1052.6,576.4,1067.9,624.6,0
723,24093,2265018,1083.2,673.2,1052.3,576.4,1067.75,624.8,0
723,24094,2265019,1083.1,673.5,1052.0,576.5,1067.55,625.0,0
723,24095,2265020,1083.2,673.7,1051.7,576.6,1067.45,625.15,0
723,24096,2265021,1083.2,673.9,1051.5,576.7,1067.35,625.3,0
723,24097,2265022,1083.3,674.1,1051.4,576.7,1067.35,625.4,0
723,24098,2265023,1083.3,674.1,1051.5,576.6,1067.4,625.35,0
723,24099,2265024,1083.2,674.1,1051.5,576.5,1067.35,625.3,0
723,24100,2265025,1083.1,674.2,1051.5,576.4,1067.3,625.3,0
724,24101,2265026,1083.0,674.2,1051.5,576.3,1067.25,625.25,0
724,24102,2265027,1082.7,674.3,1051.3,576.1,1067.0,625.2,0
724,24103,2265028,1082.4,674.4,1051.0,575.9,1066.7,625.15,0
724,24104,2265029,1082.1,674.5,1050.6,575.8,1066.35,625.15,0
724,24105,2265030,1081.9,674.5,1050.3,575.8,1066.1,625.15,0
724,24106,2265031,1081.7,674.6,1050.1,575.8,1065.9,625.2,0
724,24107,2265032,1081.6,674.5,1049.9,575.9,1065.75,625.2,0
724,24108,2265033,1081.5,674.3,1049.8,576.1,1065.65,625.2,0
724,24109,2265034,1081.5,674.2,1050.0,576.3,1065.75,625.25,0
724,24110,2265035,1081.5,674.0,1050.2,576.6,1065.85,625.3,0
724,24111,2265036,1081.5,673.9,1050.4,576.9,1065.95,625.4,0
724,24112,2265037,1081.7,673.8,1050.5,577.3,1066.1,625.55,0
724,24113,2265038,1081.9,673.8,1050.6,577.6,1066.25,625.7,0
724,24114,2265039,1082.1,673.9,1050.7,577.9,1066.4,625.9,0
724,24115,2265040,1082.3,674.0,1050.6,577.6,1066.45,625.8,0
724,24116,2265041,1082.5,674.2,1050.5,577.3,1066.5,625.75,0
724,24117,2265042,1082.5,674.3,1050.4,577.0,1066.45,625.65,0
724,24118,2265043,1082.4,674.3,1050.2,576.7,1066.3,625.5,0
724,24119,2265044,1082.1,674.3,1050.0,576.3,1066.05,625.3,0
724,24120,2265045,1081.8,674.2,1049.8,576.0,1065.8,625.1,0
724,24121,2265046,1081.5,674.2,1049.7,575.7,1065.6,624.95,0
724,24122,2265047,1081.2,674.1,1049.6,575.9,1065.4,625.0,0
724,24123,2265048,1081.0,674.2,1049.5,576.0,1065.25,625.1,0
724,24124,2265049,1081.0,674.4,1049.5,576.3,1065.25,625.35,0
724,24125,2265050,1081.1,674.7,1049.4,576.6,1065.25,625.65,0
724,24126,2265051,1081.2,675.0,1049.4,576.8,1065.3,625.9,0
724,24127,2265052,1081.3,675.4,1049.3,577.2,1065.3,626.3,0
724,24128,2265053,1081.5,675.8,1049.2,577.5,1065.35,626.65,0
724,24129,2265054,1081.6,676.1,1049.1,577.7,1065.35,626.9,0
724,24130,2265055,1081.8,676.3,1048.9,577.9,1065.35,627.1,0
724,24131,2265056,1081.9,676.4,1048.6,577.9,1065.25,627.15,0
724,24132,2265057,1081.9,676.4,1048.4,577.9,1065.15,627.15,0
724,24133,2265058,1081.8,676.3,1048.2,577.9,1065.0,627.1,0
725,24134,2265059,1081.8,676.3,1047.9,577.8,1064.85,627.05,0
725,24135,2265060,1081.6,676.2,1047.5,577.7,1064.55,626.95,0
725,24136,2265061,1081.4,676.0,1047.2,577.7,1064.3,626.85,0
725,24137,2265062,1081.1,675.9,1046.8,577.8,1063.95,626.85,0
725,24138,2265063,1080.9,675.8,1046.5,577.8,1063.7,626.8,0
725,24139,2265064,1080.6,675.8,1046.3,577.8,1063.45,626.8,0
725,24140,2265065,1080.4,675.7,1046.1,577.7,1063.25,626.7,0
725,24141,2265066,1080.1,675.6,1046.2,577.6,1063.15,626.6,0
725,24142,2265067,1080.0,675.7,1046.3,577.5,1063.15,626.6,0
725,24143,2265068,1079.9,675.8,1046.5,577.3,1063.2,626.55,0
725,24144,2265069,1080.0,675.8,1046.6,576.8,1063.3,626.3,0
725,24145,2265070,1080.1,675.8,1046.5,576.4,1063.3,626.1,0
725,24146,2265071,1080.4,675.7,1046.4,576.0,1063.4,625.85,0
725,24147,2265072,1080.7,675.7,1046.3,575.8,1063.5,625.75,0
725,24148,2265073,1080.9,675.7,1046.1,575.7,1063.5,625.7,0
725,24149,2265074,1081.2,675.5,1045.8,575.7,1063.5,625.6,0
725,24150,2265075,1081.4,675.4,1045.5,575.7,1063.45,625.55,0
725,24151,2265076,1081.5,675.3,1045.2,576.0,1063.35,625.65,0
725,24152,2265077,1081.5,675.2,1045.1,576.3,1063.3,625.75,0
725,24153,2265078,1081.5,675.0,1044.9,577.0,1063.2,626.0,0
725,24154,2265079,1081.3,674.8,1045.1,577.5,1063.2,626.15,0
725,24155,2265080,1081.1,674.6,1045.3,578.1,1063.2,626.35,0
725,24156,2265081,1080.9,674.2,1045.6,578.6,1063.25,626.4,0
725,24157,2265082,1080.6,673.8,1045.8,579.1,1063.2,626.45,0
725,24158,2265083,1080.2,673.2,1046.1,579.4,1063.15,626.3,0
725,24159,2265084,1079.8,672.7,1046.4,579.7,1063.1,626.2,0
725,24160,2265085,1079.3,672.2,1046.7,579.1,1063.0,625.65,0
725,24161,2265086,1078.9,671.7,1046.8,578.5,1062.85,625.1,0
725,24162,2265087,1078.5,671.2,1046.8,577.8,1062.65,624.5,0
725,24163,2265088,1078.1,671.0,1046.9,577.2,1062.5,624.1,0
725,24164,2265089,1077.6,670.7,1046.9,576.7,1062.25,623.7,0
725,24165,2265090,1077.2,670.6,1046.7,576.2,1061.95,623.4,0
725,24166,2265091,1076.6,670.3,1046.4,576.0,1061.5,623.15,0
726,24167,2265092,1076.1,670.1,1046.1,576.1,1061.1,623.1,0
726,24168,2265093,1075.7,669.8,1045.7,576.4,1060.7,623.1,0
726,24169,2265094,1075.2,669.5,1045.3,576.7,1060.25,623.1,0
726,24170,2265095,1074.9,669.0,1044.9,576.9,1059.9,622.95,0
726,24171,2265096,1074.9,668.5,1044.6,577.2,1059.75,622.85,0
726,24172,2265097,1074.9,668.0,1044.7,577.3,1059.8,622.65,0
726,24173,2265098,1075.2,667.7,1044.8,577.3,1060.0,622.5,0
726,24174,2265099,1075.4,667.3,1045.0,577.1,1060.2,622.2,0
726,24175,2265100,1075.6,666.9,1045.1,577.1,1060.35,622.0,0
726,24176,2265101,1075.7,666.6,1045.3,577.1,1060.5,621.85,0
726,24177,2265102,1075.7,666.5,1045.5,577.1,1060.6,621.8,0
726,24178,2265103,1075.4,666.5,1045.6,577.1,1060.5,621.8,0
726,24179,2265104,1075.1,666.5,1045.6,577.4,1060.35,621.95,0
726,24180,2265105,1074.8,666.4,1045.6,577.7,1060.2,622.05,0
726,24181,2265106,1074.5,666.5,1045.5,578.0,1060.0,622.25,0
726,24182,2265107,1074.2,666.5,1045.5,578.3,1059.85,622.4,0
726,24183,2265108,1074.1,666.6,1045.6,578.6,1059.85,622.6,0
726,24184,2265109,1073.9,666.6,1045.7,578.9,1059.8,622.75,0
726,24185,2265110,1073.9,666.7,1045.7,579.2,1059.8,622.95,0
726,24186,2265111,1074.0,666.8,1045.6,579.3,1059.8,623.05,0
726,24187,2265112,1074.2,667.0,1045.5,579.4,1059.85,623.2,0
726,24188,2265113,1074.4,667.2,1045.3,579.4,1059.85,623.3,0
726,24189,2265114,1074.7,667.4,1045.0,579.2,1059.85,623.3,0
726,24190,2265115,1074.9,667.5,1044.7,579.0,1059.8,623.25,0
726,24191,2265116,1075.0,667.6,1044.3,578.8,1059.65,623.2,0
726,24192,2265117,1074.9,667.7,1043.9,578.5,1059.4,623.1,0
726,24193,2265118,1074.6,667.7,1043.6,578.2,1059.1,622.95,0
726,24194,2265119,1074.2,667.7,1043.2,578.1,1058.7,622.9,0
726,24195,2265120,1073.6,667.6,1043.0,578.0,1058.3,622.8,0
726,24196,2265121,1073.0,667.5,1042.7,578.0,1057.85,622.75,0
726,24197,2265122,1072.4,667.4,1042.5,577.9,1057.45,622.65,0
726,24198,2265123,1071.8,667.3,1042.2,577.8,1057.0,622.55,0
726,24199,2265124,1071.6,667.1,1042.1,577.4,1056.85,622.25,0
726,24200,2265125,1071.4,666.8,1042.0,577.0,1056.7,621.9,0
727,24201,2265126,1071.3,666.6,1042.1,576.6,1056.7,621.6,0
727,24202,2265127,1071.2,666.2,1042.5,576.2,1056.85,621.2,0
727,24203,2265128,1071.2,665.9,1043.2,575.8,1057.2,620.85,0
727,24204,2265129,1071.2,665.5,1043.8,575.4,1057.5,620.45,0
727,24205,2265130,1071.1,665.2,1044.5,575.2,1057.8,620.2,0
727,24206,2265131,1071.1,665.0,1045.1,575.4,1058.1,620.2,0
727,24207,2265132,1071.0,664.9,1045.7,575.6,1058.35,620.25,0
727,24208,2265133,1070.9,664.7,1046.2,575.8,1058.55,620.25,0
727,24209,2265134,1070.7,664.7,1046.3,576.1,1058.5,620.4,0
727,24210,2265135,1070.6,664.6,1046.0,576.3,1058.3,620.45,0
727,24211,2265136,1070.5,664.6,1045.7,576.5,1058.1,620.55,0
727,24212,2265137,1070.5,664.6,1045.2,576.4,1057.85,620.5,0
727,24213,2265138,1070.4,664.5,1044.6,576.1,1057.5,620.3,0
727,24214,2265139,1070.4,664.5,1043.9,575.8,1057.15,620.15,0
727,24215,2265140,1070.4,664.6,1043.0,575.4,1056.7,620.0,0
727,24216,2265141,1070.3,664.6,1042.3,575.0,1056.3,619.8,0
727,24217,2265142,1069.8,664.7,1041.5,574.6,1055.65,619.65,0
727,24218,2265143,1069.3,664.9,1040.7,573.9,1055.0,619.4,0
727,24219,2265144,1068.8,665.0,1040.2,573.3,1054.5,619.15,0
727,24220,2265145,1068.3,665.2,1039.9,572.8,1054.1,619.0,0
727,24221,2265146,1067.8,665.4,1039.8,572.1,1053.8,618.75,0
727,24222,2265147,1067.3,665.5,1040.0,571.4,1053.65,618.45,0
727,24223,2265148,1067.0,665.7,1040.3,570.7,1053.65,618.2,0
727,24224,2265149,1066.9,665.7,1040.7,569.7,1053.8,617.7,0
727,24225,2265150,1066.8,665.7,1041.0,569.0,1053.9,617.35,0
727,24226,2265151,1066.8,665.7,1041.1,568.3,1053.95,617.0,0
727,24227,2265152,1066.7,665.9,1041.2,567.8,1053.95,616.85,0
727,24228,2265153,1066.8,666.1,1041.1,567.5,1053.95,616.8,0
727,24229,2265154,1066.8,666.4,1041.0,567.1,1053.9,616.75,0
727,24230,2265155,1066.8,666.7,1040.5,566.9,1053.65,616.8,0
727,24231,2265156,1066.8,667.0,1040.1,566.7,1053.45,616.85,0
727,24232,2265157,1066.8,667.3,1039.5,566.6,1053.15,616.95,0
727,24233,2265158,1066.7,667.7,1039.1,566.5,1052.9,617.1,0
728,24234,2265159,1066.7,667.9,1038.5,566.5,1052.6,617.2,0
728,24235,2265160,1066.6,668.1,1037.9,566.4,1052.25,617.25,0
728,24236,2265161,1066.6,668.4,1037.1,566.4,1051.85,617.4,0
728,24237,2265162,1066.6,668.8,1036.5,566.5,1051.55,617.65,0
728,24238,2265163,1066.7,669.3,1035.8,566.5,1051.25,617.9,0
728,24239,2265164,1066.6,669.7,1035.3,566.5,1050.95,618.1,0
728,24240,2265165,1066.6,670.1,1034.8,566.5,1050.7,618.3,0
728,24241,2265166,1066.5,670.4,1034.7,566.5,1050.6,618.45,0
728,24242,2265167,1066.3,670.6,1034.8,566.5,1050.55,618.55,0
728,24243,2265168,1065.8,670.8,1035.4,566.6,1050.6,618.7,0
728,24244,2265169,1065.3,670.9,1036.0,566.6,1050.65,618.75,0
728,24245,2265170,1064.9,671.0,1036.7,566.7,1050.8,618.85,0
728,24246,2265171,1064.5,671.1,1037.5,566.6,1051.0,618.85,0
728,24247,2265172,1064.1,671.3,1038.3,566.4,1051.2,618.85,0
728,24248,2265173,1063.8,671.5,1038.9,566.2,1051.35,618.85,0
728,24249,2265174,1063.8,672.0,1039.3,566.0,1051.55,619.0,0
728,24250,2265175,1063.9,672.4,1038.9,565.8,1051.4,619.1,0
728,24251,2265176,1064.0,672.9,1038.4,565.6,1051.2,619.25,0
728,24252,2265177,1064.2,673.4,1038.0,565.5,1051.1,619.45,0
728,24253,2265178,1064.3,673.9,1037.3,565.5,1050.8,619.7,0
728,24254,2265179,1064.5,674.5,1036.6,565.4,1050.55,619.95,0
728,24255,2265180,1064.5,675.0,1035.9,565.5,1050.2,620.25,0
728,24256,2265181,1064.6,675.5,1034.8,565.5,1049.7,620.5,0
728,24257,2265182,1064.6,676.0,1034.1,565.4,1049.35,620.7,0
728,24258,2265183,1064.5,676.3,1033.4,565.2,1048.95,620.75,0
728,24259,2265184,1064.5,676.6,1032.8,565.0,1048.65,620.8,0
728,24260,2265185,1064.4,676.8,1032.2,564.8,1048.3,620.8,0
728,24261,2265186,1064.2,676.9,1031.8,564.6,1048.0,620.75,0
728,24262,2265187,1064.0,677.0,1031.4,564.4,1047.7,620.7,0
728,24263,2265188,1063.7,677.2,1031.7,564.3,1047.7,620.75,0
728,24264,2265189,1063.3,677.4,1031.9,564.2,1047.6,620.8,0
728,24265,2265190,1063.0,677.6,1032.5,564.1,1047.75,620.85,0
728,24266,2265191,1062.6,677.9,1033.1,564.0,1047.85,620.95,0
729,24267,2265192,1062.3,678.3,1033.8,564.0,1048.05,621.15,0
729,24268,2265193,1062.0,678.8,1034.7,563.9,1048.35,621.35,0
729,24269,2265194,1061.8,679.1,1035.6,563.9,1048.7,621.5,0
729,24270,2265195,1061.7,679.4,1036.2,564.0,1048.95,621.7,0
729,24271,2265196,1061.6,679.7,1036.7,564.1,1049.15,621.9,0
729,24272,2265197,1061.6,680.0,1036.9,564.3,1049.25,622.15,0
729,24273,2265198,1061.6,680.1,1036.9,564.6,1049.25,622.35,0
729,24274,2265199,1061.5,680.3,1036.9,564.8,1049.2,622.55,0
729,24275,2265200,1061.5,680.9,1036.6,565.1,1049.05,623.0,0
729,24276,2265201,1061.4,681.5,1036.3,565.3,1048.85,623.4,0
729,24277,2265202,1061.3,682.0,1035.7,565.4,1048.5,623.7,0
729,24278,2265203,1061.0,682.5,1034.7,565.9,1047.85,624.2,0
729,24279,2265204,1060.4,683.2,1034.0,566.5,1047.2,624.85,0
729,24280,2265205,1059.1,683.8,1033.3,567.0,1046.2,625.4,0
729,24281,2265206,1057.2,684.7,1031.6,567.6,1044.4,626.15,0
729,24282,2265207,1054.1,685.6,1029.0,568.2,1041.55,626.9,0
729,24283,2265208,1049.6,686.6,1025.2,568.9,1037.4,627.75,0
729,24284,2265209,1044.0,687.9,1020.0,570.4,1032.0,629.15,0
729,24285,2265210,1036.5,689.5,1013.6,571.3,1025.05,630.4,0
729,24286,2265211,1028.0,691.4,1005.7,572.5,1016.85,631.95,0
729,24287,2265212,1018.9,693.7,997.0,574.7,1007.95,634.2,0
729,24288,2265213,1009.2,696.7,988.0,577.1,998.6,636.9,0
729,24289,2265214,1000.5,699.5,978.8,579.9,989.65,639.7,0
729,24290,2265215,991.9,702.2,970.1,583.3,981.0,642.75,0
729,24291,2265216,983.6,704.7,962.1,586.2,972.85,645.45,0
729,24292,2265217,977.5,706.9,955.5,589.3,966.5,648.1,0
729,24293,2265218,972.8,708.8,950.2,593.1,961.5,650.95,0
729,24294,2265219,969.5,710.2,945.9,596.1,957.7,653.15,0
729,24295,2265220,968.2,710.5,942.8,599.5,955.5,655.0,0
729,24296,2265221,967.5,710.8,941.8,603.0,954.65,656.9,0
729,24297,2265222,969.0,710.9,942.0,605.9,955.5,658.4,0
729,24298,2265223,971.8,710.8,943.8,608.5,957.8,659.65,0
729,24299,2265224,974.7,710.7,946.5,610.7,960.6,660.7,0
729,24300,2265225,978.0,710.2,949.8,611.9,963.9,661.05,0
730,24301,2265226,981.5,709.0,953.1,612.8,967.3,660.9,0
730,24302,2265227,984.1,707.7,956.4,612.9,970.25,660.3,0
730,24303,2265228,986.4,706.2,958.8,612.5,972.6,659.35,0
730,24304,2265229,987.9,704.6,960.5,611.5,974.2,658.05,0
730,24305,2265230,988.6,702.7,961.9,610.5,975.25,656.6,0
730,24306,2265231,988.3,700.9,962.6,609.2,975.45,655.05,0
730,24307,2265232,987.4,699.4,961.8,608.1,974.6,653.75,0
730,24308,2265233,986.3,698.3,961.0,607.1,973.65,652.7,0
730,24309,2265234,985.2,697.3,960.1,605.4,972.65,651.35,0
730,24310,2265235,984.1,695.9,959.3,603.8,971.7,649.85,0
730,24311,2265236,983.0,694.7,958.5,602.6,970.75,648.65,0
730,24312,2265237,982.2,693.9,957.8,601.4,970.0,647.65,0
730,24313,2265238,982.2,693.0,957.3,600.6,969.75,646.8,0
730,24314,2265239,982.4,692.1,957.8,599.8,970.1,645.95,0
730,24315,2265240,982.6,691.2,958.4,599.0,970.5,645.1,0
730,24316,2265241,982.9,690.4,959.1,598.7,971.0,644.55,0
730,24317,2265242,983.3,689.8,959.8,598.4,971.55,644.1,0
730,24318,2265243,983.7,688.9,960.4,598.2,972.05,643.55,0
730,24319,2265244,983.9,688.0,960.9,598.1,972.4,643.05,0
730,24320,2265245,984.2,687.3,961.1,597.9,972.65,642.6,0
730,24321,2265246,984.3,686.7,960.8,597.8,972.55,642.25,0
730,24322,2265247,984.3,686.2,960.5,597.7,972.4,641.95,0
730,24323,2265248,983.9,686.0,960.1,597.7,972.0,641.85,0
730,24324,2265249,983.5,686.1,959.7,597.7,971.6,641.9,0
730,24325,2265250,983.1,686.5,959.4,597.6,971.25,642.05,0
730,24326,2265251,982.7,687.2,959.1,596.8,970.9,642.0,0
730,24327,2265252,982.3,687.9,958.9,596.1,970.6,642.0,0
730,24328,2265253,981.9,688.4,959.1,595.2,970.5,641.8,0
730,24329,2265254,981.8,689.0,959.4,593.8,970.6,641.4,0
730,24330,2265255,981.9,689.6,959.7,592.4,970.8,641.0,0
730,24331,2265256,982.0,690.4,960.0,591.0,971.0,640.7,0
730,24332,2265257,982.1,691.2,960.8,589.7,971.45,640.45,0
730,24333,2265258,982.4,691.7,961.5,589.0,971.95,640.35,0
731,24334,2265259,982.7,692.1,962.2,588.3,972.45,640.2,0
731,24335,2265260,983.0,692.9,962.7,587.8,972.85,640.35,0
731,24336,2265261,983.3,693.6,963.2,587.9,973.25,640.75,0
731,24337,2265262,983.6,694.3,963.6,588.0,973.6,641.15,0
731,24338,2265263,983.8,694.6,964.0,588.1,973.9,641.35,0
731,24339,2265264,983.8,695.0,963.8,588.0,973.8,641.5,0
731,24340,2265265,983.7,695.6,963.6,588.0,973.65,641.8,0
731,24341,2265266,983.6,696.9,963.5,587.9,973.55,642.4,0
731,24342,2265267,983.5,697.9,963.5,587.9,973.5,642.9,0
731,24343,2265268,983.4,699.5,963.5,587.7,973.45,643.6,0
731,24344,2265269,983.3,701.1,963.5,587.4,973.4,644.25,0
731,24345,2265270,983.2,702.6,963.7,587.2,973.45,644.9,0
731,24346,2265271,983.2,704.2,963.8,586.2,973.5,645.2,0
731,24347,2265272,983.2,705.5,963.9,585.3,973.55,645.4,0
731,24348,2265273,983.2,706.2,964.0,584.4,973.6,645.3,0
731,24349,2265274,983.3,706.9,963.9,583.4,973.6,645.15,0
731,24350,2265275,983.3,707.0,963.7,582.4,973.5,644.7,0
731,24351,2265276,983.4,707.1,963.3,581.3,973.35,644.2,0
731,24352,2265277,983.5,707.1,962.6,580.2,973.05,643.65,0
731,24353,2265278,983.6,707.1,962.0,580.0,972.8,643.55,0
731,24354,2265279,983.6,707.1,961.3,579.9,972.45,643.5,0
731,24355,2265280,983.6,707.0,960.6,580.2,972.1,643.6,0
731,24356,2265281,983.7,706.8,960.1,580.7,971.9,643.75,0
731,24357,2265282,983.7,706.4,959.7,581.1,971.7,643.75,0
731,24358,2265283,983.6,706.0,959.3,581.8,971.45,643.9,0
731,24359,2265284,983.6,705.5,959.2,582.4,971.4,643.95,0
731,24360,2265285,983.5,704.9,959.1,582.9,971.3,643.9,0
731,24361,2265286,983.2,704.4,958.9,583.4,971.05,643.9,0
731,24362,2265287,983.0,703.9,958.7,583.5,970.85,643.7,0
731,24363,2265288,982.7,703.3,958.5,583.6,970.6,643.45,0
731,24364,2265289,982.3,703.0,958.4,583.9,970.35,643.45,0
731,24365,2265290,982.0,702.4,958.3,584.2,970.15,643.3,0
731,24366,2265291,981.4,702.0,958.3,584.6,969.85,643.3,0
732,24367,2265292,980.9,701.6,958.4,585.0,969.65,643.3,0
732,24368,2265293,980.6,701.2,958.6,585.4,969.6,643.3,0
732,24369,2265294,980.2,700.8,958.9,585.7,969.55,643.25,0
732,24370,2265295,979.9,700.5,959.6,585.7,969.75,643.1,0
732,24371,2265296,979.5,700.1,960.2,585.6,969.85,642.85,0
732,24372,2265297,979.1,700.0,960.8,585.4,969.95,642.7,0
732,24373,2265298,979.1,699.9,961.5,585.2,970.3,642.55,0
732,24374,2265299,979.1,699.8,962.1,585.0,970.6,642.4,0
732,24375,2265300,979.1,699.4,962.7,585.0,970.9,642.2,0
732,24376,2265301,979.1,699.1,963.3,585.0,971.2,642.05,0
732,24377,2265302,979.2,698.7,963.4,585.6,971.3,642.15,0
732,24378,2265303,979.4,698.4,963.3,586.2,971.35,642.3,0
732,24379,2265304,979.5,698.2,963.2,586.8,971.35,642.5,0
732,24380,2265305,979.7,697.8,962.7,587.4,971.2,642.6,0
732,24381,2265306,979.8,697.4,962.2,587.9,971.0,642.65,0
732,24382,2265307,979.9,697.2,961.2,588.2,970.55,642.7,0
732,24383,2265308,980.0,697.1,960.3,588.5,970.15,642.8,0
732,24384,2265309,980.1,696.9,959.3,588.5,969.7,642.7,0
732,24385,2265310,980.2,696.7,958.6,588.4,969.4,642.55,0
732,24386,2265311,980.3,696.7,957.8,588.4,969.05,642.55,0
732,24387,2265312,980.4,696.8,957.2,588.4,968.8,642.6,0
732,24388,2265313,980.5,697.1,956.7,588.4,968.6,642.75,0
732,24389,2265314,980.6,697.3,956.4,588.3,968.5,642.8,0
732,24390,2265315,980.7,697.5,956.1,588.2,968.4,642.85,0
732,24391,2265316,980.7,697.6,955.6,588.0,968.15,642.8,0
732,24392,2265317,980.7,697.8,955.1,587.8,967.9,642.8,0
732,24393,2265318,980.6,697.7,954.7,587.5,967.65,642.6,0
732,24394,2265319,980.4,697.6,954.4,587.2,967.4,642.4,0
732,24395,2265320,980.1,697.6,954.1,587.0,967.1,642.3,0
732,24396,2265321,979.9,697.2,954.2,586.9,967.05,642.05,0
732,24397,2265322,979.7,696.9,954.3,586.8,967.0,641.85,0
732,24398,2265323,979.4,696.5,954.9,586.8,967.15,641.65,0
732,24399,2265324,979.1,696.2,955.6,586.8,967.35,641.5,0
732,24400,2265325,979.0,695.8,956.3,586.9,967.65,641.35,0
733,24401,2265326,978.9,695.4,957.0,587.1,967.95,641.25,0
733,24402,2265327,978.6,695.0,957.7,587.2,968.15,641.1,0
733,24403,2265328,978.4,695.0,958.2,587.3,968.3,641.15,0
733,24404,2265329,978.1,694.8,958.9,587.4,968.5,641.1,0
733,24405,2265330,977.9,694.6,959.6,587.5,968.75,641.05,0
733,24406,2265331,977.6,694.5,960.2,587.6,968.9,641.05,0
733,24407,2265332,977.3,694.3,960.7,587.5,969.0,640.9,0
733,24408,2265333,977.1,694.1,961.3,587.4,969.2,640.75,0
733,24409,2265334,977.1,693.9,961.8,587.4,969.45,640.65,0
733,24410,2265335,977.4,693.6,962.1,587.3,969.75,640.45,0
733,24411,2265336,977.7,693.6,962.2,587.2,969.95,640.4,0
733,24412,2265337,978.1,693.5,961.9,587.1,970.0,640.3,0
733,24413,2265338,978.6,693.4,961.5,587.2,970.05,640.3,0
733,24414,2265339,979.1,693.3,961.1,587.2,970.1,640.25,0
733,24415,2265340,979.4,693.2,960.2,587.2,969.8,640.2,0
733,24416,2265341,979.7,693.3,959.4,587.1,969.55,640.2,0
733,24417,2265342,979.7,693.4,958.7,587.2,969.2,640.3,0
733,24418,2265343,979.5,693.5,958.1,587.2,968.8,640.35,0
733,24419,2265344,979.3,693.7,957.6,587.3,968.45,640.5,0
733,24420,2265345,979.1,693.9,957.2,587.3,968.15,640.6,0
733,24421,2265346,978.9,694.5,956.8,587.4,967.85,640.95,0
733,24422,2265347,978.7,695.1,956.8,587.5,967.75,641.3,0
733,24423,2265348,978.4,695.8,956.6,587.8,967.5,641.8,0
733,24424,2265349,978.2,696.4,956.4,587.9,967.3,642.15,0
733,24425,2265350,978.0,697.1,956.2,588.1,967.1,642.6,0
733,24426,2265351,977.8,697.6,955.9,588.4,966.85,643.0,0
733,24427,2265352,977.7,698.3,955.7,588.5,966.7,643.4,0
733,24428,2265353,977.5,698.7,955.4,588.6,966.45,643.65,0
733,24429,2265354,977.4,698.9,955.2,588.7,966.3,643.8,0
733,24430,2265355,977.3,698.6,955.1,588.8,966.2,643.7,0
733,24431,2265356,977.2,698.4,955.3,588.9,966.25,643.65,0
733,24432,2265357,977.2,698.0,955.5,589.1,966.35,643.55,0
733,24433,2265358,976.9,697.8,955.8,589.1,966.35,643.45,0
734,24434,2265359,976.7,697.4,956.1,589.0,966.4,643.2,0
734,24435,2265360,976.5,697.1,956.5,588.8,966.5,642.95,0
734,24436,2265361,976.2,696.7,956.9,588.6,966.55,642.65,0
734,24437,2265362,975.9,696.9,957.3,588.4,966.6,642.65,0
734,24438,2265363,975.4,697.1,957.5,588.1,966.45,642.6,0
734,24439,2265364,975.0,697.4,957.9,587.6,966.45,642.5,0
734,24440,2265365,974.7,697.6,958.2,587.2,966.45,642.4,0
734,24441,2265366,974.5,697.8,958.4,586.7,966.45,642.25,0
734,24442,2265367,974.3,697.9,958.7,586.4,966.5,642.15,0
734,24443,2265368,974.1,698.0,959.0,586.0,966.55,642.0,0
734,24444,2265369,974.0,698.0,959.2,585.7,966.6,641.85,0
734,24445,2265370,974.0,697.9,959.4,585.3,966.7,641.6,0
734,24446,2265371,974.1,697.8,959.6,585.1,966.85,641.45,0
734,24447,2265372,974.3,697.7,959.7,584.9,967.0,641.3,0
734,24448,2265373,974.5,697.6,959.8,584.9,967.15,641.25,0
734,24449,2265374,974.7,697.5,959.8,584.8,967.25,641.15,0
734,24450,2265375,974.8,697.3,959.6,584.5,967.2,640.9,0
734,24451,2265376,975.0,697.2,959.4,584.1,967.2,640.65,0
734,24452,2265377,975.1,697.1,959.0,583.7,967.05,640.4,0
734,24453,2265378,975.3,696.9,958.6,583.4,966.95,640.15,0
734,24454,2265379,975.4,696.9,958.1,583.4,966.75,640.15,0
734,24455,2265380,975.5,697.0,957.6,583.3,966.55,640.15,0
734,24456,2265381,975.7,697.2,957.2,583.4,966.45,640.3,0
734,24457,2265382,975.9,697.3,956.8,583.5,966.35,640.4,0
734,24458,2265383,976.2,697.6,956.6,583.9,966.4,640.75,0
734,24459,2265384,976.6,697.8,956.5,584.2,966.55,641.0,0
734,24460,2265385,976.9,698.3,956.4,584.7,966.65,641.5,0
734,24461,2265386,977.1,698.6,956.4,584.8,966.75,641.7,0
734,24462,2265387,977.4,698.9,956.4,584.8,966.9,641.85,0
734,24463,2265388,977.5,699.1,956.3,584.8,966.9,641.95,0
734,24464,2265389,977.6,699.3,956.2,584.9,966.9,642.1,0
734,24465,2265390,977.6,699.5,956.1,585.1,966.85,642.3,0
734,24466,2265391,977.6,699.6,956.0,585.2,966.8,642.4,0
735,24467,2265392,977.5,699.6,955.9,585.4,966.7,642.5,0
735,24468,2265393,977.4,699.5,955.8,585.7,966.6,642.6,0
735,24469,2265394,977.3,699.4,955.6,586.0,966.45,642.7,0
735,24470,2265395,977.1,699.3,955.4,586.4,966.25,642.85,0
735,24471,2265396,977.0,699.4,955.2,586.9,966.1,643.15,0
735,24472,2265397,976.8,699.6,955.0,587.4,965.9,643.5,0
735,24473,2265398,976.7,699.7,954.8,587.9,965.75,643.8,0
735,24474,2265399,976.6,699.8,954.6,588.3,965.6,644.05,0
735,24475,2265400,976.5,699.8,954.5,588.6,965.5,644.2,0
735,24476,2265401,976.2,699.8,954.4,588.9,965.3,644.35,0
735,24477,2265402,975.9,699.8,954.3,589.2,965.1,644.5,0
735,24478,2265403,975.6,699.6,954.4,589.2,965.0,644.4,0
735,24479,2265404,975.3,699.4,954.4,589.2,964.85,644.3,0
735,24480,2265405,974.9,699.3,954.5,589.3,964.7,644.3,0
735,24481,2265406,974.6,699.2,954.6,589.2,964.6,644.2,0
735,24482,2265407,974.3,699.2,954.6,589.0,964.45,644.1,0
735,24483,2265408,974.1,699.3,954.8,588.9,964.45,644.1,0
735,24484,2265409,974.0,699.4,955.0,588.8,964.5,644.1,0
735,24485,2265410,973.7,699.6,955.2,588.7,964.45,644.15,0
735,24486,2265411,973.4,699.8,955.5,588.7,964.45,644.25,0
735,24487,2265412,973.2,699.9,955.7,588.8,964.45,644.35,0
735,24488,2265413,972.9,700.0,955.8,589.0,964.35,644.5,0
735,24489,2265414,972.7,700.1,956.0,589.3,964.35,644.7,0
735,24490,2265415,972.5,700.2,955.8,589.7,964.15,644.95,0
735,24491,2265416,972.4,700.2,955.7,590.1,964.05,645.15,0
735,24492,2265417,972.6,700.2,955.5,590.5,964.05,645.35,0
735,24493,2265418,972.8,700.2,955.3,590.8,964.05,645.5,0
735,24494,2265419,973.1,700.1,955.1,591.2,964.1,645.65,0
735,24495,2265420,973.3,700.2,954.9,591.4,964.1,645.8,0
735,24496,2265421,973.5,700.4,954.6,591.5,964.05,645.95,0
735,24497,2265422,973.7,700.8,954.5,591.6,964.1,646.2,0
735,24498,2265423,973.7,701.3,954.2,592.1,963.95,646.7,0
735,24499,2265424,973.5,701.8,953.9,592.7,963.7,647.25,0
735,24500,2265425,973.4,702.4,953.5,593.2,963.45,647.8,0
736,24501,2265426,973.2,703.1,953.3,593.7,963.25,648.4,0
736,24502,2265427,973.1,703.7,953.1,594.2,963.1,648.95,0
736,24503,2265428,973.0,704.3,953.1,594.7,963.05,649.5,0
736,24504,2265429,973.2,704.7,953.2,595.3,963.2,650.0,0
736,24505,2265430,973.3,705.3,953.4,595.6,963.35,650.45,0
736,24506,2265431,973.5,706.0,953.5,595.7,963.5,650.85,0
736,24507,2265432,973.6,706.5,953.8,595.8,963.7,651.15,0
736,24508,2265433,973.8,707.0,954.0,595.9,963.9,651.45,0
736,24509,2265434,973.8,707.4,954.3,595.9,964.05,651.65,0
736,24510,2265435,973.9,707.6,954.3,596.4,964.1,652.0,0
736,24511,2265436,973.8,707.8,954.4,596.6,964.1,652.2,0
736,24512,2265437,973.7,707.5,954.5,597.0,964.1,652.25,0
736,24513,2265438,973.5,707.3,954.6,597.5,964.05,652.4,0
736,24514,2265439,973.3,707.1,954.7,598.2,964.0,652.65,0
736,24515,2265440,973.0,706.9,954.7,598.9,963.85,652.9,0
736,24516,2265441,972.8,706.7,954.6,599.6,963.7,653.15,0
736,24517,2265442,972.5,706.6,954.5,599.9,963.5,653.25,0
736,24518,2265443,972.2,706.7,954.4,600.2,963.3,653.45,0
736,24519,2265444,971.9,706.8,954.2,600.8,963.05,653.8,0
736,24520,2265445,971.6,706.9,953.9,601.4,962.75,654.15,0
736,24521,2265446,971.4,707.2,953.7,601.8,962.55,654.5,0
736,24522,2265447,971.3,708.1,953.4,602.3,962.35,655.2,0
736,24523,2265448,971.5,709.0,953.2,602.8,962.35,655.9,0
736,24524,2265449,971.6,709.8,953.1,603.3,962.35,656.55,0
736,24525,2265450,971.8,710.3,953.0,604.0,962.4,657.15,0
736,24526,2265451,971.9,710.9,952.9,604.5,962.4,657.7,0
736,24527,2265452,972.1,711.4,953.0,604.9,962.55,658.15,0
736,24528,2265453,972.2,711.8,953.1,605.5,962.65,658.65,0
736,24529,2265454,972.3,711.5,953.1,606.0,962.7,658.75,0
736,24530,2265455,972.2,711.3,953.1,606.7,962.65,659.0,0
736,24531,2265456,972.1,711.1,953.1,607.5,962.6,659.3,0
736,24532,2265457,972.0,711.0,953.1,608.1,962.55,659.55,0
736,24533,2265458,971.9,711.0,953.1,608.6,962.5,659.8,0
737,24534,2265459,971.6,711.0,953.1,609.1,962.35,660.05,0
737,24535,2265460,971.4,710.9,953.1,609.6,962.25,660.25,0
737,24536,2265461,971.3,710.6,953.2,610.1,962.25,660.35,0
737,24537,2265462,971.2,709.9,953.3,610.2,962.25,660.05,0
737,24538,2265463,971.2,709.2,953.4,610.2,962.3,659.7,0
737,24539,2265464,971.1,708.6,953.7,609.9,962.4,659.25,0
737,24540,2265465,971.2,707.9,954.0,609.6,962.6,658.75,0
737,24541,2265466,971.3,707.2,954.4,609.3,962.85,658.25,0
737,24542,2265467,971.4,706.7,954.7,608.9,963.05,657.8,0
737,24543,2265468,971.3,706.3,955.1,608.4,963.2,657.35,0
737,24544,2265469,971.1,706.4,955.3,608.1,963.2,657.25,0
737,24545,2265470,970.9,706.5,955.5,607.7,963.2,657.1,0
737,24546,2265471,970.6,706.7,955.4,607.4,963.0,657.05,0
737,24547,2265472,970.4,706.8,955.3,607.2,962.85,657.0,0
737,24548,2265473,970.2,706.8,955.1,606.9,962.65,656.85,0
737,24549,2265474,969.9,706.6,955.0,606.6,962.45,656.6,0
737,24550,2265475,969.8,706.3,954.7,606.3,962.25,656.3,0
737,24551,2265476,969.4,706.0,954.1,606.0,961.75,656.0,0
737,24552,2265477,969.1,705.5,953.5,605.5,961.3,655.5,0
737,24553,2265478,968.8,705.1,953.0,605.2,960.9,655.15,0
737,24554,2265479,968.4,704.6,952.4,604.9,960.4,654.75,0
737,24555,2265480,968.1,703.9,951.3,604.4,959.7,654.15,0
737,24556,2265481,967.8,703.6,950.2,603.7,959.0,653.65,0
737,24557,2265482,967.5,703.2,949.3,602.9,958.4,653.05,0
737,24558,2265483,967.4,702.8,948.7,601.7,958.05,652.25,0
737,24559,2265484,967.1,702.3,947.9,600.8,957.5,651.55,0
737,24560,2265485,966.9,701.9,947.2,599.5,957.05,650.7,0
737,24561,2265486,966.6,701.5,946.3,598.2,956.45,649.85,0
737,24562,2265487,966.1,701.3,946.0,597.0,956.05,649.15,0
737,24563,2265488,965.7,701.1,945.6,596.0,955.65,648.55,0
737,24564,2265489,965.3,700.6,945.2,595.2,955.25,647.9,0
737,24565,2265490,965.0,700.2,944.8,594.8,954.9,647.5,0
737,24566,2265491,964.8,699.8,944.6,594.5,954.7,647.15,0
738,24567,2265492,964.7,699.6,944.5,594.5,954.6,647.05,0
738,24568,2265493,964.7,699.4,944.6,594.6,954.65,647.0,0
738,24569,2265494,964.8,699.2,944.7,594.7,954.75,646.95,0
738,24570,2265495,964.7,699.1,945.0,594.8,954.85,646.95,0
738,24571,2265496,964.7,699.1,945.3,594.9,955.0,647.0,0
738,24572,2265497,964.7,699.1,945.6,595.0,955.15,647.05,0
738,24573,2265498,964.6,699.1,946.0,595.1,955.3,647.1,0
738,24574,2265499,964.6,699.0,946.3,595.0,955.45,647.0,0
738,24575,2265500,964.6,698.8,946.8,595.0,955.7,646.9,0
738,24576,2265501,964.6,698.6,948.2,595.1,956.4,646.85,0
738,24577,2265502,965.4,698.3,950.1,595.3,957.75,646.8,0
738,24578,2265503,966.5,698.2,953.0,595.6,959.75,646.9,0
738,24579,2265504,968.4,698.1,956.3,596.2,962.35,647.15,0
738,24580,2265505,970.8,698.0,960.8,597.0,965.8,647.5,0
738,24581,2265506,974.4,698.1,965.9,597.8,970.15,647.95,0
738,24582,2265507,979.1,698.7,972.6,599.2,975.85,648.95,0
738,24583,2265508,986.1,700.0,980.2,601.7,983.15,650.85,0
738,24584,2265509,994.5,702.0,989.7,605.5,992.1,653.75,0
738,24585,2265510,1004.9,705.1,999.8,611.2,1002.35,658.15,0
738,24586,2265511,1016.8,709.3,1011.4,618.9,1014.1,664.1,0
738,24587,2265512,1031.1,714.8,1024.3,628.4,1027.7,671.6,0
738,24588,2265513,1046.9,721.5,1039.7,638.9,1043.3,680.2,0
738,24589,2265514,1064.8,728.8,1056.2,650.4,1060.5,689.6,0
738,24590,2265515,1083.1,736.6,1073.6,662.9,1078.35,699.75,0
738,24591,2265516,1102.1,745.4,1089.9,673.9,1096.0,709.65,0
738,24592,2265517,1120.4,754.2,1106.5,683.0,1113.45,718.6,0
738,24593,2265518,1138.1,763.0,1122.9,690.0,1130.5,726.5,0
738,24594,2265519,1154.6,771.0,1138.7,695.7,1146.65,733.35,0
738,24595,2265520,1169.7,778.9,1152.0,701.1,1160.85,740.0,0
738,24596,2265521,1181.6,785.9,1162.9,704.9,1172.25,745.4,0
738,24597,2265522,1190.8,792.0,1171.1,706.8,1180.95,749.4,0
738,24598,2265523,1197.1,796.9,1177.8,709.0,1187.45,752.95,0
738,24599,2265524,1201.5,800.5,1182.7,711.3,1192.1,755.9,0
738,24600,2265525,1203.7,803.0,1185.3,713.1,1194.5,758.05,0
739,24601,2265526,1203.1,804.9,1184.9,714.1,1194.0,759.5,0
739,24602,2265527,1200.6,805.1,1183.8,714.4,1192.2,759.75,0
739,24603,2265528,1197.5,804.7,1181.6,714.1,1189.55,759.4,0
739,24604,2265529,1193.8,802.9,1179.1,713.3,1186.45,758.1,0
739,24605,2265530,1189.5,801.0,1176.7,711.6,1183.1,756.3,0
739,24606,2265531,1185.0,798.4,1174.4,709.8,1179.7,754.1,0
739,24607,2265532,1180.5,795.9,1172.6,707.6,1176.55,751.75,0
739,24608,2265533,1177.0,792.2,1172.0,705.7,1174.5,748.95,0
739,24609,2265534,1174.0,789.0,1171.5,703.7,1172.75,746.35,0
739,24610,2265535,1171.2,786.1,1171.6,702.0,1171.4,744.05,0
739,24611,2265536,1169.1,784.2,1171.9,700.5,1170.5,742.35,0
739,24612,2265537,1167.7,782.2,1172.2,699.2,1169.95,740.7,0
739,24613,2265538,1166.8,780.9,1172.6,698.0,1169.7,739.45,0
739,24614,2265539,1166.2,779.5,1172.8,697.2,1169.5,738.35,0
739,24615,2265540,1165.8,779.4,1173.1,696.4,1169.45,737.9,0
739,24616,2265541,1165.5,779.5,1173.4,695.8,1169.45,737.65,0
739,24617,2265542,1165.7,779.5,1173.8,695.3,1169.75,737.4,0
739,24618,2265543,1165.8,779.6,1174.2,695.0,1170.0,737.3,0
739,24619,2265544,1165.9,779.7,1174.5,695.4,1170.2,737.55,0
739,24620,2265545,1166.0,779.9,1174.8,695.8,1170.4,737.85,0
739,24621,2265546,1166.2,780.1,1175.0,696.3,1170.6,738.2,0
739,24622,2265547,1166.4,780.3,1175.3,696.7,1170.85,738.5,0
739,24623,2265548,1166.8,780.4,1175.3,697.1,1171.05,738.75,0
739,24624,2265549,1167.2,780.5,1175.4,697.5,1171.3,739.0,0
739,24625,2265550,1167.5,781.0,1175.5,697.8,1171.5,739.4,0
739,24626,2265551,1167.8,781.4,1175.5,697.9,1171.65,739.65,0
739,24627,2265552,1168.2,781.8,1175.5,698.0,1171.85,739.9,0
739,24628,2265553,1168.4,782.2,1175.6,698.2,1172.0,740.2,0
739,24629,2265554,1168.6,782.6,1175.7,698.3,1172.15,740.45,0
739,24630,2265555,1168.6,783.4,1175.7,698.5,1172.15,740.95,0
739,24631,2265556,1168.5,784.2,1175.8,698.7,1172.15,741.45,0
739,24632,2265557,1168.5,784.8,1175.9,698.9,1172.2,741.85,0
739,24633,2265558,1168.6,785.3,1175.8,699.0,1172.2,742.15,0
740,24634,2265559,1168.5,786.2,1175.7,699.2,1172.1,742.7,0
740,24635,2265560,1168.4,787.1,1175.0,699.6,1171.7,743.35,0
740,24636,2265561,1168.4,788.2,1174.4,699.9,1171.4,744.05,0
740,24637,2265562,1168.3,788.9,1173.7,700.3,1171.0,744.6,0
740,24638,2265563,1168.2,789.5,1173.0,700.9,1170.6,745.2,0
740,24639,2265564,1168.1,790.0,1172.4,701.3,1170.25,745.65,0
740,24640,2265565,1168.0,790.4,1171.8,701.8,1169.9,746.1,0
740,24641,2265566,1168.1,790.5,1171.3,702.1,1169.7,746.3,0
740,24642,2265567,1168.1,790.5,1171.2,702.7,1169.65,746.6,0
740,24643,2265568,1168.2,790.1,1171.0,703.3,1169.6,746.7,0
740,24644,2265569,1168.2,789.8,1170.8,703.8,1169.5,746.8,0
740,24645,2265570,1168.3,789.4,1170.6,704.7,1169.45,747.05,0
740,24646,2265571,1168.3,789.1,1170.3,706.2,1169.3,747.65,0
740,24647,2265572,1168.4,788.7,1170.0,707.8,1169.2,748.25,0
740,24648,2265573,1168.2,787.5,1169.8,709.3,1169.0,748.4,0
740,24649,2265574,1168.1,786.4,1169.5,710.4,1168.8,748.4,0
740,24650,2265575,1168.0,785.4,1169.4,712.0,1168.7,748.7,0
740,24651,2265576,1168.0,784.4,1169.3,713.5,1168.65,748.95,0
740,24652,2265577,1168.0,783.1,1169.2,714.7,1168.6,748.9,0
740,24653,2265578,1168.1,781.4,1169.2,715.2,1168.65,748.3,0
740,24654,2265579,1168.2,779.4,1169.2,715.7,1168.7,747.55,0
740,24655,2265580,1168.4,778.2,1169.1,716.2,1168.75,747.2,0
740,24656,2265581,1168.7,777.1,1169.1,716.8,1168.9,746.95,0
740,24657,2265582,1168.9,775.8,1169.0,717.0,1168.95,746.4,0
740,24658,2265583,1169.1,774.6,1168.9,717.1,1169.0,745.85,0
740,24659,2265584,1169.2,773.7,1168.8,717.3,1169.0,745.5,0
740,24660,2265585,1169.1,773.0,1168.8,717.4,1168.95,745.2,0
740,24661,2265586,1168.9,772.4,1168.8,717.2,1168.85,744.8,0
740,24662,2265587,1168.7,771.4,1168.9,716.9,1168.8,744.15,0
740,24663,2265588,1168.6,770.5,1169.1,716.3,1168.85,743.4,0
740,24664,2265589,1168.5,769.7,1169.3,715.4,1168.9,742.55,0
740,24665,2265590,1168.3,769.0,1169.5,714.6,1168.9,741.8,0
740,24666,2265591,1168.2,768.4,1170.0,713.5,1169.1,740.95,0
741,24667,2265592,1168.3,767.9,1170.4,712.4,1169.35,740.15,0
741,24668,2265593,1168.4,768.0,1170.8,711.5,1169.6,739.75,0
741,24669,2265594,1168.5,768.9,1171.0,710.5,1169.75,739.7,0
741,24670,2265595,1168.6,769.7,1171.1,709.7,1169.85,739.7,0
741,24671,2265596,1168.6,770.6,1171.1,709.2,1169.85,739.9,0
741,24672,2265597,1168.7,771.4,1171.0,708.9,1169.85,740.15,0
741,24673,2265598,1168.7,772.1,1170.8,708.7,1169.75,740.4,0
741,24674,2265599,1168.7,772.8,1170.5,708.5,1169.6,740.65,0
741,24675,2265600,1168.7,773.4,1170.3,708.4,1169.5,740.9,0
741,24676,2265601,1168.7,774.2,1170.2,708.2,1169.45,741.2,0
741,24677,2265602,1168.7,774.9,1170.2,707.6,1169.45,741.25,0
741,24678,2265603,1168.7,775.6,1170.3,706.7,1169.5,741.15,0
741,24679,2265604,1168.7,776.6,1170.3,705.5,1169.5,741.05,0
741,24680,2265605,1168.7,777.7,1170.4,704.3,1169.55,741.0,0
741,24681,2265606,1168.8,779.0,1170.5,703.1,1169.65,741.05,0
741,24682,2265607,1168.8,780.3,1170.6,701.9,1169.7,741.1,0
741,24683,2265608,1168.9,781.7,1170.7,701.0,1169.8,741.35,0
741,24684,2265609,1168.9,783.0,1170.7,700.5,1169.8,741.75,0
741,24685,2265610,1169.0,784.4,1170.8,700.1,1169.9,742.25,0
741,24686,2265611,1169.0,785.5,1170.8,699.9,1169.9,742.7,0
741,24687,2265612,1169.0,786.4,1170.9,699.4,1169.95,742.9,0
741,24688,2265613,1169.0,787.1,1171.1,698.9,1170.05,743.0,0
741,24689,2265614,1168.9,787.4,1171.3,698.3,1170.1,742.85,0
741,24690,2265615,1168.7,787.1,1171.6,697.9,1170.15,742.5,0
741,24691,2265616,1168.4,786.9,1172.0,697.5,1170.2,742.2,0
741,24692,2265617,1168.0,786.5,1172.3,697.1,1170.15,741.8,0
741,24693,2265618,1167.7,786.2,1172.7,696.8,1170.2,741.5,0
741,24694,2265619,1167.4,785.9,1173.2,696.9,1170.3,741.4,0
741,24695,2265620,1167.2,785.6,1173.4,697.0,1170.3,741.3,0
741,24696,2265621,1167.1,785.3,1173.6,697.2,1170.35,741.25,0
741,24697,2265622,1167.0,784.9,1173.6,697.3,1170.3,741.1,0
741,24698,2265623,1167.1,784.1,1173.6,697.6,1170.35,740.85,0
741,24699,2265624,1167.2,783.4,1173.6,697.8,1170.4,740.6,0
741,24700,2265625,1167.2,782.8,1173.5,698.0,1170.35,740.4,0
742,24701,2265626,1167.1,781.7,1173.3,698.2,1170.2,739.95,0
742,24702,2265627,1166.9,780.7,1173.2,698.3,1170.05,739.5,0
742,24703,2265628,1166.6,779.2,1173.0,698.5,1169.8,738.85,0
742,24704,2265629,1166.2,777.8,1173.0,699.4,1169.6,738.6,0
742,24705,2265630,1165.7,776.8,1173.0,700.2,1169.35,738.5,0
742,24706,2265631,1165.4,775.7,1173.0,701.7,1169.2,738.7,0
742,24707,2265632,1165.0,774.6,1173.0,703.3,1169.0,738.95,0
742,24708,2265633,1164.8,773.7,1173.1,705.0,1168.95,739.35,0
742,24709,2265634,1165.0,772.6,1173.1,706.8,1169.05,739.7,0
742,24710,2265635,1165.1,772.0,1173.2,708.6,1169.15,740.3,0
742,24711,2265636,1165.4,771.4,1173.2,709.7,1169.3,740.55,0
742,24712,2265637,1165.8,770.8,1173.2,711.0,1169.5,740.9,0
742,24713,2265638,1166.1,770.4,1173.2,711.5,1169.65,740.95,0
742,24714,2265639,1166.4,770.0,1172.9,712.1,1169.65,741.05,0
742,24715,2265640,1166.6,769.7,1172.6,712.4,1169.6,741.05,0
742,24716,2265641,1166.6,769.6,1172.3,712.7,1169.45,741.15,0
742,24717,2265642,1166.5,769.6,1171.9,712.9,1169.2,741.25,0
742,24718,2265643,1166.5,769.7,1171.5,713.8,1169.0,741.75,0
742,24719,2265644,1166.5,769.7,1171.1,714.6,1168.8,742.15,0
742,24720,2265645,1166.6,769.7,1170.6,715.5,1168.6,742.6,0
742,24721,2265646,1166.7,769.7,1170.2,716.3,1168.45,743.0,0
742,24722,2265647,1166.8,769.7,1169.7,717.0,1168.25,743.35,0
742,24723,2265648,1167.1,769.8,1169.3,717.6,1168.2,743.7,0
742,24724,2265649,1167.4,769.8,1169.0,718.1,1168.2,743.95,0
742,24725,2265650,1167.7,769.9,1168.6,717.9,1168.15,743.9,0
742,24726,2265651,1168.0,770.1,1168.3,717.5,1168.15,743.8,0
742,24727,2265652,1168.1,770.3,1168.0,717.1,1168.05,743.7,0
742,24728,2265653,1168.3,770.7,1168.0,716.6,1168.15,743.65,0
742,24729,2265654,1168.4,771.1,1168.1,715.7,1168.25,743.4,0
742,24730,2265655,1168.4,771.9,1168.0,714.8,1168.2,743.35,0
742,24731,2265656,1168.5,772.6,1168.0,714.0,1168.25,743.3,0
742,24732,2265657,1168.6,773.2,1167.9,713.3,1168.25,743.25,0
742,24733,2265658,1168.8,774.1,1167.7,712.7,1168.25,743.4,0
743,24734,2265659,1168.9,774.9,1167.4,712.0,1168.15,743.45,0
743,24735,2265660,1168.9,775.9,1167.2,711.2,1168.05,743.55,0
743,24736,2265661,1169.0,776.8,1167.0,710.5,1168.0,743.65,0
743,24737,2265662,1169.1,777.9,1166.8,709.9,1167.95,743.9,0
743,24738,2265663,1169.0,779.0,1166.6,709.2,1167.8,744.1,0
743,24739,2265664,1168.9,780.2,1166.4,708.4,1167.65,744.3,0
743,24740,2265665,1168.6,781.2,1166.3,707.4,1167.45,744.3,0
743,24741,2265666,1168.4,782.3,1166.2,706.6,1167.3,744.45,0
743,24742,2265667,1168.2,783.0,1166.3,705.9,1167.25,744.45,0
743,24743,2265668,1168.0,783.7,1166.6,705.0,1167.3,744.35,0
743,24744,2265669,1167.7,784.0,1167.0,704.2,1167.35,744.1,0
743,24745,2265670,1167.5,784.4,1167.4,703.3,1167.45,743.85,0
743,24746,2265671,1167.2,784.6,1168.0,702.5,1167.6,743.55,0
743,24747,2265672,1166.9,784.8,1168.6,701.8,1167.75,743.3,0
743,24748,2265673,1166.6,785.0,1169.3,701.2,1167.95,743.1,0
743,24749,2265674,1166.3,785.1,1170.2,700.6,1168.25,742.85,0
743,24750,2265675,1166.0,785.1,1170.7,700.4,1168.35,742.75,0
743,24751,2265676,1165.7,784.8,1171.3,700.2,1168.5,742.5,0
743,24752,2265677,1165.5,784.5,1171.9,699.8,1168.7,742.15,0
743,24753,2265678,1165.5,784.1,1172.4,699.4,1168.95,741.75,0
743,24754,2265679,1165.5,783.5,1172.8,699.0,1169.15,741.25,0
743,24755,2265680,1165.6,782.6,1173.2,698.6,1169.4,740.6,0
743,24756,2265681,1165.7,781.8,1173.4,698.3,1169.55,740.05,0
743,24757,2265682,1165.8,781.0,1173.7,697.9,1169.75,739.45,0
743,24758,2265683,1165.9,780.5,1173.8,697.6,1169.85,739.05,0
743,24759,2265684,1165.9,779.8,1173.9,697.6,1169.9,738.7,0
743,24760,2265685,1165.9,779.0,1173.9,697.0,1169.9,738.0,0
743,24761,2265686,1165.8,778.5,1173.9,696.4,1169.85,737.45,0
743,24762,2265687,1165.7,778.0,1173.8,695.8,1169.75,736.9,0
743,24763,2265688,1165.7,777.5,1173.6,695.2,1169.65,736.35,0
743,24764,2265689,1165.6,776.9,1173.5,694.3,1169.55,735.6,0
743,24765,2265690,1165.5,776.3,1173.3,693.4,1169.4,734.85,0
743,24766,2265691,1165.4,775.9,1173.2,692.5,1169.3,734.2,0
744,24767,2265692,1165.4,775.4,1173.2,692.2,1169.3,733.8,0
744,24768,2265693,1165.3,774.9,1173.2,691.8,1169.25,733.35,0
744,24769,2265694,1165.2,774.7,1173.1,691.5,1169.15,733.1,0
744,24770,2265695,1165.2,774.5,1173.1,691.3,1169.15,732.9,0
744,24771,2265696,1165.2,774.3,1173.0,691.4,1169.1,732.85,0
744,24772,2265697,1165.1,774.0,1172.9,691.6,1169.0,732.8,0
744,24773,2265698,1165.1,773.7,1172.8,691.8,1168.95,732.75,0
744,24774,2265699,1165.2,773.4,1172.7,692.0,1168.95,732.7,0
744,24775,2265700,1165.2,773.0,1172.7,692.2,1168.95,732.6,0
744,24776,2265701,1165.3,772.7,1172.8,692.5,1169.05,732.6,0
744,24777,2265702,1165.3,772.4,1172.9,693.0,1169.1,732.7,0
744,24778,2265703,1165.3,772.1,1173.0,693.5,1169.15,732.8,0
744,24779,2265704,1165.4,772.0,1173.0,693.9,1169.2,732.95,0
744,24780,2265705,1165.4,772.1,1172.9,694.4,1169.15,733.25,0
744,24781,2265706,1165.4,772.2,1172.8,694.9,1169.1,733.55,0
744,24782,2265707,1165.4,772.2,1172.6,695.5,1169.0,733.85,0
744,24783,2265708,1165.4,772.2,1172.4,696.0,1168.9,734.1,0
744,24784,2265709,1165.4,772.2,1172.2,696.2,1168.8,734.2,0
744,24785,2265710,1165.3,772.2,1172.0,696.3,1168.65,734.25,0
744,24786,2265711,1165.3,772.2,1171.9,696.4,1168.6,734.3,0
744,24787,2265712,1165.2,772.0,1171.8,696.7,1168.5,734.35,0
744,24788,2265713,1165.1,771.9,1171.7,697.0,1168.4,734.45,0
744,24789,2265714,1164.9,771.7,1171.6,697.3,1168.25,734.5,0
744,24790,2265715,1164.7,771.7,1171.5,697.6,1168.1,734.65,0
744,24791,2265716,1164.5,771.6,1171.3,698.0,1167.9,734.8,0
744,24792,2265717,1164.3,771.5,1171.2,698.3,1167.75,734.9,0
744,24793,2265718,1164.1,771.2,1171.2,698.7,1167.65,734.95,0
744,24794,2265719,1163.8,771.0,1171.1,698.7,1167.45,734.85,0
744,24795,2265720,1163.7,770.7,1171.0,698.8,1167.35,734.75,0
744,24796,2265721,1163.7,770.4,1171.0,699.1,1167.35,734.75,0
744,24797,2265722,1163.8,770.1,1171.0,699.3,1167.4,734.7,0
744,24798,2265723,1164.0,769.9,1171.0,699.5,1167.5,734.7,0
744,24799,2265724,1164.1,769.7,1171.0,699.9,1167.55,734.8,0
744,24800,2265725,1164.3,769.6,1171.0,700.3,1167.65,734.95,0
745,24801,2265726,1164.4,769.7,1170.9,700.7,1167.65,735.2,0
745,24802,2265727,1164.6,769.8,1170.9,701.0,1167.75,735.4,0
745,24803,2265728,1164.7,770.0,1170.8,701.2,1167.75,735.6,0
745,24804,2265729,1164.6,770.2,1170.7,701.3,1167.65,735.75,0
745,24805,2265730,1164.6,770.4,1170.6,701.4,1167.6,735.9,0
745,24806,2265731,1164.5,770.5,1170.6,701.3,1167.55,735.9,0
745,24807,2265732,1164.4,770.8,1170.6,701.1,1167.5,735.95,0
745,24808,2265733,1164.4,771.1,1170.7,701.0,1167.55,736.05,0
745,24809,2265734,1164.3,771.2,1170.7,700.8,1167.5,736.0,0
745,24810,2265735,1164.3,771.4,1170.8,700.6,1167.55,736.0,0
745,24811,2265736,1164.3,771.4,1170.9,700.4,1167.6,735.9,0
745,24812,2265737,1164.3,771.4,1171.0,700.2,1167.65,735.8,0
745,24813,2265738,1164.3,771.4,1170.9,700.0,1167.6,735.7,0
745,24814,2265739,1164.4,771.3,1170.9,699.8,1167.65,735.55,0
745,24815,2265740,1164.5,771.2,1170.7,699.6,1167.6,735.4,0
745,24816,2265741,1164.5,771.1,1170.5,699.3,1167.5,735.2,0
745,24817,2265742,1164.6,771.0,1170.4,699.0,1167.5,735.0,0
745,24818,2265743,1164.6,771.0,1170.2,698.6,1167.4,734.8,0
745,24819,2265744,1164.5,771.2,1170.1,698.3,1167.3,734.75,0
745,24820,2265745,1164.5,771.4,1170.0,698.1,1167.25,734.75,0
745,24821,2265746,1164.4,771.7,1170.1,698.0,1167.25,734.85,0
745,24822,2265747,1164.3,771.9,1170.3,698.0,1167.3,734.95,0
745,24823,2265748,1164.2,772.1,1170.4,698.0,1167.3,735.05,0
745,24824,2265749,1164.2,772.3,1170.7,698.0,1167.45,735.15,0
745,24825,2265750,1164.2,772.5,1170.9,698.0,1167.55,735.25,0
745,24826,2265751,1164.3,772.7,1171.0,697.9,1167.65,735.3,0
745,24827,2265752,1164.5,773.0,1171.2,697.9,1167.85,735.45,0
745,24828,2265753,1164.6,773.1,1171.4,697.6,1168.0,735.35,0
745,24829,2265754,1164.7,773.3,1171.5,697.4,1168.1,735.35,0
745,24830,2265755,1164.9,773.5,1171.7,697.1,1168.3,735.3,0
745,24831,2265756,1165.0,773.4,1171.8,696.9,1168.4,735.15,0
745,24832,2265757,1165.0,773.3,1171.9,696.7,1168.45,735.0,0
745,24833,2265758,1165.0,773.1,1172.1,696.5,1168.55,734.8,0
746,24834,2265759,1165.1,772.8,1172.5,696.4,1168.8,734.6,0
746,24835,2265760,1165.1,772.5,1173.0,696.3,1169.05,734.4,0
746,24836,2265761,1165.2,772.3,1173.3,696.4,1169.25,734.35,0
746,24837,2265762,1165.2,772.1,1173.4,696.4,1169.3,734.25,0
746,24838,2265763,1165.4,772.4,1173.5,696.4,1169.45,734.4,0
746,24839,2265764,1165.5,772.7,1173.6,696.4,1169.55,734.55,0
746,24840,2265765,1165.6,772.9,1173.7,696.3,1169.65,734.6,0
746,24841,2265766,1165.7,773.3,1173.5,696.2,1169.6,734.75,0
746,24842,2265767,1165.8,773.6,1173.3,696.1,1169.55,734.85,0
746,24843,2265768,1165.9,773.9,1173.1,695.9,1169.5,734.9,0
746,24844,2265769,1165.9,774.3,1173.2,695.8,1169.55,735.05,0
746,24845,2265770,1166.0,774.6,1173.4,695.7,1169.7,735.15,0
746,24846,2265771,1166.0,774.8,1173.6,695.7,1169.8,735.25,0
746,24847,2265772,1166.0,774.9,1173.9,695.6,1169.95,735.25,0
746,24848,2265773,1166.0,775.0,1174.1,695.6,1170.05,735.3,0
746,24849,2265774,1166.0,775.0,1174.3,695.6,1170.15,735.3,0
746,24850,2265775,1166.0,774.9,1174.5,695.6,1170.25,735.25,0
746,24851,2265776,1165.9,774.7,1174.7,695.5,1170.3,735.1,0
746,24852,2265777,1165.8,774.6,1174.7,695.3,1170.25,734.95,0
746,24853,2265778,1165.6,774.4,1174.8,695.1,1170.2,734.75,0
746,24854,2265779,1165.4,774.3,1174.8,695.0,1170.1,734.65,0
746,24855,2265780,1165.3,774.2,1174.9,694.8,1170.1,734.5,0
746,24856,2265781,1165.2,774.2,1174.9,694.6,1170.05,734.4,0
746,24857,2265782,1165.2,774.3,1175.0,694.3,1170.1,734.3,0
746,24858,2265783,1165.2,774.3,1175.1,694.0,1170.15,734.15,0
746,24859,2265784,1165.3,774.4,1175.2,693.9,1170.25,734.15,0
746,24860,2265785,1165.4,774.8,1175.4,693.9,1170.4,734.35,0
746,24861,2265786,1165.5,775.2,1175.6,693.8,1170.55,734.5,0
746,24862,2265787,1165.6,775.7,1175.8,693.7,1170.7,734.7,0
746,24863,2265788,1165.7,776.1,1175.9,693.8,1170.8,734.95,0
746,24864,2265789,1165.7,776.5,1176.0,694.0,1170.85,735.25,0
746,24865,2265790,1165.8,776.9,1176.1,694.2,1170.95,735.55,0
746,24866,2265791,1165.8,777.3,1176.1,694.4,1170.95,735.85,0
747,24867,2265792,1165.8,777.3,1176.2,694.5,1171.0,735.9,0
747,24868,2265793,1165.7,777.6,1176.3,694.7,1171.0,736.15,0
747,24869,2265794,1165.6,777.8,1176.5,694.7,1171.05,736.25,0
747,24870,2265795,1165.4,778.1,1176.7,694.7,1171.05,736.4,0
747,24871,2265796,1165.2,778.3,1176.9,694.5,1171.05,736.4,0
747,24872,2265797,1165.0,778.6,1177.5,694.0,1171.25,736.3,0
747,24873,2265798,1165.0,778.8,1178.0,693.4,1171.5,736.1,0
747,24874,2265799,1165.0,779.1,1178.4,692.8,1171.7,735.95,0
747,24875,2265800,1165.1,779.1,1178.8,692.2,1171.95,735.65,0
747,24876,2265801,1165.2,779.2,1179.2,691.7,1172.2,735.45,0
747,24877,2265802,1165.4,779.3,1179.5,691.2,1172.45,735.25,0
747,24878,2265803,1165.6,779.5,1179.8,690.8,1172.7,735.15,0
747,24879,2265804,1165.8,779.7,1179.7,690.7,1172.75,735.2,0
747,24880,2265805,1165.9,779.9,1179.6,690.7,1172.75,735.3,0
747,24881,2265806,1166.0,780.2,1179.5,690.7,1172.75,735.45,0
747,24882,2265807,1166.0,780.4,1179.5,690.7,1172.75,735.55,0
747,24883,2265808,1165.9,780.7,1179.4,690.8,1172.65,735.75,0
747,24884,2265809,1165.7,780.8,1179.3,690.9,1172.5,735.85,0
747,24885,2265810,1165.6,780.8,1179.2,691.0,1172.4,735.9,0
747,24886,2265811,1165.4,780.9,1179.0,691.2,1172.2,736.05,0
747,24887,2265812,1165.2,780.9,1178.6,691.3,1171.9,736.1,0
747,24888,2265813,1165.1,780.8,1178.3,691.6,1171.7,736.2,0
747,24889,2265814,1165.0,780.7,1178.0,691.9,1171.5,736.3,0
747,24890,2265815,1165.0,780.7,1177.6,692.1,1171.3,736.4,0
747,24891,2265816,1165.0,780.6,1177.3,692.5,1171.15,736.55,0
747,24892,2265817,1165.0,780.7,1177.0,692.8,1171.0,736.75,0
747,24893,2265818,1165.0,780.7,1176.7,693.2,1170.85,736.95,0
747,24894,2265819,1165.0,780.8,1176.6,693.6,1170.8,737.2,0
747,24895,2265820,1164.9,780.9,1176.3,693.9,1170.6,737.4,0
747,24896,2265821,1164.8,780.8,1175.9,694.2,1170.35,737.5,0
747,24897,2265822,1164.7,780.7,1175.4,694.4,1170.05,737.55,0
747,24898,2265823,1164.7,780.6,1175.0,694.4,1169.85,737.5,0
747,24899,2265824,1164.6,780.4,1174.5,694.3,1169.55,737.35,0
747,24900,2265825,1164.5,780.2,1174.1,694.0,1169.3,737.1,0
748,24901,2265826,1164.4,779.8,1173.7,693.7,1169.05,736.75,0
748,24902,2265827,1164.4,779.5,1173.4,694.1,1168.9,736.8,0
748,24903,2265828,1164.4,779.2,1173.2,694.4,1168.8,736.8,0
748,24904,2265829,1164.3,778.9,1173.1,694.8,1168.7,736.85,0
748,24905,2265830,1164.3,778.6,1173.0,695.3,1168.65,736.95,0
748,24906,2265831,1164.3,778.2,1172.9,696.0,1168.6,737.1,0
748,24907,2265832,1164.3,777.8,1172.8,696.7,1168.55,737.25,0
748,24908,2265833,1164.3,777.2,1172.7,697.4,1168.5,737.3,0
748,24909,2265834,1164.2,776.2,1172.8,697.5,1168.5,736.85,0
748,24910,2265835,1164.0,775.3,1172.8,697.6,1168.4,736.45,0
748,24911,2265836,1163.9,774.6,1172.9,697.6,1168.4,736.1,0
748,24912,2265837,1163.8,773.8,1173.0,697.7,1168.4,735.75,0
748,24913,2265838,1163.7,773.2,1173.2,697.7,1168.45,735.45,0
748,24914,2265839,1163.6,772.4,1173.5,697.8,1168.55,735.1,0
748,24915,2265840,1163.5,772.1,1173.8,697.9,1168.65,735.0,0
748,24916,2265841,1163.4,772.1,1174.0,698.1,1168.7,735.1,0
748,24917,2265842,1163.4,772.1,1174.2,698.3,1168.8,735.2,0
748,24918,2265843,1163.3,772.1,1174.4,698.4,1168.85,735.25,0
748,24919,2265844,1163.2,772.1,1174.6,698.6,1168.9,735.35,0
748,24920,2265845,1163.1,772.3,1174.8,698.7,1168.95,735.5,0
748,24921,2265846,1163.0,772.6,1174.8,698.7,1168.9,735.65,0
748,24922,2265847,1162.9,772.8,1174.9,698.9,1168.9,735.85,0
748,24923,2265848,1162.8,773.0,1175.0,699.4,1168.9,736.2,0
748,24924,2265849,1162.7,773.1,1175.3,699.8,1169.0,736.45,0
748,24925,2265850,1162.6,773.2,1175.6,700.2,1169.1,736.7,0
748,24926,2265851,1162.6,773.3,1175.8,700.7,1169.2,737.0,0
748,24927,2265852,1162.5,773.2,1176.1,701.1,1169.3,737.15,0
748,24928,2265853,1162.5,773.2,1176.4,701.5,1169.45,737.35,0
748,24929,2265854,1162.4,773.1,1176.7,701.8,1169.55,737.45,0
748,24930,2265855,1162.4,773.1,1176.9,702.1,1169.65,737.6,0
748,24931,2265856,1162.3,773.1,1177.1,702.4,1169.7,737.75,0
748,24932,2265857,1162.2,773.1,1177.3,702.8,1169.75,737.95,0
748,24933,2265858,1162.2,772.9,1177.5,703.3,1169.85,738.1,0
749,24934,2265859,1162.1,772.5,1177.9,704.1,1170.0,738.3,0
749,24935,2265860,1162.0,772.0,1178.4,705.0,1170.2,738.5,0
749,24936,2265861,1161.9,771.5,1178.8,705.8,1170.35,738.65,0
749,24937,2265862,1161.8,771.0,1179.1,706.4,1170.45,738.7,0
749,24938,2265863,1161.8,770.5,1179.5,707.0,1170.65,738.75,0
749,24939,2265864,1161.7,769.9,1179.7,707.5,1170.7,738.7,0
749,24940,2265865,1161.7,769.5,1179.9,708.0,1170.8,738.75,0
749,24941,2265866,1161.8,769.4,1179.9,708.3,1170.85,738.85,0
749,24942,2265867,1162.0,769.2,1179.9,708.4,1170.95,738.8,0
749,24943,2265868,1162.3,769.1,1179.8,708.6,1171.05,738.85,0
749,24944,2265869,1162.6,769.0,1179.7,708.7,1171.15,738.85,0
749,24945,2265870,1162.9,768.9,1179.4,708.8,1171.15,738.85,0
749,24946,2265871,1163.1,768.9,1179.1,708.9,1171.1,738.9,0
749,24947,2265872,1163.4,769.0,1178.8,708.9,1171.1,738.95,0
749,24948,2265873,1163.7,769.0,1178.4,708.9,1171.05,738.95,0
749,24949,2265874,1163.8,768.9,1178.1,709.0,1170.95,738.95,0
749,24950,2265875,1163.7,768.3,1177.7,709.2,1170.7,738.75,0
749,24951,2265876,1163.7,767.7,1177.4,709.5,1170.55,738.6,0
749,24952,2265877,1163.7,767.1,1177.4,709.7,1170.55,738.4,0
749,24953,2265878,1163.8,766.5,1177.5,709.9,1170.65,738.2,0
749,24954,2265879,1163.9,765.9,1177.5,710.0,1170.7,737.95,0
749,24955,2265880,1164.0,765.4,1177.7,710.2,1170.85,737.8,0
749,24956,2265881,1164.1,765.0,1177.8,710.4,1170.95,737.7,0
749,24957,2265882,1164.3,765.1,1178.2,710.4,1171.25,737.75,0
749,24958,2265883,1164.4,765.2,1178.5,710.5,1171.45,737.85,0
749,24959,2265884,1164.5,765.2,1178.7,710.5,1171.6,737.85,0
749,24960,2265885,1164.6,765.2,1178.9,710.6,1171.75,737.9,0
749,24961,2265886,1164.6,765.2,1179.0,710.7,1171.8,737.95,0
749,24962,2265887,1164.6,765.1,1179.2,710.9,1171.9,738.0,0
749,24963,2265888,1164.4,764.9,1179.3,711.2,1171.85,738.05,0
749,24964,2265889,1164.2,764.7,1179.1,711.4,1171.65,738.05,0
749,24965,2265890,1164.0,764.6,1178.8,711.6,1171.4,738.1,0
749,24966,2265891,1163.9,764.6,1178.6,711.7,1171.25,738.15,0
750,24967,2265892,1163.8,764.5,1178.4,711.9,1171.1,738.2,0
750,24968,2265893,1163.7,764.5,1178.2,712.0,1170.95,738.25,0
750,24969,2265894,1163.7,764.7,1178.1,712.0,1170.9,738.35,0
750,24970,2265895,1163.8,764.8,1178.0,712.0,1170.9,738.4,0
750,24971,2265896,1164.0,764.9,1178.1,712.1,1171.05,738.5,0
750,24972,2265897,1164.1,764.9,1178.3,712.1,1171.2,738.5,0
750,24973,2265898,1164.1,764.7,1178.6,712.3,1171.35,738.5,0
750,24974,2265899,1164.1,764.5,1178.8,712.4,1171.45,738.45,0
750,24975,2265900,1164.1,764.2,1179.1,712.5,1171.6,738.35,0
750,24976,2265901,1164.0,763.8,1179.4,712.5,1171.7,738.15,0
750,24977,2265902,1163.8,763.3,1179.6,712.6,1171.7,737.95,0
750,24978,2265903,1163.7,762.9,1179.7,712.7,1171.7,737.8,0
750,24979,2265904,1163.6,762.6,1179.8,712.9,1171.7,737.75,0
750,24980,2265905,1163.4,762.4,1179.7,713.3,1171.55,737.85,0
750,24981,2265906,1163.3,762.2,1179.6,713.6,1171.45,737.9,0
750,24982,2265907,1163.2,762.2,1179.5,714.0,1171.35,738.1,0
750,24983,2265908,1163.2,762.2,1179.4,714.3,1171.3,738.25,0
750,24984,2265909,1163.3,762.3,1179.2,714.6,1171.25,738.45,0
750,24985,2265910,1163.4,762.4,1179.1,714.8,1171.25,738.6,0
750,24986,2265911,1163.5,762.5,1179.0,714.7,1171.25,738.6,0
750,24987,2265912,1163.6,762.7,1179.1,714.5,1171.35,738.6,0
750,24988,2265913,1163.6,762.8,1179.3,714.2,1171.45,738.5,0
750,24989,2265914,1163.7,762.9,1179.4,714.0,1171.55,738.45,0
750,24990,2265915,1163.7,763.1,1179.6,713.9,1171.65,738.5,0
750,24991,2265916,1163.6,763.2,1179.8,714.1,1171.7,738.65,0
750,24992,2265917,1163.5,763.3,1180.1,714.2,1171.8,738.75,0
750,24993,2265918,1163.2,763.3,1180.3,714.6,1171.75,738.95,0
750,24994,2265919,1162.9,763.6,1180.4,715.0,1171.65,739.3,0
750,24995,2265920,1162.6,763.8,1180.6,715.4,1171.6,739.6,0
750,24996,2265921,1162.4,764.0,1180.7,715.9,1171.55,739.95,0
750,24997,2265922,1162.2,764.2,1180.8,716.2,1171.5,740.2,0
750,24998,2265923,1162.1,764.4,1180.9,716.3,1171.5,740.35,0
750,24999,2265924,1161.9,764.6,1181.0,716.4,1171.45,740.5,0
750,25000,2265925,1161.9,764.8,1181.1,716.6,1171.5,740.7,0
751,25001,2265926,1161.8,764.9,1181.2,716.8,1171.5,740.85,0
751,25002,2265927,1161.9,765.1,1181.3,716.9,1171.6,741.0,0
751,25003,2265928,1162.0,765.3,1181.4,717.0,1171.7,741.15,0
751,25004,2265929,1162.1,765.4,1181.5,716.9,1171.8,741.15,0
751,25005,2265930,1162.2,765.6,1181.5,716.9,1171.85,741.25,0
751,25006,2265931,1162.4,765.7,1181.5,716.8,1171.95,741.25,0
751,25007,2265932,1162.6,765.9,1181.5,716.7,1172.05,741.3,0
751,25008,2265933,1162.7,765.9,1181.6,716.6,1172.15,741.25,0
751,25009,2265934,1162.7,765.8,1181.6,716.5,1172.15,741.15,0
751,25010,2265935,1162.6,765.5,1181.7,716.5,1172.15,741.0,0
751,25011,2265936,1162.5,765.2,1181.8,716.6,1172.15,740.9,0
751,25012,2265937,1162.3,764.8,1182.0,716.7,1172.15,740.75,0
751,25013,2265938,1162.1,764.6,1182.4,716.9,1172.25,740.75,0
751,25014,2265939,1161.8,764.9,1182.7,717.0,1172.25,740.95,0
751,25015,2265940,1161.7,765.2,1182.9,717.2,1172.3,741.2,0
751,25016,2265941,1161.6,765.5,1183.1,717.4,1172.35,741.45,0
751,25017,2265942,1161.6,765.9,1183.4,717.6,1172.5,741.75,0
751,25018,2265943,1161.6,766.1,1183.6,717.9,1172.6,742.0,0
751,25019,2265944,1161.7,766.3,1183.8,718.4,1172.75,742.35,0
751,25020,2265945,1161.8,766.4,1183.9,718.9,1172.85,742.65,0
751,25021,2265946,1161.9,766.1,1184.1,719.4,1173.0,742.75,0
751,25022,2265947,1162.0,765.5,1184.3,720.0,1173.15,742.75,0
751,25023,2265948,1162.2,764.9,1184.4,720.4,1173.3,742.65,0
751,25024,2265949,1162.3,764.3,1184.8,720.8,1173.55,742.55,0
751,25025,2265950,1162.5,764.0,1185.1,721.1,1173.8,742.55,0
751,25026,2265951,1162.9,763.8,1185.4,721.0,1174.15,742.4,0
751,25027,2265952,1163.2,763.8,1185.6,720.9,1174.4,742.35,0
751,25028,2265953,1163.6,763.8,1185.8,720.7,1174.7,742.25,0
751,25029,2265954,1164.0,764.1,1185.9,720.5,1174.95,742.3,0
751,25030,2265955,1164.2,764.5,1186.1,720.3,1175.15,742.4,0
751,25031,2265956,1164.4,764.8,1186.1,720.1,1175.25,742.45,0
751,25032,2265957,1164.5,765.1,1186.1,719.8,1175.3,742.45,0
751,25033,2265958,1164.5,765.3,1186.0,719.8,1175.25,742.55,0
752,25034,2265959,1164.4,765.3,1186.0,719.7,1175.2,742.5,0
752,25035,2265960,1164.4,765.1,1186.0,719.7,1175.2,742.4,0
752,25036,2265961,1164.3,765.0,1186.1,719.7,1175.2,742.35,0
752,25037,2265962,1164.2,764.8,1186.1,719.8,1175.15,742.3,0
752,25038,2265963,1164.0,764.7,1186.2,719.8,1175.1,742.25,0
752,25039,2265964,1163.7,764.4,1186.2,719.7,1174.95,742.05,0
752,25040,2265965,1163.5,764.2,1186.2,719.6,1174.85,741.9,0
752,25041,2265966,1163.3,763.9,1186.1,719.4,1174.7,741.65,0
752,25042,2265967,1163.1,763.8,1185.9,719.3,1174.5,741.55,0
752,25043,2265968,1163.1,763.7,1185.7,719.2,1174.4,741.45,0
752,25044,2265969,1163.0,763.5,1185.4,719.2,1174.2,741.35,0
752,25045,2265970,1163.1,763.4,1185.2,719.1,1174.15,741.25,0
752,25046,2265971,1163.2,763.2,1185.2,718.9,1174.2,741.05,0
752,25047,2265972,1163.3,763.1,1185.3,718.7,1174.3,740.9,0
752,25048,2265973,1163.4,763.0,1185.6,718.4,1174.5,740.7,0
752,25049,2265974,1163.4,762.9,1186.1,718.1,1174.75,740.5,0
752,25050,2265975,1163.4,762.8,1186.7,717.7,1175.05,740.25,0
752,25051,2265976,1163.4,762.7,1187.2,717.4,1175.3,740.05,0
752,25052,2265977,1163.4,762.5,1187.7,717.2,1175.55,739.85,0
752,25053,2265978,1163.5,762.4,1188.1,717.2,1175.8,739.8,0
752,25054,2265979,1163.6,762.3,1188.3,717.5,1175.95,739.9,0
752,25055,2265980,1163.8,762.2,1188.5,717.7,1176.15,739.95,0
752,25056,2265981,1164.0,762.1,1188.6,718.1,1176.3,740.1,0
752,25057,2265982,1164.3,762.4,1188.7,718.4,1176.5,740.4,0
752,25058,2265983,1164.5,762.7,1188.8,718.7,1176.65,740.7,0
752,25059,2265984,1164.8,763.0,1189.0,719.0,1176.9,741.0,0
752,25060,2265985,1165.0,763.6,1189.1,719.2,1177.05,741.4,0
752,25061,2265986,1165.1,764.2,1189.3,719.2,1177.2,741.7,0
752,25062,2265987,1165.2,764.9,1189.4,719.2,1177.3,742.05,0
752,25063,2265988,1165.3,765.5,1189.4,719.2,1177.35,742.35,0
752,25064,2265989,1165.2,765.9,1189.4,719.0,1177.3,742.45,0
752,25065,2265990,1165.2,766.5,1189.4,718.8,1177.3,742.65,0
752,25066,2265991,1165.2,767.1,1189.4,718.7,1177.3,742.9,0
753,25067,2265992,1165.1,767.6,1189.3,718.4,1177.2,743.0,0
753,25068,2265993,1165.1,768.1,1189.3,718.0,1177.2,743.05,0
753,25069,2265994,1165.1,768.6,1189.2,717.2,1177.15,742.9,0
753,25070,2265995,1165.1,769.1,1189.1,716.5,1177.1,742.8,0
753,25071,2265996,1165.1,769.8,1189.1,715.6,1177.1,742.7,0
753,25072,2265997,1165.1,770.3,1189.0,714.5,1177.05,742.4,0
753,25073,2265998,1165.1,770.8,1188.9,713.4,1177.0,742.1,0
753,25074,2265999,1165.0,771.1,1188.9,712.3,1176.95,741.7,0
753,25075,2266000,1165.0,771.3,1189.0,711.4,1177.0,741.35,0
753,25076,2266001,1164.9,771.5,1189.1,710.9,1177.0,741.2,0
753,25077,2266002,1164.9,771.7,1189.2,710.1,1177.05,740.9,0
753,25078,2266003,1164.9,771.7,1189.4,709.6,1177.15,740.65,0
753,25079,2266004,1165.0,771.7,1189.5,709.3,1177.25,740.5,0
753,25080,2266005,1165.2,771.7,1189.6,709.0,1177.4,740.35,0
753,25081,2266006,1165.4,771.8,1189.7,708.8,1177.55,740.3,0
753,25082,2266007,1165.6,771.8,1189.7,708.5,1177.65,740.15,0
753,25083,2266008,1165.8,771.9,1189.7,708.3,1177.75,740.1,0
753,25084,2266009,1166.0,772.0,1189.7,708.2,1177.85,740.1,0
753,25085,2266010,1166.2,772.2,1189.6,707.9,1177.9,740.05,0
753,25086,2266011,1166.3,772.6,1189.5,707.6,1177.9,740.1,0
753,25087,2266012,1166.4,772.9,1189.4,707.3,1177.9,740.1,0
753,25088,2266013,1166.5,773.2,1189.2,706.9,1177.85,740.05,0
753,25089,2266014,1166.6,773.4,1189.1,706.5,1177.85,739.95,0
753,25090,2266015,1166.6,773.5,1189.0,705.8,1177.8,739.65,0
753,25091,2266016,1166.7,773.5,1189.0,705.3,1177.85,739.4,0
753,25092,2266017,1166.8,773.5,1189.2,705.0,1178.0,739.25,0
753,25093,2266018,1167.0,773.2,1189.5,704.5,1178.25,738.85,0
753,25094,2266019,1167.2,773.0,1189.7,704.1,1178.45,738.55,0
753,25095,2266020,1167.3,772.8,1190.0,703.7,1178.65,738.25,0
753,25096,2266021,1167.5,772.6,1190.3,703.2,1178.9,737.9,0
753,25097,2266022,1167.7,772.5,1190.7,703.0,1179.2,737.75,0
753,25098,2266023,1167.8,772.6,1190.9,702.8,1179.35,737.7,0
753,25099,2266024,1167.8,772.7,1191.1,702.5,1179.45,737.6,0
753,25100,2266025,1167.8,772.9,1191.2,702.4,1179.5,737.65,0
754,25101,2266026,1167.8,773.0,1191.3,702.2,1179.55,737.6,0
754,25102,2266027,1167.7,773.1,1191.4,702.1,1179.55,737.6,0
754,25103,2266028,1167.6,773.2,1191.5,702.0,1179.55,737.6,0
754,25104,2266029,1167.5,773.2,1191.5,701.9,1179.5,737.55,0
754,25105,2266030,1167.3,773.1,1191.5,702.0,1179.4,737.55,0
754,25106,2266031,1167.3,773.0,1191.5,702.3,1179.4,737.65,0
754,25107,2266032,1167.3,772.9,1191.5,702.8,1179.4,737.85,0
754,25108,2266033,1167.2,772.8,1191.5,703.3,1179.35,738.05,0
754,25109,2266034,1167.0,772.8,1191.5,704.1,1179.25,738.45,0
754,25110,2266035,1166.8,772.8,1191.5,704.8,1179.15,738.8,0
754,25111,2266036,1166.6,772.9,1191.8,705.6,1179.2,739.25,0
754,25112,2266037,1166.5,773.1,1192.1,706.1,1179.3,739.6,0
754,25113,2266038,1166.4,773.3,1192.4,706.3,1179.4,739.8,0
754,25114,2266039,1166.3,773.8,1192.8,706.3,1179.55,740.05,0
754,25115,2266040,1166.3,774.4,1193.2,706.2,1179.75,740.3,0
754,25116,2266041,1166.4,774.9,1193.5,706.0,1179.95,740.45,0
754,25117,2266042,1166.5,775.3,1193.8,705.7,1180.15,740.5,0
754,25118,2266043,1166.5,775.5,1193.7,705.3,1180.1,740.4,0
754,25119,2266044,1166.5,775.7,1193.6,704.9,1180.05,740.3,0
754,25120,2266045,1166.6,775.8,1193.4,704.7,1180.0,740.25,0
754,25121,2266046,1166.6,775.5,1193.2,704.5,1179.9,740.0,0
754,25122,2266047,1166.7,775.1,1192.9,704.3,1179.8,739.7,0
754,25123,2266048,1166.9,774.7,1192.8,704.0,1179.85,739.35,0
754,25124,2266049,1167.1,774.4,1192.7,703.8,1179.9,739.1,0
754,25125,2266050,1167.3,774.2,1192.7,703.5,1180.0,738.85,0
754,25126,2266051,1167.5,774.0,1192.7,703.3,1180.1,738.65,0
754,25127,2266052,1167.7,773.8,1192.8,703.2,1180.25,738.5,0
754,25128,2266053,1167.8,773.8,1192.9,703.0,1180.35,738.4,0
754,25129,2266054,1167.8,773.8,1193.3,702.8,1180.55,738.3,0
754,25130,2266055,1167.7,773.7,1193.7,702.7,1180.7,738.2,0
754,25131,2266056,1167.6,773.8,1194.1,702.6,1180.85,738.2,0
754,25132,2266057,1167.4,773.8,1194.4,702.6,1180.9,738.2,0
754,25133,2266058,1167.3,774.0,1194.8,702.6,1181.05,738.3,0
755,25134,2266059,1167.1,774.3,1195.2,702.6,1181.15,738.45,0
755,25135,2266060,1166.9,774.7,1195.6,702.7,1181.25,738.7,0
755,25136,2266061,1166.9,775.0,1195.6,703.3,1181.25,739.15,0
755,25137,2266062,1166.8,775.3,1195.6,704.0,1181.2,739.65,0
755,25138,2266063,1166.8,775.5,1195.6,704.7,1181.2,740.1,0
755,25139,2266064,1167.0,775.7,1195.7,705.3,1181.35,740.5,0
755,25140,2266065,1167.5,775.7,1195.7,705.8,1181.6,740.75,0
755,25141,2266066,1168.3,775.5,1196.8,705.9,1182.55,740.7,0
755,25142,2266067,1169.6,774.7,1198.9,705.1,1184.25,739.9,0
755,25143,2266068,1171.6,772.5,1201.7,703.4,1186.65,737.95,0
755,25144,2266069,1174.2,768.8,1205.4,700.6,1189.8,734.7,0
755,25145,2266070,1177.5,764.4,1210.4,696.7,1193.95,730.55,0
755,25146,2266071,1182.4,758.1,1216.6,691.3,1199.5,724.7,0
755,25147,2266072,1187.6,750.8,1224.6,684.3,1206.1,717.55,0
755,25148,2266073,1194.2,741.2,1233.8,675.0,1214.0,708.1,0
755,25149,2266074,1201.7,730.3,1244.1,664.8,1222.9,697.55,0
755,25150,2266075,1209.1,718.5,1255.5,653.3,1232.3,685.9,0
755,25151,2266076,1216.1,706.2,1267.4,640.1,1241.75,673.15,0
755,25152,2266077,1222.4,693.1,1279.8,624.8,1251.1,658.95,0
755,25153,2266078,1227.1,681.9,1291.0,607.2,1259.05,644.55,0
755,25154,2266079,1231.1,670.9,1300.4,587.7,1265.75,629.3,0
755,25155,2266080,1233.4,660.9,1307.6,568.1,1270.5,614.5,0
755,25156,2266081,1234.1,650.8,1312.8,548.1,1273.45,599.45,0
755,25157,2266082,1234.0,641.9,1316.4,526.8,1275.2,584.35,0
755,25158,2266083,1233.5,633.6,1318.4,506.3,1275.95,569.95,0
755,25159,2266084,1232.7,626.3,1318.4,487.6,1275.55,556.95,0
755,25160,2266085,1231.8,618.2,1318.5,471.4,1275.15,544.8,0
755,25161,2266086,1230.9,610.7,1318.0,458.8,1274.45,534.75,0
755,25162,2266087,1230.2,604.5,1317.2,448.7,1273.7,526.6,0
755,25163,2266088,1229.8,599.8,1316.4,440.9,1273.1,520.35,0
755,25164,2266089,1230.1,596.0,1315.1,435.8,1272.6,515.9,0
755,25165,2266090,1231.3,593.5,1313.9,433.0,1272.6,513.25,0
755,25166,2266091,1232.7,591.6,1312.7,431.8,1272.7,511.7,0
756,25167,2266092,1234.3,590.8,1311.5,432.6,1272.9,511.7,0
756,25168,2266093,1236.3,590.5,1310.6,433.9,1273.45,512.2,0
756,25169,2266094,1238.2,591.0,1310.0,435.8,1274.1,513.4,0
756,25170,2266095,1240.1,592.2,1309.3,438.3,1274.7,515.25,0
756,25171,2266096,1241.3,593.6,1308.9,441.8,1275.1,517.7,0
756,25172,2266097,1242.0,595.3,1308.5,445.6,1275.25,520.45,0
756,25173,2266098,1242.5,597.7,1308.1,449.8,1275.3,523.75,0
756,25174,2266099,1243.0,599.9,1307.7,453.4,1275.35,526.65,0
756,25175,2266100,1243.1,601.8,1307.4,456.8,1275.25,529.3,0
756,25176,2266101,1243.2,603.4,1307.0,460.0,1275.1,531.7,0
756,25177,2266102,1243.2,604.8,1306.7,462.8,1274.95,533.8,0
756,25178,2266103,1243.2,606.3,1306.8,464.6,1275.0,535.45,0
756,25179,2266104,1243.0,607.6,1307.0,465.9,1275.0,536.75,0
756,25180,2266105,1242.8,608.4,1307.2,467.4,1275.0,537.9,0
756,25181,2266106,1242.5,609.1,1307.4,468.9,1274.95,539.0,0
756,25182,2266107,1242.3,609.8,1307.7,470.5,1275.0,540.15,0
756,25183,2266108,1242.0,610.5,1308.0,471.8,1275.0,541.15,0
756,25184,2266109,1241.7,610.7,1308.4,473.2,1275.05,541.95,0
756,25185,2266110,1241.4,610.9,1308.6,474.4,1275.0,542.65,0
756,25186,2266111,1241.1,611.1,1308.7,475.5,1274.9,543.3,0
756,25187,2266112,1240.7,611.0,1308.9,476.0,1274.8,543.5,0
756,25188,2266113,1240.4,610.9,1309.1,476.4,1274.75,543.65,0
756,25189,2266114,1240.0,610.8,1309.3,476.7,1274.65,543.75,0
756,25190,2266115,1239.6,610.5,1309.3,477.3,1274.45,543.9,0
756,25191,2266116,1239.3,610.2,1309.4,477.9,1274.35,544.05,0
756,25192,2266117,1239.2,609.9,1309.3,478.5,1274.25,544.2,0
756,25193,2266118,1239.4,609.6,1309.0,478.9,1274.2,544.25,0
756,25194,2266119,1239.7,609.4,1308.6,479.3,1274.15,544.35,0
756,25195,2266120,1240.1,609.2,1308.1,479.6,1274.1,544.4,0
756,25196,2266121,1240.6,609.4,1307.7,480.0,1274.15,544.7,0
756,25197,2266122,1241.2,609.8,1307.2,479.9,1274.2,544.85,0
756,25198,2266123,1241.9,610.1,1306.8,479.8,1274.35,544.95,0
756,25199,2266124,1242.3,610.5,1306.3,480.0,1274.3,545.25,0
756,25200,2266125,1242.9,611.0,1306.2,480.7,1274.55,545.85,0
757,25201,2266126,1243.3,611.4,1306.2,481.4,1274.75,546.4,0
757,25202,2266127,1243.8,612.0,1306.3,482.1,1275.05,547.05,0
757,25203,2266128,1244.0,612.3,1306.5,482.7,1275.25,547.5,0
757,25204,2266129,1244.3,612.7,1306.6,483.4,1275.45,548.05,0
757,25205,2266130,1244.4,613.0,1306.8,484.2,1275.6,548.6,0
757,25206,2266131,1244.5,613.2,1307.1,484.8,1275.8,549.0,0
757,25207,2266132,1244.4,613.4,1307.3,484.9,1275.85,549.15,0
757,25208,2266133,1244.2,613.5,1307.4,485.1,1275.8,549.3,0
757,25209,2266134,1244.0,613.3,1307.4,485.3,1275.7,549.3,0
757,25210,2266135,1243.7,613.0,1307.4,485.5,1275.55,549.25,0
757,25211,2266136,1243.4,612.8,1307.3,485.3,1275.35,549.05,0
757,25212,2266137,1243.0,612.6,1307.2,484.9,1275.1,548.75,0
757,25213,2266138,1242.8,612.6,1306.9,484.5,1274.85,548.55,0
757,25214,2266139,1242.7,612.8,1306.7,484.1,1274.7,548.45,0
757,25215,2266140,1242.5,613.0,1306.6,483.6,1274.55,548.3,0
757,25216,2266141,1242.4,613.3,1306.4,483.2,1274.4,548.25,0
757,25217,2266142,1242.6,614.0,1306.2,482.7,1274.4,548.35,0
757,25218,2266143,1242.8,614.6,1306.0,482.5,1274.4,548.55,0
757,25219,2266144,1243.0,615.1,1305.9,482.4,1274.45,548.75,0
757,25220,2266145,1243.4,615.4,1305.8,482.2,1274.6,548.8,0
757,25221,2266146,1243.7,615.5,1305.9,482.1,1274.8,548.8,0
757,25222,2266147,1244.0,615.6,1306.1,482.0,1275.05,548.8,0
757,25223,2266148,1244.4,615.7,1306.3,482.0,1275.35,548.85,0
757,25224,2266149,1244.7,615.5,1306.9,482.3,1275.8,548.9,0
757,25225,2266150,1245.0,615.4,1307.5,482.8,1276.25,549.1,0
757,25226,2266151,1245.3,615.3,1308.1,483.4,1276.7,549.35,0
757,25227,2266152,1245.5,615.3,1308.7,484.0,1277.1,549.65,0
757,25228,2266153,1245.7,615.4,1309.2,484.7,1277.45,550.05,0
757,25229,2266154,1245.8,615.6,1309.6,485.3,1277.7,550.45,0
757,25230,2266155,1245.8,615.7,1310.0,485.8,1277.9,550.75,0
757,25231,2266156,1245.8,615.8,1310.0,486.1,1277.9,550.95,0
757,25232,2266157,1245.7,615.7,1309.9,486.1,1277.8,550.9,0
757,25233,2266158,1245.5,615.5,1309.7,486.1,1277.6,550.8,0
758,25234,2266159,1245.4,615.3,1309.5,486.0,1277.45,550.65,0
758,25235,2266160,1245.2,615.0,1308.8,486.0,1277.0,550.5,0
758,25236,2266161,1245.0,614.8,1308.0,486.0,1276.5,550.4,0
758,25237,2266162,1244.8,614.6,1307.3,485.9,1276.05,550.25,0
758,25238,2266163,1244.6,614.4,1306.2,485.9,1275.4,550.15,0
758,25239,2266164,1244.6,614.5,1305.3,485.9,1274.95,550.2,0
758,25240,2266165,1244.7,614.7,1304.3,485.9,1274.5,550.3,0
758,25241,2266166,1244.9,614.9,1303.4,485.8,1274.15,550.35,0
758,25242,2266167,1245.1,615.1,1302.9,485.7,1274.0,550.4,0
758,25243,2266168,1245.2,615.2,1302.5,485.2,1273.85,550.2,0
758,25244,2266169,1245.5,615.5,1302.2,484.7,1273.85,550.1,0
758,25245,2266170,1245.7,615.7,1302.6,484.1,1274.15,549.9,0
758,25246,2266171,1245.8,615.9,1303.1,483.5,1274.45,549.7,0
758,25247,2266172,1245.8,616.1,1303.5,482.3,1274.65,549.2,0
758,25248,2266173,1245.9,616.4,1304.1,481.1,1275.0,548.75,0
758,25249,2266174,1246.0,616.6,1304.6,480.0,1275.3,548.3,0
758,25250,2266175,1246.2,616.7,1305.1,479.2,1275.65,547.95,0
758,25251,2266176,1246.3,616.8,1305.7,478.4,1276.0,547.6,0
758,25252,2266177,1246.5,616.9,1306.1,477.8,1276.3,547.35,0
758,25253,2266178,1246.6,616.9,1306.6,477.2,1276.6,547.05,0
758,25254,2266179,1246.8,617.1,1307.0,477.1,1276.9,547.1,0
758,25255,2266180,1246.9,617.2,1307.4,477.0,1277.15,547.1,0
758,25256,2266181,1246.9,617.3,1307.7,476.9,1277.3,547.1,0
758,25257,2266182,1246.9,617.4,1308.1,476.9,1277.5,547.15,0
758,25258,2266183,1246.9,617.3,1308.3,476.5,1277.6,546.9,0
758,25259,2266184,1246.8,617.2,1308.3,476.1,1277.55,546.65,0
758,25260,2266185,1246.8,617.1,1308.4,475.7,1277.6,546.4,0
758,25261,2266186,1246.7,616.9,1308.5,475.3,1277.6,546.1,0
758,25262,2266187,1246.7,616.7,1308.6,474.9,1277.65,545.8,0
758,25263,2266188,1246.7,616.6,1308.6,474.4,1277.65,545.5,0
758,25264,2266189,1246.7,616.7,1308.5,473.8,1277.6,545.25,0
758,25265,2266190,1246.7,616.9,1308.4,473.2,1277.55,545.05,0
758,25266,2266191,1246.8,617.2,1308.1,472.6,1277.45,544.9,0
759,25267,2266192,1246.8,617.5,1307.5,472.0,1277.15,544.75,0
759,25268,2266193,1246.9,617.7,1306.8,471.4,1276.85,544.55,0
759,25269,2266194,1246.9,617.9,1306.2,470.9,1276.55,544.4,0
759,25270,2266195,1247.0,618.1,1305.6,470.4,1276.3,544.25,0
759,25271,2266196,1247.0,618.1,1305.1,470.0,1276.05,544.05,0
759,25272,2266197,1247.0,618.0,1304.7,469.8,1275.85,543.9,0
759,25273,2266198,1247.0,617.8,1304.4,469.6,1275.7,543.7,0
759,25274,2266199,1247.0,617.7,1304.3,469.4,1275.65,543.55,0
759,25275,2266200,1247.0,617.6,1304.2,469.2,1275.6,543.4,0
759,25276,2266201,1247.1,617.5,1304.2,469.1,1275.65,543.3,0
759,25277,2266202,1247.3,617.4,1304.3,468.9,1275.8,543.15,0
759,25278,2266203,1247.3,617.2,1304.5,468.8,1275.9,543.0,0
759,25279,2266204,1247.4,617.1,1304.8,468.7,1276.1,542.9,0
759,25280,2266205,1247.4,617.1,1305.1,468.7,1276.25,542.9,0
759,25281,2266206,1247.4,617.1,1305.4,468.7,1276.4,542.9,0
759,25282,2266207,1247.4,617.0,1305.9,468.7,1276.65,542.85,0
759,25283,2266208,1247.3,617.0,1306.5,468.7,1276.9,542.85,0
759,25284,2266209,1247.1,616.7,1307.0,468.7,1277.05,542.7,0
759,25285,2266210,1247.0,616.3,1307.5,468.8,1277.25,542.55,0
759,25286,2266211,1247.0,615.9,1308.3,468.8,1277.65,542.35,0
759,25287,2266212,1247.0,615.2,1309.0,468.8,1278.0,542.0,0
759,25288,2266213,1247.1,614.6,1310.0,468.6,1278.55,541.6,0
759,25289,2266214,1247.2,614.0,1310.7,468.5,1278.95,541.25,0
759,25290,2266215,1247.4,613.8,1311.4,468.3,1279.4,541.05,0
759,25291,2266216,1247.5,613.9,1312.0,468.1,1279.75,541.0,0
759,25292,2266217,1247.7,614.1,1312.5,467.7,1280.1,540.9,0
759,25293,2266218,1247.9,614.5,1312.6,467.4,1280.25,540.95,0
759,25294,2266219,1248.0,615.0,1312.5,467.0,1280.25,541.0,0
759,25295,2266220,1248.1,615.5,1312.3,466.6,1280.2,541.05,0
759,25296,2266221,1248.2,616.0,1311.9,466.2,1280.05,541.1,0
759,25297,2266222,1248.2,616.2,1311.6,466.0,1279.9,541.1,0
759,25298,2266223,1248.2,616.4,1311.4,465.7,1279.8,541.05,0
759,25299,2266224,1248.3,616.5,1310.7,465.7,1279.5,541.1,0
759,25300,2266225,1248.3,616.6,1310.0,465.5,1279.15,541.05,0
760,25301,2266226,1248.3,616.7,1309.5,465.5,1278.9,541.1,0
760,25302,2266227,1248.4,616.7,1309.0,465.5,1278.7,541.1,0
760,25303,2266228,1248.5,616.7,1308.5,465.4,1278.5,541.05,0
760,25304,2266229,1248.5,616.7,1308.0,465.4,1278.25,541.05,0
760,25305,2266230,1248.6,616.7,1307.5,465.5,1278.05,541.1,0
760,25306,2266231,1248.6,616.7,1307.2,465.5,1277.9,541.1,0
760,25307,2266232,1248.6,616.5,1306.9,465.6,1277.75,541.05,0
760,25308,2266233,1248.5,616.3,1306.6,465.6,1277.55,540.95,0
760,25309,2266234,1248.5,616.1,1306.5,465.4,1277.5,540.75,0
760,25310,2266235,1248.4,615.9,1306.5,465.2,1277.45,540.55,0
760,25311,2266236,1248.4,615.7,1306.6,465.0,1277.5,540.35,0
760,25312,2266237,1248.4,615.4,1306.7,464.7,1277.55,540.05,0
760,25313,2266238,1248.4,615.1,1307.0,464.3,1277.7,539.7,0
760,25314,2266239,1248.4,614.7,1307.4,464.0,1277.9,539.35,0
760,25315,2266240,1248.5,614.4,1307.7,463.7,1278.1,539.05,0
760,25316,2266241,1248.4,614.2,1308.1,463.7,1278.25,538.95,0
760,25317,2266242,1248.3,613.9,1308.3,463.6,1278.3,538.75,0
760,25318,2266243,1248.2,613.6,1308.6,463.6,1278.4,538.6,0
760,25319,2266244,1247.9,613.4,1309.2,463.6,1278.55,538.5,0
760,25320,2266245,1247.7,613.2,1309.8,463.7,1278.75,538.45,0
760,25321,2266246,1247.7,613.2,1310.4,463.9,1279.05,538.55,0
760,25322,2266247,1247.8,613.2,1310.9,464.0,1279.35,538.6,0
760,25323,2266248,1247.9,613.2,1311.2,464.2,1279.55,538.7,0
760,25324,2266249,1248.2,613.1,1311.2,464.4,1279.7,538.75,0
760,25325,2266250,1248.6,613.1,1311.1,464.7,1279.85,538.9,0
760,25326,2266251,1248.9,613.1,1310.7,464.8,1279.8,538.95,0
760,25327,2266252,1249.3,613.1,1310.2,465.0,1279.75,539.05,0
760,25328,2266253,1249.4,613.1,1309.7,465.1,1279.55,539.1,0
760,25329,2266254,1249.4,613.4,1309.2,464.8,1279.3,539.1,0
760,25330,2266255,1249.5,613.6,1308.7,464.3,1279.1,538.95,0
760,25331,2266256,1249.5,613.9,1308.5,463.7,1279.0,538.8,0
760,25332,2266257,1249.5,614.1,1307.9,463.1,1278.7,538.6,0
760,25333,2266258,1249.5,614.4,1307.3,463.0,1278.4,538.7,0
761,25334,2266259,1249.6,614.7,1306.7,462.9,1278.15,538.8,0
761,25335,2266260,1249.7,615.0,1306.2,462.8,1277.95,538.9,0
761,25336,2266261,1249.9,615.2,1305.7,462.9,1277.8,539.05,0
761,25337,2266262,1249.9,615.5,1305.2,463.1,1277.55,539.3,0
761,25338,2266263,1250.0,615.8,1304.8,463.4,1277.4,539.6,0
761,25339,2266264,1250.0,616.1,1304.9,463.5,1277.45,539.8,0
761,25340,2266265,1250.0,616.4,1304.9,463.2,1277.45,539.8,0
761,25341,2266266,1250.0,616.6,1305.1,462.7,1277.55,539.65,0
761,25342,2266267,1249.9,616.9,1305.3,462.3,1277.6,539.6,0
761,25343,2266268,1249.8,617.0,1305.5,461.5,1277.65,539.25,0
761,25344,2266269,1249.6,617.1,1305.8,460.9,1277.7,539.0,0
761,25345,2266270,1249.5,617.2,1306.1,460.2,1277.8,538.7,0
761,25346,2266271,1249.4,617.4,1306.7,459.7,1278.05,538.55,0
761,25347,2266272,1249.2,617.5,1307.3,459.2,1278.25,538.35,0
761,25348,2266273,1249.1,617.7,1308.0,458.9,1278.55,538.3,0
761,25349,2266274,1249.0,617.8,1308.7,458.6,1278.85,538.2,0
761,25350,2266275,1249.0,617.9,1309.4,458.7,1279.2,538.3,0
761,25351,2266276,1249.0,617.9,1310.0,458.9,1279.5,538.4,0
761,25352,2266277,1249.0,617.8,1310.5,459.3,1279.75,538.55,0
761,25353,2266278,1248.9,617.5,1310.7,459.7,1279.8,538.6,0
761,25354,2266279,1248.8,617.3,1310.8,460.1,1279.8,538.7,0
761,25355,2266280,1248.6,617.1,1310.8,460.4,1279.7,538.75,0
761,25356,2266281,1248.3,616.9,1310.8,460.8,1279.55,538.85,0
761,25357,2266282,1248.1,616.8,1310.8,461.0,1279.45,538.9,0
761,25358,2266283,1247.8,616.6,1310.7,461.2,1279.25,538.9,0
761,25359,2266284,1247.7,616.4,1310.7,461.1,1279.2,538.75,0
761,25360,2266285,1247.7,616.4,1310.7,460.9,1279.2,538.65,0
761,25361,2266286,1247.7,616.4,1310.4,460.7,1279.05,538.55,0
761,25362,2266287,1247.8,616.5,1310.0,460.4,1278.9,538.45,0
761,25363,2266288,1247.9,616.7,1309.7,460.3,1278.8,538.5,0
761,25364,2266289,1248.0,617.0,1309.3,460.2,1278.65,538.6,0
761,25365,2266290,1248.1,617.3,1308.7,460.1,1278.4,538.7,0
761,25366,2266291,1248.1,617.7,1307.9,460.1,1278.0,538.9,0
762,25367,2266292,1247.9,618.0,1307.1,460.1,1277.5,539.05,0
762,25368,2266293,1247.8,618.3,1306.6,460.0,1277.2,539.15,0
762,25369,2266294,1247.8,618.5,1306.1,459.9,1276.95,539.2,0
762,25370,2266295,1247.7,618.6,1305.6,459.7,1276.65,539.15,0
762,25371,2266296,1247.7,618.6,1305.1,459.5,1276.4,539.05,0
762,25372,2266297,1247.7,618.6,1304.8,459.2,1276.25,538.9,0
762,25373,2266298,1247.8,618.6,1304.8,458.8,1276.3,538.7,0
762,25374,2266299,1247.8,618.7,1305.2,459.0,1276.5,538.85,0
762,25375,2266300,1247.8,618.8,1305.6,459.3,1276.7,539.05,0
762,25376,2266301,1247.8,618.9,1306.1,459.7,1276.95,539.3,0
762,25377,2266302,1247.8,619.0,1306.6,460.1,1277.2,539.55,0
762,25378,2266303,1247.7,619.2,1307.1,460.6,1277.4,539.9,0
762,25379,2266304,1247.5,619.3,1307.7,461.2,1277.6,540.25,0
762,25380,2266305,1247.3,619.5,1308.3,461.7,1277.8,540.6,0
762,25381,2266306,1247.1,619.6,1308.6,461.8,1277.85,540.7,0
762,25382,2266307,1246.9,619.8,1309.1,461.7,1278.0,540.75,0
762,25383,2266308,1246.7,619.9,1309.5,461.5,1278.1,540.7,0
762,25384,2266309,1246.5,620.0,1309.9,461.4,1278.2,540.7,0
762,25385,2266310,1246.5,620.0,1310.2,461.3,1278.35,540.65,0
762,25386,2266311,1246.7,619.8,1310.4,461.2,1278.55,540.5,0
762,25387,2266312,1246.9,619.6,1310.6,461.0,1278.75,540.3,0
762,25388,2266313,1247.2,619.4,1310.7,461.0,1278.95,540.2,0
762,25389,2266314,1247.4,619.2,1310.7,461.0,1279.05,540.1,0
762,25390,2266315,1247.6,619.2,1310.6,461.1,1279.1,540.15,0
762,25391,2266316,1247.8,619.1,1310.5,461.0,1279.15,540.05,0
762,25392,2266317,1247.9,619.2,1310.1,461.0,1279.0,540.1,0
762,25393,2266318,1247.6,619.4,1309.8,461.0,1278.7,540.2,0
762,25394,2266319,1247.2,619.6,1309.4,460.9,1278.3,540.25,0
762,25395,2266320,1246.9,619.8,1309.1,460.8,1278.0,540.3,0
762,25396,2266321,1246.6,620.1,1308.7,460.7,1277.65,540.4,0
762,25397,2266322,1246.3,620.2,1308.3,460.6,1277.3,540.4,0
762,25398,2266323,1246.2,620.4,1307.8,460.7,1277.0,540.55,0
762,25399,2266324,1246.0,620.6,1307.5,460.9,1276.75,540.75,0
762,25400,2266325,1246.2,620.9,1307.2,461.1,1276.7,541.0,0
763,25401,2266326,1246.4,621.1,1306.9,461.4,1276.65,541.25,0
763,25402,2266327,1246.6,621.2,1306.6,461.7,1276.6,541.45,0
763,25403,2266328,1246.7,621.3,1306.3,462.0,1276.5,541.65,0
763,25404,2266329,1246.9,621.3,1306.1,462.3,1276.5,541.8,0
763,25405,2266330,1246.9,621.2,1306.2,462.6,1276.55,541.9,0
763,25406,2266331,1246.9,621.1,1306.2,462.9,1276.55,542.0,0
763,25407,2266332,1246.8,620.9,1306.4,463.2,1276.6,542.05,0
763,25408,2266333,1246.8,621.0,1306.6,463.4,1276.7,542.2,0
763,25409,2266334,1246.8,621.3,1306.9,463.9,1276.85,542.6,0
763,25410,2266335,1246.7,621.5,1307.2,464.6,1276.95,543.05,0
763,25411,2266336,1246.7,621.8,1307.5,465.2,1277.1,543.5,0
763,25412,2266337,1246.6,622.1,1307.7,465.7,1277.15,543.9,0
763,25413,2266338,1246.6,622.5,1307.9,466.2,1277.25,544.35,0
763,25414,2266339,1246.5,622.8,1308.1,466.7,1277.3,544.75,0
763,25415,2266340,1246.5,622.6,1308.3,467.1,1277.4,544.85,0
763,25416,2266341,1246.4,622.1,1308.5,467.3,1277.45,544.7,0
763,25417,2266342,1246.4,621.6,1308.7,467.3,1277.55,544.45,0
763,25418,2266343,1246.3,621.1,1309.0,467.5,1277.65,544.3,0
763,25419,2266344,1246.3,620.7,1309.2,467.6,1277.75,544.15,0
763,25420,2266345,1246.2,620.2,1309.3,467.8,1277.75,544.0,0
763,25421,2266346,1246.0,619.9,1309.4,467.9,1277.7,543.9,0
763,25422,2266347,1245.7,619.9,1309.3,467.9,1277.5,543.9,0
763,25423,2266348,1245.5,620.0,1309.2,467.9,1277.35,543.95,0
763,25424,2266349,1245.2,620.1,1309.1,467.8,1277.15,543.95,0
763,25425,2266350,1245.0,620.1,1308.9,467.5,1276.95,543.8,0
763,25426,2266351,1244.7,619.9,1308.7,467.3,1276.7,543.6,0
763,25427,2266352,1244.4,619.6,1308.4,467.0,1276.4,543.3,0
763,25428,2266353,1244.4,619.3,1308.3,466.8,1276.35,543.05,0
763,25429,2266354,1244.3,619.3,1308.1,466.7,1276.2,543.0,0
763,25430,2266355,1244.3,619.2,1307.9,466.5,1276.1,542.85,0
763,25431,2266356,1244.3,619.1,1307.7,466.8,1276.0,542.95,0
763,25432,2266357,1244.3,619.3,1307.4,467.2,1275.85,543.25,0
763,25433,2266358,1244.4,619.6,1307.1,468.1,1275.75,543.85,0
764,25434,2266359,1244.6,620.3,1306.9,469.0,1275.75,544.65,0
764,25435,2266360,1244.8,620.9,1306.8,469.9,1275.8,545.4,0
764,25436,2266361,1245.0,621.2,1306.6,471.2,1275.8,546.2,0
764,25437,2266362,1245.2,621.6,1306.5,472.5,1275.85,547.05,0
764,25438,2266363,1245.3,622.0,1306.1,473.4,1275.7,547.7,0
764,25439,2266364,1245.4,622.4,1305.8,474.3,1275.6,548.35,0
764,25440,2266365,1245.4,622.6,1305.4,474.7,1275.4,548.65,0
764,25441,2266366,1245.3,622.7,1305.0,475.1,1275.15,548.9,0
764,25442,2266367,1245.2,622.7,1304.6,475.4,1274.9,549.05,0
764,25443,2266368,1245.0,622.8,1304.2,475.3,1274.6,549.05,0
764,25444,2266369,1244.8,623.3,1303.8,475.2,1274.3,549.25,0
764,25445,2266370,1244.7,623.8,1303.6,475.1,1274.15,549.45,0
764,25446,2266371,1244.7,624.2,1303.5,475.1,1274.1,549.65,0
764,25447,2266372,1244.6,624.5,1303.4,474.9,1274.0,549.7,0
764,25448,2266373,1244.5,624.7,1303.4,474.8,1273.95,549.75,0
764,25449,2266374,1244.5,624.8,1303.5,474.7,1274.0,549.75,0
764,25450,2266375,1244.4,625.0,1303.7,474.6,1274.05,549.8,0
764,25451,2266376,1244.2,624.7,1304.0,474.3,1274.1,549.5,0
764,25452,2266377,1244.0,624.5,1304.3,474.0,1274.15,549.25,0
764,25453,2266378,1243.8,624.3,1304.7,473.7,1274.25,549.0,0
764,25454,2266379,1243.6,624.2,1305.1,473.4,1274.35,548.8,0
764,25455,2266380,1243.3,624.2,1305.5,473.1,1274.4,548.65,0
764,25456,2266381,1243.0,624.0,1305.8,473.0,1274.4,548.5,0
764,25457,2266382,1242.7,623.9,1306.0,472.8,1274.35,548.35,0
764,25458,2266383,1242.6,623.8,1305.9,473.0,1274.25,548.4,0
764,25459,2266384,1242.5,623.6,1305.8,473.2,1274.15,548.4,0
764,25460,2266385,1242.4,623.4,1305.6,473.5,1274.0,548.45,0
764,25461,2266386,1242.3,623.2,1305.3,473.7,1273.8,548.45,0
764,25462,2266387,1242.3,623.0,1305.1,474.0,1273.7,548.5,0
764,25463,2266388,1242.4,622.7,1304.8,474.4,1273.6,548.55,0
764,25464,2266389,1242.4,622.4,1304.6,474.7,1273.5,548.55,0
764,25465,2266390,1242.4,622.2,1304.5,474.9,1273.45,548.55,0
764,25466,2266391,1242.3,622.0,1304.4,475.1,1273.35,548.55,0
765,25467,2266392,1242.2,621.8,1304.3,475.4,1273.25,548.6,0
765,25468,2266393,1242.1,621.6,1304.1,475.7,1273.1,548.65,0
765,25469,2266394,1242.0,621.5,1303.9,475.9,1272.95,548.7,0
765,25470,2266395,1241.9,621.6,1303.6,476.0,1272.75,548.8,0
765,25471,2266396,1241.8,621.6,1303.2,476.3,1272.5,548.95,0
765,25472,2266397,1241.7,621.6,1302.9,476.6,1272.3,549.1,0
765,25473,2266398,1241.7,621.5,1302.6,477.0,1272.15,549.25,0
765,25474,2266399,1241.6,621.4,1302.2,477.3,1271.9,549.35,0
765,25475,2266400,1241.6,621.3,1301.7,477.6,1271.65,549.45,0
765,25476,2266401,1241.6,621.2,1301.3,477.8,1271.45,549.5,0
765,25477,2266402,1241.6,621.1,1300.9,478.1,1271.25,549.6,0
765,25478,2266403,1241.6,621.0,1300.6,478.3,1271.1,549.65,0
765,25479,2266404,1241.7,620.9,1300.2,478.4,1270.95,549.65,0
765,25480,2266405,1241.7,620.9,1299.8,478.5,1270.75,549.7,0
765,25481,2266406,1241.7,620.9,1299.4,478.6,1270.55,549.75,0
765,25482,2266407,1241.7,620.8,1299.2,478.7,1270.45,549.75,0
765,25483,2266408,1241.6,620.8,1299.0,478.8,1270.3,549.8,0
765,25484,2266409,1241.5,620.8,1298.7,478.8,1270.1,549.8,0
765,25485,2266410,1241.5,620.8,1298.6,478.8,1270.05,549.8,0
765,25486,2266411,1241.3,620.8,1298.5,478.7,1269.9,549.75,0
765,25487,2266412,1241.2,620.8,1298.5,478.7,1269.85,549.75,0
765,25488,2266413,1241.0,620.8,1298.6,478.7,1269.8,549.75,0
765,25489,2266414,1240.9,620.7,1298.8,478.8,1269.85,549.75,0
765,25490,2266415,1240.7,620.6,1299.0,478.9,1269.85,549.75,0
765,25491,2266416,1240.6,620.4,1299.3,479.0,1269.95,549.7,0
765,25492,2266417,1240.7,620.3,1299.6,479.2,1270.15,549.75,0
765,25493,2266418,1240.8,620.1,1299.9,479.4,1270.35,549.75,0
765,25494,2266419,1240.9,620.0,1300.2,479.6,1270.55,549.8,0
765,25495,2266420,1241.2,619.9,1300.4,479.7,1270.8,549.8,0
765,25496,2266421,1241.4,619.8,1300.6,479.7,1271.0,549.75,0
765,25497,2266422,1241.5,619.8,1300.8,479.7,1271.15,549.75,0
765,25498,2266423,1241.6,619.9,1301.0,479.8,1271.3,549.85,0
765,25499,2266424,1241.5,620.0,1301.2,479.9,1271.35,549.95,0
765,25500,2266425,1241.3,620.4,1301.2,480.1,1271.25,550.25,0
766,25501,2266426,1241.2,620.8,1301.3,480.3,1271.25,550.55,0
766,25502,2266427,1241.1,621.3,1301.3,480.6,1271.2,550.95,0
766,25503,2266428,1241.0,621.7,1301.3,480.8,1271.15,551.25,0
766,25504,2266429,1241.0,622.2,1301.2,481.1,1271.1,551.65,0
766,25505,2266430,1241.2,622.6,1301.1,481.3,1271.15,551.95,0
766,25506,2266431,1241.4,623.0,1301.1,481.7,1271.25,552.35,0
766,25507,2266432,1241.7,623.3,1301.0,482.0,1271.35,552.65,0
766,25508,2266433,1241.9,623.4,1300.7,482.2,1271.3,552.8,0
766,25509,2266434,1242.0,623.4,1300.3,482.5,1271.15,552.95,0
766,25510,2266435,1242.2,623.4,1300.0,482.6,1271.1,553.0,0
766,25511,2266436,1242.3,623.5,1299.7,482.7,1271.0,553.1,0
766,25512,2266437,1242.2,623.5,1299.3,482.9,1270.75,553.2,0
766,25513,2266438,1242.2,623.7,1298.9,483.0,1270.55,553.35,0
766,25514,2266439,1242.2,623.8,1298.5,483.2,1270.35,553.5,0
766,25515,2266440,1242.2,624.0,1298.4,483.5,1270.3,553.75,0
766,25516,2266441,1242.3,624.3,1298.1,483.9,1270.2,554.1,0
766,25517,2266442,1242.4,624.5,1297.9,484.4,1270.15,554.45,0
766,25518,2266443,1242.5,624.7,1297.6,484.9,1270.05,554.8,0
766,25519,2266444,1242.5,625.0,1297.3,485.4,1269.9,555.2,0
766,25520,2266445,1242.5,625.2,1297.0,485.8,1269.75,555.5,0
766,25521,2266446,1242.5,625.3,1296.5,486.2,1269.5,555.75,0
766,25522,2266447,1242.5,625.4,1296.1,486.6,1269.3,556.0,0
766,25523,2266448,1242.5,625.2,1295.6,486.9,1269.05,556.05,0
766,25524,2266449,1242.3,625.0,1295.3,487.1,1268.8,556.05,0
766,25525,2266450,1242.1,624.9,1295.0,488.1,1268.55,556.5,0
766,25526,2266451,1242.0,624.6,1294.6,489.0,1268.3,556.8,0
766,25527,2266452,1241.7,624.4,1294.2,489.9,1267.95,557.15,0
766,25528,2266453,1241.6,624.5,1294.0,490.7,1267.8,557.6,0
766,25529,2266454,1241.3,624.7,1293.8,491.5,1267.55,558.1,0
766,25530,2266455,1241.1,625.1,1293.6,492.3,1267.35,558.7,0
766,25531,2266456,1241.1,625.6,1293.5,493.2,1267.3,559.4,0
766,25532,2266457,1241.2,626.1,1293.5,493.4,1267.35,559.75,0
766,25533,2266458,1241.3,626.5,1293.4,493.7,1267.35,560.1,0
767,25534,2266459,1241.4,627.0,1293.5,494.0,1267.45,560.5,0
767,25535,2266460,1241.5,627.1,1293.5,494.3,1267.5,560.7,0
767,25536,2266461,1241.7,627.2,1293.6,494.5,1267.65,560.85,0
767,25537,2266462,1241.8,627.3,1293.4,494.8,1267.6,561.05,0
767,25538,2266463,1241.9,627.3,1293.2,495.0,1267.55,561.15,0
767,25539,2266464,1241.8,627.3,1293.0,495.2,1267.4,561.25,0
767,25540,2266465,1241.6,627.2,1292.7,495.4,1267.15,561.3,0
767,25541,2266466,1241.4,627.0,1292.4,495.5,1266.9,561.25,0
767,25542,2266467,1241.3,626.8,1292.1,495.6,1266.7,561.2,0
767,25543,2266468,1241.2,626.7,1291.9,495.7,1266.55,561.2,0
767,25544,2266469,1241.0,626.5,1292.0,495.9,1266.5,561.2,0
767,25545,2266470,1240.9,626.4,1292.0,496.0,1266.45,561.2,0
767,25546,2266471,1240.9,626.4,1292.2,496.0,1266.55,561.2,0
767,25547,2266472,1240.9,626.4,1292.5,496.0,1266.7,561.2,0
767,25548,2266473,1240.9,626.5,1292.8,496.1,1266.85,561.3,0
767,25549,2266474,1240.8,626.6,1293.1,496.2,1266.95,561.4,0
767,25550,2266475,1240.7,626.7,1293.3,496.8,1267.0,561.75,0
767,25551,2266476,1240.5,626.8,1293.6,497.3,1267.05,562.05,0
767,25552,2266477,1240.4,627.0,1293.7,497.8,1267.05,562.4,0
767,25553,2266478,1240.3,627.0,1293.9,498.5,1267.1,562.75,0
767,25554,2266479,1240.2,627.0,1293.8,499.2,1267.0,563.1,0
767,25555,2266480,1240.1,627.1,1293.8,499.7,1266.95,563.4,0
767,25556,2266481,1240.2,627.2,1293.7,500.2,1266.95,563.7,0
767,25557,2266482,1240.3,627.3,1293.6,500.4,1266.95,563.85,0
767,25558,2266483,1240.4,627.5,1293.5,500.6,1266.95,564.05,0
767,25559,2266484,1240.5,627.6,1293.3,500.8,1266.9,564.2,0
767,25560,2266485,1240.6,627.6,1293.1,501.0,1266.85,564.3,0
767,25561,2266486,1240.7,627.5,1293.0,501.2,1266.85,564.35,0
767,25562,2266487,1240.7,627.1,1292.8,501.6,1266.75,564.35,0
767,25563,2266488,1240.8,626.7,1292.7,502.0,1266.75,564.35,0
767,25564,2266489,1240.7,626.1,1292.6,502.4,1266.65,564.25,0
767,25565,2266490,1240.6,625.5,1292.5,503.0,1266.55,564.25,0
767,25566,2266491,1240.5,624.9,1292.5,503.6,1266.5,564.25,0
768,25567,2266492,1240.4,624.1,1292.6,504.2,1266.5,564.15,0
768,25568,2266493,1240.3,623.5,1292.7,504.9,1266.5,564.2,0
768,25569,2266494,1240.2,623.2,1292.7,505.3,1266.45,564.25,0
768,25570,2266495,1240.0,622.8,1292.8,505.7,1266.4,564.25,0
768,25571,2266496,1239.9,622.4,1292.8,506.2,1266.35,564.3,0
768,25572,2266497,1239.7,622.0,1292.8,506.3,1266.25,564.15,0
768,25573,2266498,1239.6,621.6,1292.7,506.4,1266.15,564.0,0
768,25574,2266499,1239.4,621.2,1292.6,506.5,1266.0,563.85,0
768,25575,2266500,1239.2,620.8,1292.5,506.5,1265.85,563.65,0
768,25576,2266501,1239.0,620.4,1292.4,506.5,1265.7,563.45,0
768,25577,2266502,1238.9,620.2,1292.3,506.6,1265.6,563.4,0
768,25578,2266503,1238.8,619.9,1292.2,506.6,1265.5,563.25,0
768,25579,2266504,1238.7,619.6,1292.2,506.6,1265.45,563.1,0
768,25580,2266505,1238.7,619.3,1292.2,506.6,1265.45,562.95,0
768,25581,2266506,1238.7,619.2,1292.1,507.0,1265.4,563.1,0
768,25582,2266507,1238.6,619.0,1292.1,507.4,1265.35,563.2,0
768,25583,2266508,1238.5,618.6,1292.0,507.7,1265.25,563.15,0
768,25584,2266509,1238.4,618.3,1291.9,508.0,1265.15,563.15,0
768,25585,2266510,1238.3,618.1,1291.6,508.3,1264.95,563.2,0
768,25586,2266511,1238.2,617.8,1291.3,508.6,1264.75,563.2,0
768,25587,2266512,1238.2,617.6,1290.9,509.0,1264.55,563.3,0
768,25588,2266513,1238.2,617.2,1290.6,509.0,1264.4,563.1,0
768,25589,2266514,1238.2,616.9,1290.3,509.1,1264.25,563.0,0
768,25590,2266515,1238.2,616.7,1289.9,509.1,1264.05,562.9,0
768,25591,2266516,1238.2,616.4,1289.6,509.3,1263.9,562.85,0
768,25592,2266517,1238.3,616.2,1289.5,509.4,1263.9,562.8,0
768,25593,2266518,1238.3,615.9,1289.4,509.6,1263.85,562.75,0
768,25594,2266519,1238.1,615.6,1289.3,509.7,1263.7,562.65,0
768,25595,2266520,1237.8,615.3,1289.3,509.9,1263.55,562.6,0
768,25596,2266521,1237.5,615.0,1289.3,510.0,1263.4,562.5,0
768,25597,2266522,1237.3,614.7,1289.3,510.1,1263.3,562.4,0
768,25598,2266523,1237.0,614.4,1289.3,510.2,1263.15,562.3,0
768,25599,2266524,1236.7,614.1,1289.3,510.3,1263.0,562.2,0
768,25600,2266525,1236.4,613.8,1289.2,510.5,1262.8,562.15,0
769,25601,2266526,1236.4,613.5,1289.0,510.6,1262.7,562.05,0
769,25602,2266527,1236.4,613.5,1288.7,510.7,1262.55,562.1,0
769,25603,2266528,1236.4,613.5,1288.4,510.9,1262.4,562.2,0
769,25604,2266529,1236.4,613.5,1288.0,511.1,1262.2,562.3,0
769,25605,2266530,1236.4,613.6,1287.6,511.4,1262.0,562.5,0
769,25606,2266531,1236.2,613.7,1287.3,511.7,1261.75,562.7,0
769,25607,2266532,1236.0,613.8,1287.0,511.9,1261.5,562.85,0
769,25608,2266533,1235.8,614.0,1286.9,512.3,1261.35,563.15,0
769,25609,2266534,1235.6,614.1,1286.8,512.6,1261.2,563.35,0
769,25610,2266535,1235.4,614.2,1286.7,512.9,1261.05,563.55,0
769,25611,2266536,1235.1,614.3,1286.2,513.2,1260.65,563.75,0
769,25612,2266537,1234.7,614.3,1285.8,513.4,1260.25,563.85,0
769,25613,2266538,1234.4,614.3,1285.4,513.7,1259.9,564.0,0
769,25614,2266539,1234.2,614.4,1285.1,514.1,1259.65,564.25,0
769,25615,2266540,1233.9,614.4,1284.8,514.2,1259.35,564.3,0
769,25616,2266541,1233.6,614.4,1284.5,514.5,1259.05,564.45,0
769,25617,2266542,1233.4,614.4,1284.2,514.7,1258.8,564.55,0
769,25618,2266543,1233.2,614.4,1284.2,514.8,1258.7,564.6,0
769,25619,2266544,1233.1,614.4,1284.2,514.8,1258.65,564.6,0
769,25620,2266545,1233.0,614.3,1284.2,514.6,1258.6,564.45,0
769,25621,2266546,1233.0,614.2,1284.1,514.5,1258.55,564.35,0
769,25622,2266547,1232.9,614.1,1283.9,514.5,1258.4,564.3,0
769,25623,2266548,1232.8,614.0,1283.8,514.4,1258.3,564.2,0
769,25624,2266549,1232.8,614.3,1283.8,514.3,1258.3,564.3,0
769,25625,2266550,1232.7,614.6,1283.8,514.3,1258.25,564.45,0
769,25626,2266551,1232.7,614.8,1283.8,514.4,1258.25,564.6,0
769,25627,2266552,1232.7,615.2,1283.7,514.5,1258.2,564.85,0
769,25628,2266553,1232.6,615.6,1283.5,514.7,1258.05,565.15,0
769,25629,2266554,1232.4,616.0,1283.2,514.9,1257.8,565.45,0
769,25630,2266555,1232.1,616.2,1282.9,515.1,1257.5,565.65,0
769,25631,2266556,1231.9,616.2,1282.6,515.3,1257.25,565.75,0
769,25632,2266557,1231.6,616.2,1282.3,515.5,1256.95,565.85,0
769,25633,2266558,1231.4,616.2,1282.0,515.8,1256.7,566.0,0
770,25634,2266559,1231.2,616.5,1281.8,516.0,1256.5,566.25,0
770,25635,2266560,1231.0,616.7,1281.7,516.2,1256.35,566.45,0
770,25636,2266561,1231.1,617.0,1281.8,516.1,1256.45,566.55,0
770,25637,2266562,1231.2,617.3,1281.8,516.1,1256.5,566.7,0
770,25638,2266563,1231.3,617.7,1281.8,516.2,1256.55,566.95,0
770,25639,2266564,1231.4,618.0,1281.7,516.1,1256.55,567.05,0
770,25640,2266565,1231.6,618.6,1281.6,516.1,1256.6,567.35,0
770,25641,2266566,1231.7,618.9,1281.4,515.9,1256.55,567.4,0
770,25642,2266567,1231.8,619.3,1281.2,515.7,1256.5,567.5,0
770,25643,2266568,1231.8,619.6,1281.0,515.5,1256.4,567.55,0
770,25644,2266569,1231.8,620.0,1280.9,515.3,1256.35,567.65,0
770,25645,2266570,1231.7,620.3,1280.8,515.0,1256.25,567.65,0
770,25646,2266571,1231.6,620.7,1280.8,514.7,1256.2,567.7,0
770,25647,2266572,1231.5,620.8,1280.8,514.4,1256.15,567.6,0
770,25648,2266573,1231.4,620.9,1280.8,514.1,1256.1,567.5,0
770,25649,2266574,1231.2,621.1,1280.7,513.9,1255.95,567.5,0
770,25650,2266575,1231.1,621.4,1280.6,513.6,1255.85,567.5,0
770,25651,2266576,1231.0,621.7,1280.4,513.3,1255.7,567.5,0
770,25652,2266577,1230.8,622.0,1280.3,513.2,1255.55,567.6,0
770,25653,2266578,1230.7,622.2,1280.1,513.1,1255.4,567.65,0
770,25654,2266579,1230.6,622.4,1280.0,513.0,1255.3,567.7,0
770,25655,2266580,1230.4,622.5,1279.9,513.0,1255.15,567.75,0
770,25656,2266581,1230.3,622.5,1279.9,513.1,1255.1,567.8,0
770,25657,2266582,1230.1,622.5,1279.9,513.4,1255.0,567.95,0
770,25658,2266583,1230.1,622.5,1280.0,513.7,1255.05,568.1,0
770,25659,2266584,1230.0,622.5,1280.0,514.0,1255.0,568.25,0
770,25660,2266585,1229.9,622.5,1280.1,514.3,1255.0,568.4,0
770,25661,2266586,1229.8,622.7,1280.1,514.5,1254.95,568.6,0
770,25662,2266587,1229.7,622.9,1280.1,514.5,1254.9,568.7,0
770,25663,2266588,1229.5,623.0,1280.0,514.5,1254.75,568.75,0
770,25664,2266589,1229.3,623.1,1279.9,514.4,1254.6,568.75,0
770,25665,2266590,1229.2,623.2,1279.7,514.3,1254.45,568.75,0
770,25666,2266591,1229.0,623.2,1279.6,514.2,1254.3,568.7,0
771,25667,2266592,1228.9,623.3,1279.4,514.0,1254.15,568.65,0
771,25668,2266593,1228.7,623.3,1279.2,514.0,1253.95,568.65,0
771,25669,2266594,1228.6,623.4,1279.1,514.1,1253.85,568.75,0
771,25670,2266595,1228.5,623.4,1279.0,514.1,1253.75,568.75,0
771,25671,2266596,1228.5,623.4,1278.9,514.2,1253.7,568.8,0
771,25672,2266597,1228.4,623.4,1278.8,514.3,1253.6,568.85,0
771,25673,2266598,1228.4,623.5,1278.8,514.4,1253.6,568.95,0
771,25674,2266599,1228.3,623.6,1278.7,514.5,1253.5,569.05,0
771,25675,2266600,1228.0,623.7,1278.6,514.5,1253.3,569.1,0
771,25676,2266601,1227.8,623.7,1278.5,514.5,1253.15,569.1,0
771,25677,2266602,1227.5,623.8,1278.5,514.5,1253.0,569.15,0
771,25678,2266603,1227.3,624.1,1278.4,514.6,1252.85,569.35,0
771,25679,2266604,1227.2,624.3,1278.3,514.7,1252.75,569.5,0
771,25680,2266605,1227.0,624.6,1278.2,514.8,1252.6,569.7,0
771,25681,2266606,1226.9,624.9,1278.0,515.1,1252.45,570.0,0
771,25682,2266607,1226.7,625.2,1277.9,515.3,1252.3,570.25,0
771,25683,2266608,1226.6,625.8,1277.8,515.6,1252.2,570.7,0
771,25684,2266609,1226.5,626.3,1277.6,515.9,1252.05,571.1,0
771,25685,2266610,1226.3,626.8,1277.2,516.4,1251.75,571.6,0
771,25686,2266611,1225.8,627.4,1276.3,517.0,1251.05,572.2,0
771,25687,2266612,1224.5,627.9,1275.1,517.6,1249.8,572.75,0
771,25688,2266613,1223.1,629.1,1273.7,518.1,1248.4,573.6,0
771,25689,2266614,1221.6,630.7,1271.7,518.6,1246.65,574.65,0
771,25690,2266615,1218.9,632.1,1269.1,519.3,1244.0,575.7,0
771,25691,2266616,1215.1,634.3,1265.7,520.8,1240.4,577.55,0
771,25692,2266617,1209.9,636.4,1261.2,522.6,1235.55,579.5,0
771,25693,2266618,1203.5,638.9,1255.2,524.6,1229.35,581.75,0
771,25694,2266619,1196.7,642.4,1247.1,526.8,1221.9,584.6,0
771,25695,2266620,1188.9,645.5,1237.6,529.2,1213.25,587.35,0
771,25696,2266621,1180.8,648.9,1227.1,532.6,1203.95,590.75,0
771,25697,2266622,1172.8,652.3,1216.2,536.1,1194.5,594.2,0
771,25698,2266623,1165.3,655.1,1206.2,539.8,1185.75,597.45,0
771,25699,2266624,1159.4,657.9,1197.3,543.0,1178.35,600.45,0
771,25700,2266625,1155.2,660.4,1190.5,546.4,1172.85,603.4,0
772,25701,2266626,1152.4,661.7,1186.1,550.2,1169.25,605.95,0
772,25702,2266627,1151.2,662.9,1183.6,553.9,1167.4,608.4,0
772,25703,2266628,1151.0,663.2,1183.4,556.7,1167.2,609.95,0
772,25704,2266629,1152.9,663.3,1184.8,559.2,1168.85,611.25,0
772,25705,2266630,1156.0,663.0,1186.7,560.4,1171.35,611.7,0
772,25706,2266631,1159.6,662.6,1189.3,561.5,1174.45,612.05,0
772,25707,2266632,1163.6,661.9,1192.4,561.7,1178.0,611.8,0
772,25708,2266633,1167.4,661.1,1196.1,561.4,1181.75,611.25,0
772,25709,2266634,1170.8,660.3,1199.7,560.9,1185.25,610.6,0
772,25710,2266635,1173.7,659.5,1202.7,560.2,1188.2,609.85,0
772,25711,2266636,1175.6,658.9,1205.2,559.6,1190.4,609.25,0
772,25712,2266637,1176.5,658.4,1207.2,558.8,1191.85,608.6,0
772,25713,2266638,1176.8,658.0,1208.6,558.0,1192.7,608.0,0
772,25714,2266639,1176.4,657.9,1209.3,557.5,1192.85,607.7,0
772,25715,2266640,1175.9,657.9,1208.9,556.8,1192.4,607.35,0
772,25716,2266641,1175.4,657.8,1208.4,556.2,1191.9,607.0,0
772,25717,2266642,1174.9,657.7,1207.5,555.7,1191.2,606.7,0
772,25718,2266643,1174.4,657.5,1206.6,555.2,1190.5,606.35,0
772,25719,2266644,1174.1,657.4,1205.7,555.0,1189.9,606.2,0
772,25720,2266645,1173.9,657.3,1204.8,554.8,1189.35,606.05,0
772,25721,2266646,1173.8,657.2,1204.1,554.7,1188.95,605.95,0
772,25722,2266647,1173.8,657.0,1204.2,554.7,1189.0,605.85,0
772,25723,2266648,1173.7,657.0,1204.2,554.8,1188.95,605.9,0
772,25724,2266649,1173.6,657.1,1204.5,554.9,1189.05,606.0,0
772,25725,2266650,1173.5,657.2,1204.8,555.3,1189.15,606.25,0
772,25726,2266651,1173.4,657.4,1205.2,556.0,1189.3,606.7,0
772,25727,2266652,1173.4,657.6,1205.4,556.6,1189.4,607.1,0
772,25728,2266653,1173.4,657.9,1205.6,557.3,1189.5,607.6,0
772,25729,2266654,1173.4,658.3,1205.6,558.0,1189.5,608.15,0
772,25730,2266655,1173.4,658.7,1205.4,558.8,1189.4,608.75,0
772,25731,2266656,1173.5,659.0,1205.3,559.5,1189.4,609.25,0
772,25732,2266657,1173.6,659.4,1204.9,560.1,1189.25,609.75,0
772,25733,2266658,1173.6,659.6,1204.5,560.5,1189.05,610.05,0
773,25734,2266659,1173.6,659.9,1204.0,560.9,1188.8,610.4,0
773,25735,2266660,1173.5,660.1,1203.5,561.4,1188.5,610.75,0
773,25736,2266661,1173.5,660.3,1203.2,561.7,1188.35,611.0,0
773,25737,2266662,1173.6,660.5,1202.8,562.4,1188.2,611.45,0
773,25738,2266663,1173.7,660.7,1202.5,563.1,1188.1,611.9,0
773,25739,2266664,1173.7,661.0,1202.4,563.7,1188.05,612.35,0
773,25740,2266665,1173.8,661.3,1202.2,564.5,1188.0,612.9,0
773,25741,2266666,1173.8,661.5,1202.2,565.1,1188.0,613.3,0
773,25742,2266667,1173.8,661.7,1202.1,565.8,1187.95,613.75,0
773,25743,2266668,1173.8,661.8,1202.0,566.5,1187.9,614.15,0
773,25744,2266669,1173.7,661.9,1201.9,566.8,1187.8,614.35,0
773,25745,2266670,1173.6,661.9,1201.9,567.1,1187.75,614.5,0
773,25746,2266671,1173.5,662.0,1201.9,567.6,1187.7,614.8,0
773,25747,2266672,1173.4,662.2,1202.0,567.9,1187.7,615.05,0
773,25748,2266673,1173.3,662.4,1202.0,568.3,1187.65,615.35,0
773,25749,2266674,1173.2,662.7,1202.1,568.7,1187.65,615.7,0
773,25750,2266675,1173.1,663.0,1202.1,569.1,1187.6,616.05,0
773,25751,2266676,1173.0,663.2,1202.2,569.5,1187.6,616.35,0
773,25752,2266677,1172.9,663.5,1202.2,569.8,1187.55,616.65,0
773,25753,2266678,1172.9,663.6,1202.2,570.1,1187.55,616.85,0
773,25754,2266679,1172.9,663.7,1202.2,570.2,1187.55,616.95,0
773,25755,2266680,1172.9,663.7,1202.2,570.3,1187.55,617.0,0
773,25756,2266681,1172.9,663.7,1202.1,570.3,1187.5,617.0,0
773,25757,2266682,1173.0,663.7,1202.1,570.4,1187.55,617.05,0
773,25758,2266683,1173.0,663.7,1202.0,570.8,1187.5,617.25,0
773,25759,2266684,1173.0,663.6,1201.8,571.1,1187.4,617.35,0
773,25760,2266685,1173.0,663.5,1201.6,571.5,1187.3,617.5,0
773,25761,2266686,1173.0,663.5,1201.5,571.8,1187.25,617.65,0
773,25762,2266687,1173.0,663.5,1201.3,572.2,1187.15,617.85,0
773,25763,2266688,1173.0,663.5,1201.1,572.5,1187.05,618.0,0
773,25764,2266689,1173.0,663.4,1201.0,572.8,1187.0,618.1,0
773,25765,2266690,1172.9,663.4,1200.9,572.6,1186.9,618.0,0
773,25766,2266691,1172.9,663.4,1201.0,572.4,1186.95,617.9,0
774,25767,2266692,1172.8,663.4,1201.0,572.3,1186.9,617.85,0
774,25768,2266693,1172.8,663.5,1201.0,572.1,1186.9,617.8,0
774,25769,2266694,1172.8,663.6,1200.9,572.0,1186.85,617.8,0
774,25770,2266695,1172.7,663.7,1200.8,571.9,1186.75,617.8,0
774,25771,2266696,1172.7,664.0,1200.5,572.0,1186.6,618.0,0
774,25772,2266697,1172.6,664.3,1200.2,572.2,1186.4,618.25,0
774,25773,2266698,1172.5,664.6,1199.8,572.3,1186.15,618.45,0
774,25774,2266699,1172.5,664.9,1199.5,572.5,1186.0,618.7,0
774,25775,2266700,1172.4,665.1,1199.3,572.6,1185.85,618.85,0
774,25776,2266701,1172.3,665.3,1199.0,572.8,1185.65,619.05,0
774,25777,2266702,1172.2,665.5,1198.8,572.9,1185.5,619.2,0
774,25778,2266703,1172.1,665.5,1198.9,572.9,1185.5,619.2,0
774,25779,2266704,1172.0,665.6,1198.9,572.9,1185.45,619.25,0
774,25780,2266705,1171.9,665.7,1198.7,573.0,1185.3,619.35,0
774,25781,2266706,1171.6,665.7,1198.5,573.1,1185.05,619.4,0
774,25782,2266707,1171.3,665.8,1198.4,573.2,1184.85,619.5,0
774,25783,2266708,1171.0,665.8,1198.2,573.3,1184.6,619.55,0
774,25784,2266709,1170.8,665.9,1198.1,573.5,1184.45,619.7,0
774,25785,2266710,1170.6,666.0,1197.9,573.6,1184.25,619.8,0
774,25786,2266711,1170.4,666.2,1197.7,573.7,1184.05,619.95,0
774,25787,2266712,1170.2,666.7,1197.8,573.9,1184.0,620.3,0
774,25788,2266713,1170.2,667.1,1197.8,574.0,1184.0,620.55,0
774,25789,2266714,1170.3,667.5,1197.9,574.1,1184.1,620.8,0
774,25790,2266715,1170.3,667.8,1198.1,574.0,1184.2,620.9,0
774,25791,2266716,1170.4,668.0,1198.4,573.6,1184.4,620.8,0
774,25792,2266717,1170.5,668.1,1198.6,573.2,1184.55,620.65,0
774,25793,2266718,1170.6,668.3,1198.9,572.8,1184.75,620.55,0
774,25794,2266719,1170.6,668.1,1199.2,572.4,1184.9,620.25,0
774,25795,2266720,1170.6,667.9,1199.5,571.9,1185.05,619.9,0
774,25796,2266721,1170.6,667.8,1199.4,571.5,1185.0,619.65,0
774,25797,2266722,1170.4,667.8,1199.1,571.3,1184.75,619.55,0
774,25798,2266723,1170.2,667.8,1198.9,571.6,1184.55,619.7,0
774,25799,2266724,1170.1,667.7,1198.4,571.8,1184.25,619.75,0
774,25800,2266725,1169.9,667.6,1197.8,572.1,1183.85,619.85,0
775,25801,2266726,1169.6,667.5,1197.3,572.4,1183.45,619.95,0
775,25802,2266727,1169.4,667.4,1196.7,572.7,1183.05,620.05,0
775,25803,2266728,1169.2,667.3,1196.5,573.0,1182.85,620.15,0
775,25804,2266729,1168.8,667.2,1196.3,573.1,1182.55,620.15,0
775,25805,2266730,1168.4,667.3,1196.1,573.1,1182.25,620.2,0
775,25806,2266731,1168.1,667.5,1196.1,573.0,1182.1,620.25,0
775,25807,2266732,1167.9,667.7,1196.2,572.9,1182.05,620.3,0
775,25808,2266733,1167.8,667.9,1196.4,572.8,1182.1,620.35,0
775,25809,2266734,1167.7,668.1,1196.5,572.7,1182.1,620.4,0
775,25810,2266735,1167.6,668.2,1196.6,572.6,1182.1,620.4,0
775,25811,2266736,1167.6,668.2,1196.7,572.4,1182.15,620.3,0
775,25812,2266737,1167.7,668.1,1196.9,571.9,1182.3,620.0,0
775,25813,2266738,1167.7,667.9,1197.0,571.3,1182.35,619.6,0
775,25814,2266739,1167.7,667.7,1197.1,570.8,1182.4,619.25,0
775,25815,2266740,1167.6,667.5,1197.3,569.9,1182.45,618.7,0
775,25816,2266741,1167.5,667.3,1197.4,569.0,1182.45,618.15,0
775,25817,2266742,1167.5,667.3,1197.5,568.2,1182.5,617.75,0
775,25818,2266743,1167.4,667.3,1197.5,567.4,1182.45,617.35,0
775,25819,2266744,1167.4,667.4,1197.4,566.8,1182.4,617.1,0
775,25820,2266745,1167.4,667.6,1197.4,566.4,1182.4,617.0,0
775,25821,2266746,1167.4,667.7,1197.3,566.0,1182.35,616.85,0
775,25822,2266747,1167.4,667.8,1197.1,565.8,1182.25,616.8,0
775,25823,2266748,1167.5,667.9,1196.9,565.7,1182.2,616.8,0
775,25824,2266749,1167.6,667.9,1196.8,565.5,1182.2,616.7,0
775,25825,2266750,1167.6,668.0,1196.6,565.4,1182.1,616.7,0
775,25826,2266751,1167.5,668.0,1196.5,565.2,1182.0,616.6,0
775,25827,2266752,1167.4,668.0,1196.3,565.1,1181.85,616.55,0
775,25828,2266753,1167.2,668.0,1196.3,564.6,1181.75,616.3,0
775,25829,2266754,1167.2,668.0,1196.2,564.2,1181.7,616.1,0
775,25830,2266755,1167.1,668.0,1196.2,563.8,1181.65,615.9,0
775,25831,2266756,1167.1,668.0,1196.2,563.6,1181.65,615.8,0
775,25832,2266757,1167.1,668.0,1196.3,563.4,1181.7,615.7,0
775,25833,2266758,1167.2,668.0,1196.7,563.2,1181.95,615.6,0
776,25834,2266759,1167.2,668.1,1197.0,563.1,1182.1,615.6,0
776,25835,2266760,1167.3,668.1,1197.3,563.4,1182.3,615.75,0
776,25836,2266761,1167.2,668.2,1197.5,563.7,1182.35,615.95,0
776,25837,2266762,1167.1,668.3,1197.6,563.9,1182.35,616.1,0
776,25838,2266763,1167.0,668.3,1197.9,563.9,1182.45,616.1,0
776,25839,2266764,1166.8,668.4,1198.1,564.0,1182.45,616.2,0
776,25840,2266765,1166.6,668.4,1198.1,564.0,1182.35,616.2,0
776,25841,2266766,1166.4,668.5,1198.2,563.9,1182.3,616.2,0
776,25842,2266767,1166.3,668.5,1198.1,563.7,1182.2,616.1,0
776,25843,2266768,1166.3,668.6,1198.2,563.5,1182.25,616.05,0
776,25844,2266769,1166.2,668.6,1198.2,563.4,1182.2,616.0,0
776,25845,2266770,1166.2,668.7,1198.3,563.3,1182.25,616.0,0
776,25846,2266771,1166.3,668.7,1198.2,563.4,1182.25,616.05,0
776,25847,2266772,1166.4,668.8,1198.1,563.5,1182.25,616.15,0
776,25848,2266773,1166.5,668.8,1198.0,563.7,1182.25,616.25,0
776,25849,2266774,1166.5,668.9,1198.0,564.1,1182.25,616.5,0
776,25850,2266775,1166.6,669.0,1198.0,564.4,1182.3,616.7,0
776,25851,2266776,1166.6,669.1,1198.0,564.8,1182.3,616.95,0
776,25852,2266777,1166.6,669.2,1197.9,565.1,1182.25,617.15,0
776,25853,2266778,1166.6,669.3,1197.8,565.3,1182.2,617.3,0
776,25854,2266779,1166.7,669.4,1197.6,565.4,1182.15,617.4,0
776,25855,2266780,1166.7,669.5,1197.5,565.4,1182.1,617.45,0
776,25856,2266781,1166.7,669.7,1197.4,565.3,1182.05,617.5,0
776,25857,2266782,1166.8,669.8,1197.3,565.2,1182.05,617.5,0
776,25858,2266783,1166.8,669.9,1197.2,565.1,1182.0,617.5,0
776,25859,2266784,1166.9,670.0,1197.1,565.1,1182.0,617.55,0
776,25860,2266785,1167.0,670.1,1197.0,565.1,1182.0,617.6,0
776,25861,2266786,1167.1,670.2,1196.9,565.1,1182.0,617.65,0
776,25862,2266787,1167.2,670.3,1196.8,565.1,1182.0,617.7,0
776,25863,2266788,1167.3,670.2,1196.7,565.1,1182.0,617.65,0
776,25864,2266789,1167.3,670.2,1196.6,564.6,1181.95,617.4,0
776,25865,2266790,1167.3,670.2,1196.5,564.1,1181.9,617.15,0
776,25866,2266791,1167.3,670.2,1196.5,563.5,1181.9,616.85,0
777,25867,2266792,1167.4,670.1,1196.6,563.4,1182.0,616.75,0
777,25868,2266793,1167.5,670.1,1196.7,563.2,1182.1,616.65,0
777,25869,2266794,1167.7,670.1,1196.7,563.0,1182.2,616.55,0
777,25870,2266795,1167.8,670.1,1196.8,562.9,1182.3,616.5,0
777,25871,2266796,1168.0,670.1,1196.8,563.3,1182.4,616.7,0
777,25872,2266797,1168.1,670.2,1197.0,563.7,1182.55,616.95,0
777,25873,2266798,1168.3,670.2,1197.1,564.1,1182.7,617.15,0
777,25874,2266799,1168.4,670.4,1197.2,564.0,1182.8,617.2,0
777,25875,2266800,1168.4,670.5,1197.3,564.0,1182.85,617.25,0
777,25876,2266801,1168.5,670.6,1197.4,564.1,1182.95,617.35,0
777,25877,2266802,1168.5,670.7,1197.6,564.3,1183.05,617.5,0
777,25878,2266803,1168.6,670.9,1197.8,564.5,1183.2,617.7,0
777,25879,2266804,1168.6,671.0,1197.9,564.8,1183.25,617.9,0
777,25880,2266805,1168.6,671.2,1198.0,565.0,1183.3,618.1,0
777,25881,2266806,1168.6,671.4,1198.1,565.2,1183.35,618.3,0
777,25882,2266807,1168.6,671.6,1198.2,565.4,1183.4,618.5,0
777,25883,2266808,1168.6,671.9,1198.2,565.5,1183.4,618.7,0
777,25884,2266809,1168.5,672.3,1198.1,565.5,1183.3,618.9,0
777,25885,2266810,1168.5,672.5,1198.1,565.5,1183.3,619.0,0
777,25886,2266811,1168.4,672.9,1198.0,565.5,1183.2,619.2,0
777,25887,2266812,1168.3,673.2,1198.0,565.6,1183.15,619.4,0
777,25888,2266813,1168.2,673.5,1198.1,566.0,1183.15,619.75,0
777,25889,2266814,1168.1,673.7,1198.3,566.5,1183.2,620.1,0
777,25890,2266815,1168.0,673.8,1198.5,567.1,1183.25,620.45,0
777,25891,2266816,1168.0,673.9,1198.7,567.6,1183.35,620.75,0
777,25892,2266817,1168.0,674.2,1199.0,568.0,1183.5,621.1,0
777,25893,2266818,1168.1,674.3,1199.3,568.4,1183.7,621.35,0
777,25894,2266819,1168.1,674.4,1199.6,568.8,1183.85,621.6,0
777,25895,2266820,1168.2,674.8,1199.7,568.9,1183.95,621.85,0
777,25896,2266821,1168.3,675.1,1199.8,568.9,1184.05,622.0,0
777,25897,2266822,1168.5,675.4,1199.9,568.8,1184.2,622.1,0
777,25898,2266823,1168.6,675.7,1200.0,568.9,1184.3,622.3,0
777,25899,2266824,1168.6,676.0,1200.1,569.0,1184.35,622.5,0
777,25900,2266825,1168.6,676.3,1200.1,569.2,1184.35,622.75,0
778,25901,2266826,1168.6,676.7,1200.1,569.3,1184.35,623.0,0
778,25902,2266827,1168.5,677.3,1200.1,569.5,1184.3,623.4,0
778,25903,2266828,1168.4,678.0,1200.1,569.6,1184.25,623.8,0
778,25904,2266829,1168.2,678.7,1200.0,569.8,1184.1,624.25,0
778,25905,2266830,1168.1,679.5,1200.0,570.0,1184.05,624.75,0
778,25906,2266831,1168.0,680.4,1200.0,570.2,1184.0,625.3,0
778,25907,2266832,1167.9,681.2,1200.2,570.5,1184.05,625.85,0
778,25908,2266833,1167.8,681.9,1200.5,570.8,1184.15,626.35,0
778,25909,2266834,1167.8,682.2,1200.7,571.2,1184.25,626.7,0
778,25910,2266835,1167.8,682.5,1200.9,571.6,1184.35,627.05,0
778,25911,2266836,1167.8,682.7,1201.1,572.3,1184.45,627.5,0
778,25912,2266837,1167.8,682.8,1201.3,572.9,1184.55,627.85,0
778,25913,2266838,1167.8,683.0,1201.5,573.5,1184.65,628.25,0
778,25914,2266839,1167.8,683.1,1201.6,574.2,1184.7,628.65,0
778,25915,2266840,1167.8,683.2,1201.6,574.9,1184.7,629.05,0
778,25916,2266841,1167.9,683.2,1201.7,575.5,1184.8,629.35,0
778,25917,2266842,1167.9,683.2,1201.8,576.0,1184.85,629.6,0
778,25918,2266843,1167.8,683.2,1201.9,576.2,1184.85,629.7,0
778,25919,2266844,1167.8,683.3,1201.9,576.3,1184.85,629.8,0
778,25920,2266845,1167.7,683.3,1202.0,576.5,1184.85,629.9,0
778,25921,2266846,1167.7,683.3,1202.0,576.6,1184.85,629.95,0
778,25922,2266847,1167.6,683.3,1202.0,576.6,1184.8,629.95,0
778,25923,2266848,1167.6,683.3,1202.0,576.7,1184.8,630.0,0
778,25924,2266849,1167.6,683.4,1201.9,576.7,1184.75,630.05,0
778,25925,2266850,1167.6,683.3,1202.0,576.6,1184.8,629.95,0
778,25926,2266851,1167.7,683.0,1202.0,576.5,1184.85,629.75,0
778,25927,2266852,1167.7,682.8,1202.1,576.2,1184.9,629.5,0
778,25928,2266853,1167.8,682.4,1202.3,576.0,1185.05,629.2,0
778,25929,2266854,1167.8,682.1,1202.4,575.8,1185.1,628.95,0
778,25930,2266855,1167.9,681.8,1202.7,575.5,1185.3,628.65,0
778,25931,2266856,1167.9,681.5,1202.9,575.4,1185.4,628.45,0
778,25932,2266857,1167.9,681.3,1203.2,575.5,1185.55,628.4,0
778,25933,2266858,1167.9,681.2,1203.5,575.5,1185.7,628.35,0
779,25934,2266859,1167.9,681.2,1203.8,575.6,1185.85,628.4,0
779,25935,2266860,1167.9,681.2,1204.0,575.3,1185.95,628.25,0
779,25936,2266861,1168.0,681.2,1204.3,575.0,1186.15,628.1,0
779,25937,2266862,1168.0,680.8,1204.6,574.9,1186.3,627.85,0
779,25938,2266863,1168.0,680.4,1205.0,574.6,1186.5,627.5,0
779,25939,2266864,1167.9,679.8,1205.3,574.3,1186.6,627.05,0
779,25940,2266865,1167.9,679.1,1205.5,574.0,1186.7,626.55,0
779,25941,2266866,1167.7,678.4,1205.8,573.8,1186.75,626.1,0
779,25942,2266867,1167.6,677.7,1205.9,573.9,1186.75,625.8,0
779,25943,2266868,1167.2,676.9,1206.1,573.9,1186.65,625.4,0
779,25944,2266869,1166.8,676.4,1206.2,574.0,1186.5,625.2,0
779,25945,2266870,1166.4,676.0,1206.2,574.0,1186.3,625.0,0
779,25946,2266871,1166.1,675.7,1206.2,573.8,1186.15,624.75,0
779,25947,2266872,1165.7,675.4,1206.2,573.7,1185.95,624.55,0
779,25948,2266873,1165.4,675.1,1206.4,573.6,1185.9,624.35,0
779,25949,2266874,1164.9,674.8,1206.5,573.4,1185.7,624.1,0
779,25950,2266875,1164.7,674.7,1207.1,573.1,1185.9,623.9,0
779,25951,2266876,1164.5,674.6,1207.7,572.8,1186.1,623.7,0
779,25952,2266877,1164.0,674.4,1208.3,572.4,1186.15,623.4,0
779,25953,2266878,1163.5,674.3,1209.0,572.0,1186.25,623.15,0
779,25954,2266879,1163.0,674.0,1209.6,571.2,1186.3,622.6,0
779,25955,2266880,1162.3,673.8,1210.2,570.3,1186.25,622.05,0
779,25956,2266881,1161.8,673.6,1210.8,569.5,1186.3,621.55,0
779,25957,2266882,1161.2,673.4,1210.9,568.8,1186.05,621.1,0
779,25958,2266883,1160.6,673.2,1211.1,568.1,1185.85,620.65,0
779,25959,2266884,1160.3,673.0,1211.4,567.4,1185.85,620.2,0
779,25960,2266885,1159.9,673.1,1211.7,566.5,1185.8,619.8,0
779,25961,2266886,1159.6,673.4,1212.0,565.7,1185.8,619.55,0
779,25962,2266887,1159.4,673.8,1212.1,564.6,1185.75,619.2,0
779,25963,2266888,1159.3,674.1,1212.2,563.2,1185.75,618.65,0
779,25964,2266889,1159.3,674.9,1212.0,561.7,1185.65,618.3,0
779,25965,2266890,1159.2,675.7,1211.7,560.4,1185.45,618.05,0
779,25966,2266891,1159.2,676.6,1211.3,559.0,1185.25,617.8,0
780,25967,2266892,1159.2,677.5,1210.8,557.9,1185.0,617.7,0
780,25968,2266893,1159.3,679.0,1209.5,557.2,1184.4,618.1,0
780,25969,2266894,1159.4,680.7,1208.2,557.0,1183.8,618.85,0
780,25970,2266895,1159.5,682.6,1206.5,557.2,1183.0,619.9,0
780,25971,2266896,1159.6,684.6,1204.3,557.4,1181.95,621.0,0
780,25972,2266897,1159.8,687.2,1201.5,558.6,1180.65,622.9,0
780,25973,2266898,1160.1,689.8,1198.3,560.9,1179.2,625.35,0
780,25974,2266899,1160.4,692.8,1194.7,564.9,1177.55,628.85,0
780,25975,2266900,1160.8,695.6,1191.7,568.9,1176.25,632.25,0
780,25976,2266901,1161.1,698.9,1188.0,572.9,1174.55,635.9,0
780,25977,2266902,1161.2,702.4,1184.0,578.3,1172.6,640.35,0
780,25978,2266903,1161.3,706.6,1179.6,584.6,1170.45,645.6,0
780,25979,2266904,1161.3,710.6,1175.5,590.7,1168.4,650.65,0
780,25980,2266905,1161.2,714.6,1171.6,597.5,1166.4,656.05,0
780,25981,2266906,1161.1,718.8,1167.8,602.9,1164.45,660.85,0
780,25982,2266907,1160.4,723.4,1163.8,608.4,1162.1,665.9,0
780,25983,2266908,1159.7,727.4,1160.2,613.8,1159.95,670.6,0
780,25984,2266909,1159.2,731.8,1156.7,617.8,1157.95,674.8,0
780,25985,2266910,1158.6,735.1,1154.1,621.0,1156.35,678.05,0
780,25986,2266911,1158.1,738.0,1151.5,623.5,1154.8,680.75,0
780,25987,2266912,1157.6,740.9,1148.6,623.9,1153.1,682.4,0
780,25988,2266913,1157.0,743.4,1144.9,624.0,1150.95,683.7,0
780,25989,2266914,1157.0,746.3,1141.7,624.0,1149.35,685.15,0
780,25990,2266915,1157.2,752.3,1138.5,624.1,1147.85,688.2,0
780,25991,2266916,1157.7,760.7,1135.4,626.4,1146.55,693.55,0
780,25992,2266917,1159.3,778.3,1132.0,632.6,1145.65,705.45,0
780,25993,2266918,1163.0,808.4,1129.1,642.6,1146.05,725.5,0
780,25994,2266919,1168.9,851.7,1126.8,663.2,1147.85,757.45,0
780,25995,2266920,1176.8,903.3,1126.0,697.8,1151.4,800.55,0
780,25996,2266921,1186.9,963.8,1131.2,751.7,1159.05,857.75,0
780,25997,2266922,1201.7,1031.5,1137.2,816.9,1169.45,924.2,0
780,25998,2266923,1151.4,1107.2,1152.0,886.1,1151.7,996.65,0
780,25999,2266924,1025.1,1180.9,1226.0,953.8,1125.55,1067.35,0
780,26000,2266925,817.1,1330.3,1278.2,1027.7,1047.65,1179.0,0
781,26001,2266926,506.9,1476.7,1308.1,1090.4,907.5,1283.55,0
781,26002,2266927,94.4,1629.4,1238.5,1151.3,666.45,1390.35,0
781,26003,2266928,-532.5,1875.8,1151.2,1200.9,309.35,1538.35,0
781,26004,2266929,NaN,NaN,1058.8,1239.6,1058.8,1239.6,0
781,26005,2266930,NaN,NaN,952.1,1272.1,952.1,1272.1,0
781,26006,2266931,NaN,NaN,817.0,1295.3,817.0,1295.3,0
781,26007,2266932,NaN,NaN,663.3,1312.3,663.3,1312.3,0
781,26008,2266933,NaN,NaN,474.2,1336.6,474.2,1336.6,0
781,26009,2266934,NaN,NaN,454.8,1348.8,454.8,1348.8,0
781,26010,2266935,NaN,NaN,453.9,1348.5,453.9,1348.5,0
781,26011,2266936,NaN,NaN,452.4,1348.4,452.4,1348.4,0
781,26012,2266937,NaN,NaN,NaN,NaN,NaN,NaN,0
781,26013,2266938,NaN,NaN,NaN,NaN,NaN,NaN,0
781,26014,2266939,NaN,NaN,NaN,NaN,NaN,NaN,0
781,26015,2266940,NaN,NaN,NaN,NaN,NaN,NaN,0
781,26016,2266941,NaN,NaN,NaN,NaN,NaN,NaN,0
781,26017,2266942,NaN,NaN,NaN,NaN,NaN,NaN,0
781,26018,2266943,NaN,NaN,NaN,NaN,NaN,NaN,0
781,26019,2266944,NaN,NaN,NaN,NaN,NaN,NaN,0
781,26020,2266945,NaN,NaN,NaN,NaN,NaN,NaN,0
781,26021,2266946,NaN,NaN,NaN,NaN,NaN,NaN,0
781,26022,2266947,NaN,NaN,NaN,NaN,NaN,NaN,0
781,26023,2266948,NaN,NaN,NaN,NaN,NaN,NaN,0
781,26024,2266949,NaN,NaN,NaN,NaN,NaN,NaN,0
781,26025,2266950,NaN,NaN,NaN,NaN,NaN,NaN,0
781,26026,2266951,NaN,NaN,NaN,NaN,NaN,NaN,0
781,26027,2266952,NaN,NaN,NaN,NaN,NaN,NaN,0
781,26028,2266953,NaN,NaN,NaN,NaN,NaN,NaN,0
781,26029,2266954,NaN,NaN,NaN,NaN,NaN,NaN,0
781,26030,2266955,NaN,NaN,NaN,NaN,NaN,NaN,0
781,26031,2266956,NaN,NaN,NaN,NaN,NaN,NaN,0
781,26032,2266957,NaN,NaN,NaN,NaN,NaN,NaN,0
781,26033,2266958,NaN,NaN,NaN,NaN,NaN,NaN,0
782,26034,2266959,NaN,NaN,NaN,NaN,NaN,NaN,0
782,26035,2266960,NaN,NaN,NaN,NaN,NaN,NaN,0
782,26036,2266961,NaN,NaN,NaN,NaN,NaN,NaN,0
782,26037,2266962,NaN,NaN,NaN,NaN,NaN,NaN,0
782,26038,2266963,NaN,NaN,NaN,NaN,NaN,NaN,0
782,26039,2266964,NaN,NaN,NaN,NaN,NaN,NaN,0
782,26040,2266965,NaN,NaN,NaN,NaN,NaN,NaN,0
782,26041,2266966,NaN,NaN,NaN,NaN,NaN,NaN,0
782,26042,2266967,NaN,NaN,NaN,NaN,NaN,NaN,0
782,26043,2266968,NaN,NaN,NaN,NaN,NaN,NaN,0
782,26044,2266969,NaN,NaN,NaN,NaN,NaN,NaN,0
782,26045,2266970,NaN,NaN,NaN,NaN,NaN,NaN,0
782,26046,2266971,NaN,NaN,NaN,NaN,NaN,NaN,0
782,26047,2266972,NaN,NaN,NaN,NaN,NaN,NaN,0
782,26048,2266973,NaN,NaN,NaN,NaN,NaN,NaN,0
782,26049,2266974,NaN,NaN,NaN,NaN,NaN,NaN,0
782,26050,2266975,NaN,NaN,NaN,NaN,NaN,NaN,0
782,26051,2266976,NaN,NaN,NaN,NaN,NaN,NaN,0
782,26052,2266977,NaN,NaN,NaN,NaN,NaN,NaN,0
782,26053,2266978,NaN,NaN,NaN,NaN,NaN,NaN,0
782,26054,2266979,NaN,NaN,NaN,NaN,NaN,NaN,0
782,26055,2266980,NaN,NaN,NaN,NaN,NaN,NaN,0
782,26056,2266981,NaN,NaN,NaN,NaN,NaN,NaN,0
782,26057,2266982,NaN,NaN,NaN,NaN,NaN,NaN,0
782,26058,2266983,NaN,NaN,NaN,NaN,NaN,NaN,0
782,26059,2266984,NaN,NaN,NaN,NaN,NaN,NaN,0
782,26060,2266985,NaN,NaN,NaN,NaN,NaN,NaN,0
782,26061,2266986,NaN,NaN,NaN,NaN,NaN,NaN,0
782,26062,2266987,NaN,NaN,NaN,NaN,NaN,NaN,0
782,26063,2266988,NaN,NaN,NaN,NaN,NaN,NaN,0
782,26064,2266989,NaN,NaN,NaN,NaN,NaN,NaN,0
782,26065,2266990,NaN,NaN,NaN,NaN,NaN,NaN,0
782,26066,2266991,NaN,NaN,NaN,NaN,NaN,NaN,0
783,26067,2266992,NaN,NaN,NaN,NaN,NaN,NaN,0
783,26068,2266993,NaN,NaN,NaN,NaN,NaN,NaN,0
783,26069,2266994,NaN,NaN,NaN,NaN,NaN,NaN,0
783,26070,2266995,NaN,NaN,NaN,NaN,NaN,NaN,0
783,26071,2266996,NaN,NaN,NaN,NaN,NaN,NaN,0
783,26072,2266997,NaN,NaN,NaN,NaN,NaN,NaN,0
783,26073,2266998,NaN,NaN,NaN,NaN,NaN,NaN,0
783,26074,2266999,NaN,NaN,NaN,NaN,NaN,NaN,0
783,26075,2267000,NaN,NaN,NaN,NaN,NaN,NaN,0
783,26076,2267001,NaN,NaN,NaN,NaN,NaN,NaN,0
783,26077,2267002,NaN,NaN,NaN,NaN,NaN,NaN,0
783,26078,2267003,NaN,NaN,NaN,NaN,NaN,NaN,0
783,26079,2267004,NaN,NaN,NaN,NaN,NaN,NaN,0
783,26080,2267005,NaN,NaN,NaN,NaN,NaN,NaN,0
783,26081,2267006,-350.4,1697.9,NaN,NaN,-350.4,1697.9,0
783,26082,2267007,73.2,1564.3,NaN,NaN,73.2,1564.3,0
783,26083,2267008,286.0,1482.7,NaN,NaN,286.0,1482.7,0
783,26084,2267009,396.0,1432.7,NaN,NaN,396.0,1432.7,0
783,26085,2267010,502.0,1382.0,NaN,NaN,502.0,1382.0,0
783,26086,2267011,593.3,1339.5,NaN,NaN,593.3,1339.5,0
783,26087,2267012,680.9,1299.6,NaN,NaN,680.9,1299.6,0
783,26088,2267013,761.6,1268.6,NaN,NaN,761.6,1268.6,0
783,26089,2267014,836.6,1245.9,NaN,NaN,836.6,1245.9,0
783,26090,2267015,909.2,1220.1,NaN,NaN,909.2,1220.1,0
783,26091,2267016,934.7,1202.9,NaN,NaN,934.7,1202.9,0
783,26092,2267017,957.5,1187.2,NaN,NaN,957.5,1187.2,0
783,26093,2267018,973.5,1169.6,NaN,NaN,973.5,1169.6,0
783,26094,2267019,987.5,1149.9,NaN,NaN,987.5,1149.9,0
783,26095,2267020,994.6,1129.7,NaN,NaN,994.6,1129.7,0
783,26096,2267021,999.6,1111.1,2721.4,-670.6,1860.5,220.25,0
783,26097,2267022,1003.8,1094.2,2756.4,-15.2,1880.1,539.5,0
783,26098,2267023,1007.4,1077.0,2627.2,435.0,1817.3,756.0,0
783,26099,2267024,1011.0,1059.0,2347.9,690.1,1679.45,874.55,0
783,26100,2267025,1014.4,1042.3,1949.5,769.6,1481.95,905.95,0
784,26101,2267026,1017.5,1026.2,1846.3,788.8,1431.9,907.5,0
784,26102,2267027,1020.4,1011.9,1739.2,802.1,1379.8,907.0,0
784,26103,2267028,1024.8,989.4,1626.6,794.7,1325.7,892.05,0
784,26104,2267029,1029.1,968.6,1510.0,782.3,1269.55,875.45,0
784,26105,2267030,1033.3,949.4,1386.1,758.4,1209.7,853.9,0
784,26106,2267031,1037.5,921.9,1260.1,730.4,1148.8,826.15,0
784,26107,2267032,1041.4,894.4,1132.3,698.9,1086.85,796.65,0
784,26108,2267033,1044.8,868.7,1125.1,673.7,1084.95,771.2,0
784,26109,2267034,1047.7,840.6,1118.1,643.5,1082.9,742.05,0
784,26110,2267035,1048.0,821.2,1110.9,627.7,1079.45,724.45,0
784,26111,2267036,1048.0,799.3,1104.8,611.8,1076.4,705.55,0
784,26112,2267037,1047.7,775.9,1103.2,602.9,1075.45,689.4,0
784,26113,2267038,1047.4,760.7,1101.3,593.3,1074.35,677.0,0
784,26114,2267039,1047.1,746.5,1099.6,583.2,1073.35,664.85,0
784,26115,2267040,1046.9,728.5,1097.9,574.8,1072.4,651.65,0
784,26116,2267041,1046.8,714.6,1095.9,570.6,1071.35,642.6,0
784,26117,2267042,1046.7,701.8,1095.0,566.9,1070.85,634.35,0
784,26118,2267043,1046.6,691.5,1093.9,562.8,1070.25,627.15,0
784,26119,2267044,1046.5,682.7,1092.7,558.8,1069.6,620.75,0
784,26120,2267045,1046.3,676.4,1091.9,555.5,1069.1,615.95,0
784,26121,2267046,1046.0,669.1,1091.0,551.3,1068.5,610.2,0
784,26122,2267047,1045.5,665.9,1089.9,547.4,1067.7,606.65,0
784,26123,2267048,1044.8,662.2,1089.0,544.3,1066.9,603.25,0
784,26124,2267049,1044.1,658.3,1088.0,542.3,1066.05,600.3,0
784,26125,2267050,1043.4,654.4,1087.2,540.8,1065.3,597.6,0
784,26126,2267051,1042.8,650.5,1086.7,539.2,1064.75,594.85,0
784,26127,2267052,1042.4,646.7,1086.3,537.5,1064.35,592.1,0
784,26128,2267053,1042.0,645.4,1085.9,536.2,1063.95,590.8,0
784,26129,2267054,1041.8,644.6,1085.7,535.0,1063.75,589.8,0
784,26130,2267055,1041.9,644.5,1085.7,533.9,1063.8,589.2,0
784,26131,2267056,1041.9,645.2,1085.6,532.8,1063.75,589.0,0
784,26132,2267057,1042.0,646.0,1085.5,532.3,1063.75,589.15,0
784,26133,2267058,1042.1,647.2,1085.3,531.8,1063.7,589.5,0
785,26134,2267059,1042.2,649.1,1085.2,531.5,1063.7,590.3,0
785,26135,2267060,1042.4,650.8,1084.9,532.3,1063.65,591.55,0
785,26136,2267061,1042.5,652.8,1084.7,533.4,1063.6,593.1,0
785,26137,2267062,1042.6,654.7,1084.5,534.3,1063.55,594.5,0
785,26138,2267063,1042.6,656.4,1084.4,535.4,1063.5,595.9,0
785,26139,2267064,1042.6,658.5,1084.3,536.0,1063.45,597.25,0
785,26140,2267065,1042.5,660.1,1084.1,536.6,1063.3,598.35,0
785,26141,2267066,1042.4,661.3,1084.0,537.4,1063.2,599.35,0
785,26142,2267067,1042.3,662.5,1083.7,538.5,1063.0,600.5,0
785,26143,2267068,1042.1,663.5,1083.3,539.3,1062.7,601.4,0
785,26144,2267069,1041.9,664.6,1082.9,540.1,1062.4,602.35,0
785,26145,2267070,1041.8,665.3,1082.5,540.8,1062.15,603.05,0
785,26146,2267071,1041.7,665.9,1082.1,541.4,1061.9,603.65,0
785,26147,2267072,1041.6,666.6,1081.7,541.9,1061.65,604.25,0
785,26148,2267073,1041.5,667.3,1081.2,542.2,1061.35,604.75,0
785,26149,2267074,1041.5,668.2,1081.0,542.1,1061.25,605.15,0
785,26150,2267075,1041.5,669.2,1080.7,542.0,1061.1,605.6,0
785,26151,2267076,1041.6,670.2,1080.5,542.1,1061.05,606.15,0
785,26152,2267077,1041.5,671.3,1080.3,542.3,1060.9,606.8,0
785,26153,2267078,1041.5,672.3,1080.1,542.6,1060.8,607.45,0
785,26154,2267079,1041.5,673.3,1079.9,542.9,1060.7,608.1,0
785,26155,2267080,1041.5,674.1,1079.8,543.2,1060.65,608.65,0
785,26156,2267081,1041.6,674.8,1079.6,543.4,1060.6,609.1,0
785,26157,2267082,1041.7,675.4,1079.3,543.3,1060.5,609.35,0
785,26158,2267083,1042.1,676.0,1079.0,543.0,1060.55,609.5,0
785,26159,2267084,1042.5,676.6,1078.6,542.5,1060.55,609.55,0
785,26160,2267085,1043.0,676.9,1078.2,542.0,1060.6,609.45,0
785,26161,2267086,1043.5,677.3,1077.9,541.5,1060.7,609.4,0
785,26162,2267087,1043.9,677.9,1077.7,540.9,1060.8,609.4,0
785,26163,2267088,1044.3,678.4,1077.6,540.3,1060.95,609.35,0
785,26164,2267089,1044.6,678.9,1077.6,539.7,1061.1,609.3,0
785,26165,2267090,1044.6,679.3,1077.8,539.2,1061.2,609.25,0
785,26166,2267091,1044.6,679.8,1077.9,538.8,1061.25,609.3,0
786,26167,2267092,1044.7,680.5,1078.1,538.1,1061.4,609.3,0
786,26168,2267093,1044.9,681.2,1078.3,537.5,1061.6,609.35,0
786,26169,2267094,1045.1,681.7,1078.5,536.9,1061.8,609.3,0
786,26170,2267095,1045.3,682.2,1078.6,536.4,1061.95,609.3,0
786,26171,2267096,1045.4,682.7,1078.6,536.1,1062.0,609.4,0
786,26172,2267097,1045.6,683.1,1078.7,535.9,1062.15,609.5,0
786,26173,2267098,1045.7,683.5,1078.8,535.6,1062.25,609.55,0
786,26174,2267099,1045.8,683.5,1078.9,535.6,1062.35,609.55,0
786,26175,2267100,1045.9,683.5,1078.9,535.8,1062.4,609.65,0
786,26176,2267101,1046.0,683.4,1079.0,536.1,1062.5,609.75,0
786,26177,2267102,1046.1,683.4,1079.0,536.3,1062.55,609.85,0
786,26178,2267103,1046.3,683.4,1079.0,536.5,1062.65,609.95,0
786,26179,2267104,1046.4,683.4,1079.0,536.7,1062.7,610.05,0
786,26180,2267105,1046.6,683.3,1078.9,536.9,1062.75,610.1,0
786,26181,2267106,1046.6,683.4,1078.8,537.1,1062.7,610.25,0
786,26182,2267107,1046.6,683.6,1078.7,537.2,1062.65,610.4,0
786,26183,2267108,1046.6,683.9,1078.6,537.4,1062.6,610.65,0
786,26184,2267109,1046.6,684.1,1078.4,537.5,1062.5,610.8,0
786,26185,2267110,1046.7,684.1,1078.2,537.6,1062.45,610.85,0
786,26186,2267111,1046.8,684.1,1077.9,537.7,1062.35,610.9,0
786,26187,2267112,1046.8,684.2,1077.5,537.7,1062.15,610.95,0
786,26188,2267113,1047.1,684.1,1076.9,537.6,1062.0,610.85,0
786,26189,2267114,1047.3,683.9,1076.2,537.4,1061.75,610.65,0
786,26190,2267115,1047.5,683.6,1075.6,537.3,1061.55,610.45,0
786,26191,2267116,1047.7,683.2,1074.9,537.3,1061.3,610.25,0
786,26192,2267117,1047.9,682.8,1074.2,537.3,1061.05,610.05,0
786,26193,2267118,1048.1,682.4,1073.7,537.4,1060.9,609.9,0
786,26194,2267119,1048.2,682.0,1073.4,537.6,1060.8,609.8,0
786,26195,2267120,1048.2,681.7,1073.5,537.9,1060.85,609.8,0
786,26196,2267121,1048.1,681.5,1073.7,538.2,1060.9,609.85,0
786,26197,2267122,1048.1,681.5,1073.8,538.4,1060.95,609.95,0
786,26198,2267123,1048.1,681.7,1074.1,538.5,1061.1,610.1,0
786,26199,2267124,1048.2,682.1,1074.3,538.6,1061.25,610.35,0
786,26200,2267125,1048.3,682.6,1074.5,538.5,1061.4,610.55,0
787,26201,2267126,1048.4,683.2,1074.6,538.4,1061.5,610.8,0
787,26202,2267127,1048.6,683.8,1074.6,537.9,1061.6,610.85,0
787,26203,2267128,1048.7,684.3,1074.5,537.4,1061.6,610.85,0
787,26204,2267129,1048.8,684.7,1074.4,536.9,1061.6,610.8,0
787,26205,2267130,1048.9,685.0,1074.3,536.4,1061.6,610.7,0
787,26206,2267131,1048.8,685.4,1074.2,536.0,1061.5,610.7,0
787,26207,2267132,1048.6,685.7,1074.1,535.7,1061.35,610.7,0
787,26208,2267133,1048.4,685.9,1074.0,535.5,1061.2,610.7,0
787,26209,2267134,1048.1,686.1,1073.9,535.5,1061.0,610.8,0
787,26210,2267135,1047.9,686.2,1073.9,535.5,1060.9,610.85,0
787,26211,2267136,1047.7,686.3,1073.8,535.6,1060.75,610.95,0
787,26212,2267137,1047.6,686.4,1073.7,535.7,1060.65,611.05,0
787,26213,2267138,1047.5,686.3,1073.7,535.6,1060.6,610.95,0
787,26214,2267139,1047.5,686.2,1073.7,535.5,1060.6,610.85,0
787,26215,2267140,1047.4,686.1,1073.7,535.4,1060.55,610.75,0
787,26216,2267141,1047.4,686.1,1073.7,535.6,1060.55,610.85,0
787,26217,2267142,1047.4,686.1,1073.8,535.6,1060.6,610.85,0
787,26218,2267143,1047.5,686.1,1073.8,535.4,1060.65,610.75,0
787,26219,2267144,1047.5,686.1,1073.9,535.3,1060.7,610.7,0
787,26220,2267145,1047.7,686.2,1073.9,535.2,1060.8,610.7,0
787,26221,2267146,1047.8,686.5,1073.9,535.7,1060.85,611.1,0
787,26222,2267147,1047.9,686.6,1073.9,536.2,1060.9,611.4,0
787,26223,2267148,1048.1,686.7,1073.9,536.6,1061.0,611.65,0
787,26224,2267149,1048.3,686.8,1073.9,537.0,1061.1,611.9,0
787,26225,2267150,1048.5,687.1,1073.9,537.3,1061.2,612.2,0
787,26226,2267151,1048.6,687.5,1073.9,537.7,1061.25,612.6,0
787,26227,2267152,1048.7,687.8,1073.9,538.1,1061.3,612.95,0
787,26228,2267153,1048.8,688.0,1074.0,537.9,1061.4,612.95,0
787,26229,2267154,1048.8,688.1,1074.0,538.0,1061.4,613.05,0
787,26230,2267155,1048.9,688.3,1074.0,538.3,1061.45,613.3,0
787,26231,2267156,1049.1,688.4,1074.0,539.1,1061.55,613.75,0
787,26232,2267157,1049.3,688.5,1074.0,540.0,1061.65,614.25,0
787,26233,2267158,1049.4,688.5,1074.0,541.1,1061.7,614.8,0
788,26234,2267159,1049.5,688.5,1074.1,542.1,1061.8,615.3,0
788,26235,2267160,1049.6,688.6,1074.1,543.1,1061.85,615.85,0
788,26236,2267161,1049.7,688.7,1074.2,543.8,1061.95,616.25,0
788,26237,2267162,1049.8,688.8,1074.2,544.3,1062.0,616.55,0
788,26238,2267163,1049.8,689.0,1074.4,544.4,1062.1,616.7,0
788,26239,2267164,1049.9,689.2,1074.5,544.4,1062.2,616.8,0
788,26240,2267165,1049.9,689.4,1074.7,544.4,1062.3,616.9,0
788,26241,2267166,1049.9,689.5,1074.8,544.4,1062.35,616.95,0
788,26242,2267167,1049.9,689.7,1075.0,545.0,1062.45,617.35,0
788,26243,2267168,1050.0,689.8,1075.0,545.6,1062.5,617.7,0
788,26244,2267169,1050.0,689.9,1075.1,546.2,1062.55,618.05,0
788,26245,2267170,1050.0,690.0,1075.1,546.8,1062.55,618.4,0
788,26246,2267171,1050.0,690.0,1075.1,547.2,1062.55,618.6,0
788,26247,2267172,1050.1,690.0,1075.0,547.6,1062.55,618.8,0
788,26248,2267173,1050.1,689.9,1075.0,548.0,1062.55,618.95,0
788,26249,2267174,1050.3,689.9,1074.9,547.5,1062.6,618.7,0
788,26250,2267175,1050.4,689.8,1074.9,547.1,1062.65,618.45,0
788,26251,2267176,1050.5,689.7,1074.9,546.6,1062.7,618.15,0
788,26252,2267177,1050.4,689.6,1074.8,546.3,1062.6,617.95,0
788,26253,2267178,1050.2,689.6,1074.8,546.1,1062.5,617.85,0
788,26254,2267179,1050.1,689.5,1074.8,545.9,1062.45,617.7,0
788,26255,2267180,1049.9,689.3,1074.7,545.9,1062.3,617.6,0
788,26256,2267181,1049.6,689.1,1074.7,546.2,1062.15,617.65,0
788,26257,2267182,1049.2,688.8,1074.7,546.5,1061.95,617.65,0
788,26258,2267183,1048.9,688.5,1074.7,546.8,1061.8,617.65,0
788,26259,2267184,1048.8,688.3,1074.6,547.0,1061.7,617.65,0
788,26260,2267185,1048.7,688.0,1074.4,547.2,1061.55,617.6,0
788,26261,2267186,1048.5,687.7,1074.1,547.4,1061.3,617.55,0
788,26262,2267187,1048.5,687.2,1073.7,547.5,1061.1,617.35,0
788,26263,2267188,1048.4,686.7,1073.3,547.3,1060.85,617.0,0
788,26264,2267189,1048.3,686.2,1072.9,547.2,1060.6,616.7,0
788,26265,2267190,1048.2,685.8,1072.5,547.0,1060.35,616.4,0
788,26266,2267191,1048.1,685.3,1072.2,547.0,1060.15,616.15,0
789,26267,2267192,1047.9,684.9,1071.9,547.0,1059.9,615.95,0
789,26268,2267193,1047.4,684.3,1071.9,546.9,1059.65,615.6,0
789,26269,2267194,1047.0,684.0,1072.0,546.8,1059.5,615.4,0
789,26270,2267195,1046.6,683.7,1072.1,546.8,1059.35,615.25,0
789,26271,2267196,1046.2,683.4,1072.3,546.9,1059.25,615.15,0
789,26272,2267197,1045.7,683.2,1072.7,547.0,1059.2,615.1,0
789,26273,2267198,1045.2,682.9,1073.0,547.1,1059.1,615.0,0
789,26274,2267199,1044.7,682.5,1073.4,547.3,1059.05,614.9,0
789,26275,2267200,1044.5,682.4,1073.8,547.4,1059.15,614.9,0
789,26276,2267201,1044.2,682.2,1074.0,547.6,1059.1,614.9,0
789,26277,2267202,1044.0,682.1,1074.2,547.9,1059.1,615.0,0
789,26278,2267203,1043.7,681.9,1074.3,548.1,1059.0,615.0,0
789,26279,2267204,1043.4,681.7,1074.3,548.2,1058.85,614.95,0
789,26280,2267205,1043.2,681.5,1074.2,548.4,1058.7,614.95,0
789,26281,2267206,1043.1,681.4,1074.1,548.2,1058.6,614.8,0
789,26282,2267207,1043.0,681.3,1073.8,548.1,1058.4,614.7,0
789,26283,2267208,1042.7,681.0,1073.4,547.9,1058.05,614.45,0
789,26284,2267209,1042.3,680.7,1073.1,547.7,1057.7,614.2,0
789,26285,2267210,1042.0,680.3,1072.9,547.5,1057.45,613.9,0
789,26286,2267211,1041.8,679.8,1072.6,547.3,1057.2,613.55,0
789,26287,2267212,1041.5,679.2,1072.4,547.1,1056.95,613.15,0
789,26288,2267213,1041.2,678.6,1072.2,547.3,1056.7,612.95,0
789,26289,2267214,1041.0,677.8,1072.2,547.5,1056.6,612.65,0
789,26290,2267215,1040.9,677.2,1072.1,547.8,1056.5,612.5,0
789,26291,2267216,1040.8,676.6,1072.1,548.1,1056.45,612.35,0
789,26292,2267217,1040.8,676.1,1072.1,548.4,1056.45,612.25,0
789,26293,2267218,1040.8,675.7,1072.1,548.9,1056.45,612.3,0
789,26294,2267219,1040.8,675.3,1071.9,549.3,1056.35,612.3,0
789,26295,2267220,1040.8,675.0,1071.7,549.8,1056.25,612.4,0
789,26296,2267221,1040.8,674.8,1071.2,550.5,1056.0,612.65,0
789,26297,2267222,1040.8,674.7,1070.8,551.0,1055.8,612.85,0
789,26298,2267223,1040.9,674.6,1070.3,551.5,1055.6,613.05,0
789,26299,2267224,1041.0,674.5,1069.8,552.1,1055.4,613.3,0
789,26300,2267225,1041.0,674.3,1069.3,552.5,1055.15,613.4,0
790,26301,2267226,1041.1,674.2,1068.9,552.9,1055.0,613.55,0
790,26302,2267227,1041.2,674.1,1068.6,553.2,1054.9,613.65,0
790,26303,2267228,1041.3,673.9,1068.4,553.3,1054.85,613.6,0
790,26304,2267229,1041.5,673.5,1068.2,553.5,1054.85,613.5,0
790,26305,2267230,1041.7,673.1,1068.0,553.7,1054.85,613.4,0
790,26306,2267231,1041.8,672.7,1067.9,553.8,1054.85,613.25,0
790,26307,2267232,1042.0,672.4,1067.7,554.0,1054.85,613.2,0
790,26308,2267233,1042.1,672.0,1067.6,554.2,1054.85,613.1,0
790,26309,2267234,1042.5,671.7,1067.5,554.6,1055.0,613.15,0
790,26310,2267235,1042.9,671.3,1067.4,555.1,1055.15,613.2,0
790,26311,2267236,1043.2,671.2,1067.2,555.4,1055.2,613.3,0
790,26312,2267237,1043.5,671.0,1067.0,556.0,1055.25,613.5,0
790,26313,2267238,1043.8,670.7,1066.8,556.6,1055.3,613.65,0
790,26314,2267239,1044.0,670.2,1066.6,557.3,1055.3,613.75,0
790,26315,2267240,1044.2,669.7,1066.4,557.9,1055.3,613.8,0
790,26316,2267241,1044.1,669.3,1066.2,558.3,1055.15,613.8,0
790,26317,2267242,1044.1,669.0,1066.1,558.7,1055.1,613.85,0
790,26318,2267243,1044.1,668.7,1066.1,559.2,1055.1,613.95,0
790,26319,2267244,1044.0,668.4,1066.0,559.4,1055.0,613.9,0
790,26320,2267245,1044.0,668.2,1066.0,559.6,1055.0,613.9,0
790,26321,2267246,1044.0,668.3,1065.8,559.8,1054.9,614.05,0
790,26322,2267247,1044.0,668.4,1065.7,559.7,1054.85,614.05,0
790,26323,2267248,1043.8,668.5,1065.5,559.6,1054.65,614.05,0
790,26324,2267249,1043.6,668.5,1065.3,559.5,1054.45,614.0,0
790,26325,2267250,1043.4,668.5,1065.1,559.4,1054.25,613.95,0
790,26326,2267251,1043.3,668.5,1065.0,559.5,1054.15,614.0,0
790,26327,2267252,1043.1,668.6,1064.9,559.7,1054.0,614.15,0
790,26328,2267253,1043.0,668.6,1064.9,559.8,1053.95,614.2,0
790,26329,2267254,1042.9,668.7,1065.0,560.2,1053.95,614.45,0
790,26330,2267255,1043.0,668.7,1065.0,560.6,1054.0,614.65,0
790,26331,2267256,1043.0,668.7,1065.0,561.0,1054.0,614.85,0
790,26332,2267257,1043.1,668.8,1065.0,561.4,1054.05,615.1,0
790,26333,2267258,1043.0,668.9,1065.0,561.6,1054.0,615.25,0
791,26334,2267259,1043.0,668.9,1065.0,561.9,1054.0,615.4,0
791,26335,2267260,1042.9,669.0,1064.9,562.2,1053.9,615.6,0
791,26336,2267261,1042.9,669.0,1064.9,562.5,1053.9,615.75,0
791,26337,2267262,1042.8,669.2,1064.9,562.9,1053.85,616.05,0
791,26338,2267263,1042.8,669.3,1064.9,563.2,1053.85,616.25,0
791,26339,2267264,1042.6,669.4,1064.9,563.4,1053.75,616.4,0
791,26340,2267265,1042.6,669.6,1065.0,563.6,1053.8,616.6,0
791,26341,2267266,1042.5,669.8,1065.0,563.6,1053.75,616.7,0
791,26342,2267267,1042.4,670.0,1065.1,563.5,1053.75,616.75,0
791,26343,2267268,1042.4,670.0,1065.2,563.4,1053.8,616.7,0
791,26344,2267269,1042.3,669.9,1065.2,563.3,1053.75,616.6,0
791,26345,2267270,1042.3,669.9,1065.2,563.3,1053.75,616.6,0
791,26346,2267271,1042.3,669.7,1065.2,563.4,1053.75,616.55,0
791,26347,2267272,1042.3,669.6,1065.2,563.8,1053.75,616.7,0
791,26348,2267273,1042.2,669.5,1065.1,564.2,1053.65,616.85,0
791,26349,2267274,1042.2,669.4,1065.1,564.7,1053.65,617.05,0
791,26350,2267275,1041.8,669.4,1065.0,565.1,1053.4,617.25,0
791,26351,2267276,1041.5,669.4,1065.0,565.5,1053.25,617.45,0
791,26352,2267277,1041.2,669.5,1065.0,565.7,1053.1,617.6,0
791,26353,2267278,1041.0,669.6,1065.0,565.9,1053.0,617.75,0
791,26354,2267279,1040.7,669.8,1065.1,565.8,1052.9,617.8,0
791,26355,2267280,1040.6,670.2,1065.2,565.6,1052.9,617.9,0
791,26356,2267281,1040.5,670.6,1065.2,565.5,1052.85,618.05,0
791,26357,2267282,1040.7,671.1,1065.1,565.4,1052.9,618.25,0
791,26358,2267283,1040.8,671.6,1065.0,565.5,1052.9,618.55,0
791,26359,2267284,1041.0,672.0,1064.9,565.7,1052.95,618.85,0
791,26360,2267285,1041.2,672.4,1064.8,566.2,1053.0,619.3,0
791,26361,2267286,1041.4,672.6,1064.8,566.7,1053.1,619.65,0
791,26362,2267287,1041.4,672.7,1064.8,567.3,1053.1,620.0,0
791,26363,2267288,1041.6,672.6,1064.8,567.9,1053.2,620.25,0
791,26364,2267289,1041.7,672.5,1064.9,568.6,1053.3,620.55,0
791,26365,2267290,1041.7,672.3,1065.1,569.2,1053.4,620.75,0
791,26366,2267291,1041.8,672.1,1065.2,569.6,1053.5,620.85,0
792,26367,2267292,1041.9,671.9,1065.4,569.9,1053.65,620.9,0
792,26368,2267293,1041.9,671.8,1065.6,570.2,1053.75,621.0,0
792,26369,2267294,1041.9,671.6,1065.8,570.6,1053.85,621.1,0
792,26370,2267295,1041.9,671.6,1066.0,570.9,1053.95,621.25,0
792,26371,2267296,1041.9,671.6,1066.3,571.3,1054.1,621.45,0
792,26372,2267297,1041.9,671.6,1066.6,571.7,1054.25,621.65,0
792,26373,2267298,1041.9,671.5,1066.8,572.1,1054.35,621.8,0
792,26374,2267299,1041.8,671.5,1067.0,572.4,1054.4,621.95,0
792,26375,2267300,1041.9,671.6,1066.9,572.7,1054.4,622.15,0
792,26376,2267301,1041.9,671.7,1066.6,572.8,1054.25,622.25,0
792,26377,2267302,1042.0,671.9,1066.3,572.8,1054.15,622.35,0
792,26378,2267303,1042.1,672.1,1066.0,572.7,1054.05,622.4,0
792,26379,2267304,1042.2,672.2,1065.7,572.5,1053.95,622.35,0
792,26380,2267305,1042.2,672.4,1065.3,572.4,1053.75,622.4,0
792,26381,2267306,1042.3,672.6,1065.0,572.2,1053.65,622.4,0
792,26382,2267307,1042.3,672.7,1064.7,572.1,1053.5,622.4,0
792,26383,2267308,1042.2,673.0,1064.7,572.4,1053.45,622.7,0
792,26384,2267309,1042.1,673.3,1064.7,572.7,1053.4,623.0,0
792,26385,2267310,1041.7,673.6,1064.7,573.0,1053.2,623.3,0
792,26386,2267311,1041.3,673.9,1064.8,573.5,1053.05,623.7,0
792,26387,2267312,1041.0,674.1,1064.8,574.0,1052.9,624.05,0
792,26388,2267313,1040.7,674.3,1064.7,574.6,1052.7,624.45,0
792,26389,2267314,1040.4,674.4,1064.6,575.0,1052.5,624.7,0
792,26390,2267315,1040.4,674.2,1064.4,575.2,1052.4,624.7,0
792,26391,2267316,1040.4,674.0,1064.3,575.4,1052.35,624.7,0
792,26392,2267317,1040.6,673.8,1064.1,575.7,1052.35,624.75,0
792,26393,2267318,1041.0,673.6,1064.0,576.1,1052.5,624.85,0
792,26394,2267319,1041.5,673.5,1063.8,576.3,1052.65,624.9,0
792,26395,2267320,1041.9,673.5,1063.7,576.6,1052.8,625.05,0
792,26396,2267321,1042.2,673.5,1063.8,576.8,1053.0,625.15,0
792,26397,2267322,1042.3,673.6,1063.8,577.1,1053.05,625.35,0
792,26398,2267323,1042.3,673.7,1064.0,577.4,1053.15,625.55,0
792,26399,2267324,1042.3,673.9,1064.1,577.7,1053.2,625.8,0
792,26400,2267325,1042.0,674.1,1064.2,578.0,1053.1,626.05,0
793,26401,2267326,1041.7,674.4,1064.4,578.4,1053.05,626.4,0
793,26402,2267327,1041.3,674.7,1064.6,578.7,1052.95,626.7,0
793,26403,2267328,1041.0,675.0,1064.8,578.9,1052.9,626.95,0
793,26404,2267329,1040.8,675.3,1064.9,579.1,1052.85,627.2,0
793,26405,2267330,1040.7,675.5,1064.9,579.2,1052.8,627.35,0
793,26406,2267331,1040.7,675.8,1065.0,579.3,1052.85,627.55,0
793,26407,2267332,1040.8,675.9,1065.1,579.3,1052.95,627.6,0
793,26408,2267333,1040.9,676.1,1065.0,579.3,1052.95,627.7,0
793,26409,2267334,1041.0,676.3,1065.1,579.3,1053.05,627.8,0
793,26410,2267335,1041.1,676.6,1065.1,579.5,1053.1,628.05,0
793,26411,2267336,1041.2,676.9,1065.2,579.8,1053.2,628.35,0
793,26412,2267337,1041.2,677.2,1065.3,580.0,1053.25,628.6,0
793,26413,2267338,1041.2,677.5,1065.5,580.3,1053.35,628.9,0
793,26414,2267339,1041.2,677.9,1065.6,580.4,1053.4,629.15,0
793,26415,2267340,1041.2,678.4,1065.6,580.5,1053.4,629.45,0
793,26416,2267341,1041.1,678.8,1065.6,580.5,1053.35,629.65,0
793,26417,2267342,1041.1,679.2,1065.5,580.5,1053.3,629.85,0
793,26418,2267343,1040.9,679.6,1065.3,580.5,1053.1,630.05,0
793,26419,2267344,1040.6,680.0,1065.1,580.5,1052.85,630.25,0
793,26420,2267345,1040.3,680.3,1064.9,580.6,1052.6,630.45,0
793,26421,2267346,1040.0,680.6,1064.5,580.6,1052.25,630.6,0
793,26422,2267347,1039.7,680.8,1064.2,580.7,1051.95,630.75,0
793,26423,2267348,1039.4,680.8,1064.0,580.7,1051.7,630.75,0
793,26424,2267349,1039.1,680.9,1063.7,580.7,1051.4,630.8,0
793,26425,2267350,1039.0,681.0,1063.5,580.7,1051.25,630.85,0
793,26426,2267351,1038.8,681.1,1063.3,580.6,1051.05,630.85,0
793,26427,2267352,1038.7,681.3,1063.0,580.5,1050.85,630.9,0
793,26428,2267353,1038.6,681.7,1063.0,580.5,1050.8,631.1,0
793,26429,2267354,1038.5,682.2,1062.9,580.5,1050.7,631.35,0
793,26430,2267355,1038.4,682.8,1062.9,580.9,1050.65,631.85,0
793,26431,2267356,1038.4,683.4,1062.8,581.3,1050.6,632.35,0
793,26432,2267357,1038.3,684.0,1062.8,581.8,1050.55,632.9,0
793,26433,2267358,1038.4,684.5,1062.7,582.6,1050.55,633.55,0
794,26434,2267359,1038.5,685.0,1062.6,583.4,1050.55,634.2,0
794,26435,2267360,1038.6,685.4,1062.3,584.2,1050.45,634.8,0
794,26436,2267361,1038.7,685.9,1062.0,584.6,1050.35,635.25,0
794,26437,2267362,1038.9,686.2,1061.7,584.6,1050.3,635.4,0
794,26438,2267363,1039.0,686.5,1061.3,584.5,1050.15,635.5,0
794,26439,2267364,1039.0,686.9,1060.9,584.3,1049.95,635.6,0
794,26440,2267365,1039.1,687.3,1060.6,583.8,1049.85,635.55,0
794,26441,2267366,1039.2,687.7,1060.2,583.3,1049.7,635.5,0
794,26442,2267367,1039.1,687.9,1060.1,582.7,1049.6,635.3,0
794,26443,2267368,1039.1,688.2,1060.0,582.3,1049.55,635.25,0
794,26444,2267369,1039.0,688.4,1059.9,582.2,1049.45,635.3,0
794,26445,2267370,1038.9,688.5,1059.7,582.0,1049.3,635.25,0
794,26446,2267371,1038.8,688.7,1059.5,581.8,1049.15,635.25,0
794,26447,2267372,1038.7,688.8,1059.3,581.6,1049.0,635.2,0
794,26448,2267373,1038.7,689.3,1059.1,581.4,1048.9,635.35,0
794,26449,2267374,1038.7,689.9,1058.9,581.2,1048.8,635.55,0
794,26450,2267375,1038.6,690.4,1058.7,581.0,1048.65,635.7,0
794,26451,2267376,1038.6,690.9,1058.5,580.7,1048.55,635.8,0
794,26452,2267377,1038.6,691.4,1058.5,580.3,1048.55,635.85,0
794,26453,2267378,1038.5,691.8,1058.5,579.8,1048.5,635.8,0
794,26454,2267379,1038.4,692.2,1058.5,579.5,1048.45,635.85,0
794,26455,2267380,1038.4,692.1,1058.6,579.2,1048.5,635.65,0
794,26456,2267381,1038.3,692.0,1058.7,578.6,1048.5,635.3,0
794,26457,2267382,1038.2,691.9,1058.7,578.1,1048.45,635.0,0
794,26458,2267383,1038.0,691.8,1058.7,577.7,1048.35,634.75,0
794,26459,2267384,1037.9,691.7,1058.5,576.8,1048.2,634.25,0
794,26460,2267385,1037.8,691.6,1058.2,575.9,1048.0,633.75,0
794,26461,2267386,1037.7,691.5,1057.9,574.9,1047.8,633.2,0
794,26462,2267387,1037.5,691.4,1057.7,574.0,1047.6,632.7,0
794,26463,2267388,1037.3,691.3,1057.5,573.3,1047.4,632.3,0
794,26464,2267389,1037.1,691.2,1057.3,572.5,1047.2,631.85,0
794,26465,2267390,1036.8,691.1,1057.1,571.7,1046.95,631.4,0
794,26466,2267391,1036.6,691.1,1057.2,571.5,1046.9,631.3,0
795,26467,2267392,1036.4,691.0,1057.4,571.3,1046.9,631.15,0
795,26468,2267393,1036.2,690.9,1057.5,571.1,1046.85,631.0,0
795,26469,2267394,1036.0,690.9,1057.7,570.9,1046.85,630.9,0
795,26470,2267395,1035.9,690.9,1057.8,570.1,1046.85,630.5,0
795,26471,2267396,1035.9,691.0,1057.8,569.4,1046.85,630.2,0
795,26472,2267397,1035.8,691.0,1057.8,568.7,1046.8,629.85,0
795,26473,2267398,1035.6,691.0,1057.7,568.0,1046.65,629.5,0
795,26474,2267399,1035.5,691.0,1057.7,567.3,1046.6,629.15,0
795,26475,2267400,1035.3,691.1,1057.6,566.5,1046.45,628.8,0
795,26476,2267401,1035.1,691.0,1057.5,565.5,1046.3,628.25,0
795,26477,2267402,1034.9,690.9,1057.3,564.7,1046.1,627.8,0
795,26478,2267403,1034.7,690.8,1057.2,564.0,1045.95,627.4,0
795,26479,2267404,1034.6,690.6,1057.1,563.2,1045.85,626.9,0
795,26480,2267405,1034.4,690.4,1057.0,562.4,1045.7,626.4,0
795,26481,2267406,1034.2,690.2,1057.0,561.7,1045.6,625.95,0
795,26482,2267407,1034.1,689.8,1056.9,561.1,1045.5,625.45,0
795,26483,2267408,1034.0,689.3,1056.9,560.6,1045.45,624.95,0
795,26484,2267409,1033.9,688.9,1056.9,560.4,1045.4,624.65,0
795,26485,2267410,1033.7,688.5,1056.9,560.1,1045.3,624.3,0
795,26486,2267411,1033.6,688.2,1057.0,559.8,1045.3,624.0,0
795,26487,2267412,1033.6,687.9,1057.0,559.2,1045.3,623.55,0
795,26488,2267413,1033.5,687.5,1057.0,558.4,1045.25,622.95,0
795,26489,2267414,1033.5,687.5,1056.9,557.6,1045.2,622.55,0
795,26490,2267415,1033.4,687.4,1056.7,556.9,1045.05,622.15,0
795,26491,2267416,1033.1,687.2,1056.5,556.3,1044.8,621.75,0
795,26492,2267417,1032.9,687.1,1056.3,555.8,1044.6,621.45,0
795,26493,2267418,1032.6,686.9,1056.1,555.4,1044.35,621.15,0
795,26494,2267419,1032.3,686.7,1055.9,555.5,1044.1,621.1,0
795,26495,2267420,1032.0,686.6,1055.7,555.7,1043.85,621.15,0
795,26496,2267421,1031.7,686.5,1055.5,555.9,1043.6,621.2,0
795,26497,2267422,1031.4,686.2,1055.6,556.1,1043.5,621.15,0
795,26498,2267423,1031.1,686.0,1055.6,556.2,1043.35,621.1,0
795,26499,2267424,1030.7,685.7,1055.5,556.1,1043.1,620.9,0
795,26500,2267425,1030.4,685.4,1055.5,555.7,1042.95,620.55,0
796,26501,2267426,1030.1,685.1,1055.5,555.2,1042.8,620.15,0
796,26502,2267427,1029.8,684.8,1055.5,554.9,1042.65,619.85,0
796,26503,2267428,1029.6,684.6,1055.3,554.8,1042.45,619.7,0
796,26504,2267429,1029.3,684.4,1055.1,554.7,1042.2,619.55,0
796,26505,2267430,1029.2,684.2,1054.9,554.7,1042.05,619.45,0
796,26506,2267431,1029.1,684.1,1054.7,555.1,1041.9,619.6,0
796,26507,2267432,1029.0,684.1,1054.5,555.7,1041.75,619.9,0
796,26508,2267433,1028.9,684.1,1054.3,557.0,1041.6,620.55,0
796,26509,2267434,1028.7,684.3,1054.0,558.5,1041.35,621.4,0
796,26510,2267435,1028.5,685.1,1052.8,560.3,1040.65,622.7,0
796,26511,2267436,1028.3,687.3,1051.5,563.0,1039.9,625.15,0
796,26512,2267437,1027.9,690.0,1049.8,567.0,1038.85,628.5,0
796,26513,2267438,1026.9,693.7,1046.9,572.2,1036.9,632.95,0
796,26514,2267439,1025.7,698.2,1043.0,577.8,1034.35,638.0,0
796,26515,2267440,1024.0,703.7,1039.0,584.9,1031.5,644.3,0
796,26516,2267441,1022.0,710.7,1035.0,592.2,1028.5,651.45,0
796,26517,2267442,1019.5,717.4,1031.8,601.5,1025.65,659.45,0
796,26518,2267443,1017.2,724.5,1028.6,611.2,1022.9,667.85,0
796,26519,2267444,1014.8,732.0,1025.7,621.0,1020.25,676.5,0
796,26520,2267445,1013.1,739.0,1023.9,630.7,1018.5,684.85,0
796,26521,2267446,1011.6,746.5,1023.2,641.2,1017.4,693.85,0
796,26522,2267447,1010.6,753.3,1022.7,649.7,1016.65,701.5,0
796,26523,2267448,1010.0,758.2,1022.5,657.7,1016.25,707.95,0
796,26524,2267449,1010.0,762.8,1022.4,663.3,1016.2,713.05,0
796,26525,2267450,1010.0,765.8,1022.4,667.6,1016.2,716.7,0
796,26526,2267451,1010.4,767.8,1022.7,670.7,1016.55,719.25,0
796,26527,2267452,1010.9,768.7,1023.3,672.4,1017.1,720.55,0
796,26528,2267453,1011.7,768.3,1024.0,672.2,1017.85,720.25,0
796,26529,2267454,1012.4,767.5,1024.9,670.8,1018.65,719.15,0
796,26530,2267455,1013.1,766.3,1025.6,668.9,1019.35,717.6,0
796,26531,2267456,1013.6,765.0,1026.5,666.6,1020.05,715.8,0
796,26532,2267457,1014.0,763.7,1027.3,663.4,1020.65,713.55,0
796,26533,2267458,1013.7,762.2,1027.9,660.1,1020.8,711.15,0
797,26534,2267459,1013.4,761.2,1028.7,656.8,1021.05,709.0,0
797,26535,2267460,1013.0,760.2,1029.3,654.1,1021.15,707.15,0
797,26536,2267461,1012.5,759.3,1029.9,652.6,1021.2,705.95,0
797,26537,2267462,1012.0,758.8,1030.5,651.5,1021.25,705.15,0
797,26538,2267463,1011.7,758.4,1031.0,650.6,1021.35,704.5,0
797,26539,2267464,1011.4,757.9,1031.5,650.5,1021.45,704.2,0
797,26540,2267465,1011.6,757.8,1031.9,650.5,1021.75,704.15,0
797,26541,2267466,1011.7,757.6,1032.2,650.3,1021.95,703.95,0
797,26542,2267467,1011.9,757.6,1032.5,650.2,1022.2,703.9,0
797,26543,2267468,1012.0,757.5,1032.5,650.1,1022.25,703.8,0
797,26544,2267469,1012.0,757.6,1032.4,650.0,1022.2,703.8,0
797,26545,2267470,1012.0,757.6,1032.3,649.9,1022.15,703.75,0
797,26546,2267471,1012.0,757.8,1032.2,649.9,1022.1,703.85,0
797,26547,2267472,1011.9,757.8,1032.1,649.9,1022.0,703.85,0
797,26548,2267473,1011.8,757.9,1032.0,649.9,1021.9,703.9,0
797,26549,2267474,1011.7,758.0,1031.9,650.0,1021.8,704.0,0
797,26550,2267475,1011.6,758.0,1031.8,650.0,1021.7,704.0,0
797,26551,2267476,1011.6,757.9,1031.5,650.1,1021.55,704.0,0
797,26552,2267477,1011.6,757.8,1031.2,650.1,1021.4,703.95,0
797,26553,2267478,1011.5,757.7,1030.9,650.0,1021.2,703.85,0
797,26554,2267479,1011.5,757.6,1030.8,650.0,1021.15,703.8,0
797,26555,2267480,1011.5,757.4,1030.6,649.9,1021.05,703.65,0
797,26556,2267481,1011.3,757.2,1030.5,649.9,1020.9,703.55,0
797,26557,2267482,1011.2,757.0,1030.4,649.8,1020.8,703.4,0
797,26558,2267483,1011.0,756.8,1030.5,649.5,1020.75,703.15,0
797,26559,2267484,1010.8,756.6,1030.8,649.3,1020.8,702.95,0
797,26560,2267485,1010.7,756.5,1031.0,649.0,1020.85,702.75,0
797,26561,2267486,1010.6,756.5,1031.1,648.7,1020.85,702.6,0
797,26562,2267487,1010.5,756.5,1031.1,648.6,1020.8,702.55,0
797,26563,2267488,1010.6,756.5,1031.2,648.4,1020.9,702.45,0
797,26564,2267489,1010.6,756.5,1031.2,648.3,1020.9,702.4,0
797,26565,2267490,1010.7,756.6,1031.1,648.4,1020.9,702.5,0
797,26566,2267491,1010.6,756.6,1031.0,648.5,1020.8,702.55,0
798,26567,2267492,1010.5,756.7,1030.9,648.7,1020.7,702.7,0
798,26568,2267493,1010.4,756.7,1030.7,648.8,1020.55,702.75,0
798,26569,2267494,1010.3,756.7,1030.6,649.0,1020.45,702.85,0
798,26570,2267495,1010.1,756.7,1030.4,649.2,1020.25,702.95,0
798,26571,2267496,1009.9,756.8,1030.3,649.4,1020.1,703.1,0
798,26572,2267497,1009.8,756.9,1030.2,649.6,1020.0,703.25,0
798,26573,2267498,1009.7,757.0,1030.1,649.7,1019.9,703.35,0
798,26574,2267499,1009.7,757.1,1030.1,649.5,1019.9,703.3,0
798,26575,2267500,1009.7,757.2,1030.0,649.3,1019.85,703.25,0
798,26576,2267501,1009.6,757.2,1030.0,649.2,1019.8,703.2,0
798,26577,2267502,1009.6,757.2,1030.0,648.9,1019.8,703.05,0
798,26578,2267503,1009.6,757.0,1030.0,648.7,1019.8,702.85,0
798,26579,2267504,1009.5,756.9,1030.0,648.5,1019.75,702.7,0
798,26580,2267505,1009.4,756.7,1030.0,648.4,1019.7,702.55,0
798,26581,2267506,1009.2,756.6,1030.0,648.6,1019.6,702.6,0
798,26582,2267507,1008.9,756.5,1029.9,648.8,1019.4,702.65,0
798,26583,2267508,1008.6,756.5,1029.9,649.0,1019.25,702.75,0
798,26584,2267509,1008.4,756.6,1029.9,649.2,1019.15,702.9,0
798,26585,2267510,1008.2,756.7,1029.8,649.3,1019.0,703.0,0
798,26586,2267511,1008.1,756.8,1029.5,649.4,1018.8,703.1,0
798,26587,2267512,1008.0,757.0,1029.2,649.4,1018.6,703.2,0
798,26588,2267513,1008.1,757.0,1028.9,649.4,1018.5,703.2,0
798,26589,2267514,1008.2,757.0,1028.7,649.4,1018.45,703.2,0
798,26590,2267515,1008.2,757.0,1028.4,649.5,1018.3,703.25,0
798,26591,2267516,1008.2,756.8,1028.1,649.7,1018.15,703.25,0
798,26592,2267517,1008.1,756.6,1027.9,650.1,1018.0,703.35,0
798,26593,2267518,1008.1,756.3,1027.6,650.5,1017.85,703.4,0
798,26594,2267519,1008.0,756.2,1027.4,651.0,1017.7,703.6,0
798,26595,2267520,1007.9,756.2,1027.2,651.6,1017.55,703.9,0
798,26596,2267521,1007.8,756.3,1027.0,652.3,1017.4,704.3,0
798,26597,2267522,1007.8,756.3,1026.8,653.2,1017.3,704.75,0
798,26598,2267523,1007.7,756.5,1026.6,653.9,1017.15,705.2,0
798,26599,2267524,1007.6,756.8,1026.5,654.5,1017.05,705.65,0
798,26600,2267525,1007.5,757.0,1026.5,655.1,1017.0,706.05,0
799,26601,2267526,1007.3,757.2,1026.6,655.6,1016.95,706.4,0
799,26602,2267527,1007.0,757.2,1026.6,656.1,1016.8,706.65,0
799,26603,2267528,1006.6,757.3,1026.4,656.3,1016.5,706.8,0
799,26604,2267529,1006.2,757.2,1026.1,656.3,1016.15,706.75,0
799,26605,2267530,1005.8,757.1,1025.6,656.4,1015.7,706.75,0
799,26606,2267531,1005.5,757.0,1025.2,656.4,1015.35,706.7,0
799,26607,2267532,1005.2,756.9,1024.8,656.4,1015.0,706.65,0
799,26608,2267533,1005.0,756.7,1024.3,656.3,1014.65,706.5,0
799,26609,2267534,1004.7,756.7,1023.8,656.2,1014.25,706.45,0
799,26610,2267535,1004.5,756.6,1023.6,656.1,1014.05,706.35,0
799,26611,2267536,1004.3,756.3,1023.3,656.2,1013.8,706.25,0
799,26612,2267537,1004.0,756.0,1023.2,656.2,1013.6,706.1,0
799,26613,2267538,1003.7,755.7,1023.0,656.2,1013.35,705.95,0
799,26614,2267539,1003.4,755.3,1022.8,656.2,1013.1,705.75,0
799,26615,2267540,1003.2,754.9,1022.6,656.4,1012.9,705.65,0
799,26616,2267541,1002.9,754.6,1022.3,656.8,1012.6,705.7,0
799,26617,2267542,1002.8,754.3,1022.0,657.1,1012.4,705.7,0
799,26618,2267543,1002.7,754.3,1021.8,657.4,1012.25,705.85,0
799,26619,2267544,1002.7,754.2,1021.2,657.7,1011.95,705.95,0
799,26620,2267545,1002.7,754.2,1020.7,658.3,1011.7,706.25,0
799,26621,2267546,1002.6,754.3,1020.1,658.9,1011.35,706.6,0
799,26622,2267547,1002.6,754.3,1019.6,659.6,1011.1,706.95,0
799,26623,2267548,1002.5,754.4,1019.2,660.2,1010.85,707.3,0
799,26624,2267549,1002.5,754.5,1018.8,660.8,1010.65,707.65,0
799,26625,2267550,1002.4,754.6,1018.3,661.3,1010.35,707.95,0
799,26626,2267551,1002.4,754.7,1018.2,662.0,1010.3,708.35,0
799,26627,2267552,1002.3,754.8,1018.1,662.4,1010.2,708.6,0
799,26628,2267553,1002.2,755.0,1017.9,662.7,1010.05,708.85,0
799,26629,2267554,1002.1,755.1,1017.7,663.0,1009.9,709.05,0
799,26630,2267555,1002.0,755.3,1017.5,663.2,1009.75,709.25,0
799,26631,2267556,1002.0,755.4,1017.3,663.4,1009.65,709.4,0
799,26632,2267557,1001.9,755.5,1017.2,663.6,1009.55,709.55,0
799,26633,2267558,1001.8,755.5,1017.0,663.8,1009.4,709.65,0
800,26634,2267559,1001.7,755.6,1016.7,664.0,1009.2,709.8,0
800,26635,2267560,1001.6,755.8,1016.5,664.2,1009.05,710.0,0
800,26636,2267561,1001.6,756.2,1016.2,664.4,1008.9,710.3,0
800,26637,2267562,1001.5,756.5,1015.8,664.6,1008.65,710.55,0
800,26638,2267563,1001.4,756.9,1015.5,665.0,1008.45,710.95,0
800,26639,2267564,1001.4,757.5,1014.8,665.6,1008.1,711.55,0
800,26640,2267565,1001.3,758.0,1014.2,666.1,1007.75,712.05,0
800,26641,2267566,1001.1,758.6,1013.6,666.6,1007.35,712.6,0
800,26642,2267567,1001.0,758.9,1013.2,667.2,1007.1,713.05,0
800,26643,2267568,1000.9,759.1,1012.7,667.9,1006.8,713.5,0
800,26644,2267569,1000.8,759.3,1012.4,668.6,1006.6,713.95,0
800,26645,2267570,1000.7,759.4,1012.0,669.1,1006.35,714.25,0
800,26646,2267571,1000.7,759.3,1012.0,669.5,1006.35,714.4,0
800,26647,2267572,1000.3,759.1,1011.9,670.0,1006.1,714.55,0
800,26648,2267573,1000.0,759.0,1011.5,670.4,1005.75,714.7,0
800,26649,2267574,999.7,758.9,1011.2,670.7,1005.45,714.8,0
800,26650,2267575,999.4,758.8,1010.8,671.0,1005.1,714.9,0
800,26651,2267576,999.2,758.7,1010.4,671.3,1004.8,715.0,0
800,26652,2267577,999.0,758.7,1010.0,671.8,1004.5,715.25,0
800,26653,2267578,998.9,758.7,1009.6,672.5,1004.25,715.6,0
800,26654,2267579,999.1,758.7,1009.1,673.1,1004.1,715.9,0
800,26655,2267580,999.3,758.8,1009.0,673.8,1004.15,716.3,0
800,26656,2267581,999.4,758.8,1008.9,674.8,1004.15,716.8,0
800,26657,2267582,999.4,758.9,1008.8,675.6,1004.1,717.25,0
800,26658,2267583,999.5,759.0,1008.8,676.8,1004.15,717.9,0
800,26659,2267584,999.3,759.1,1009.0,677.8,1004.15,718.45,0
800,26660,2267585,999.1,759.2,1009.3,678.7,1004.2,718.95,0
800,26661,2267586,998.9,759.3,1009.6,679.4,1004.25,719.35,0
800,26662,2267587,998.7,759.4,1009.9,680.2,1004.3,719.8,0
800,26663,2267588,998.5,759.4,1010.2,680.7,1004.35,720.05,0
800,26664,2267589,998.4,759.4,1010.5,681.3,1004.45,720.35,0
800,26665,2267590,998.2,759.4,1010.7,681.5,1004.45,720.45,0
800,26666,2267591,998.1,759.3,1010.7,681.8,1004.4,720.55,0
801,26667,2267592,998.0,759.2,1010.6,681.9,1004.3,720.55,0
801,26668,2267593,998.0,759.1,1010.6,682.0,1004.3,720.55,0
801,26669,2267594,998.0,759.0,1010.5,682.1,1004.25,720.55,0
801,26670,2267595,998.0,758.9,1010.4,682.1,1004.2,720.5,0
801,26671,2267596,998.0,758.8,1010.2,682.2,1004.1,720.5,0
801,26672,2267597,998.0,758.7,1010.1,682.5,1004.05,720.6,0
801,26673,2267598,998.1,758.6,1010.0,682.8,1004.05,720.7,0
801,26674,2267599,998.2,758.6,1009.8,683.4,1004.0,721.0,0
801,26675,2267600,998.2,758.5,1009.7,684.1,1003.95,721.3,0
801,26676,2267601,998.3,758.5,1009.6,684.9,1003.95,721.7,0
801,26677,2267602,998.4,758.3,1009.5,685.6,1003.95,721.95,0
801,26678,2267603,998.4,758.1,1009.6,686.2,1004.0,722.15,0
801,26679,2267604,998.5,757.9,1009.6,686.6,1004.05,722.25,0
801,26680,2267605,998.5,757.7,1009.7,687.0,1004.1,722.35,0
801,26681,2267606,998.5,757.5,1009.8,687.2,1004.15,722.35,0
801,26682,2267607,998.6,757.3,1009.7,687.3,1004.15,722.3,0
801,26683,2267608,998.6,757.1,1009.5,687.4,1004.05,722.25,0
801,26684,2267609,998.5,757.0,1009.3,687.5,1003.9,722.25,0
801,26685,2267610,998.4,756.8,1008.9,687.5,1003.65,722.15,0
801,26686,2267611,998.2,756.6,1008.6,687.5,1003.4,722.05,0
801,26687,2267612,998.1,756.5,1008.3,687.4,1003.2,721.95,0
801,26688,2267613,998.0,756.3,1007.6,687.3,1002.8,721.8,0
801,26689,2267614,997.6,756.2,1007.0,687.2,1002.3,721.7,0
801,26690,2267615,997.2,756.0,1006.4,687.0,1001.8,721.5,0
801,26691,2267616,996.9,755.9,1005.9,686.8,1001.4,721.35,0
801,26692,2267617,996.5,755.9,1005.4,686.6,1000.95,721.25,0
801,26693,2267618,996.2,755.8,1004.9,686.4,1000.55,721.1,0
801,26694,2267619,995.8,755.6,1004.3,686.3,1000.05,720.95,0
801,26695,2267620,995.5,755.4,1004.2,686.2,999.85,720.8,0
801,26696,2267621,995.3,755.1,1004.0,686.0,999.65,720.55,0
801,26697,2267622,995.2,754.9,1003.7,685.8,999.45,720.35,0
801,26698,2267623,995.0,754.5,1003.4,685.7,999.2,720.1,0
801,26699,2267624,994.7,754.2,1003.2,685.5,998.95,719.85,0
801,26700,2267625,994.5,753.9,1003.0,685.2,998.75,719.55,0
802,26701,2267626,994.2,753.6,1002.7,685.0,998.45,719.3,0
802,26702,2267627,994.0,753.3,1002.5,684.6,998.25,718.95,0
802,26703,2267628,993.6,753.1,1002.1,684.3,997.85,718.7,0
802,26704,2267629,993.2,752.8,1001.9,683.9,997.55,718.35,0
802,26705,2267630,992.9,752.5,1001.7,683.5,997.3,718.0,0
802,26706,2267631,992.8,751.9,1001.5,683.1,997.15,717.5,0
802,26707,2267632,992.6,751.3,1001.3,682.7,996.95,717.0,0
802,26708,2267633,992.3,750.8,1001.1,682.2,996.7,716.5,0
802,26709,2267634,992.0,750.3,1001.0,681.9,996.5,716.1,0
802,26710,2267635,991.8,750.0,1001.0,681.6,996.4,715.8,0
802,26711,2267636,991.6,749.8,1001.1,681.4,996.35,715.6,0
802,26712,2267637,991.3,749.8,1001.0,681.1,996.15,715.45,0
802,26713,2267638,991.1,750.1,1001.0,680.8,996.05,715.45,0
802,26714,2267639,990.9,750.4,1000.9,680.5,995.9,715.45,0
802,26715,2267640,990.8,750.7,1000.8,680.2,995.8,715.45,0
802,26716,2267641,990.7,751.0,1000.7,679.8,995.7,715.4,0
802,26717,2267642,990.6,751.1,1000.6,679.6,995.6,715.35,0
802,26718,2267643,990.5,751.2,1000.5,679.5,995.5,715.35,0
802,26719,2267644,990.6,751.3,1000.6,679.4,995.6,715.35,0
802,26720,2267645,990.6,751.3,1000.7,679.3,995.65,715.3,0
802,26721,2267646,990.7,751.2,1000.8,679.4,995.75,715.3,0
802,26722,2267647,990.7,751.1,1000.9,679.4,995.8,715.25,0
802,26723,2267648,990.8,751.0,1001.0,679.3,995.9,715.15,0
802,26724,2267649,990.8,750.9,1001.1,679.2,995.95,715.05,0
802,26725,2267650,990.8,750.7,1001.2,679.0,996.0,714.85,0
802,26726,2267651,990.8,750.6,1001.3,678.9,996.05,714.75,0
802,26727,2267652,990.8,750.4,1001.4,678.5,996.1,714.45,0
802,26728,2267653,990.8,750.4,1001.5,678.1,996.15,714.25,0
802,26729,2267654,990.7,750.5,1001.6,677.8,996.15,714.15,0
802,26730,2267655,990.6,750.5,1001.7,677.6,996.15,714.05,0
802,26731,2267656,990.2,750.4,1001.8,677.4,996.0,713.9,0
802,26732,2267657,989.8,750.2,1001.9,677.2,995.85,713.7,0
802,26733,2267658,989.4,750.1,1001.9,677.0,995.65,713.55,0
803,26734,2267659,989.0,750.0,1001.9,677.0,995.45,713.5,0
803,26735,2267660,988.7,749.8,1002.0,676.9,995.35,713.35,0
803,26736,2267661,988.4,749.7,1002.1,676.9,995.25,713.3,0
803,26737,2267662,988.2,749.5,1002.3,676.9,995.25,713.2,0
803,26738,2267663,988.2,749.4,1002.5,676.8,995.35,713.1,0
803,26739,2267664,988.3,749.3,1002.7,676.8,995.5,713.05,0
803,26740,2267665,988.3,749.2,1002.9,676.8,995.6,713.0,0
803,26741,2267666,988.3,749.1,1003.1,676.8,995.7,712.95,0
803,26742,2267667,988.1,749.0,1003.2,676.8,995.65,712.9,0
803,26743,2267668,987.9,748.9,1003.1,676.8,995.5,712.85,0
803,26744,2267669,987.8,748.8,1003.1,676.8,995.45,712.8,0
803,26745,2267670,987.6,748.7,1003.1,676.7,995.35,712.7,0
803,26746,2267671,987.4,748.5,1003.0,676.4,995.2,712.45,0
803,26747,2267672,987.3,748.4,1002.9,676.1,995.1,712.25,0
803,26748,2267673,987.0,748.2,1002.8,675.6,994.9,711.9,0
803,26749,2267674,986.9,748.1,1002.8,675.0,994.85,711.55,0
803,26750,2267675,986.8,748.0,1002.7,674.4,994.75,711.2,0
803,26751,2267676,986.7,747.8,1002.6,673.8,994.65,710.8,0
803,26752,2267677,986.6,747.7,1002.5,672.8,994.55,710.25,0
803,26753,2267678,986.5,747.5,1002.5,672.0,994.5,709.75,0
803,26754,2267679,986.3,747.4,1002.5,671.2,994.4,709.3,0
803,26755,2267680,986.1,747.3,1002.4,670.8,994.25,709.05,0
803,26756,2267681,986.1,747.2,1002.4,670.3,994.25,708.75,0
803,26757,2267682,986.0,747.3,1002.5,670.0,994.25,708.65,0
803,26758,2267683,985.9,747.3,1002.6,669.7,994.25,708.5,0
803,26759,2267684,985.8,747.5,1002.6,669.9,994.2,708.7,0
803,26760,2267685,985.7,747.6,1002.7,670.1,994.2,708.85,0
803,26761,2267686,985.7,747.6,1002.7,670.2,994.2,708.9,0
803,26762,2267687,985.6,747.6,1002.6,670.3,994.1,708.95,0
803,26763,2267688,985.6,747.5,1002.6,670.3,994.1,708.9,0
803,26764,2267689,985.5,747.2,1002.4,670.3,993.95,708.75,0
803,26765,2267690,985.5,746.9,1002.1,670.3,993.8,708.6,0
803,26766,2267691,985.5,746.6,1001.8,670.1,993.65,708.35,0
804,26767,2267692,985.4,746.3,1001.5,669.8,993.45,708.05,0
804,26768,2267693,985.3,746.1,1001.2,669.6,993.25,707.85,0
804,26769,2267694,985.2,745.9,1000.8,669.4,993.0,707.65,0
804,26770,2267695,985.2,745.8,1000.3,669.2,992.75,707.5,0
804,26771,2267696,985.1,745.8,999.8,669.0,992.45,707.4,0
804,26772,2267697,985.1,745.8,999.4,668.9,992.25,707.35,0
804,26773,2267698,985.0,745.7,999.0,669.0,992.0,707.35,0
804,26774,2267699,984.9,745.7,998.7,669.0,991.8,707.35,0
804,26775,2267700,984.8,745.8,998.5,669.1,991.65,707.45,0
804,26776,2267701,984.6,745.9,998.3,669.2,991.45,707.55,0
804,26777,2267702,984.5,746.1,998.1,669.3,991.3,707.7,0
804,26778,2267703,984.3,746.3,997.6,669.3,990.95,707.8,0
804,26779,2267704,984.1,746.5,996.8,669.4,990.45,707.95,0
804,26780,2267705,984.0,746.6,995.8,669.4,989.9,708.0,0
804,26781,2267706,983.9,746.7,994.9,669.5,989.4,708.1,0
804,26782,2267707,983.6,746.7,993.9,669.5,988.75,708.1,0
804,26783,2267708,983.3,746.5,992.9,669.5,988.1,708.0,0
804,26784,2267709,983.0,746.4,992.1,669.4,987.55,707.9,0
804,26785,2267710,982.8,746.2,991.5,669.4,987.15,707.8,0
804,26786,2267711,982.5,746.1,991.4,669.3,986.95,707.7,0
804,26787,2267712,982.3,745.9,991.3,669.3,986.8,707.6,0
804,26788,2267713,982.1,745.9,991.2,669.2,986.65,707.55,0
804,26789,2267714,982.0,745.8,991.1,669.2,986.55,707.5,0
804,26790,2267715,982.0,745.7,991.1,669.0,986.55,707.35,0
804,26791,2267716,982.0,745.6,991.1,668.9,986.55,707.25,0
804,26792,2267717,982.0,745.6,991.0,668.7,986.5,707.15,0
804,26793,2267718,982.1,745.5,990.9,668.6,986.5,707.05,0
804,26794,2267719,982.1,745.5,990.8,668.6,986.45,707.05,0
804,26795,2267720,982.1,745.5,990.7,668.7,986.4,707.1,0
804,26796,2267721,982.1,745.5,990.3,668.8,986.2,707.15,0
804,26797,2267722,982.0,745.5,990.0,669.1,986.0,707.3,0
804,26798,2267723,981.9,745.5,989.7,669.2,985.8,707.35,0
804,26799,2267724,981.6,745.5,989.4,669.3,985.5,707.4,0
804,26800,2267725,981.4,745.5,989.0,669.4,985.2,707.45,0
805,26801,2267726,981.1,745.6,988.7,669.2,984.9,707.4,0
805,26802,2267727,980.8,745.6,988.4,668.9,984.6,707.25,0
805,26803,2267728,980.5,745.6,988.3,668.5,984.4,707.05,0
805,26804,2267729,980.3,745.6,988.2,668.2,984.25,706.9,0
805,26805,2267730,980.2,745.7,988.0,667.9,984.1,706.8,0
805,26806,2267731,980.2,745.8,987.8,667.8,984.0,706.8,0
805,26807,2267732,980.2,745.8,987.7,667.9,983.95,706.85,0
805,26808,2267733,980.3,745.9,987.7,668.1,984.0,707.0,0
805,26809,2267734,980.4,746.0,987.6,668.4,984.0,707.2,0
805,26810,2267735,980.5,746.1,987.5,668.7,984.0,707.4,0
805,26811,2267736,980.7,746.2,987.4,669.0,984.05,707.6,0
805,26812,2267737,980.8,746.2,987.3,669.4,984.05,707.8,0
805,26813,2267738,980.8,746.2,987.2,669.8,984.0,708.0,0
805,26814,2267739,980.9,746.1,987.2,670.0,984.05,708.05,0
805,26815,2267740,980.9,746.0,986.9,670.2,983.9,708.1,0
805,26816,2267741,980.9,746.0,986.7,670.4,983.8,708.2,0
805,26817,2267742,980.9,746.0,986.5,670.5,983.7,708.25,0
805,26818,2267743,980.9,746.1,986.4,670.7,983.65,708.4,0
805,26819,2267744,980.9,746.1,986.2,670.7,983.55,708.4,0
805,26820,2267745,980.9,746.2,986.1,670.7,983.5,708.45,0
805,26821,2267746,980.9,746.2,986.0,670.8,983.45,708.5,0
805,26822,2267747,980.8,746.3,986.0,670.8,983.4,708.55,0
805,26823,2267748,980.6,746.3,986.0,670.9,983.3,708.6,0
805,26824,2267749,980.3,746.2,985.9,671.2,983.1,708.7,0
805,26825,2267750,980.0,746.1,985.7,671.5,982.85,708.8,0
805,26826,2267751,979.7,746.0,985.4,671.9,982.55,708.95,0
805,26827,2267752,979.4,745.9,985.1,672.3,982.25,709.1,0
805,26828,2267753,979.1,746.0,984.8,672.6,981.95,709.3,0
805,26829,2267754,978.9,746.0,984.5,673.0,981.7,709.5,0
805,26830,2267755,978.8,746.0,984.2,673.2,981.5,709.6,0
805,26831,2267756,978.7,746.1,983.9,673.3,981.3,709.7,0
805,26832,2267757,978.7,746.2,983.8,673.4,981.25,709.8,0
805,26833,2267758,978.6,746.3,983.8,673.3,981.2,709.8,0
806,26834,2267759,978.6,746.4,983.8,673.4,981.2,709.9,0
806,26835,2267760,978.5,746.5,983.8,673.4,981.15,709.95,0
806,26836,2267761,978.5,746.6,983.9,673.5,981.2,710.05,0
806,26837,2267762,978.5,746.8,983.9,673.5,981.2,710.15,0
806,26838,2267763,978.5,746.7,984.0,673.5,981.25,710.1,0
806,26839,2267764,978.6,746.7,984.1,673.5,981.35,710.1,0
806,26840,2267765,978.7,746.7,984.1,673.4,981.4,710.05,0
806,26841,2267766,978.8,746.6,984.1,673.1,981.45,709.85,0
806,26842,2267767,978.9,746.5,984.1,672.9,981.5,709.7,0
806,26843,2267768,979.0,746.3,984.1,672.6,981.55,709.45,0
806,26844,2267769,979.1,746.0,984.0,672.4,981.55,709.2,0
806,26845,2267770,979.1,745.8,983.9,672.2,981.5,709.0,0
806,26846,2267771,979.1,745.6,983.8,672.2,981.45,708.9,0
806,26847,2267772,979.0,745.5,983.7,672.2,981.35,708.85,0
806,26848,2267773,978.9,745.4,983.7,672.3,981.3,708.85,0
806,26849,2267774,978.8,745.4,983.7,672.4,981.25,708.9,0
806,26850,2267775,978.7,745.4,983.9,672.6,981.3,709.0,0
806,26851,2267776,978.5,745.4,984.0,672.8,981.25,709.1,0
806,26852,2267777,978.3,745.5,984.2,673.1,981.25,709.3,0
806,26853,2267778,978.1,745.5,984.4,673.2,981.25,709.35,0
806,26854,2267779,977.9,745.4,984.5,673.2,981.2,709.3,0
806,26855,2267780,977.7,745.3,984.5,673.2,981.1,709.25,0
806,26856,2267781,977.5,745.3,984.5,673.2,981.0,709.25,0
806,26857,2267782,977.3,745.1,984.3,673.1,980.8,709.1,0
806,26858,2267783,977.0,745.0,984.1,673.2,980.55,709.1,0
806,26859,2267784,976.9,744.9,983.9,673.4,980.4,709.15,0
806,26860,2267785,976.7,744.7,983.4,673.7,980.05,709.2,0
806,26861,2267786,976.5,744.4,982.9,674.1,979.7,709.25,0
806,26862,2267787,976.4,744.2,982.5,674.5,979.45,709.35,0
806,26863,2267788,976.4,744.1,982.2,674.8,979.3,709.45,0
806,26864,2267789,976.3,744.2,982.1,675.0,979.2,709.6,0
806,26865,2267790,976.4,744.3,981.9,675.2,979.15,709.75,0
806,26866,2267791,976.5,744.4,981.8,675.1,979.15,709.75,0
807,26867,2267792,976.7,744.7,982.0,675.0,979.35,709.85,0
807,26868,2267793,976.9,745.0,982.2,674.9,979.55,709.95,0
807,26869,2267794,976.9,745.3,982.4,674.9,979.65,710.1,0
807,26870,2267795,976.8,745.4,982.5,674.8,979.65,710.1,0
807,26871,2267796,976.7,745.4,982.7,674.9,979.7,710.15,0
807,26872,2267797,976.6,745.3,982.8,674.9,979.7,710.1,0
807,26873,2267798,976.4,745.2,983.1,675.0,979.75,710.1,0
807,26874,2267799,976.3,745.1,983.3,675.1,979.8,710.1,0
807,26875,2267800,976.2,745.0,983.6,675.4,979.9,710.2,0
807,26876,2267801,976.4,744.9,984.0,675.8,980.2,710.35,0
807,26877,2267802,976.7,744.9,984.4,676.4,980.55,710.65,0
807,26878,2267803,977.0,745.0,984.8,677.0,980.9,711.0,0
807,26879,2267804,977.3,745.1,985.1,677.8,981.2,711.45,0
807,26880,2267805,977.6,745.2,985.4,678.5,981.5,711.85,0
807,26881,2267806,977.8,745.3,985.7,679.3,981.75,712.3,0
807,26882,2267807,978.0,745.3,985.8,679.8,981.9,712.55,0
807,26883,2267808,978.0,745.3,985.8,680.1,981.9,712.7,0
807,26884,2267809,977.9,745.3,985.7,680.4,981.8,712.85,0
807,26885,2267810,977.8,745.2,985.5,680.5,981.65,712.85,0
807,26886,2267811,977.6,745.3,985.3,680.5,981.45,712.9,0
807,26887,2267812,977.4,745.4,984.7,680.5,981.05,712.95,0
807,26888,2267813,977.2,745.5,984.1,680.5,980.65,713.0,0
807,26889,2267814,977.0,745.7,983.5,680.6,980.25,713.15,0
807,26890,2267815,976.9,745.9,982.9,680.7,979.9,713.3,0
807,26891,2267816,976.5,746.2,982.2,680.9,979.35,713.55,0
807,26892,2267817,976.1,746.5,981.6,681.1,978.85,713.8,0
807,26893,2267818,975.8,746.7,981.0,680.9,978.4,713.8,0
807,26894,2267819,975.5,746.8,980.6,680.8,978.05,713.8,0
807,26895,2267820,975.2,746.8,980.3,680.7,977.75,713.75,0
807,26896,2267821,975.0,746.8,980.0,680.4,977.5,713.6,0
807,26897,2267822,974.8,746.9,979.6,680.2,977.2,713.55,0
807,26898,2267823,974.8,746.9,979.5,680.1,977.15,713.5,0
807,26899,2267824,974.7,747.0,979.4,680.1,977.05,713.55,0
807,26900,2267825,974.4,747.1,979.2,680.2,976.8,713.65,0
808,26901,2267826,974.1,747.2,979.0,680.3,976.55,713.75,0
808,26902,2267827,973.7,747.3,978.8,680.3,976.25,713.8,0
808,26903,2267828,973.3,747.5,977.8,680.2,975.55,713.85,0
808,26904,2267829,972.6,747.6,976.8,680.1,974.7,713.85,0
808,26905,2267830,971.4,747.8,975.3,679.8,973.35,713.8,0
808,26906,2267831,970.2,747.9,973.7,679.4,971.95,713.65,0
808,26907,2267832,968.4,747.9,971.7,679.0,970.05,713.45,0
808,26908,2267833,966.0,748.0,969.1,678.4,967.55,713.2,0
808,26909,2267834,962.6,748.1,966.4,677.8,964.5,712.95,0
808,26910,2267835,958.6,748.3,963.0,677.2,960.8,712.75,0
808,26911,2267836,953.7,748.6,958.9,676.7,956.3,712.65,0
808,26912,2267837,948.6,749.1,953.9,676.3,951.25,712.7,0
808,26913,2267838,943.0,749.9,947.9,676.0,945.45,712.95,0
808,26914,2267839,936.9,750.8,940.5,675.6,938.7,713.2,0
808,26915,2267840,931.3,751.6,933.2,675.6,932.25,713.6,0
808,26916,2267841,926.4,752.4,925.4,675.6,925.9,714.0,0
808,26917,2267842,922.1,753.1,919.1,676.1,920.6,714.6,0
808,26918,2267843,919.1,753.5,913.5,676.7,916.3,715.1,0
808,26919,2267844,916.7,753.4,909.7,677.2,913.2,715.3,0
808,26920,2267845,915.1,753.2,907.1,677.4,911.1,715.3,0
808,26921,2267846,915.3,752.8,906.5,677.6,910.9,715.2,0
808,26922,2267847,916.8,752.0,906.9,677.7,911.85,714.85,0
808,26923,2267848,919.0,750.7,908.9,677.7,913.95,714.2,0
808,26924,2267849,922.0,749.3,911.2,677.0,916.6,713.15,0
808,26925,2267850,925.6,747.8,914.0,676.3,919.8,712.05,0
808,26926,2267851,929.2,746.5,916.7,675.7,922.95,711.1,0
808,26927,2267852,932.7,745.3,919.6,675.4,926.15,710.35,0
808,26928,2267853,935.6,744.0,922.2,675.0,928.9,709.5,0
808,26929,2267854,937.4,743.2,924.3,674.9,930.85,709.05,0
808,26930,2267855,938.7,742.9,925.4,674.7,932.05,708.8,0
808,26931,2267856,939.1,742.8,926.0,674.7,932.55,708.75,0
808,26932,2267857,938.9,743.1,925.9,674.8,932.4,708.95,0
808,26933,2267858,938.2,743.5,925.6,674.9,931.9,709.2,0
809,26934,2267859,937.5,744.0,925.0,675.2,931.25,709.6,0
809,26935,2267860,936.9,744.5,924.4,675.4,930.65,709.95,0
809,26936,2267861,936.3,745.1,923.7,675.7,930.0,710.4,0
809,26937,2267862,935.6,745.5,923.2,676.0,929.4,710.75,0
809,26938,2267863,935.1,745.9,922.6,676.3,928.85,711.1,0
809,26939,2267864,934.8,746.0,922.3,676.7,928.55,711.35,0
809,26940,2267865,934.9,746.1,922.2,677.0,928.55,711.55,0
809,26941,2267866,935.1,746.0,922.4,677.4,928.75,711.7,0
809,26942,2267867,935.3,745.8,922.5,677.7,928.9,711.75,0
809,26943,2267868,935.6,745.6,923.0,678.2,929.3,711.9,0
809,26944,2267869,935.9,745.4,923.5,678.7,929.7,712.05,0
809,26945,2267870,936.3,745.4,924.3,679.3,930.3,712.35,0
809,26946,2267871,936.5,745.5,925.0,679.7,930.75,712.6,0
809,26947,2267872,936.7,745.6,925.8,680.2,931.25,712.9,0
809,26948,2267873,936.9,745.8,926.3,680.7,931.6,713.25,0
809,26949,2267874,937.0,746.4,926.8,681.1,931.9,713.75,0
809,26950,2267875,937.1,747.1,927.3,681.5,932.2,714.3,0
809,26951,2267876,937.1,747.7,927.7,681.8,932.4,714.75,0
809,26952,2267877,937.2,748.4,928.0,682.0,932.6,715.2,0
809,26953,2267878,937.2,748.8,928.5,682.1,932.85,715.45,0
809,26954,2267879,937.3,749.2,928.9,682.2,933.1,715.7,0
809,26955,2267880,937.4,749.6,929.4,682.1,933.4,715.85,0
809,26956,2267881,937.5,749.7,929.9,682.1,933.7,715.9,0
809,26957,2267882,937.7,749.8,930.2,682.0,933.95,715.9,0
809,26958,2267883,938.0,749.8,930.8,682.0,934.4,715.9,0
809,26959,2267884,938.2,749.7,931.4,682.0,934.8,715.85,0
809,26960,2267885,938.4,749.6,931.8,682.1,935.1,715.85,0
809,26961,2267886,938.6,749.6,932.4,682.3,935.5,715.95,0
809,26962,2267887,938.7,749.5,933.0,682.6,935.85,716.05,0
809,26963,2267888,938.8,749.4,933.7,683.1,936.25,716.25,0
809,26964,2267889,938.7,749.3,934.4,683.6,936.55,716.45,0
809,26965,2267890,938.7,749.3,934.9,684.0,936.8,716.65,0
809,26966,2267891,938.7,749.2,935.3,684.3,937.0,716.75,0
810,26967,2267892,938.6,749.3,935.7,684.2,937.15,716.75,0
810,26968,2267893,938.6,749.4,935.9,684.2,937.25,716.8,0
810,26969,2267894,938.4,749.5,936.2,684.0,937.3,716.75,0
810,26970,2267895,938.4,749.6,936.4,683.7,937.4,716.65,0
810,26971,2267896,938.3,749.7,936.6,683.4,937.45,716.55,0
810,26972,2267897,938.2,749.8,936.8,683.1,937.5,716.45,0
810,26973,2267898,938.2,749.9,937.1,682.9,937.65,716.4,0
810,26974,2267899,938.3,750.0,937.5,682.8,937.9,716.4,0
810,26975,2267900,938.3,750.0,937.8,682.7,938.05,716.35,0
810,26976,2267901,938.6,750.0,938.0,682.6,938.3,716.3,0
810,26977,2267902,938.8,750.0,938.1,682.6,938.45,716.3,0
810,26978,2267903,938.9,749.9,938.2,682.5,938.55,716.2,0
810,26979,2267904,939.0,749.8,938.3,682.4,938.65,716.1,0
810,26980,2267905,939.0,749.7,938.0,682.4,938.5,716.05,0
810,26981,2267906,938.9,749.7,937.7,682.4,938.3,716.05,0
810,26982,2267907,938.8,749.6,937.4,682.3,938.1,715.95,0
810,26983,2267908,938.7,749.6,937.1,682.0,937.9,715.8,0
810,26984,2267909,938.7,749.5,936.7,681.6,937.7,715.55,0
810,26985,2267910,938.7,749.5,936.3,681.1,937.5,715.3,0
810,26986,2267911,938.7,749.5,936.0,680.7,937.35,715.1,0
810,26987,2267912,938.7,749.6,935.9,680.5,937.3,715.05,0
810,26988,2267913,938.7,749.6,935.7,680.3,937.2,714.95,0
810,26989,2267914,938.6,749.7,935.4,680.3,937.0,715.0,0
810,26990,2267915,938.5,749.8,935.3,680.7,936.9,715.25,0
810,26991,2267916,938.4,750.0,935.1,681.1,936.75,715.55,0
810,26992,2267917,938.3,750.5,934.9,681.4,936.6,715.95,0
810,26993,2267918,938.4,750.9,934.7,681.8,936.55,716.35,0
810,26994,2267919,938.6,751.3,934.5,681.8,936.55,716.55,0
810,26995,2267920,938.8,751.6,934.3,681.9,936.55,716.75,0
810,26996,2267921,939.0,751.9,934.1,681.9,936.55,716.9,0
810,26997,2267922,939.3,752.2,934.0,681.9,936.65,717.05,0
810,26998,2267923,939.5,752.7,933.9,681.8,936.7,717.25,0
810,26999,2267924,939.7,752.7,933.8,681.7,936.75,717.2,0
810,27000,2267925,939.8,752.8,933.7,681.6,936.75,717.2,0
811,27001,2267926,939.9,752.8,933.6,681.6,936.75,717.2,0
811,27002,2267927,940.0,753.0,933.6,681.6,936.8,717.3,0
811,27003,2267928,940.1,753.0,933.3,681.7,936.7,717.35,0
811,27004,2267929,940.3,753.1,932.9,681.7,936.6,717.4,0
811,27005,2267930,940.4,753.0,932.4,681.8,936.4,717.4,0
811,27006,2267931,940.5,752.9,932.0,681.9,936.25,717.4,0
811,27007,2267932,940.6,752.8,931.6,682.1,936.1,717.45,0
811,27008,2267933,940.7,752.8,931.2,682.3,935.95,717.55,0
811,27009,2267934,940.7,753.2,930.8,682.4,935.75,717.8,0
811,27010,2267935,940.8,753.7,930.6,682.6,935.7,718.15,0
811,27011,2267936,940.8,754.3,930.6,682.8,935.7,718.55,0
811,27012,2267937,940.8,754.9,930.5,682.8,935.65,718.85,0
811,27013,2267938,940.9,755.6,930.4,682.6,935.65,719.1,0
811,27014,2267939,940.9,756.2,930.3,682.3,935.6,719.25,0
811,27015,2267940,940.9,756.8,930.1,682.0,935.5,719.4,0
811,27016,2267941,940.9,757.0,929.9,681.6,935.4,719.3,0
811,27017,2267942,941.0,757.1,929.8,681.3,935.4,719.2,0
811,27018,2267943,941.0,757.0,929.7,681.0,935.35,719.0,0
811,27019,2267944,941.0,756.9,929.6,680.8,935.3,718.85,0
811,27020,2267945,940.9,756.7,929.5,680.8,935.2,718.75,0
811,27021,2267946,940.7,756.6,929.4,681.0,935.05,718.8,0
811,27022,2267947,940.5,756.4,929.4,681.1,934.95,718.75,0
811,27023,2267948,940.3,756.4,929.2,681.2,934.75,718.8,0
811,27024,2267949,940.1,756.4,929.0,681.2,934.55,718.8,0
811,27025,2267950,939.9,756.5,928.8,681.3,934.35,718.9,0
811,27026,2267951,939.7,756.8,928.4,681.3,934.05,719.05,0
811,27027,2267952,939.6,757.0,928.1,681.3,933.85,719.15,0
811,27028,2267953,939.6,757.2,927.8,681.3,933.7,719.25,0
811,27029,2267954,939.7,757.4,927.5,681.1,933.6,719.25,0
811,27030,2267955,939.9,757.5,927.3,681.0,933.6,719.25,0
811,27031,2267956,940.0,758.1,927.1,680.9,933.55,719.5,0
811,27032,2267957,940.0,758.7,926.8,680.8,933.4,719.75,0
811,27033,2267958,940.0,759.3,926.7,680.6,933.35,719.95,0
812,27034,2267959,940.0,760.0,926.6,680.4,933.3,720.2,0
812,27035,2267960,939.9,760.6,926.5,680.2,933.2,720.4,0
812,27036,2267961,939.8,761.2,926.3,680.1,933.05,720.65,0
812,27037,2267962,939.6,761.9,926.1,680.0,932.85,720.95,0
812,27038,2267963,939.5,762.0,925.9,679.8,932.7,720.9,0
812,27039,2267964,939.4,762.1,925.7,679.7,932.55,720.9,0
812,27040,2267965,939.3,761.9,925.7,679.6,932.5,720.75,0
812,27041,2267966,939.1,761.7,925.6,679.5,932.35,720.6,0
812,27042,2267967,938.9,761.5,925.5,679.5,932.2,720.5,0
812,27043,2267968,938.8,761.2,925.5,679.5,932.15,720.35,0
812,27044,2267969,938.8,761.0,925.5,679.4,932.15,720.2,0
812,27045,2267970,938.9,760.8,925.6,679.3,932.25,720.05,0
812,27046,2267971,939.0,760.7,925.6,679.1,932.3,719.9,0
812,27047,2267972,939.2,760.8,925.4,678.9,932.3,719.85,0
812,27048,2267973,939.4,760.9,925.2,678.5,932.3,719.7,0
812,27049,2267974,939.6,761.1,925.0,678.1,932.3,719.6,0
812,27050,2267975,939.8,761.2,924.8,677.7,932.3,719.45,0
812,27051,2267976,940.0,761.4,924.7,677.4,932.35,719.4,0
812,27052,2267977,940.1,761.5,924.5,677.2,932.3,719.35,0
812,27053,2267978,940.2,761.5,924.5,677.0,932.35,719.25,0
812,27054,2267979,940.3,761.6,924.6,676.9,932.45,719.25,0
812,27055,2267980,940.4,762.1,924.7,677.0,932.55,719.55,0
812,27056,2267981,940.5,762.7,924.9,677.2,932.7,719.95,0
812,27057,2267982,940.5,763.3,925.3,677.3,932.9,720.3,0
812,27058,2267983,940.5,763.9,925.6,677.5,933.05,720.7,0
812,27059,2267984,940.5,764.5,926.0,677.6,933.25,721.05,0
812,27060,2267985,940.6,765.1,926.4,677.7,933.5,721.4,0
812,27061,2267986,940.8,765.6,926.8,677.7,933.8,721.65,0
812,27062,2267987,940.9,765.7,927.3,677.7,934.1,721.7,0
812,27063,2267988,941.0,765.7,927.7,677.7,934.35,721.7,0
812,27064,2267989,941.1,765.8,928.2,677.7,934.65,721.75,0
812,27065,2267990,941.2,765.8,929.1,677.7,935.15,721.75,0
812,27066,2267991,941.2,765.9,929.9,677.7,935.55,721.8,0
813,27067,2267992,941.2,766.0,930.7,677.6,935.95,721.8,0
813,27068,2267993,941.2,766.1,931.5,677.5,936.35,721.8,0
813,27069,2267994,941.1,766.2,932.3,677.3,936.7,721.75,0
813,27070,2267995,941.1,766.3,933.0,676.9,937.05,721.6,0
813,27071,2267996,941.3,766.3,933.4,676.6,937.35,721.45,0
813,27072,2267997,941.4,766.1,933.4,676.3,937.4,721.2,0
813,27073,2267998,941.6,765.8,933.5,676.0,937.55,720.9,0
813,27074,2267999,941.8,765.5,933.6,675.8,937.7,720.65,0
813,27075,2268000,942.0,765.2,933.6,675.7,937.8,720.45,0
813,27076,2268001,942.2,764.8,933.6,675.7,937.9,720.25,0
813,27077,2268002,942.4,764.5,933.7,675.9,938.05,720.2,0
813,27078,2268003,942.5,764.2,933.8,676.1,938.15,720.15,0
813,27079,2268004,942.6,764.0,933.9,676.2,938.25,720.1,0
813,27080,2268005,942.7,763.9,934.1,676.4,938.4,720.15,0
813,27081,2268006,942.9,763.8,934.2,676.6,938.55,720.2,0
813,27082,2268007,943.1,763.6,934.3,676.6,938.7,720.1,0
813,27083,2268008,943.3,763.4,934.4,676.6,938.85,720.0,0
813,27084,2268009,943.5,763.2,934.6,676.6,939.05,719.9,0
813,27085,2268010,943.7,762.4,934.6,676.6,939.15,719.5,0
813,27086,2268011,943.9,761.6,934.6,676.6,939.25,719.1,0
813,27087,2268012,944.1,760.8,934.6,676.5,939.35,718.65,0
813,27088,2268013,943.9,760.1,934.6,676.5,939.25,718.3,0
813,27089,2268014,943.8,759.5,934.6,676.5,939.2,718.0,0
813,27090,2268015,943.6,759.0,934.5,676.4,939.05,717.7,0
813,27091,2268016,943.4,758.6,934.5,676.3,938.95,717.45,0
813,27092,2268017,943.1,758.7,934.4,676.1,938.75,717.4,0
813,27093,2268018,942.7,758.9,934.4,675.9,938.55,717.4,0
813,27094,2268019,942.4,759.1,934.4,675.3,938.4,717.2,0
813,27095,2268020,942.2,759.2,934.3,674.8,938.25,717.0,0
813,27096,2268021,942.1,759.0,934.1,674.3,938.1,716.65,0
813,27097,2268022,941.9,758.8,934.0,674.3,937.95,716.55,0
813,27098,2268023,941.8,758.4,934.0,674.5,937.9,716.45,0
813,27099,2268024,941.6,758.0,934.1,674.7,937.85,716.35,0
813,27100,2268025,941.4,757.6,934.1,675.0,937.75,716.3,0
814,27101,2268026,941.3,757.2,934.2,675.8,937.75,716.5,0
814,27102,2268027,941.2,756.9,934.4,676.5,937.8,716.7,0
814,27103,2268028,941.0,756.8,934.6,677.2,937.8,717.0,0
814,27104,2268029,941.0,756.7,934.7,677.4,937.85,717.05,0
814,27105,2268030,940.9,756.7,934.6,677.5,937.75,717.1,0
814,27106,2268031,941.0,756.6,934.6,677.6,937.8,717.1,0
814,27107,2268032,941.0,756.4,934.5,677.7,937.75,717.05,0
814,27108,2268033,941.1,756.1,934.5,677.6,937.8,716.85,0
814,27109,2268034,941.2,755.9,934.4,677.6,937.8,716.75,0
814,27110,2268035,941.3,755.7,934.4,677.9,937.85,716.8,0
814,27111,2268036,941.5,755.5,934.3,678.2,937.9,716.85,0
814,27112,2268037,941.7,755.2,934.3,678.5,938.0,716.85,0
814,27113,2268038,941.9,755.0,934.4,678.7,938.15,716.85,0
814,27114,2268039,942.2,754.7,934.5,678.9,938.35,716.8,0
814,27115,2268040,942.5,754.7,934.6,679.1,938.55,716.9,0
814,27116,2268041,942.7,754.6,934.7,679.2,938.7,716.9,0
814,27117,2268042,942.9,754.5,934.8,679.4,938.85,716.95,0
814,27118,2268043,942.8,754.4,934.8,679.6,938.8,717.0,0
814,27119,2268044,942.7,754.3,934.9,679.8,938.8,717.05,0
814,27120,2268045,942.6,754.3,934.9,680.1,938.75,717.2,0
814,27121,2268046,942.4,754.3,934.7,680.3,938.55,717.3,0
814,27122,2268047,942.2,754.2,934.6,680.5,938.4,717.35,0
814,27123,2268048,942.1,754.1,934.5,680.8,938.3,717.45,0
814,27124,2268049,941.9,754.1,934.3,680.8,938.1,717.45,0
814,27125,2268050,941.9,754.0,934.2,680.8,938.05,717.4,0
814,27126,2268051,941.9,754.0,934.2,680.9,938.05,717.45,0
814,27127,2268052,942.0,754.0,934.1,681.6,938.05,717.8,0
814,27128,2268053,942.1,754.5,934.0,682.4,938.05,718.45,0
814,27129,2268054,942.5,755.1,933.9,683.2,938.2,719.15,0
814,27130,2268055,942.9,755.6,933.9,684.0,938.4,719.8,0
814,27131,2268056,943.2,756.2,933.8,684.8,938.5,720.5,0
814,27132,2268057,943.6,756.7,933.7,685.6,938.65,721.15,0
814,27133,2268058,944.1,757.2,933.6,686.3,938.85,721.75,0
815,27134,2268059,944.4,757.7,933.6,686.5,939.0,722.1,0
815,27135,2268060,944.7,757.6,933.5,686.8,939.1,722.2,0
815,27136,2268061,944.7,757.6,933.3,687.3,939.0,722.45,0
815,27137,2268062,944.6,757.6,933.2,687.7,938.9,722.65,0
815,27138,2268063,944.5,757.5,933.0,688.1,938.75,722.8,0
815,27139,2268064,944.5,757.4,932.9,688.5,938.7,722.95,0
815,27140,2268065,944.4,757.3,932.7,689.0,938.55,723.15,0
815,27141,2268066,944.3,757.3,932.4,689.3,938.35,723.3,0
815,27142,2268067,944.2,757.2,932.3,689.5,938.25,723.35,0
815,27143,2268068,944.1,757.2,932.2,689.5,938.15,723.35,0
815,27144,2268069,944.0,757.2,932.2,689.4,938.1,723.3,0
815,27145,2268070,943.9,757.5,932.1,689.3,938.0,723.4,0
815,27146,2268071,943.8,757.8,932.1,689.1,937.95,723.45,0
815,27147,2268072,943.6,758.1,932.0,688.9,937.8,723.5,0
815,27148,2268073,943.4,758.4,931.9,688.7,937.65,723.55,0
815,27149,2268074,943.1,758.8,931.7,688.5,937.4,723.65,0
815,27150,2268075,942.7,759.2,931.4,688.3,937.05,723.75,0
815,27151,2268076,942.4,759.6,931.1,688.2,936.75,723.9,0
815,27152,2268077,942.1,759.8,930.8,688.2,936.45,724.0,0
815,27153,2268078,941.8,760.0,930.6,688.3,936.2,724.15,0
815,27154,2268079,941.6,760.3,930.6,688.4,936.1,724.35,0
815,27155,2268080,941.4,760.5,930.5,688.5,935.95,724.5,0
815,27156,2268081,941.4,760.6,930.6,688.7,936.0,724.65,0
815,27157,2268082,941.5,760.8,930.7,689.0,936.1,724.9,0
815,27158,2268083,941.6,761.1,930.9,689.4,936.25,725.25,0
815,27159,2268084,941.6,761.7,931.1,689.7,936.35,725.7,0
815,27160,2268085,941.7,762.3,931.4,689.6,936.55,725.95,0
815,27161,2268086,941.7,763.0,931.7,689.4,936.7,726.2,0
815,27162,2268087,941.7,763.6,931.9,689.1,936.8,726.35,0
815,27163,2268088,941.7,764.2,932.0,688.9,936.85,726.55,0
815,27164,2268089,941.6,764.8,931.9,688.6,936.75,726.7,0
815,27165,2268090,941.7,765.3,931.8,688.3,936.75,726.8,0
815,27166,2268091,941.8,765.0,931.6,688.0,936.7,726.5,0
816,27167,2268092,942.0,764.8,931.4,688.4,936.7,726.6,0
816,27168,2268093,942.2,764.5,931.1,689.2,936.65,726.85,0
816,27169,2268094,942.7,763.9,930.6,690.0,936.65,726.95,0
816,27170,2268095,943.1,763.4,930.2,690.7,936.65,727.05,0
816,27171,2268096,943.6,762.9,930.0,691.4,936.8,727.15,0
816,27172,2268097,943.9,762.3,929.7,692.1,936.8,727.2,0
816,27173,2268098,944.1,762.0,929.3,692.6,936.7,727.3,0
816,27174,2268099,944.1,761.8,929.0,693.0,936.55,727.4,0
816,27175,2268100,944.1,761.5,928.7,692.9,936.4,727.2,0
816,27176,2268101,943.9,761.5,928.6,692.7,936.25,727.1,0
816,27177,2268102,943.7,761.5,928.5,692.7,936.1,727.1,0
816,27178,2268103,943.4,761.4,928.4,692.7,935.9,727.05,0
816,27179,2268104,943.1,761.2,928.5,692.7,935.8,726.95,0
816,27180,2268105,942.9,760.9,928.7,692.8,935.8,726.85,0
816,27181,2268106,942.5,760.7,929.2,692.9,935.85,726.8,0
816,27182,2268107,942.2,760.4,929.7,693.0,935.95,726.7,0
816,27183,2268108,942.0,760.0,930.3,693.0,936.15,726.5,0
816,27184,2268109,941.6,759.8,931.0,693.0,936.3,726.4,0
816,27185,2268110,941.2,759.7,931.6,692.8,936.4,726.25,0
816,27186,2268111,940.9,759.8,932.2,692.5,936.55,726.15,0
816,27187,2268112,940.6,759.9,932.7,692.1,936.65,726.0,0
816,27188,2268113,940.5,760.0,932.9,691.5,936.7,725.75,0
816,27189,2268114,940.4,759.9,933.0,691.1,936.7,725.5,0
816,27190,2268115,940.2,759.8,933.1,690.7,936.65,725.25,0
816,27191,2268116,940.3,759.8,933.0,690.4,936.65,725.1,0
816,27192,2268117,940.3,759.7,932.8,690.0,936.55,724.85,0
816,27193,2268118,940.2,759.5,932.6,689.8,936.4,724.65,0
816,27194,2268119,940.1,759.2,932.2,689.5,936.15,724.35,0
816,27195,2268120,940.0,758.9,931.8,689.2,935.9,724.05,0
816,27196,2268121,939.8,758.7,931.4,688.8,935.6,723.75,0
816,27197,2268122,939.9,758.4,931.0,688.4,935.45,723.4,0
816,27198,2268123,940.1,758.2,930.5,688.0,935.3,723.1,0
816,27199,2268124,940.3,758.0,930.2,687.7,935.25,722.85,0
816,27200,2268125,940.9,757.8,929.8,687.6,935.35,722.7,0
817,27201,2268126,941.4,757.7,929.6,687.7,935.5,722.7,0
817,27202,2268127,941.9,757.6,929.2,687.8,935.55,722.7,0
817,27203,2268128,942.4,757.5,928.8,688.0,935.6,722.75,0
817,27204,2268129,942.6,757.4,928.5,688.2,935.55,722.8,0
817,27205,2268130,942.7,757.4,928.2,688.6,935.45,723.0,0
817,27206,2268131,942.6,757.5,927.9,688.9,935.25,723.2,0
817,27207,2268132,942.3,757.6,927.6,689.2,934.95,723.4,0
817,27208,2268133,941.9,757.8,927.3,689.5,934.6,723.65,0
817,27209,2268134,941.2,758.0,927.0,689.9,934.1,723.95,0
817,27210,2268135,940.6,758.2,926.7,690.3,933.65,724.25,0
817,27211,2268136,940.0,758.2,926.4,690.6,933.2,724.4,0
817,27212,2268137,939.2,758.2,926.3,690.7,932.75,724.45,0
817,27213,2268138,938.6,758.0,926.3,690.7,932.45,724.35,0
817,27214,2268139,938.0,757.7,926.3,690.7,932.15,724.2,0
817,27215,2268140,937.6,757.4,926.6,690.7,932.1,724.05,0
817,27216,2268141,937.4,757.2,927.2,690.7,932.3,723.95,0
817,27217,2268142,937.4,756.9,927.9,690.7,932.65,723.8,0
817,27218,2268143,937.4,756.7,928.6,690.6,933.0,723.65,0
817,27219,2268144,937.6,756.6,929.2,690.7,933.4,723.65,0
817,27220,2268145,937.9,756.6,929.8,690.7,933.85,723.65,0
817,27221,2268146,938.3,756.5,930.3,690.7,934.3,723.6,0
817,27222,2268147,938.6,756.5,930.6,690.7,934.6,723.6,0
817,27223,2268148,939.1,756.3,930.8,690.7,934.95,723.5,0
817,27224,2268149,939.4,756.1,930.8,690.6,935.1,723.35,0
817,27225,2268150,939.7,755.9,930.6,690.4,935.15,723.15,0
817,27226,2268151,939.9,755.7,930.3,689.9,935.1,722.8,0
817,27227,2268152,940.0,755.6,929.8,689.3,934.9,722.45,0
817,27228,2268153,940.2,755.5,928.9,688.8,934.55,722.15,0
817,27229,2268154,940.3,755.4,928.0,688.1,934.15,721.75,0
817,27230,2268155,940.1,755.4,926.9,687.3,933.5,721.35,0
817,27231,2268156,940.1,755.4,926.0,686.6,933.05,721.0,0
817,27232,2268157,940.0,755.5,925.2,686.2,932.6,720.85,0
817,27233,2268158,939.8,755.9,924.4,686.0,932.1,720.95,0
818,27234,2268159,939.6,756.4,923.8,686.1,931.7,721.25,0
818,27235,2268160,939.4,756.8,923.4,686.6,931.4,721.7,0
818,27236,2268161,939.2,756.9,923.1,687.3,931.15,722.1,0
818,27237,2268162,939.0,756.9,922.9,688.4,930.95,722.65,0
818,27238,2268163,938.8,756.9,922.6,689.5,930.7,723.2,0
818,27239,2268164,938.7,756.9,922.4,690.5,930.55,723.7,0
818,27240,2268165,938.8,756.5,922.3,691.5,930.55,724.0,0
818,27241,2268166,938.8,756.0,922.4,692.1,930.6,724.05,0
818,27242,2268167,938.9,755.6,922.5,692.5,930.7,724.05,0
818,27243,2268168,939.0,755.6,922.6,692.5,930.8,724.05,0
818,27244,2268169,939.1,755.5,923.1,692.5,931.1,724.0,0
818,27245,2268170,939.1,755.5,923.7,692.4,931.4,723.95,0
818,27246,2268171,939.1,755.5,924.4,692.3,931.75,723.9,0
818,27247,2268172,939.2,755.5,925.1,692.3,932.15,723.9,0
818,27248,2268173,939.2,755.5,925.8,692.4,932.5,723.95,0
818,27249,2268174,939.4,755.5,926.4,692.4,932.9,723.95,0
818,27250,2268175,939.6,755.5,927.1,692.5,933.35,724.0,0
818,27251,2268176,939.8,755.6,927.4,692.3,933.6,723.95,0
818,27252,2268177,940.0,755.7,927.5,692.0,933.75,723.85,0
818,27253,2268178,940.1,755.8,927.7,691.5,933.9,723.65,0
818,27254,2268179,940.2,756.0,927.6,691.0,933.9,723.5,0
818,27255,2268180,940.0,756.5,927.5,690.4,933.75,723.45,0
818,27256,2268181,939.7,756.9,927.2,689.9,933.45,723.4,0
818,27257,2268182,939.5,757.3,926.8,689.3,933.15,723.3,0
818,27258,2268183,939.2,757.2,926.4,689.1,932.8,723.15,0
818,27259,2268184,938.8,757.1,926.1,688.8,932.45,722.95,0
818,27260,2268185,938.6,757.0,925.8,688.9,932.2,722.95,0
818,27261,2268186,938.4,756.9,925.4,689.1,931.9,723.0,0
818,27262,2268187,938.5,756.5,925.1,689.4,931.8,722.95,0
818,27263,2268188,938.6,756.1,924.9,689.8,931.75,722.95,0
818,27264,2268189,938.7,755.9,924.7,690.2,931.7,723.05,0
818,27265,2268190,938.8,756.0,924.5,690.6,931.65,723.3,0
818,27266,2268191,938.9,756.2,924.3,690.9,931.6,723.55,0
819,27267,2268192,938.9,756.3,924.2,691.3,931.55,723.8,0
819,27268,2268193,938.9,756.4,924.0,691.5,931.45,723.95,0
819,27269,2268194,938.8,756.5,923.8,691.7,931.3,724.1,0
819,27270,2268195,938.8,756.6,923.8,691.8,931.3,724.2,0
819,27271,2268196,939.1,756.4,923.7,691.9,931.4,724.15,0
819,27272,2268197,939.4,756.3,923.8,691.9,931.6,724.1,0
819,27273,2268198,939.7,756.1,924.0,691.9,931.85,724.0,0
819,27274,2268199,940.2,755.9,924.2,691.9,932.2,723.9,0
819,27275,2268200,940.6,756.0,924.6,691.9,932.6,723.95,0
819,27276,2268201,941.0,756.0,925.1,691.8,933.05,723.9,0
819,27277,2268202,941.3,756.1,925.6,691.7,933.45,723.9,0
819,27278,2268203,941.0,756.3,926.0,691.6,933.5,723.95,0
819,27279,2268204,940.5,756.5,926.4,691.5,933.45,724.0,0
819,27280,2268205,939.9,756.7,926.6,691.4,933.25,724.05,0
819,27281,2268206,939.3,756.9,926.8,691.1,933.05,724.0,0
819,27282,2268207,938.7,757.0,926.8,690.4,932.75,723.7,0
819,27283,2268208,938.1,756.9,926.6,689.7,932.35,723.3,0
819,27284,2268209,937.6,756.8,926.4,689.0,932.0,722.9,0
819,27285,2268210,937.5,756.5,926.0,688.2,931.75,722.35,0
819,27286,2268211,937.6,756.1,925.7,687.5,931.65,721.8,0
819,27287,2268212,937.7,755.7,925.3,686.9,931.5,721.3,0
819,27288,2268213,937.8,755.3,925.0,686.6,931.4,720.95,0
819,27289,2268214,938.1,754.8,924.7,686.8,931.4,720.8,0
819,27290,2268215,938.4,754.3,924.5,686.9,931.45,720.6,0
819,27291,2268216,938.6,753.7,924.0,686.9,931.3,720.3,0
819,27292,2268217,938.8,753.4,923.6,686.9,931.2,720.15,0
819,27293,2268218,939.0,753.1,923.3,686.9,931.15,720.0,0
819,27294,2268219,939.2,752.8,923.1,686.8,931.15,719.8,0
819,27295,2268220,939.5,752.6,922.9,686.6,931.2,719.6,0
819,27296,2268221,939.8,752.5,922.9,686.4,931.35,719.45,0
819,27297,2268222,940.1,752.7,922.9,686.2,931.5,719.45,0
819,27298,2268223,940.3,753.0,923.2,686.2,931.75,719.6,0
819,27299,2268224,940.6,753.4,923.6,686.2,932.1,719.8,0
819,27300,2268225,940.7,753.9,923.9,686.2,932.3,720.05,0
820,27301,2268226,940.9,754.3,924.2,686.2,932.55,720.25,0
820,27302,2268227,941.0,754.7,924.4,686.2,932.7,720.45,0
820,27303,2268228,941.0,755.1,924.6,686.1,932.8,720.6,0
820,27304,2268229,940.8,755.4,924.8,686.1,932.8,720.75,0
820,27305,2268230,940.5,755.6,925.0,685.9,932.75,720.75,0
820,27306,2268231,940.2,755.6,925.1,685.8,932.65,720.7,0
820,27307,2268232,939.8,755.2,925.2,685.6,932.5,720.4,0
820,27308,2268233,939.5,754.9,925.3,685.5,932.4,720.2,0
820,27309,2268234,939.1,754.5,925.2,685.3,932.15,719.9,0
820,27310,2268235,938.7,754.2,925.0,685.1,931.85,719.65,0
820,27311,2268236,938.5,753.8,924.8,684.9,931.65,719.35,0
820,27312,2268237,938.4,753.3,924.3,684.8,931.35,719.05,0
820,27313,2268238,938.4,753.0,923.5,684.6,930.95,718.8,0
820,27314,2268239,938.5,753.0,922.8,684.6,930.65,718.8,0
820,27315,2268240,938.6,753.0,922.2,684.7,930.4,718.85,0
820,27316,2268241,938.7,753.0,921.7,684.9,930.2,718.95,0
820,27317,2268242,938.8,753.0,921.3,685.2,930.05,719.1,0
820,27318,2268243,939.0,752.9,920.7,686.1,929.85,719.5,0
820,27319,2268244,939.0,752.9,920.4,687.0,929.7,719.95,0
820,27320,2268245,939.0,752.9,920.4,687.9,929.7,720.4,0
820,27321,2268246,938.9,752.9,920.4,688.7,929.65,720.8,0
820,27322,2268247,938.9,752.9,920.5,689.4,929.7,721.15,0
820,27323,2268248,938.9,753.2,920.7,690.0,929.8,721.6,0
820,27324,2268249,938.8,754.0,921.0,689.9,929.9,721.95,0
820,27325,2268250,938.6,754.8,921.2,689.3,929.9,722.05,0
820,27326,2268251,938.4,755.6,921.4,688.7,929.9,722.15,0
820,27327,2268252,938.3,756.4,921.7,688.0,930.0,722.2,0
820,27328,2268253,938.2,757.2,921.9,687.4,930.05,722.3,0
820,27329,2268254,938.1,758.0,922.1,686.9,930.1,722.45,0
820,27330,2268255,938.2,758.4,922.0,686.4,930.1,722.4,0
820,27331,2268256,938.5,758.4,922.0,686.6,930.25,722.5,0
820,27332,2268257,938.9,758.5,921.6,687.0,930.25,722.75,0
820,27333,2268258,939.3,758.7,921.3,687.4,930.3,723.05,0
821,27334,2268259,939.6,759.1,920.8,687.7,930.2,723.4,0
821,27335,2268260,939.9,759.5,920.3,688.0,930.1,723.75,0
821,27336,2268261,940.2,760.0,919.7,688.3,929.95,724.15,0
821,27337,2268262,940.4,760.5,919.3,688.6,929.85,724.55,0
821,27338,2268263,940.4,761.2,919.2,688.9,929.8,725.05,0
821,27339,2268264,940.3,761.8,919.5,688.9,929.9,725.35,0
821,27340,2268265,940.1,762.3,919.8,689.0,929.95,725.65,0
821,27341,2268266,939.9,762.4,920.2,689.0,930.05,725.7,0
821,27342,2268267,939.4,762.6,920.5,689.0,929.95,725.8,0
821,27343,2268268,938.9,762.8,920.8,689.0,929.85,725.9,0
821,27344,2268269,938.4,763.0,921.1,688.9,929.75,725.95,0
821,27345,2268270,938.1,763.0,921.1,688.8,929.6,725.9,0
821,27346,2268271,938.0,763.1,921.1,688.8,929.55,725.95,0
821,27347,2268272,937.8,763.2,921.1,688.6,929.45,725.9,0
821,27348,2268273,937.8,763.4,921.0,688.5,929.4,725.95,0
821,27349,2268274,938.0,763.9,920.9,688.4,929.45,726.15,0
821,27350,2268275,938.1,764.3,920.7,688.2,929.4,726.25,0
821,27351,2268276,938.3,764.6,920.4,688.0,929.35,726.3,0
821,27352,2268277,938.3,765.0,920.1,687.7,929.2,726.35,0
821,27353,2268278,938.4,765.3,919.7,687.4,929.05,726.35,0
821,27354,2268279,938.4,765.5,919.3,687.2,928.85,726.35,0
821,27355,2268280,938.6,765.8,918.9,687.2,928.75,726.5,0
821,27356,2268281,938.8,765.8,918.6,687.5,928.7,726.65,0
821,27357,2268282,939.0,765.8,918.4,687.8,928.7,726.8,0
821,27358,2268283,938.9,766.2,918.3,688.2,928.6,727.2,0
821,27359,2268284,938.9,766.5,918.5,688.8,928.7,727.65,0
821,27360,2268285,938.8,766.9,918.8,689.4,928.8,728.15,0
821,27361,2268286,938.8,767.3,919.1,689.9,928.95,728.6,0
821,27362,2268287,938.6,767.8,919.4,690.3,929.0,729.05,0
821,27363,2268288,938.4,768.3,919.8,689.9,929.1,729.1,0
821,27364,2268289,938.2,768.6,920.1,689.6,929.15,729.1,0
821,27365,2268290,938.2,768.5,920.3,689.2,929.25,728.85,0
821,27366,2268291,938.3,768.1,920.4,688.8,929.35,728.45,0
822,27367,2268292,938.3,767.6,920.4,688.4,929.35,728.0,0
822,27368,2268293,938.3,767.2,920.5,688.0,929.4,727.6,0
822,27369,2268294,938.2,766.5,920.5,687.7,929.35,727.1,0
822,27370,2268295,938.1,765.8,920.4,687.7,929.25,726.75,0
822,27371,2268296,938.0,765.2,920.4,687.7,929.2,726.45,0
822,27372,2268297,937.9,764.8,920.3,687.7,929.1,726.25,0
822,27373,2268298,937.8,764.7,920.3,687.8,929.05,726.25,0
822,27374,2268299,937.7,764.6,920.2,687.7,928.95,726.15,0
822,27375,2268300,937.7,764.8,920.1,687.7,928.9,726.25,0
822,27376,2268301,937.7,765.2,919.7,687.6,928.7,726.4,0
822,27377,2268302,937.7,765.6,919.5,687.4,928.6,726.5,0
822,27378,2268303,937.9,765.8,919.2,687.2,928.55,726.5,0
822,27379,2268304,938.0,766.0,918.9,686.8,928.45,726.4,0
822,27380,2268305,938.1,766.2,918.7,686.4,928.4,726.3,0
822,27381,2268306,938.4,766.0,918.6,685.8,928.5,725.9,0
822,27382,2268307,938.6,765.5,919.0,685.2,928.8,725.35,0
822,27383,2268308,938.9,765.0,919.6,684.6,929.25,724.8,0
822,27384,2268309,939.2,764.4,920.1,684.0,929.65,724.2,0
822,27385,2268310,939.4,763.9,920.7,683.5,930.05,723.7,0
822,27386,2268311,939.2,763.5,921.2,683.1,930.2,723.3,0
822,27387,2268312,939.0,763.1,921.5,682.9,930.25,723.0,0
822,27388,2268313,938.8,763.2,921.6,683.1,930.2,723.15,0
822,27389,2268314,938.5,763.5,921.4,683.2,929.95,723.35,0
822,27390,2268315,938.1,763.9,921.0,683.4,929.55,723.65,0
822,27391,2268316,937.7,764.2,920.1,683.5,928.9,723.85,0
822,27392,2268317,937.4,764.5,919.3,683.5,928.35,724.0,0
822,27393,2268318,937.5,764.5,918.5,683.5,928.0,724.0,0
822,27394,2268319,937.7,764.6,918.0,683.0,927.85,723.8,0
822,27395,2268320,938.1,764.5,917.6,682.3,927.85,723.4,0
822,27396,2268321,938.5,764.1,917.5,681.6,928.0,722.85,0
822,27397,2268322,939.0,763.8,917.6,681.0,928.3,722.4,0
822,27398,2268323,939.6,763.5,918.1,680.6,928.85,722.05,0
822,27399,2268324,940.1,763.3,918.6,680.2,929.35,721.75,0
822,27400,2268325,940.5,763.2,919.1,679.8,929.8,721.5,0
823,27401,2268326,940.5,762.8,919.6,679.4,930.05,721.1,0
823,27402,2268327,940.3,762.4,919.9,678.8,930.1,720.6,0
823,27403,2268328,939.9,762.1,920.0,678.2,929.95,720.15,0
823,27404,2268329,939.4,761.7,920.1,677.5,929.75,719.6,0
823,27405,2268330,938.9,761.6,920.1,676.9,929.5,719.25,0
823,27406,2268331,938.5,761.4,919.9,676.3,929.2,718.85,0
823,27407,2268332,938.3,761.2,919.6,675.7,928.95,718.45,0
823,27408,2268333,938.2,761.4,919.4,675.6,928.8,718.5,0
823,27409,2268334,938.7,761.5,919.1,675.8,928.9,718.65,0
823,27410,2268335,939.3,761.6,918.9,676.0,929.1,718.8,0
823,27411,2268336,940.0,761.6,918.8,676.3,929.4,718.95,0
823,27412,2268337,940.6,761.5,918.7,676.7,929.65,719.1,0
823,27413,2268338,941.1,761.4,918.9,677.2,930.0,719.3,0
823,27414,2268339,941.4,761.3,919.0,677.7,930.2,719.5,0
823,27415,2268340,941.7,761.1,919.2,678.1,930.45,719.6,0
823,27416,2268341,941.6,760.9,919.3,678.4,930.45,719.65,0
823,27417,2268342,941.3,760.8,919.4,678.5,930.35,719.65,0
823,27418,2268343,940.8,760.7,919.5,678.3,930.15,719.5,0
823,27419,2268344,940.3,760.6,919.6,678.0,929.95,719.3,0
823,27420,2268345,939.9,760.5,919.6,677.5,929.75,719.0,0
823,27421,2268346,939.6,760.3,919.6,676.9,929.6,718.6,0
823,27422,2268347,939.5,760.2,919.4,676.2,929.45,718.2,0
823,27423,2268348,939.5,760.0,919.1,675.6,929.3,717.8,0
823,27424,2268349,939.8,759.8,918.9,675.0,929.35,717.4,0
823,27425,2268350,940.1,759.6,918.7,674.8,929.4,717.2,0
823,27426,2268351,940.5,759.2,918.4,674.5,929.45,716.85,0
823,27427,2268352,940.8,758.9,918.3,674.3,929.55,716.6,0
823,27428,2268353,941.0,758.5,918.2,674.2,929.6,716.35,0
823,27429,2268354,940.8,758.2,918.2,674.1,929.5,716.15,0
823,27430,2268355,940.4,757.9,918.2,674.1,929.3,716.0,0
823,27431,2268356,940.1,757.5,918.2,674.0,929.15,715.75,0
823,27432,2268357,939.7,757.1,918.1,674.0,928.9,715.55,0
823,27433,2268358,939.4,756.9,918.1,674.0,928.75,715.45,0
824,27434,2268359,939.0,756.7,918.1,673.9,928.55,715.3,0
824,27435,2268360,938.6,756.4,918.1,673.8,928.35,715.1,0
824,27436,2268361,938.7,756.1,918.1,673.7,928.4,714.9,0
824,27437,2268362,939.1,755.8,918.3,673.5,928.7,714.65,0
824,27438,2268363,939.4,755.6,918.5,673.3,928.95,714.45,0
824,27439,2268364,939.8,755.5,918.7,673.1,929.25,714.3,0
824,27440,2268365,940.2,755.4,919.0,673.0,929.6,714.2,0
824,27441,2268366,940.5,755.3,919.2,672.9,929.85,714.1,0
824,27442,2268367,940.6,755.2,919.5,673.0,930.05,714.1,0
824,27443,2268368,940.5,754.9,919.8,673.3,930.15,714.1,0
824,27444,2268369,940.2,754.7,920.1,673.7,930.15,714.2,0
824,27445,2268370,939.9,754.5,920.3,674.0,930.1,714.25,0
824,27446,2268371,939.5,754.3,919.9,674.3,929.7,714.3,0
824,27447,2268372,939.1,754.0,919.5,674.6,929.3,714.3,0
824,27448,2268373,938.7,753.6,919.0,674.9,928.85,714.25,0
824,27449,2268374,938.5,753.1,918.4,675.0,928.45,714.05,0
824,27450,2268375,938.4,752.9,917.9,675.0,928.15,713.95,0
824,27451,2268376,938.5,752.7,917.4,674.9,927.95,713.8,0
824,27452,2268377,938.8,752.5,916.9,674.9,927.85,713.7,0
824,27453,2268378,939.0,752.4,916.9,674.8,927.95,713.6,0
824,27454,2268379,939.2,752.2,917.1,674.6,928.15,713.4,0
824,27455,2268380,939.5,752.0,917.4,674.4,928.45,713.2,0
824,27456,2268381,939.8,751.7,917.9,674.2,928.85,712.95,0
824,27457,2268382,939.9,751.5,918.6,674.0,929.25,712.75,0
824,27458,2268383,939.7,751.2,919.3,673.9,929.5,712.55,0
824,27459,2268384,939.4,750.9,919.9,673.9,929.65,712.4,0
824,27460,2268385,939.1,750.6,920.5,674.3,929.8,712.45,0
824,27461,2268386,938.7,750.4,920.7,674.7,929.7,712.55,0
824,27462,2268387,938.3,750.5,920.4,675.0,929.35,712.75,0
824,27463,2268388,938.0,750.5,919.5,675.2,928.75,712.85,0
824,27464,2268389,937.9,750.6,918.5,675.3,928.2,712.95,0
824,27465,2268390,937.8,750.7,917.5,675.5,927.65,713.1,0
824,27466,2268391,937.8,750.9,916.7,675.2,927.25,713.05,0
825,27467,2268392,937.8,751.1,916.4,674.6,927.1,712.85,0
825,27468,2268393,937.9,751.4,916.5,673.9,927.2,712.65,0
825,27469,2268394,938.0,751.6,916.9,673.4,927.45,712.5,0
825,27470,2268395,938.1,751.8,917.7,673.0,927.9,712.4,0
825,27471,2268396,938.2,752.0,918.5,672.6,928.35,712.3,0
825,27472,2268397,938.3,752.1,919.4,672.3,928.85,712.2,0
825,27473,2268398,938.5,752.0,920.0,672.2,929.25,712.1,0
825,27474,2268399,938.7,751.9,920.1,672.5,929.4,712.2,0
825,27475,2268400,938.9,751.8,920.2,673.2,929.55,712.5,0
825,27476,2268401,939.0,752.8,920.2,674.2,929.6,713.5,0
825,27477,2268402,938.9,753.7,919.8,675.3,929.35,714.5,0
825,27478,2268403,938.1,754.6,919.3,676.4,928.7,715.5,0
825,27479,2268404,937.3,756.4,918.7,677.7,928.0,717.05,0
825,27480,2268405,935.6,758.5,917.4,679.1,926.5,718.8,0
825,27481,2268406,933.3,761.8,915.7,680.5,924.5,721.15,0
825,27482,2268407,930.4,766.0,913.2,682.3,921.8,724.15,0
825,27483,2268408,927.1,770.2,910.0,683.8,918.55,727.0,0
825,27484,2268409,923.9,775.1,906.6,686.9,915.25,731.0,0
825,27485,2268410,921.3,780.3,902.4,690.4,911.85,735.35,0
825,27486,2268411,918.3,785.5,898.1,695.2,908.2,740.35,0
825,27487,2268412,916.1,791.1,894.5,699.8,905.3,745.45,0
825,27488,2268413,914.5,796.2,891.3,705.3,902.9,750.75,0
825,27489,2268414,914.2,800.8,889.1,710.1,901.65,755.45,0
825,27490,2268415,914.7,804.7,887.8,715.0,901.25,759.85,0
825,27491,2268416,915.4,808.0,887.3,718.4,901.35,763.2,0
825,27492,2268417,916.5,811.2,888.1,722.0,902.3,766.6,0
825,27493,2268418,918.2,813.5,889.2,724.0,903.7,768.75,0
825,27494,2268419,920.0,814.9,890.9,725.9,905.45,770.4,0
825,27495,2268420,922.0,815.6,892.7,726.8,907.35,771.2,0
825,27496,2268421,923.3,815.3,894.3,727.5,908.8,771.4,0
825,27497,2268422,924.4,814.8,895.8,728.2,910.1,771.5,0
825,27498,2268423,925.5,813.7,897.1,727.9,911.3,770.8,0
825,27499,2268424,926.3,812.4,897.9,727.0,912.1,769.7,0
825,27500,2268425,927.0,810.9,898.7,726.0,912.85,768.45,0
826,27501,2268426,927.5,809.4,898.7,724.9,913.1,767.15,0
826,27502,2268427,927.1,808.0,898.8,723.9,912.95,765.95,0
826,27503,2268428,926.6,807.1,898.6,722.9,912.6,765.0,0
826,27504,2268429,926.1,806.3,898.4,722.0,912.25,764.15,0
826,27505,2268430,925.4,805.5,898.1,721.8,911.75,763.65,0
826,27506,2268431,924.7,804.9,897.9,721.7,911.3,763.3,0
826,27507,2268432,924.1,804.4,897.7,721.4,910.9,762.9,0
826,27508,2268433,923.7,803.9,897.6,721.2,910.65,762.55,0
826,27509,2268434,924.2,803.5,897.5,720.9,910.85,762.2,0
826,27510,2268435,924.6,803.1,897.6,720.6,911.1,761.85,0
826,27511,2268436,925.1,802.3,897.8,720.3,911.45,761.3,0
826,27512,2268437,925.4,801.6,897.9,720.0,911.65,760.8,0
826,27513,2268438,925.6,800.6,898.0,719.9,911.8,760.25,0
826,27514,2268439,925.7,799.7,898.2,720.1,911.95,759.9,0
826,27515,2268440,925.6,798.4,898.4,720.3,912.0,759.35,0
826,27516,2268441,925.5,797.2,898.6,720.7,912.05,758.95,0
826,27517,2268442,925.4,795.9,898.2,721.0,911.8,758.45,0
826,27518,2268443,925.2,795.1,897.7,721.3,911.45,758.2,0
826,27519,2268444,925.2,794.3,897.2,721.6,911.2,757.95,0
826,27520,2268445,925.2,793.8,896.7,721.8,910.95,757.8,0
826,27521,2268446,925.3,793.3,896.2,722.0,910.75,757.65,0
826,27522,2268447,925.3,793.2,895.7,722.4,910.5,757.8,0
826,27523,2268448,925.4,793.1,895.3,722.8,910.35,757.95,0
826,27524,2268449,925.6,792.9,895.5,723.2,910.55,758.05,0
826,27525,2268450,925.8,792.2,895.6,723.5,910.7,757.85,0
826,27526,2268451,926.1,791.4,895.8,723.8,910.95,757.6,0
826,27527,2268452,926.5,790.7,895.9,724.0,911.2,757.35,0
826,27528,2268453,926.8,790.0,896.0,724.2,911.4,757.1,0
826,27529,2268454,927.1,789.3,896.1,724.2,911.6,756.75,0
826,27530,2268455,927.3,788.6,896.2,724.3,911.75,756.45,0
826,27531,2268456,927.2,788.1,896.3,724.6,911.75,756.35,0
826,27532,2268457,926.8,788.0,896.4,725.0,911.6,756.5,0
826,27533,2268458,926.5,788.0,896.5,725.3,911.5,756.65,0
827,27534,2268459,926.1,787.9,896.6,725.5,911.35,756.7,0
827,27535,2268460,925.8,787.9,896.7,725.7,911.25,756.8,0
827,27536,2268461,925.4,787.8,896.8,725.7,911.1,756.75,0
827,27537,2268462,925.0,787.6,897.1,725.6,911.05,756.6,0
827,27538,2268463,924.9,787.3,897.3,725.3,911.1,756.3,0
827,27539,2268464,924.9,786.9,897.6,724.8,911.25,755.85,0
827,27540,2268465,924.9,786.6,897.8,724.4,911.35,755.5,0
827,27541,2268466,925.5,786.3,897.9,724.1,911.7,755.2,0
827,27542,2268467,926.0,786.0,898.0,723.9,912.0,754.95,0
827,27543,2268468,926.5,785.8,898.0,723.9,912.25,754.85,0
827,27544,2268469,926.8,785.6,897.9,724.1,912.35,754.85,0
827,27545,2268470,927.0,785.7,897.8,724.3,912.4,755.0,0
827,27546,2268471,927.1,785.7,897.6,724.9,912.35,755.3,0
827,27547,2268472,927.2,785.6,897.4,725.6,912.3,755.6,0
827,27548,2268473,926.7,785.6,897.3,726.2,912.0,755.9,0
827,27549,2268474,926.4,785.6,897.2,726.7,911.8,756.15,0
827,27550,2268475,926.1,785.5,897.1,727.0,911.6,756.25,0
827,27551,2268476,926.0,785.5,897.1,727.1,911.55,756.3,0
827,27552,2268477,926.1,785.4,897.0,727.3,911.55,756.35,0
827,27553,2268478,926.1,785.5,897.0,727.0,911.55,756.25,0
827,27554,2268479,926.3,785.6,897.1,726.8,911.7,756.2,0
827,27555,2268480,926.4,785.7,897.3,726.7,911.85,756.2,0
827,27556,2268481,926.6,785.9,897.6,726.7,912.1,756.3,0
827,27557,2268482,926.7,786.3,898.0,726.7,912.35,756.5,0
827,27558,2268483,926.8,786.6,898.3,726.9,912.55,756.75,0
827,27559,2268484,926.9,787.2,898.6,727.5,912.75,757.35,0
827,27560,2268485,926.9,788.0,898.8,727.9,912.85,757.95,0
827,27561,2268486,926.9,788.7,898.9,728.3,912.9,758.5,0
827,27562,2268487,926.9,789.5,899.0,728.7,912.95,759.1,0
827,27563,2268488,926.8,790.2,898.9,729.0,912.85,759.6,0
827,27564,2268489,926.8,790.9,898.7,729.2,912.75,760.05,0
827,27565,2268490,926.8,791.5,898.5,729.3,912.65,760.4,0
827,27566,2268491,926.8,791.9,898.3,729.1,912.55,760.5,0
828,27567,2268492,927.0,792.1,898.2,728.8,912.6,760.45,0
828,27568,2268493,927.1,792.7,898.1,728.6,912.6,760.65,0
828,27569,2268494,927.4,793.3,898.1,728.4,912.75,760.85,0
828,27570,2268495,927.5,793.9,898.1,728.1,912.8,761.0,0
828,27571,2268496,927.3,794.6,898.2,728.1,912.75,761.35,0
828,27572,2268497,927.0,795.2,898.2,728.0,912.6,761.6,0
828,27573,2268498,926.7,795.9,898.4,727.9,912.55,761.9,0
828,27574,2268499,926.2,796.6,898.7,727.9,912.45,762.25,0
828,27575,2268500,925.8,796.8,898.9,727.9,912.35,762.35,0
828,27576,2268501,925.5,797.2,899.2,728.0,912.35,762.6,0
828,27577,2268502,925.5,797.6,899.4,728.1,912.45,762.85,0
828,27578,2268503,926.0,798.0,899.6,728.1,912.8,763.05,0
828,27579,2268504,926.5,798.5,899.7,728.0,913.1,763.25,0
828,27580,2268505,927.0,798.9,899.8,727.9,913.4,763.4,0
828,27581,2268506,927.6,799.3,899.7,727.9,913.65,763.6,0
828,27582,2268507,928.0,799.7,899.5,727.8,913.75,763.75,0
828,27583,2268508,928.4,800.2,899.2,727.7,913.8,763.95,0
828,27584,2268509,928.4,800.9,898.9,727.5,913.65,764.2,0
828,27585,2268510,928.2,801.5,898.5,727.3,913.35,764.4,0
828,27586,2268511,927.8,802.1,898.1,726.9,912.95,764.5,0
828,27587,2268512,927.5,802.6,897.8,726.4,912.65,764.5,0
828,27588,2268513,926.9,803.2,897.6,726.0,912.25,764.6,0
828,27589,2268514,926.4,803.7,897.5,725.6,911.95,764.65,0
828,27590,2268515,925.8,804.1,897.5,725.3,911.65,764.7,0
828,27591,2268516,925.4,804.2,897.6,725.3,911.5,764.75,0
828,27592,2268517,925.3,804.2,897.7,725.4,911.5,764.8,0
828,27593,2268518,925.3,804.3,897.9,725.7,911.6,765.0,0
828,27594,2268519,925.5,804.4,898.0,725.9,911.75,765.15,0
828,27595,2268520,925.8,804.4,898.1,726.3,911.95,765.35,0
828,27596,2268521,926.1,804.5,898.3,726.7,912.2,765.6,0
828,27597,2268522,926.5,804.6,898.2,727.0,912.35,765.8,0
828,27598,2268523,926.8,804.8,898.1,727.1,912.45,765.95,0
828,27599,2268524,927.0,805.1,897.9,727.1,912.45,766.1,0
828,27600,2268525,926.9,805.3,897.8,726.9,912.35,766.1,0
829,27601,2268526,926.8,805.7,897.6,726.7,912.2,766.2,0
829,27602,2268527,926.8,805.9,897.4,726.4,912.1,766.15,0
829,27603,2268528,926.6,806.1,897.3,725.9,911.95,766.0,0
829,27604,2268529,926.5,806.3,897.3,725.4,911.9,765.85,0
829,27605,2268530,926.4,806.3,897.4,724.9,911.9,765.6,0
829,27606,2268531,926.4,806.3,897.5,724.3,911.95,765.3,0
829,27607,2268532,926.5,806.3,897.7,723.8,912.1,765.05,0
829,27608,2268533,926.6,806.2,897.9,723.4,912.25,764.8,0
829,27609,2268534,926.6,806.4,898.1,722.9,912.35,764.65,0
829,27610,2268535,926.7,806.7,898.3,722.7,912.5,764.7,0
829,27611,2268536,926.6,807.0,898.5,722.5,912.55,764.75,0
829,27612,2268537,926.5,807.3,898.6,722.4,912.55,764.85,0
829,27613,2268538,926.2,807.6,898.7,722.4,912.45,765.0,0
829,27614,2268539,926.0,807.8,898.7,722.5,912.35,765.15,0
829,27615,2268540,925.8,808.0,898.6,722.6,912.2,765.3,0
829,27616,2268541,925.6,808.0,898.5,722.8,912.05,765.4,0
829,27617,2268542,925.4,808.0,898.4,723.0,911.9,765.5,0
829,27618,2268543,925.5,808.1,898.2,723.2,911.85,765.65,0
829,27619,2268544,925.5,808.1,898.0,723.3,911.75,765.7,0
829,27620,2268545,925.5,808.2,897.7,723.5,911.6,765.85,0
829,27621,2268546,925.6,808.4,897.5,723.7,911.55,766.05,0
829,27622,2268547,925.6,808.5,897.4,723.7,911.5,766.1,0
829,27623,2268548,925.7,808.7,897.4,723.7,911.55,766.2,0
829,27624,2268549,925.8,808.9,897.3,723.6,911.55,766.25,0
829,27625,2268550,925.9,808.9,897.2,723.4,911.55,766.15,0
829,27626,2268551,925.8,808.8,897.2,722.9,911.5,765.85,0
829,27627,2268552,925.7,808.8,897.3,722.4,911.5,765.6,0
829,27628,2268553,925.5,808.8,897.4,721.9,911.45,765.35,0
829,27629,2268554,925.3,808.8,897.5,721.7,911.4,765.25,0
829,27630,2268555,925.1,808.7,897.6,721.5,911.35,765.1,0
829,27631,2268556,924.7,808.7,897.6,721.4,911.15,765.05,0
829,27632,2268557,924.3,808.6,897.7,721.3,911.0,764.95,0
829,27633,2268558,923.9,808.6,897.8,721.6,910.85,765.1,0
830,27634,2268559,923.7,808.6,897.9,721.9,910.8,765.25,0
830,27635,2268560,923.7,808.5,898.1,722.2,910.9,765.35,0
830,27636,2268561,923.8,808.5,898.5,722.3,911.15,765.4,0
830,27637,2268562,923.8,808.4,898.9,722.4,911.35,765.4,0
830,27638,2268563,924.1,808.3,899.2,722.5,911.65,765.4,0
830,27639,2268564,924.4,808.1,899.6,722.7,912.0,765.4,0
830,27640,2268565,924.6,808.0,899.9,722.7,912.25,765.35,0
830,27641,2268566,924.8,807.9,899.8,722.7,912.3,765.3,0
830,27642,2268567,924.8,807.8,899.7,722.8,912.25,765.3,0
830,27643,2268568,924.8,807.8,899.3,722.7,912.05,765.25,0
830,27644,2268569,924.9,807.8,898.9,722.8,911.9,765.3,0
830,27645,2268570,924.9,807.9,898.6,722.9,911.75,765.4,0
830,27646,2268571,924.9,808.0,898.2,723.1,911.55,765.55,0
830,27647,2268572,924.8,808.1,897.8,723.3,911.3,765.7,0
830,27648,2268573,924.6,807.9,897.8,723.4,911.2,765.65,0
830,27649,2268574,924.5,807.7,897.7,723.5,911.1,765.6,0
830,27650,2268575,924.3,807.4,897.6,723.5,910.95,765.45,0
830,27651,2268576,924.0,807.1,897.5,723.5,910.75,765.3,0
830,27652,2268577,923.9,806.6,897.4,723.5,910.65,765.05,0
830,27653,2268578,923.8,806.2,897.4,723.3,910.6,764.75,0
830,27654,2268579,923.8,805.9,897.2,723.1,910.5,764.5,0
830,27655,2268580,924.1,805.7,897.1,722.8,910.6,764.25,0
830,27656,2268581,924.4,805.8,896.9,722.4,910.65,764.1,0
830,27657,2268582,924.7,806.0,896.8,722.2,910.75,764.1,0
830,27658,2268583,925.1,806.3,896.7,721.9,910.9,764.1,0
830,27659,2268584,925.7,806.6,896.6,721.6,911.15,764.1,0
830,27660,2268585,926.1,807.0,896.5,721.4,911.3,764.2,0
830,27661,2268586,926.5,807.3,896.6,721.2,911.55,764.25,0
830,27662,2268587,926.7,807.6,896.6,721.1,911.65,764.35,0
830,27663,2268588,926.9,807.7,896.7,721.1,911.8,764.4,0
830,27664,2268589,927.0,807.8,896.7,720.8,911.85,764.3,0
830,27665,2268590,927.1,807.8,896.8,720.6,911.95,764.2,0
830,27666,2268591,927.0,807.9,896.9,720.5,911.95,764.2,0
831,27667,2268592,927.0,808.1,896.9,720.6,911.95,764.35,0
831,27668,2268593,926.8,808.3,896.9,720.6,911.85,764.45,0
831,27669,2268594,926.6,808.4,897.0,720.6,911.8,764.5,0
831,27670,2268595,926.2,808.5,896.9,721.1,911.55,764.8,0
831,27671,2268596,925.8,808.7,896.9,721.6,911.35,765.15,0
831,27672,2268597,925.4,808.9,896.8,722.0,911.1,765.45,0
831,27673,2268598,925.0,809.0,896.6,722.1,910.8,765.55,0
831,27674,2268599,924.7,808.9,896.4,722.1,910.55,765.5,0
831,27675,2268600,924.6,808.7,896.2,722.1,910.4,765.4,0
831,27676,2268601,924.4,808.5,896.0,721.8,910.2,765.15,0
831,27677,2268602,924.5,808.3,895.9,721.1,910.2,764.7,0
831,27678,2268603,924.6,808.0,895.7,720.4,910.15,764.2,0
831,27679,2268604,924.7,807.7,895.7,719.8,910.2,763.75,0
831,27680,2268605,924.8,807.5,895.8,719.4,910.3,763.45,0
831,27681,2268606,925.1,807.5,895.9,718.8,910.5,763.15,0
831,27682,2268607,925.3,807.8,896.2,718.4,910.75,763.1,0
831,27683,2268608,925.6,808.1,896.7,718.3,911.15,763.2,0
831,27684,2268609,925.8,808.5,897.2,718.6,911.5,763.55,0
831,27685,2268610,926.0,808.8,897.7,719.2,911.85,764.0,0
831,27686,2268611,926.2,809.2,898.2,719.8,912.2,764.5,0
831,27687,2268612,926.4,809.5,898.7,720.6,912.55,765.05,0
831,27688,2268613,926.4,809.7,899.4,721.7,912.9,765.7,0
831,27689,2268614,926.4,809.9,899.8,722.8,913.1,766.35,0
831,27690,2268615,926.5,810.1,900.0,723.8,913.25,766.95,0
831,27691,2268616,926.5,810.2,900.2,724.6,913.35,767.4,0
831,27692,2268617,926.6,810.3,900.3,725.0,913.45,767.65,0
831,27693,2268618,926.6,810.4,900.1,725.4,913.35,767.9,0
831,27694,2268619,926.5,810.4,899.8,726.0,913.15,768.2,0
831,27695,2268620,926.4,810.4,899.4,726.3,912.9,768.35,0
831,27696,2268621,926.2,810.3,898.8,726.6,912.5,768.45,0
831,27697,2268622,926.0,810.3,898.2,727.0,912.1,768.65,0
831,27698,2268623,925.8,810.2,897.2,727.3,911.5,768.75,0
831,27699,2268624,925.7,810.2,896.4,727.7,911.05,768.95,0
831,27700,2268625,925.5,810.1,895.9,728.1,910.7,769.1,0
832,27701,2268626,925.4,810.1,895.2,728.3,910.3,769.2,0
832,27702,2268627,925.3,810.1,894.5,728.1,909.9,769.1,0
832,27703,2268628,925.2,810.0,894.0,727.9,909.6,768.95,0
832,27704,2268629,925.2,809.9,893.5,727.5,909.35,768.7,0
832,27705,2268630,925.2,809.9,893.5,727.1,909.35,768.5,0
832,27706,2268631,925.4,809.8,893.5,726.7,909.45,768.25,0
832,27707,2268632,925.5,809.7,893.8,726.2,909.65,767.95,0
832,27708,2268633,925.7,809.6,894.4,725.6,910.05,767.6,0
832,27709,2268634,925.9,809.5,895.4,725.4,910.65,767.45,0
832,27710,2268635,926.2,809.4,896.5,725.3,911.35,767.35,0
832,27711,2268636,926.5,809.3,897.6,725.2,912.05,767.25,0
832,27712,2268637,926.6,809.2,898.6,725.2,912.6,767.2,0
832,27713,2268638,926.5,809.2,899.5,725.2,913.0,767.2,0
832,27714,2268639,926.3,809.1,900.2,725.7,913.25,767.4,0
832,27715,2268640,926.1,809.1,900.6,726.3,913.35,767.7,0
832,27716,2268641,925.9,809.2,900.7,726.9,913.3,768.05,0
832,27717,2268642,925.7,809.3,900.6,727.5,913.15,768.4,0
832,27718,2268643,925.4,809.4,900.2,728.1,912.8,768.75,0
832,27719,2268644,925.3,809.5,899.5,728.7,912.4,769.1,0
832,27720,2268645,925.3,809.5,898.8,729.2,912.05,769.35,0
832,27721,2268646,925.3,809.6,898.0,729.3,911.65,769.45,0
832,27722,2268647,925.4,809.7,896.8,729.3,911.1,769.5,0
832,27723,2268648,925.4,809.6,895.5,729.5,910.45,769.55,0
832,27724,2268649,925.3,809.6,894.1,729.7,909.7,769.65,0
832,27725,2268650,925.3,809.4,892.5,729.8,908.9,769.6,0
832,27726,2268651,925.3,809.2,891.1,730.0,908.2,769.6,0
832,27727,2268652,925.2,809.1,889.8,730.1,907.5,769.6,0
832,27728,2268653,925.1,809.1,888.6,730.3,906.85,769.7,0
832,27729,2268654,925.0,809.5,888.1,731.0,906.55,770.25,0
832,27730,2268655,925.1,809.9,887.8,731.7,906.45,770.8,0
832,27731,2268656,925.3,810.4,887.8,732.3,906.55,771.35,0
832,27732,2268657,925.7,810.9,889.0,732.8,907.35,771.85,0
832,27733,2268658,926.2,811.4,890.7,733.5,908.45,772.45,0
833,27734,2268659,926.6,811.7,892.7,734.2,909.65,772.95,0
833,27735,2268660,927.0,811.9,894.7,735.0,910.85,773.45,0
833,27736,2268661,927.4,811.3,896.5,735.2,911.95,773.25,0
833,27737,2268662,927.6,810.8,898.1,735.4,912.85,773.1,0
833,27738,2268663,927.7,810.2,899.7,735.6,913.7,772.9,0
833,27739,2268664,927.6,809.8,900.6,735.8,914.1,772.8,0
833,27740,2268665,927.5,809.5,901.0,735.9,914.25,772.7,0
833,27741,2268666,927.4,809.2,900.9,735.9,914.15,772.55,0
833,27742,2268667,927.2,809.0,900.7,736.0,913.95,772.5,0
833,27743,2268668,926.8,809.1,900.5,736.1,913.65,772.6,0
833,27744,2268669,926.4,809.2,899.7,736.3,913.05,772.75,0
833,27745,2268670,926.0,809.2,898.5,736.6,912.25,772.9,0
833,27746,2268671,925.7,809.2,897.3,736.8,911.5,773.0,0
833,27747,2268672,925.4,809.1,895.9,737.1,910.65,773.1,0
833,27748,2268673,925.2,808.9,894.6,737.4,909.9,773.15,0
833,27749,2268674,925.0,808.7,893.3,737.7,909.15,773.2,0
833,27750,2268675,925.1,808.6,892.0,738.1,908.55,773.35,0
833,27751,2268676,925.4,808.7,891.2,738.4,908.3,773.55,0
833,27752,2268677,925.6,808.7,890.9,738.8,908.25,773.75,0
833,27753,2268678,925.9,809.0,890.7,739.5,908.3,774.25,0
833,27754,2268679,926.1,809.2,890.8,740.2,908.45,774.7,0
833,27755,2268680,926.3,809.6,891.2,741.0,908.75,775.3,0
833,27756,2268681,926.4,809.9,891.4,741.9,908.9,775.9,0
833,27757,2268682,926.5,810.2,892.3,743.0,909.4,776.6,0
833,27758,2268683,926.5,810.4,893.2,744.0,909.85,777.2,0
833,27759,2268684,926.5,810.5,894.1,744.7,910.3,777.6,0
833,27760,2268685,926.5,810.6,895.0,745.1,910.75,777.85,0
833,27761,2268686,926.4,810.7,895.6,745.3,911.0,778.0,0
833,27762,2268687,926.2,810.7,896.3,745.5,911.25,778.1,0
833,27763,2268688,926.0,810.7,897.0,745.4,911.5,778.05,0
833,27764,2268689,925.9,810.5,896.9,744.9,911.4,777.7,0
833,27765,2268690,925.7,810.3,896.6,744.2,911.15,777.25,0
833,27766,2268691,925.6,810.1,896.3,743.6,910.95,776.85,0
834,27767,2268692,925.5,809.9,895.9,743.2,910.7,776.55,0
834,27768,2268693,925.4,809.7,895.3,742.9,910.35,776.3,0
834,27769,2268694,925.3,809.5,894.6,742.5,909.95,776.0,0
834,27770,2268695,925.3,809.3,893.9,742.4,909.6,775.85,0
834,27771,2268696,925.3,809.6,893.4,742.3,909.35,775.95,0
834,27772,2268697,925.3,809.8,892.9,742.6,909.1,776.2,0
834,27773,2268698,925.2,810.1,892.5,742.9,908.85,776.5,0
834,27774,2268699,925.1,810.1,892.2,743.3,908.65,776.7,0
834,27775,2268700,925.2,810.0,892.8,743.6,909.0,776.8,0
834,27776,2268701,925.5,809.3,893.7,743.5,909.6,776.4,0
834,27777,2268702,926.2,807.6,894.9,742.1,910.55,774.85,0
834,27778,2268703,927.3,805.0,896.3,739.6,911.8,772.3,0
834,27779,2268704,928.7,801.1,897.9,734.8,913.3,767.95,0
834,27780,2268705,930.1,795.1,899.9,727.7,915.0,761.4,0
834,27781,2268706,931.6,787.3,902.1,717.4,916.85,752.35,0
834,27782,2268707,933.1,777.5,903.8,704.3,918.45,740.9,0
834,27783,2268708,934.4,765.8,905.4,689.9,919.9,727.85,0
834,27784,2268709,935.3,753.5,906.9,673.9,921.1,713.7,0
834,27785,2268710,935.3,739.7,908.5,656.3,921.9,698.0,0
834,27786,2268711,934.9,726.0,910.0,637.3,922.45,681.65,0
834,27787,2268712,934.3,713.3,911.0,618.8,922.65,666.05,0
834,27788,2268713,933.6,701.7,912.5,602.0,923.05,651.85,0
834,27789,2268714,932.8,690.7,913.8,586.6,923.3,638.65,0
834,27790,2268715,931.9,681.9,915.1,570.7,923.5,626.3,0
834,27791,2268716,931.1,673.6,916.2,555.5,923.65,614.55,0
834,27792,2268717,930.7,666.8,917.2,541.6,923.95,604.2,0
834,27793,2268718,930.4,660.5,917.8,529.7,924.1,595.1,0
834,27794,2268719,930.3,655.2,918.4,519.5,924.35,587.35,0
834,27795,2268720,930.3,650.7,918.2,510.8,924.25,580.75,0
834,27796,2268721,930.3,648.0,917.9,503.4,924.1,575.7,0
834,27797,2268722,930.4,645.4,917.5,498.3,923.95,571.85,0
834,27798,2268723,930.5,644.2,917.6,495.3,924.05,569.75,0
834,27799,2268724,930.7,643.6,917.7,494.7,924.2,569.15,0
834,27800,2268725,930.9,644.5,917.9,496.3,924.4,570.4,0
835,27801,2268726,931.0,645.6,918.0,498.6,924.5,572.1,0
835,27802,2268727,931.3,647.1,918.3,501.6,924.8,574.35,0
835,27803,2268728,931.6,648.6,918.6,505.0,925.1,576.8,0
835,27804,2268729,932.0,650.1,918.9,508.4,925.45,579.25,0
835,27805,2268730,932.2,652.1,918.4,512.6,925.3,582.35,0
835,27806,2268731,932.5,654.1,917.8,516.3,925.15,585.2,0
835,27807,2268732,932.8,655.3,917.1,520.0,924.95,587.65,0
835,27808,2268733,933.2,656.4,916.5,523.0,924.85,589.7,0
835,27809,2268734,933.4,657.1,916.0,526.1,924.7,591.6,0
835,27810,2268735,933.5,657.7,915.3,528.7,924.4,593.2,0
835,27811,2268736,933.6,658.5,914.3,531.3,923.95,594.9,0
835,27812,2268737,933.6,658.7,913.6,533.1,923.6,595.9,0
835,27813,2268738,933.6,658.8,913.1,534.5,923.35,596.65,0
835,27814,2268739,933.5,659.0,912.6,535.7,923.05,597.35,0
835,27815,2268740,933.5,659.0,912.2,537.2,922.85,598.1,0
835,27816,2268741,933.4,659.0,911.8,538.2,922.6,598.6,0
835,27817,2268742,933.3,659.0,911.5,539.1,922.4,599.05,0
835,27818,2268743,933.6,658.3,911.5,540.1,922.55,599.2,0
835,27819,2268744,933.8,657.7,911.4,541.0,922.6,599.35,0
835,27820,2268745,934.1,657.0,911.3,542.3,922.7,599.65,0
835,27821,2268746,934.2,656.3,911.1,543.2,922.65,599.75,0
835,27822,2268747,934.1,655.7,910.9,543.8,922.5,599.75,0
835,27823,2268748,934.1,655.1,910.8,544.4,922.45,599.75,0
835,27824,2268749,934.1,654.6,910.7,544.9,922.4,599.75,0
835,27825,2268750,933.8,654.5,910.6,545.3,922.2,599.9,0
835,27826,2268751,933.6,654.4,910.6,545.6,922.1,600.0,0
835,27827,2268752,933.3,654.4,910.8,545.5,922.05,599.95,0
835,27828,2268753,933.2,654.5,911.2,545.3,922.2,599.9,0
835,27829,2268754,933.2,654.5,911.7,545.1,922.45,599.8,0
835,27830,2268755,933.2,654.7,912.2,545.0,922.7,599.85,0
835,27831,2268756,933.2,654.8,912.7,545.4,922.95,600.1,0
835,27832,2268757,933.1,654.9,913.1,545.8,923.1,600.35,0
835,27833,2268758,933.0,655.0,913.6,546.3,923.3,600.65,0
836,27834,2268759,933.0,655.1,913.9,546.8,923.45,600.95,0
836,27835,2268760,932.9,655.1,913.9,547.6,923.4,601.35,0
836,27836,2268761,933.1,655.1,913.6,548.4,923.35,601.75,0
836,27837,2268762,933.4,655.0,913.3,549.3,923.35,602.15,0
836,27838,2268763,933.7,655.0,912.4,549.9,923.05,602.45,0
836,27839,2268764,934.0,654.9,911.5,550.5,922.75,602.7,0
836,27840,2268765,934.3,654.9,910.4,551.0,922.35,602.95,0
836,27841,2268766,934.6,654.8,909.5,551.6,922.05,603.2,0
836,27842,2268767,934.9,654.7,908.6,551.7,921.75,603.2,0
836,27843,2268768,934.9,654.7,907.9,551.8,921.4,603.25,0
836,27844,2268769,934.9,654.6,907.2,551.9,921.05,603.25,0
836,27845,2268770,935.0,654.6,907.1,551.9,921.05,603.25,0
836,27846,2268771,935.0,654.4,907.0,551.8,921.0,603.1,0
836,27847,2268772,935.1,654.3,906.9,551.7,921.0,603.0,0
836,27848,2268773,935.1,654.2,906.8,551.7,920.95,602.95,0
836,27849,2268774,935.0,654.1,906.7,551.6,920.85,602.85,0
836,27850,2268775,935.0,654.2,906.6,551.8,920.8,603.0,0
836,27851,2268776,934.9,654.4,906.6,552.0,920.75,603.2,0
836,27852,2268777,934.7,654.6,906.7,552.3,920.7,603.45,0
836,27853,2268778,934.4,654.9,907.3,552.5,920.85,603.7,0
836,27854,2268779,934.1,655.2,908.0,552.8,921.05,604.0,0
836,27855,2268780,933.8,655.4,908.7,553.2,921.25,604.3,0
836,27856,2268781,933.4,655.6,909.3,553.6,921.35,604.6,0
836,27857,2268782,933.0,655.6,909.8,554.2,921.4,604.9,0
836,27858,2268783,932.6,655.6,910.1,554.7,921.35,605.15,0
836,27859,2268784,932.6,655.6,910.1,555.3,921.35,605.45,0
836,27860,2268785,932.6,655.6,909.6,555.8,921.1,605.7,0
836,27861,2268786,932.7,655.4,909.1,556.3,920.9,605.85,0
836,27862,2268787,932.8,655.2,908.5,556.7,920.65,605.95,0
836,27863,2268788,933.2,655.0,907.9,557.1,920.55,606.05,0
836,27864,2268789,933.6,654.9,907.3,557.1,920.45,606.0,0
836,27865,2268790,934.1,654.7,907.0,557.2,920.55,605.95,0
836,27866,2268791,934.2,654.5,906.6,557.4,920.4,605.95,0
837,27867,2268792,934.3,654.3,906.3,557.6,920.3,605.95,0
837,27868,2268793,934.4,654.3,906.0,557.9,920.2,606.1,0
837,27869,2268794,934.6,654.4,905.8,558.1,920.2,606.25,0
837,27870,2268795,934.6,654.5,905.7,558.2,920.15,606.35,0
837,27871,2268796,934.6,654.7,905.6,558.2,920.1,606.45,0
837,27872,2268797,934.7,654.9,905.6,558.1,920.15,606.5,0
837,27873,2268798,934.7,655.2,905.7,558.0,920.2,606.6,0
837,27874,2268799,934.7,655.5,905.8,557.8,920.25,606.65,0
837,27875,2268800,934.6,655.8,905.8,557.6,920.2,606.7,0
837,27876,2268801,934.5,656.0,905.9,557.3,920.2,606.65,0
837,27877,2268802,934.4,656.3,905.9,557.1,920.15,606.7,0
837,27878,2268803,934.3,656.5,905.9,557.0,920.1,606.75,0
837,27879,2268804,934.3,656.5,905.9,556.8,920.1,606.65,0
837,27880,2268805,934.0,656.3,905.8,556.7,919.9,606.5,0
837,27881,2268806,933.8,656.1,905.8,556.5,919.8,606.3,0
837,27882,2268807,933.6,655.9,905.7,556.4,919.65,606.15,0
837,27883,2268808,933.4,655.6,906.0,556.4,919.7,606.0,0
837,27884,2268809,933.1,655.4,906.3,556.4,919.7,605.9,0
837,27885,2268810,932.9,655.1,906.7,556.4,919.8,605.75,0
837,27886,2268811,932.7,655.0,907.0,556.5,919.85,605.75,0
837,27887,2268812,932.5,655.1,907.4,556.6,919.95,605.85,0
837,27888,2268813,932.4,655.1,907.8,556.7,920.1,605.9,0
837,27889,2268814,932.4,655.3,908.1,556.7,920.25,606.0,0
837,27890,2268815,932.6,655.5,908.0,556.8,920.3,606.15,0
837,27891,2268816,933.1,655.6,908.0,556.9,920.55,606.25,0
837,27892,2268817,933.7,655.8,907.9,557.0,920.8,606.4,0
837,27893,2268818,934.2,656.0,907.7,557.0,920.95,606.5,0
837,27894,2268819,934.8,656.2,907.5,557.0,921.15,606.6,0
837,27895,2268820,935.2,656.4,907.3,557.1,921.25,606.75,0
837,27896,2268821,935.6,656.6,907.1,557.2,921.35,606.9,0
837,27897,2268822,935.8,656.6,906.7,557.4,921.25,607.0,0
837,27898,2268823,935.7,656.7,906.1,557.7,920.9,607.2,0
837,27899,2268824,935.5,656.7,905.7,558.1,920.6,607.4,0
837,27900,2268825,935.2,656.6,905.2,558.4,920.2,607.5,0
838,27901,2268826,935.0,656.5,904.7,558.7,919.85,607.6,0
838,27902,2268827,934.9,656.4,904.3,558.8,919.6,607.6,0
838,27903,2268828,934.8,656.3,903.9,558.9,919.35,607.6,0
838,27904,2268829,934.7,656.2,903.7,558.9,919.2,607.55,0
838,27905,2268830,934.6,656.1,903.6,558.8,919.1,607.45,0
838,27906,2268831,934.4,656.4,903.5,558.7,918.95,607.55,0
838,27907,2268832,934.2,656.7,903.4,558.6,918.8,607.65,0
838,27908,2268833,934.0,657.0,903.4,558.5,918.7,607.75,0
838,27909,2268834,933.9,657.3,903.4,558.5,918.65,607.9,0
838,27910,2268835,933.7,657.5,903.5,558.4,918.6,607.95,0
838,27911,2268836,933.5,657.7,903.6,558.3,918.55,608.0,0
838,27912,2268837,933.4,658.0,903.8,558.3,918.6,608.15,0
838,27913,2268838,933.3,657.8,904.0,558.3,918.65,608.05,0
838,27914,2268839,933.1,657.7,904.4,558.3,918.75,608.0,0
838,27915,2268840,933.0,657.6,904.9,558.4,918.95,608.0,0
838,27916,2268841,932.9,657.5,905.3,558.5,919.1,608.0,0
838,27917,2268842,932.9,657.4,905.8,558.6,919.35,608.0,0
838,27918,2268843,932.8,657.4,906.2,558.7,919.5,608.05,0
838,27919,2268844,932.8,657.5,906.7,558.8,919.75,608.15,0
838,27920,2268845,932.9,657.6,907.1,558.9,920.0,608.25,0
838,27921,2268846,933.1,657.7,907.3,558.9,920.2,608.3,0
838,27922,2268847,933.3,657.9,907.4,558.9,920.35,608.4,0
838,27923,2268848,933.5,658.1,907.6,558.5,920.55,608.3,0
838,27924,2268849,933.7,658.3,907.8,558.2,920.75,608.25,0
838,27925,2268850,933.9,658.6,908.0,557.8,920.95,608.2,0
838,27926,2268851,934.0,658.8,908.2,557.4,921.1,608.1,0
838,27927,2268852,934.0,659.0,908.4,556.9,921.2,607.95,0
838,27928,2268853,933.9,659.2,908.5,556.5,921.2,607.85,0
838,27929,2268854,933.7,659.4,908.7,556.0,921.2,607.7,0
838,27930,2268855,933.5,659.7,908.8,555.8,921.15,607.75,0
838,27931,2268856,933.4,659.9,908.8,555.6,921.1,607.75,0
838,27932,2268857,933.3,660.0,908.8,555.3,921.05,607.65,0
838,27933,2268858,933.1,660.2,908.7,555.1,920.9,607.65,0
839,27934,2268859,933.1,660.3,908.3,554.9,920.7,607.6,0
839,27935,2268860,933.1,660.4,907.9,554.7,920.5,607.55,0
839,27936,2268861,933.2,660.4,907.4,554.6,920.3,607.5,0
839,27937,2268862,933.2,660.4,906.9,554.4,920.05,607.4,0
839,27938,2268863,933.2,660.3,906.3,554.3,919.75,607.3,0
839,27939,2268864,933.3,660.3,905.8,554.1,919.55,607.2,0
839,27940,2268865,933.4,660.1,905.1,554.0,919.25,607.05,0
839,27941,2268866,933.6,660.1,904.7,553.8,919.15,606.95,0
839,27942,2268867,933.7,660.0,904.3,553.7,919.0,606.85,0
839,27943,2268868,933.8,660.1,903.9,553.6,918.85,606.85,0
839,27944,2268869,933.9,660.2,903.6,553.4,918.75,606.8,0
839,27945,2268870,934.0,660.5,903.4,553.2,918.7,606.85,0
839,27946,2268871,934.0,660.8,903.2,552.9,918.6,606.85,0
839,27947,2268872,933.9,661.1,903.3,552.6,918.6,606.85,0
839,27948,2268873,933.8,661.3,903.3,552.2,918.55,606.75,0
839,27949,2268874,933.7,661.5,903.4,551.9,918.55,606.7,0
839,27950,2268875,933.7,661.6,903.5,551.6,918.6,606.6,0
839,27951,2268876,933.6,661.7,903.6,551.5,918.6,606.6,0
839,27952,2268877,933.6,661.6,903.7,552.0,918.65,606.8,0
839,27953,2268878,933.5,661.5,903.8,552.6,918.65,607.05,0
839,27954,2268879,933.4,661.5,904.0,553.3,918.7,607.4,0
839,27955,2268880,933.2,661.4,904.2,553.9,918.7,607.65,0
839,27956,2268881,933.0,661.3,904.4,554.5,918.7,607.9,0
839,27957,2268882,932.9,661.3,904.6,555.3,918.75,608.3,0
839,27958,2268883,932.8,661.4,904.8,555.9,918.8,608.65,0
839,27959,2268884,932.6,661.6,905.2,556.0,918.9,608.8,0
839,27960,2268885,932.5,661.8,905.6,556.1,919.05,608.95,0
839,27961,2268886,932.5,661.9,905.9,556.1,919.2,609.0,0
839,27962,2268887,932.5,662.1,906.2,556.2,919.35,609.15,0
839,27963,2268888,932.6,662.2,906.4,556.3,919.5,609.25,0
839,27964,2268889,932.6,662.3,906.6,556.4,919.6,609.35,0
839,27965,2268890,932.6,662.4,906.8,556.4,919.7,609.4,0
839,27966,2268891,932.6,662.5,906.9,556.5,919.75,609.5,0
840,27967,2268892,932.6,662.6,906.9,556.7,919.75,609.65,0
840,27968,2268893,932.6,662.5,907.0,556.8,919.8,609.65,0
840,27969,2268894,932.7,662.5,907.1,557.0,919.9,609.75,0
840,27970,2268895,932.7,662.4,907.2,557.1,919.95,609.75,0
840,27971,2268896,932.8,662.4,907.3,557.2,920.05,609.8,0
840,27972,2268897,932.8,662.2,907.4,557.3,920.1,609.75,0
840,27973,2268898,932.9,662.2,907.5,557.4,920.2,609.8,0
840,27974,2268899,932.9,662.2,907.6,557.3,920.25,609.75,0
840,27975,2268900,932.9,662.4,907.7,556.9,920.3,609.65,0
840,27976,2268901,932.9,662.5,907.7,556.5,920.3,609.5,0
840,27977,2268902,932.9,662.6,907.7,556.0,920.3,609.3,0
840,27978,2268903,932.9,662.8,907.7,555.4,920.3,609.1,0
840,27979,2268904,932.9,662.8,907.7,554.8,920.3,608.8,0
840,27980,2268905,932.9,662.8,907.6,554.3,920.25,608.55,0
840,27981,2268906,932.8,662.8,907.5,553.8,920.15,608.3,0
840,27982,2268907,932.8,662.8,907.3,553.5,920.05,608.15,0
840,27983,2268908,932.7,662.8,907.2,553.2,919.95,608.0,0
840,27984,2268909,932.6,662.8,907.0,553.0,919.8,607.9,0
840,27985,2268910,932.5,662.8,906.9,552.9,919.7,607.85,0
840,27986,2268911,932.4,662.9,906.8,552.7,919.6,607.8,0
840,27987,2268912,932.3,663.3,906.6,552.6,919.45,607.95,0
840,27988,2268913,932.2,663.6,906.5,552.5,919.35,608.05,0
840,27989,2268914,932.2,664.0,906.4,552.5,919.3,608.25,0
840,27990,2268915,932.2,664.5,906.2,552.6,919.2,608.55,0
840,27991,2268916,932.1,665.0,906.0,552.6,919.05,608.8,0
840,27992,2268917,932.2,665.4,905.9,552.6,919.05,609.0,0
840,27993,2268918,932.2,665.8,905.7,552.9,918.95,609.35,0
840,27994,2268919,932.1,665.8,905.5,553.0,918.8,609.4,0
840,27995,2268920,932.1,666.0,905.3,553.3,918.7,609.65,0
840,27996,2268921,932.0,665.9,905.2,553.5,918.6,609.7,0
840,27997,2268922,931.9,665.8,905.0,553.6,918.45,609.7,0
840,27998,2268923,931.8,665.6,904.8,553.8,918.3,609.7,0
840,27999,2268924,931.6,665.5,904.7,553.9,918.15,609.7,0
840,28000,2268925,931.5,665.3,904.5,553.9,918.0,609.6,0
841,28001,2268926,931.4,665.2,904.3,554.0,917.85,609.6,0
841,28002,2268927,931.3,665.1,904.2,554.2,917.75,609.65,0
841,28003,2268928,931.2,665.0,904.1,554.3,917.65,609.65,0
841,28004,2268929,931.2,664.9,903.9,554.5,917.55,609.7,0
841,28005,2268930,931.1,665.0,903.8,554.7,917.45,609.85,0
841,28006,2268931,930.9,665.1,903.6,554.9,917.25,610.0,0
841,28007,2268932,930.8,665.3,903.4,555.2,917.1,610.25,0
841,28008,2268933,930.7,665.5,903.2,555.4,916.95,610.45,0
841,28009,2268934,930.5,665.7,903.0,555.5,916.75,610.6,0
841,28010,2268935,930.4,665.9,902.8,555.6,916.6,610.75,0
841,28011,2268936,930.3,666.1,902.9,555.7,916.6,610.9,0
841,28012,2268937,930.2,666.3,902.9,555.6,916.55,610.95,0
841,28013,2268938,930.1,666.4,903.0,555.6,916.55,611.0,0
841,28014,2268939,930.0,666.4,903.1,555.4,916.55,610.9,0
841,28015,2268940,929.9,666.5,903.3,555.3,916.6,610.9,0
841,28016,2268941,929.9,666.5,903.4,555.3,916.65,610.9,0
841,28017,2268942,929.9,666.5,903.5,555.6,916.7,611.05,0
841,28018,2268943,929.8,666.5,903.6,555.9,916.7,611.2,0
841,28019,2268944,929.8,666.6,903.6,556.4,916.7,611.5,0
841,28020,2268945,929.8,666.6,903.7,556.9,916.75,611.75,0
841,28021,2268946,929.9,666.7,903.7,557.5,916.8,612.1,0
841,28022,2268947,929.9,666.8,903.7,558.0,916.8,612.4,0
841,28023,2268948,930.0,666.9,903.7,558.5,916.85,612.7,0
841,28024,2268949,929.9,667.0,903.7,558.7,916.8,612.85,0
841,28025,2268950,929.9,667.0,903.8,558.8,916.85,612.9,0
841,28026,2268951,929.9,667.3,903.8,558.9,916.85,613.1,0
841,28027,2268952,929.8,667.5,903.8,559.5,916.8,613.5,0
841,28028,2268953,929.6,667.8,903.8,560.0,916.7,613.9,0
841,28029,2268954,929.5,668.1,903.8,560.6,916.65,614.35,0
841,28030,2268955,929.3,668.5,903.9,561.0,916.6,614.75,0
841,28031,2268956,929.2,668.8,904.0,561.5,916.6,615.15,0
841,28032,2268957,929.1,669.3,904.0,562.0,916.55,615.65,0
841,28033,2268958,929.0,669.6,904.1,562.4,916.55,616.0,0
842,28034,2268959,928.9,669.8,904.2,562.4,916.55,616.1,0
842,28035,2268960,928.8,669.9,904.3,562.4,916.55,616.15,0
842,28036,2268961,928.7,670.0,904.4,562.4,916.55,616.2,0
842,28037,2268962,928.6,670.1,904.4,562.7,916.5,616.4,0
842,28038,2268963,928.6,670.1,904.4,563.1,916.5,616.6,0
842,28039,2268964,928.6,670.0,904.4,564.1,916.5,617.05,0
842,28040,2268965,928.6,670.0,904.4,565.1,916.5,617.55,0
842,28041,2268966,928.6,669.8,904.4,566.0,916.5,617.9,0
842,28042,2268967,928.6,669.7,904.3,566.6,916.45,618.15,0
842,28043,2268968,928.6,669.5,904.3,567.2,916.45,618.35,0
842,28044,2268969,928.5,669.4,904.3,567.5,916.4,618.45,0
842,28045,2268970,928.4,669.3,904.2,567.8,916.3,618.55,0
842,28046,2268971,928.3,669.3,904.2,567.5,916.25,618.4,0
842,28047,2268972,928.2,669.5,904.2,567.2,916.2,618.35,0
842,28048,2268973,928.1,669.8,904.2,567.0,916.15,618.4,0
842,28049,2268974,928.0,670.4,904.2,567.2,916.1,618.8,0
842,28050,2268975,928.1,671.1,904.2,567.3,916.15,619.2,0
842,28051,2268976,928.3,671.9,904.1,567.4,916.2,619.65,0
842,28052,2268977,928.5,672.6,904.1,567.5,916.3,620.05,0
842,28053,2268978,928.7,672.8,904.1,567.6,916.4,620.2,0
842,28054,2268979,928.9,672.8,904.0,567.9,916.45,620.35,0
842,28055,2268980,929.1,672.7,904.0,568.2,916.55,620.45,0
842,28056,2268981,929.3,672.6,903.9,568.7,916.6,620.65,0
842,28057,2268982,929.3,672.2,903.9,569.3,916.6,620.75,0
842,28058,2268983,929.3,672.0,903.8,570.0,916.55,621.0,0
842,28059,2268984,929.2,671.9,903.8,570.6,916.5,621.25,0
842,28060,2268985,929.0,672.2,903.7,571.2,916.35,621.7,0
842,28061,2268986,928.8,672.7,903.7,571.5,916.25,622.1,0
842,28062,2268987,928.7,673.1,903.6,571.7,916.15,622.4,0
842,28063,2268988,928.6,673.5,903.6,571.7,916.1,622.6,0
842,28064,2268989,928.6,673.9,903.5,571.4,916.05,622.65,0
842,28065,2268990,928.5,674.1,903.4,571.2,915.95,622.65,0
842,28066,2268991,928.6,674.4,903.3,570.9,915.95,622.65,0
843,28067,2268992,928.7,674.6,903.0,570.6,915.85,622.6,0
843,28068,2268993,928.9,674.7,902.7,570.3,915.8,622.5,0
843,28069,2268994,929.0,674.7,902.4,570.0,915.7,622.35,0
843,28070,2268995,929.1,674.5,902.1,569.9,915.6,622.2,0
843,28071,2268996,929.1,674.3,901.9,569.7,915.5,622.0,0
843,28072,2268997,929.1,674.2,901.7,569.5,915.4,621.85,0
843,28073,2268998,929.0,674.1,901.6,569.3,915.3,621.7,0
843,28074,2268999,928.8,674.1,901.6,569.1,915.2,621.6,0
843,28075,2269000,928.6,674.2,901.6,569.0,915.1,621.6,0
843,28076,2269001,928.4,674.4,901.6,568.8,915.0,621.6,0
843,28077,2269002,928.0,674.8,901.6,568.5,914.8,621.65,0
843,28078,2269003,927.7,675.2,901.6,568.3,914.65,621.75,0
843,28079,2269004,927.3,675.5,901.5,568.1,914.4,621.8,0
843,28080,2269005,927.2,675.8,901.3,567.7,914.25,621.75,0
843,28081,2269006,927.0,675.8,901.1,567.3,914.05,621.55,0
843,28082,2269007,926.9,675.9,900.8,566.7,913.85,621.3,0
843,28083,2269008,926.8,675.7,900.6,566.2,913.7,620.95,0
843,28084,2269009,926.7,675.5,900.3,565.8,913.5,620.65,0
843,28085,2269010,926.8,675.2,900.1,565.4,913.45,620.3,0
843,28086,2269011,926.8,674.9,899.8,565.1,913.3,620.0,0
843,28087,2269012,926.8,674.7,899.7,565.0,913.25,619.85,0
843,28088,2269013,926.8,674.5,899.6,565.1,913.2,619.8,0
843,28089,2269014,926.8,674.3,899.4,565.4,913.1,619.85,0
843,28090,2269015,926.8,674.3,899.3,565.6,913.05,619.95,0
843,28091,2269016,926.9,674.3,899.2,565.8,913.05,620.05,0
843,28092,2269017,926.9,674.6,899.1,565.9,913.0,620.25,0
843,28093,2269018,926.9,674.8,899.0,565.9,912.95,620.35,0
843,28094,2269019,926.9,675.1,899.1,565.4,913.0,620.25,0
843,28095,2269020,926.8,675.4,899.1,564.9,912.95,620.15,0
843,28096,2269021,926.7,675.7,899.1,564.4,912.9,620.05,0
843,28097,2269022,926.5,676.0,899.1,564.1,912.8,620.05,0
843,28098,2269023,926.3,676.2,899.0,563.8,912.65,620.0,0
843,28099,2269024,926.0,676.4,898.9,563.7,912.45,620.05,0
843,28100,2269025,925.8,676.5,898.6,563.5,912.2,620.0,0
844,28101,2269026,925.5,676.5,898.1,563.6,911.8,620.05,0
844,28102,2269027,925.3,676.5,897.6,563.8,911.45,620.15,0
844,28103,2269028,925.1,676.6,897.1,564.0,911.1,620.3,0
844,28104,2269029,925.0,676.6,896.7,564.1,910.85,620.35,0
844,28105,2269030,924.8,676.6,896.3,564.2,910.55,620.4,0
844,28106,2269031,924.7,676.7,896.0,564.2,910.35,620.45,0
844,28107,2269032,924.6,676.8,895.9,564.3,910.25,620.55,0
844,28108,2269033,924.5,676.9,896.2,564.4,910.35,620.65,0
844,28109,2269034,924.3,677.0,896.5,564.4,910.4,620.7,0
844,28110,2269035,924.2,677.1,896.8,563.9,910.5,620.5,0
844,28111,2269036,924.1,677.2,897.1,563.5,910.6,620.35,0
844,28112,2269037,924.1,677.2,897.4,563.0,910.75,620.1,0
844,28113,2269038,924.0,676.9,897.6,562.5,910.8,619.7,0
844,28114,2269039,924.0,676.7,897.8,562.6,910.9,619.65,0
844,28115,2269040,924.0,676.4,898.0,562.8,911.0,619.6,0
844,28116,2269041,924.0,676.0,898.1,563.1,911.05,619.55,0
844,28117,2269042,924.0,675.7,898.2,563.8,911.1,619.75,0
844,28118,2269043,923.9,675.7,898.3,564.6,911.1,620.15,0
844,28119,2269044,923.9,675.7,898.3,565.3,911.1,620.5,0
844,28120,2269045,923.8,676.2,898.3,566.0,911.05,621.1,0
844,28121,2269046,923.6,676.6,898.2,565.9,910.9,621.25,0
844,28122,2269047,923.4,677.0,898.1,565.8,910.75,621.4,0
844,28123,2269048,923.2,677.3,898.1,565.5,910.65,621.4,0
844,28124,2269049,923.0,677.6,898.0,565.2,910.5,621.4,0
844,28125,2269050,922.9,677.7,898.0,564.9,910.45,621.3,0
844,28126,2269051,922.7,677.8,897.9,564.6,910.3,621.2,0
844,28127,2269052,922.7,677.6,897.8,564.1,910.25,620.85,0
844,28128,2269053,922.7,677.6,897.7,563.7,910.2,620.65,0
844,28129,2269054,922.7,677.5,897.6,563.5,910.15,620.5,0
844,28130,2269055,922.8,677.6,897.5,562.8,910.15,620.2,0
844,28131,2269056,922.8,677.8,897.4,562.2,910.1,620.0,0
844,28132,2269057,922.8,677.8,897.0,561.6,909.9,619.7,0
844,28133,2269058,922.7,677.9,896.6,561.0,909.65,619.45,0
845,28134,2269059,922.5,678.0,896.3,560.6,909.4,619.3,0
845,28135,2269060,922.1,678.0,895.9,560.4,909.0,619.2,0
845,28136,2269061,921.8,678.0,895.5,560.3,908.65,619.15,0
845,28137,2269062,921.6,677.9,895.2,560.6,908.4,619.25,0
845,28138,2269063,921.3,677.9,894.8,561.0,908.05,619.45,0
845,28139,2269064,921.2,677.8,894.6,561.4,907.9,619.6,0
845,28140,2269065,921.3,677.7,894.4,561.6,907.85,619.65,0
845,28141,2269066,921.4,677.7,894.3,561.9,907.85,619.8,0
845,28142,2269067,921.6,677.7,894.1,562.0,907.85,619.85,0
845,28143,2269068,921.7,677.8,894.0,562.0,907.85,619.9,0
845,28144,2269069,921.9,678.1,893.8,561.9,907.85,620.0,0
845,28145,2269070,922.1,678.3,893.6,561.9,907.85,620.1,0
845,28146,2269071,922.1,678.5,893.5,561.9,907.8,620.2,0
845,28147,2269072,922.1,678.7,893.4,561.9,907.75,620.3,0
845,28148,2269073,922.0,678.8,893.3,562.1,907.65,620.45,0
845,28149,2269074,922.0,678.9,893.2,562.3,907.6,620.6,0
845,28150,2269075,922.0,678.9,892.8,562.5,907.4,620.7,0
845,28151,2269076,921.9,678.8,892.5,562.5,907.2,620.65,0
845,28152,2269077,921.8,678.7,892.2,562.5,907.0,620.6,0
845,28153,2269078,921.6,678.6,892.0,562.4,906.8,620.5,0
845,28154,2269079,921.4,678.6,891.7,562.3,906.55,620.45,0
845,28155,2269080,921.2,678.6,891.3,562.0,906.25,620.3,0
845,28156,2269081,920.9,678.6,890.6,561.7,905.75,620.15,0
845,28157,2269082,920.4,678.6,890.2,562.0,905.3,620.3,0
845,28158,2269083,920.0,678.8,889.8,562.4,904.9,620.6,0
845,28159,2269084,919.3,679.0,888.9,562.8,904.1,620.9,0
845,28160,2269085,918.5,679.6,887.9,563.2,903.2,621.4,0
845,28161,2269086,917.6,680.2,886.4,563.7,902.0,621.95,0
845,28162,2269087,916.2,680.9,884.4,564.3,900.3,622.6,0
845,28163,2269088,914.5,682.2,882.0,565.3,898.25,623.75,0
845,28164,2269089,912.6,683.7,879.6,565.6,896.1,624.65,0
845,28165,2269090,909.4,685.6,876.0,566.0,892.7,625.8,0
845,28166,2269091,906.3,687.4,872.3,566.7,889.3,627.05,0
846,28167,2269092,902.3,689.3,868.1,567.8,885.2,628.55,0
846,28168,2269093,897.8,691.1,863.6,569.6,880.7,630.35,0
846,28169,2269094,893.6,693.3,858.8,571.3,876.2,632.3,0
846,28170,2269095,889.0,695.0,854.5,573.0,871.75,634.0,0
846,28171,2269096,884.6,696.9,850.3,574.6,867.45,635.75,0
846,28172,2269097,881.5,698.4,847.0,576.3,864.25,637.35,0
846,28173,2269098,878.5,699.9,843.8,577.7,861.15,638.8,0
846,28174,2269099,876.6,700.5,841.2,578.7,858.9,639.6,0
846,28175,2269100,875.2,701.0,839.5,578.6,857.35,639.8,0
846,28176,2269101,874.3,700.9,839.0,578.6,856.65,639.75,0
846,28177,2269102,874.0,700.6,838.6,578.3,856.3,639.45,0
846,28178,2269103,874.8,699.6,839.0,578.0,856.9,638.8,0
846,28179,2269104,876.0,698.6,839.8,577.5,857.9,638.05,0
846,28180,2269105,877.5,697.7,841.4,577.0,859.45,637.35,0
846,28181,2269106,879.0,697.0,843.1,576.6,861.05,636.8,0
846,28182,2269107,880.7,696.4,844.9,576.3,862.8,636.35,0
846,28183,2269108,882.4,695.7,846.6,576.0,864.5,635.85,0
846,28184,2269109,884.1,695.1,848.2,575.6,866.15,635.35,0
846,28185,2269110,884.9,694.8,849.2,575.3,867.05,635.05,0
846,28186,2269111,885.4,694.5,850.0,575.0,867.7,634.75,0
846,28187,2269112,885.6,694.2,850.5,574.8,868.05,634.5,0
846,28188,2269113,885.7,694.2,850.9,574.5,868.3,634.35,0
846,28189,2269114,885.4,694.2,851.3,574.3,868.35,634.25,0
846,28190,2269115,885.0,694.4,851.4,574.0,868.2,634.2,0
846,28191,2269116,884.6,694.6,851.5,573.7,868.05,634.15,0
846,28192,2269117,884.2,694.6,851.6,573.4,867.9,634.0,0
846,28193,2269118,883.9,694.5,851.7,573.2,867.8,633.85,0
846,28194,2269119,883.7,694.2,851.6,573.0,867.65,633.6,0
846,28195,2269120,883.5,693.9,851.6,572.8,867.55,633.35,0
846,28196,2269121,884.0,693.5,851.5,572.6,867.75,633.05,0
846,28197,2269122,884.5,693.2,851.5,572.5,868.0,632.85,0
846,28198,2269123,884.9,692.9,851.6,572.4,868.25,632.65,0
846,28199,2269124,885.2,692.6,851.6,572.5,868.4,632.55,0
846,28200,2269125,885.3,692.2,851.7,572.6,868.5,632.4,0
847,28201,2269126,885.3,691.9,851.7,572.7,868.5,632.3,0
847,28202,2269127,885.3,691.6,851.7,572.8,868.5,632.2,0
847,28203,2269128,885.0,691.3,851.7,573.0,868.35,632.15,0
847,28204,2269129,884.6,690.9,851.6,573.2,868.1,632.05,0
847,28205,2269130,884.4,690.6,851.4,573.5,867.9,632.05,0
847,28206,2269131,884.2,690.4,851.2,573.8,867.7,632.1,0
847,28207,2269132,884.3,690.4,851.0,574.2,867.65,632.3,0
847,28208,2269133,884.3,690.5,850.9,574.5,867.6,632.5,0
847,28209,2269134,884.3,690.6,850.8,574.9,867.55,632.75,0
847,28210,2269135,884.3,690.7,850.7,575.2,867.5,632.95,0
847,28211,2269136,884.3,690.8,850.5,575.8,867.4,633.3,0
847,28212,2269137,884.2,690.8,850.5,576.5,867.35,633.65,0
847,28213,2269138,884.1,690.8,850.4,577.0,867.25,633.9,0
847,28214,2269139,884.1,690.6,850.3,577.6,867.2,634.1,0
847,28215,2269140,884.0,690.4,850.2,578.2,867.1,634.3,0
847,28216,2269141,883.9,690.2,850.2,578.9,867.05,634.55,0
847,28217,2269142,883.9,690.0,850.2,579.6,867.05,634.8,0
847,28218,2269143,883.8,690.0,849.9,580.0,866.85,635.0,0
847,28219,2269144,883.8,689.9,849.7,580.2,866.75,635.05,0
847,28220,2269145,883.8,690.0,849.5,580.5,866.65,635.25,0
847,28221,2269146,883.8,690.1,849.3,580.8,866.55,635.45,0
847,28222,2269147,883.9,690.1,849.1,581.0,866.5,635.55,0
847,28223,2269148,884.0,690.1,848.9,581.0,866.45,635.55,0
847,28224,2269149,884.0,689.9,848.7,580.7,866.35,635.3,0
847,28225,2269150,884.0,689.7,848.7,580.4,866.35,635.05,0
847,28226,2269151,884.0,689.5,848.6,580.0,866.3,634.75,0
847,28227,2269152,883.9,689.3,848.5,579.4,866.2,634.35,0
847,28228,2269153,883.9,689.1,848.5,578.8,866.2,633.95,0
847,28229,2269154,883.9,688.8,848.4,578.3,866.15,633.55,0
847,28230,2269155,883.8,688.5,848.3,577.9,866.05,633.2,0
847,28231,2269156,883.8,688.3,848.2,577.8,866.0,633.05,0
847,28232,2269157,883.9,688.2,848.1,577.7,866.0,632.95,0
847,28233,2269158,883.9,688.1,848.1,577.8,866.0,632.95,0
848,28234,2269159,883.9,688.0,848.2,578.0,866.05,633.0,0
848,28235,2269160,883.8,688.1,848.2,578.1,866.0,633.1,0
848,28236,2269161,883.8,688.3,848.1,578.3,865.95,633.3,0
848,28237,2269162,883.7,688.6,848.0,578.4,865.85,633.5,0
848,28238,2269163,883.6,688.9,847.7,578.6,865.65,633.75,0
848,28239,2269164,883.5,689.2,847.5,578.7,865.5,633.95,0
848,28240,2269165,883.4,689.4,847.4,578.8,865.4,634.1,0
848,28241,2269166,883.3,689.6,847.3,578.9,865.3,634.25,0
848,28242,2269167,883.2,689.8,847.2,578.9,865.2,634.35,0
848,28243,2269168,883.2,689.8,847.3,579.0,865.25,634.4,0
848,28244,2269169,883.1,689.9,847.5,579.1,865.3,634.5,0
848,28245,2269170,882.9,689.9,847.8,579.1,865.35,634.5,0
848,28246,2269171,882.7,689.8,848.0,579.1,865.35,634.45,0
848,28247,2269172,882.6,689.8,848.1,579.1,865.35,634.45,0
848,28248,2269173,882.5,689.8,848.2,579.0,865.35,634.4,0
848,28249,2269174,882.3,689.8,848.4,579.0,865.35,634.4,0
848,28250,2269175,882.2,689.9,848.4,578.9,865.3,634.4,0
848,28251,2269176,882.1,690.1,848.3,578.8,865.2,634.45,0
848,28252,2269177,882.0,690.2,848.3,578.6,865.15,634.4,0
848,28253,2269178,882.0,690.3,848.3,578.5,865.15,634.4,0
848,28254,2269179,881.9,690.5,848.3,578.4,865.1,634.45,0
848,28255,2269180,881.8,690.6,848.3,578.3,865.05,634.45,0
848,28256,2269181,881.8,690.7,848.3,578.2,865.05,634.45,0
848,28257,2269182,881.8,690.7,848.3,578.0,865.05,634.35,0
848,28258,2269183,881.8,690.8,848.4,577.8,865.1,634.3,0
848,28259,2269184,881.9,690.8,848.5,577.6,865.2,634.2,0
848,28260,2269185,881.9,690.9,848.6,577.4,865.25,634.15,0
848,28261,2269186,882.0,690.9,848.7,577.2,865.35,634.05,0
848,28262,2269187,882.0,690.9,848.9,577.0,865.45,633.95,0
848,28263,2269188,882.0,691.0,849.1,576.9,865.55,633.95,0
848,28264,2269189,882.0,691.3,849.2,577.0,865.6,634.15,0
848,28265,2269190,882.0,691.6,849.4,577.0,865.7,634.3,0
848,28266,2269191,881.9,692.0,849.5,577.1,865.7,634.55,0
849,28267,2269192,881.9,692.3,849.5,577.2,865.7,634.75,0
849,28268,2269193,881.9,692.7,849.6,577.3,865.75,635.0,0
849,28269,2269194,881.9,692.9,849.7,577.4,865.8,635.15,0
849,28270,2269195,881.9,693.1,849.7,577.4,865.8,635.25,0
849,28271,2269196,881.9,693.1,849.7,577.5,865.8,635.3,0
849,28272,2269197,881.8,693.1,849.6,577.6,865.7,635.35,0
849,28273,2269198,881.8,693.0,849.6,577.6,865.7,635.3,0
849,28274,2269199,881.7,693.0,849.5,577.7,865.6,635.35,0
849,28275,2269200,881.7,692.9,849.3,577.7,865.5,635.3,0
849,28276,2269201,881.7,692.9,849.2,577.4,865.45,635.15,0
849,28277,2269202,881.7,692.9,849.1,577.0,865.4,634.95,0
849,28278,2269203,881.7,693.1,849.0,576.6,865.35,634.85,0
849,28279,2269204,881.7,693.2,849.0,576.1,865.35,634.65,0
849,28280,2269205,881.7,693.3,849.2,575.7,865.45,634.5,0
849,28281,2269206,881.6,693.4,849.4,575.3,865.5,634.35,0
849,28282,2269207,881.6,693.5,849.6,575.2,865.6,634.35,0
849,28283,2269208,881.4,693.6,849.7,575.4,865.55,634.5,0
849,28284,2269209,881.3,693.8,849.8,575.7,865.55,634.75,0
849,28285,2269210,881.2,694.0,849.6,576.1,865.4,635.05,0
849,28286,2269211,881.2,694.1,849.3,576.6,865.25,635.35,0
849,28287,2269212,881.2,694.2,848.9,577.0,865.05,635.6,0
849,28288,2269213,881.2,694.3,848.4,577.4,864.8,635.85,0
849,28289,2269214,881.2,694.2,847.9,577.7,864.55,635.95,0
849,28290,2269215,881.3,694.1,847.6,578.0,864.45,636.05,0
849,28291,2269216,881.3,693.9,847.3,578.3,864.3,636.1,0
849,28292,2269217,881.3,693.7,847.3,578.5,864.3,636.1,0
849,28293,2269218,881.3,693.4,847.3,578.6,864.3,636.0,0
849,28294,2269219,881.2,693.2,847.3,578.8,864.25,636.0,0
849,28295,2269220,881.1,693.1,847.4,578.9,864.25,636.0,0
849,28296,2269221,881.1,693.1,847.4,579.0,864.25,636.05,0
849,28297,2269222,881.1,693.1,847.3,579.1,864.2,636.1,0
849,28298,2269223,881.1,693.1,847.2,579.1,864.15,636.1,0
849,28299,2269224,881.0,693.1,847.0,579.2,864.0,636.15,0
849,28300,2269225,881.1,692.9,846.9,579.4,864.0,636.15,0
850,28301,2269226,881.2,692.8,846.7,579.5,863.95,636.15,0
850,28302,2269227,881.3,692.5,846.7,579.7,864.0,636.1,0
850,28303,2269228,881.3,692.3,846.6,579.9,863.95,636.1,0
850,28304,2269229,881.3,692.0,846.6,580.1,863.95,636.05,0
850,28305,2269230,881.4,691.8,846.6,580.6,864.0,636.2,0
850,28306,2269231,881.4,691.6,846.7,581.0,864.05,636.3,0
850,28307,2269232,881.5,691.6,846.7,581.3,864.1,636.45,0
850,28308,2269233,881.5,691.5,846.7,581.7,864.1,636.6,0
850,28309,2269234,881.6,691.5,846.6,581.9,864.1,636.7,0
850,28310,2269235,881.6,691.5,846.4,581.9,864.0,636.7,0
850,28311,2269236,881.6,691.5,846.2,582.0,863.9,636.75,0
850,28312,2269237,881.6,691.5,846.0,582.0,863.8,636.75,0
850,28313,2269238,881.6,691.5,846.0,582.1,863.8,636.8,0
850,28314,2269239,881.6,691.3,846.0,582.2,863.8,636.75,0
850,28315,2269240,881.6,691.1,846.0,582.3,863.8,636.7,0
850,28316,2269241,881.6,691.0,846.0,582.4,863.8,636.7,0
850,28317,2269242,881.6,690.9,846.2,582.6,863.9,636.75,0
850,28318,2269243,881.7,690.8,846.3,582.8,864.0,636.8,0
850,28319,2269244,881.8,690.8,846.2,582.8,864.0,636.8,0
850,28320,2269245,881.8,690.8,846.0,582.8,863.9,636.8,0
850,28321,2269246,881.6,691.0,845.8,582.7,863.7,636.85,0
850,28322,2269247,881.4,691.2,845.6,582.7,863.5,636.95,0
850,28323,2269248,881.2,691.3,845.4,582.5,863.3,636.9,0
850,28324,2269249,881.0,691.4,845.2,582.3,863.1,636.85,0
850,28325,2269250,880.7,691.4,845.1,582.1,862.9,636.75,0
850,28326,2269251,880.3,691.4,845.2,581.8,862.75,636.6,0
850,28327,2269252,879.9,691.4,845.4,581.5,862.65,636.45,0
850,28328,2269253,879.8,691.4,845.5,581.2,862.65,636.3,0
850,28329,2269254,879.6,691.3,845.7,581.0,862.65,636.15,0
850,28330,2269255,879.6,691.3,845.7,580.9,862.65,636.1,0
850,28331,2269256,879.5,691.5,845.8,581.1,862.65,636.3,0
850,28332,2269257,879.3,691.7,845.8,581.3,862.55,636.5,0
850,28333,2269258,879.2,692.1,845.9,581.6,862.55,636.85,0
851,28334,2269259,879.0,692.4,845.9,581.9,862.45,637.15,0
851,28335,2269260,878.8,692.8,845.9,582.1,862.35,637.45,0
851,28336,2269261,878.7,693.1,845.8,582.3,862.25,637.7,0
851,28337,2269262,878.6,693.4,845.7,582.4,862.15,637.9,0
851,28338,2269263,878.5,693.4,845.4,582.4,861.95,637.9,0
851,28339,2269264,878.5,693.3,845.1,582.5,861.8,637.9,0
851,28340,2269265,878.7,693.2,844.7,582.5,861.7,637.85,0
851,28341,2269266,878.9,692.9,844.4,582.5,861.65,637.7,0
851,28342,2269267,879.0,692.7,844.0,582.4,861.5,637.55,0
851,28343,2269268,879.2,692.5,843.8,582.4,861.5,637.45,0
851,28344,2269269,879.2,692.3,843.6,582.4,861.4,637.35,0
851,28345,2269270,879.3,692.3,843.6,582.1,861.45,637.2,0
851,28346,2269271,879.4,692.4,843.6,581.7,861.5,637.05,0
851,28347,2269272,879.4,692.5,843.6,581.4,861.5,636.95,0
851,28348,2269273,879.5,692.7,843.6,581.1,861.55,636.9,0
851,28349,2269274,879.5,693.0,843.6,581.0,861.55,637.0,0
851,28350,2269275,879.6,693.2,843.7,580.9,861.65,637.05,0
851,28351,2269276,879.6,693.4,843.8,580.9,861.7,637.15,0
851,28352,2269277,879.5,693.4,843.9,581.3,861.7,637.35,0
851,28353,2269278,879.4,693.3,843.9,581.7,861.65,637.5,0
851,28354,2269279,879.2,693.3,843.8,582.0,861.5,637.65,0
851,28355,2269280,878.9,693.2,843.7,582.2,861.3,637.7,0
851,28356,2269281,878.6,693.2,843.7,582.3,861.15,637.75,0
851,28357,2269282,878.2,693.1,843.5,582.3,860.85,637.7,0
851,28358,2269283,877.9,693.2,843.2,582.1,860.55,637.65,0
851,28359,2269284,877.6,693.2,843.0,581.8,860.3,637.5,0
851,28360,2269285,877.3,693.2,842.8,581.5,860.05,637.35,0
851,28361,2269286,877.0,693.3,842.7,581.2,859.85,637.25,0
851,28362,2269287,877.0,693.3,842.6,581.0,859.8,637.15,0
851,28363,2269288,877.0,693.4,842.5,580.7,859.75,637.05,0
851,28364,2269289,877.0,693.5,842.5,580.5,859.75,637.0,0
851,28365,2269290,877.0,693.5,842.5,580.3,859.75,636.9,0
851,28366,2269291,877.0,693.6,842.5,580.3,859.75,636.95,0
852,28367,2269292,877.1,693.6,842.5,580.2,859.8,636.9,0
852,28368,2269293,877.1,693.7,842.6,580.2,859.85,636.95,0
852,28369,2269294,877.2,693.7,842.6,580.2,859.9,636.95,0
852,28370,2269295,877.3,693.7,842.7,580.2,860.0,636.95,0
852,28371,2269296,877.3,693.7,842.7,580.0,860.0,636.85,0
852,28372,2269297,877.4,693.5,842.7,579.9,860.05,636.7,0
852,28373,2269298,877.4,693.3,842.7,579.7,860.05,636.5,0
852,28374,2269299,877.4,693.2,842.6,579.5,860.0,636.35,0
852,28375,2269300,877.4,693.0,842.5,579.4,859.95,636.2,0
852,28376,2269301,877.3,692.8,842.5,579.3,859.9,636.05,0
852,28377,2269302,877.3,692.6,842.5,579.4,859.9,636.0,0
852,28378,2269303,877.4,692.4,842.6,579.6,860.0,636.0,0
852,28379,2269304,877.5,692.3,842.8,579.9,860.15,636.1,0
852,28380,2269305,877.6,692.1,842.9,580.0,860.25,636.05,0
852,28381,2269306,877.7,692.0,843.1,580.2,860.4,636.1,0
852,28382,2269307,877.8,691.8,843.2,580.3,860.5,636.05,0
852,28383,2269308,877.7,691.6,843.1,580.0,860.4,635.8,0
852,28384,2269309,877.6,691.5,842.9,579.7,860.25,635.6,0
852,28385,2269310,877.3,691.3,842.6,579.4,859.95,635.35,0
852,28386,2269311,877.1,691.2,842.3,579.1,859.7,635.15,0
852,28387,2269312,876.8,691.2,842.0,578.9,859.4,635.05,0
852,28388,2269313,876.6,691.2,841.8,578.8,859.2,635.0,0
852,28389,2269314,876.3,691.2,841.7,578.7,859.0,634.95,0
852,28390,2269315,876.1,691.2,841.6,578.9,858.85,635.05,0
852,28391,2269316,876.0,691.1,841.6,579.1,858.8,635.1,0
852,28392,2269317,875.9,691.0,841.5,579.1,858.7,635.05,0
852,28393,2269318,875.8,690.8,841.3,579.1,858.55,634.95,0
852,28394,2269319,875.7,690.6,841.1,579.1,858.4,634.85,0
852,28395,2269320,875.7,690.3,840.8,579.0,858.25,634.65,0
852,28396,2269321,875.7,690.1,840.6,579.0,858.15,634.55,0
852,28397,2269322,875.7,689.6,840.4,579.0,858.05,634.3,0
852,28398,2269323,875.7,689.2,840.3,579.0,858.0,634.1,0
852,28399,2269324,875.9,688.9,840.2,579.0,858.05,633.95,0
852,28400,2269325,876.2,688.6,840.1,579.0,858.15,633.8,0
853,28401,2269326,876.4,688.4,840.1,579.0,858.25,633.7,0
853,28402,2269327,876.7,688.1,840.1,579.2,858.4,633.65,0
853,28403,2269328,876.8,687.9,840.2,579.4,858.5,633.65,0
853,28404,2269329,877.0,687.7,840.2,579.6,858.6,633.65,0
853,28405,2269330,876.9,687.4,840.3,579.7,858.6,633.55,0
853,28406,2269331,876.6,687.1,840.3,579.9,858.45,633.5,0
853,28407,2269332,876.3,686.8,840.4,580.0,858.35,633.4,0
853,28408,2269333,876.1,686.6,840.4,580.2,858.25,633.4,0
853,28409,2269334,875.9,686.4,840.4,580.2,858.15,633.3,0
853,28410,2269335,875.8,686.3,840.4,580.2,858.1,633.25,0
853,28411,2269336,875.7,686.3,840.3,580.1,858.0,633.2,0
853,28412,2269337,875.8,686.4,840.1,580.1,857.95,633.25,0
853,28413,2269338,875.8,686.5,839.9,580.0,857.85,633.25,0
853,28414,2269339,875.9,686.6,839.7,580.0,857.8,633.3,0
853,28415,2269340,875.9,686.7,839.5,580.1,857.7,633.4,0
853,28416,2269341,875.8,686.6,839.4,580.1,857.6,633.35,0
853,28417,2269342,875.7,686.6,839.3,580.1,857.5,633.35,0
853,28418,2269343,875.5,686.6,839.3,580.3,857.4,633.45,0
853,28419,2269344,875.4,686.5,839.4,580.5,857.4,633.5,0
853,28420,2269345,875.2,686.4,839.5,580.6,857.35,633.5,0
853,28421,2269346,875.1,686.3,839.6,580.6,857.35,633.45,0
853,28422,2269347,875.0,686.2,839.6,580.7,857.3,633.45,0
853,28423,2269348,874.9,686.0,839.6,580.7,857.25,633.35,0
853,28424,2269349,874.9,685.9,839.6,580.7,857.25,633.3,0
853,28425,2269350,874.9,685.8,839.6,580.7,857.25,633.25,0
853,28426,2269351,875.3,685.6,839.7,580.8,857.5,633.2,0
853,28427,2269352,875.6,685.5,839.9,580.8,857.75,633.15,0
853,28428,2269353,875.9,685.3,840.0,580.9,857.95,633.1,0
853,28429,2269354,876.2,685.2,840.2,581.1,858.2,633.15,0
853,28430,2269355,876.5,685.1,840.4,581.3,858.45,633.2,0
853,28431,2269356,876.8,684.9,840.6,581.8,858.7,633.35,0
853,28432,2269357,877.1,684.8,840.8,582.2,858.95,633.5,0
853,28433,2269358,877.1,684.7,840.9,582.6,859.0,633.65,0
854,28434,2269359,877.1,684.7,840.8,583.0,858.95,633.85,0
854,28435,2269360,877.0,684.7,840.8,583.6,858.9,634.15,0
854,28436,2269361,877.0,684.7,840.8,584.1,858.9,634.4,0
854,28437,2269362,877.1,684.7,840.8,585.1,858.95,634.9,0
854,28438,2269363,877.1,684.7,840.7,585.8,858.9,635.25,0
854,28439,2269364,877.1,684.7,840.7,586.6,858.9,635.65,0
854,28440,2269365,877.2,684.7,840.7,587.4,858.95,636.05,0
854,28441,2269366,877.3,684.7,840.9,588.1,859.1,636.4,0
854,28442,2269367,877.4,684.7,841.0,588.8,859.2,636.75,0
854,28443,2269368,877.4,684.7,841.1,589.4,859.25,637.05,0
854,28444,2269369,877.4,684.7,841.2,589.8,859.3,637.25,0
854,28445,2269370,877.4,684.7,841.3,590.5,859.35,637.6,0
854,28446,2269371,877.4,684.8,841.2,591.2,859.3,638.0,0
854,28447,2269372,877.3,684.8,841.2,592.0,859.25,638.4,0
854,28448,2269373,877.3,684.9,841.1,592.6,859.2,638.75,0
854,28449,2269374,877.3,685.0,840.9,593.2,859.1,639.1,0
854,28450,2269375,877.3,685.0,840.9,593.9,859.1,639.45,0
854,28451,2269376,877.2,685.1,840.8,594.3,859.0,639.7,0
854,28452,2269377,877.3,685.1,840.8,594.4,859.05,639.75,0
854,28453,2269378,877.5,685.1,840.9,594.5,859.2,639.8,0
854,28454,2269379,877.7,685.1,840.9,594.6,859.3,639.85,0
854,28455,2269380,877.9,685.0,840.8,594.9,859.35,639.95,0
854,28456,2269381,878.1,684.9,840.7,595.1,859.4,640.0,0
854,28457,2269382,878.4,684.8,840.5,595.3,859.45,640.05,0
854,28458,2269383,878.7,684.6,840.3,595.4,859.5,640.0,0
854,28459,2269384,878.8,684.5,839.9,595.5,859.35,640.0,0
854,28460,2269385,878.8,684.5,839.5,595.5,859.15,640.0,0
854,28461,2269386,878.7,684.4,839.1,595.4,858.9,639.9,0
854,28462,2269387,878.5,684.3,838.8,595.4,858.65,639.85,0
854,28463,2269388,878.3,684.3,838.5,595.4,858.4,639.85,0
854,28464,2269389,878.0,684.3,838.2,595.4,858.1,639.85,0
854,28465,2269390,877.7,684.4,837.5,595.4,857.6,639.9,0
854,28466,2269391,877.4,684.4,836.9,595.5,857.15,639.95,0
855,28467,2269392,877.1,684.5,836.3,595.6,856.7,640.05,0
855,28468,2269393,877.1,684.6,835.7,595.7,856.4,640.15,0
855,28469,2269394,877.0,684.8,835.2,596.3,856.1,640.55,0
855,28470,2269395,877.0,684.9,834.7,596.8,855.85,640.85,0
855,28471,2269396,877.0,684.7,834.4,597.4,855.7,641.05,0
855,28472,2269397,877.1,684.6,834.5,597.9,855.8,641.25,0
855,28473,2269398,877.2,684.3,834.7,598.3,855.95,641.3,0
855,28474,2269399,877.2,684.0,835.1,598.7,856.15,641.35,0
855,28475,2269400,877.1,683.6,835.5,599.2,856.3,641.4,0
855,28476,2269401,877.1,683.3,835.9,599.2,856.5,641.25,0
855,28477,2269402,877.1,682.9,836.3,599.2,856.7,641.05,0
855,28478,2269403,877.0,682.7,836.4,599.2,856.7,640.95,0
855,28479,2269404,877.0,682.6,836.6,599.3,856.8,640.95,0
855,28480,2269405,876.9,682.5,836.7,599.4,856.8,640.95,0
855,28481,2269406,876.9,682.4,836.6,599.6,856.75,641.0,0
855,28482,2269407,876.9,682.2,836.5,599.9,856.7,641.05,0
855,28483,2269408,876.8,682.1,836.4,600.3,856.6,641.2,0
855,28484,2269409,876.5,682.0,836.4,600.7,856.45,641.35,0
855,28485,2269410,876.3,681.8,836.3,601.2,856.3,641.5,0
855,28486,2269411,876.1,681.7,836.3,601.7,856.2,641.7,0
855,28487,2269412,876.0,681.6,836.3,602.1,856.15,641.85,0
855,28488,2269413,876.0,681.5,836.3,602.4,856.15,641.95,0
855,28489,2269414,876.0,681.5,836.3,602.7,856.15,642.1,0
855,28490,2269415,876.1,681.4,836.4,602.8,856.25,642.1,0
855,28491,2269416,876.4,681.5,836.5,603.0,856.45,642.25,0
855,28492,2269417,876.7,681.6,836.6,603.1,856.65,642.35,0
855,28493,2269418,877.0,681.6,836.7,603.2,856.85,642.4,0
855,28494,2269419,877.1,681.7,836.8,603.5,856.95,642.6,0
855,28495,2269420,877.0,681.7,837.0,603.9,857.0,642.8,0
855,28496,2269421,877.0,681.7,837.1,604.3,857.05,643.0,0
855,28497,2269422,876.9,681.6,837.2,604.7,857.05,643.15,0
855,28498,2269423,876.9,681.5,837.3,605.0,857.1,643.25,0
855,28499,2269424,876.8,681.5,837.5,605.4,857.15,643.45,0
855,28500,2269425,876.7,681.4,837.6,605.7,857.15,643.55,0
856,28501,2269426,876.7,681.3,837.8,605.9,857.25,643.6,0
856,28502,2269427,876.7,681.3,838.0,605.8,857.35,643.55,0
856,28503,2269428,876.7,681.3,838.2,605.6,857.45,643.45,0
856,28504,2269429,876.7,681.4,838.3,605.6,857.5,643.5,0
856,28505,2269430,876.7,681.5,838.5,605.6,857.6,643.55,0
856,28506,2269431,876.8,681.6,838.6,605.6,857.7,643.6,0
856,28507,2269432,876.9,681.8,838.8,605.7,857.85,643.75,0
856,28508,2269433,877.1,681.9,838.9,605.8,858.0,643.85,0
856,28509,2269434,877.2,682.2,839.0,605.9,858.1,644.05,0
856,28510,2269435,877.3,682.6,839.1,606.0,858.2,644.3,0
856,28511,2269436,877.4,682.8,839.2,606.2,858.3,644.5,0
856,28512,2269437,877.4,683.1,839.3,606.3,858.35,644.7,0
856,28513,2269438,877.5,683.3,839.4,606.4,858.45,644.85,0
856,28514,2269439,877.4,683.5,839.5,606.3,858.45,644.9,0
856,28515,2269440,877.3,683.7,839.7,606.2,858.5,644.95,0
856,28516,2269441,877.2,683.7,839.9,606.1,858.55,644.9,0
856,28517,2269442,877.1,683.7,840.0,606.1,858.55,644.9,0
856,28518,2269443,877.0,683.7,840.1,606.0,858.55,644.85,0
856,28519,2269444,877.1,683.7,840.2,605.9,858.65,644.8,0
856,28520,2269445,877.1,683.8,840.3,605.8,858.7,644.8,0
856,28521,2269446,877.2,683.8,840.2,605.7,858.7,644.75,0
856,28522,2269447,877.4,683.7,840.1,605.6,858.75,644.65,0
856,28523,2269448,877.5,683.7,840.0,605.6,858.75,644.65,0
856,28524,2269449,877.6,683.7,839.9,605.6,858.75,644.65,0
856,28525,2269450,877.7,683.7,839.7,605.4,858.7,644.55,0
856,28526,2269451,877.5,683.7,839.6,605.4,858.55,644.55,0
856,28527,2269452,877.3,683.7,839.5,605.6,858.4,644.65,0
856,28528,2269453,877.1,683.7,839.6,606.0,858.35,644.85,0
856,28529,2269454,876.9,683.6,839.7,606.3,858.3,644.95,0
856,28530,2269455,876.8,683.6,839.8,606.7,858.3,645.15,0
856,28531,2269456,876.7,683.3,840.0,607.2,858.35,645.25,0
856,28532,2269457,876.6,683.1,840.1,607.6,858.35,645.35,0
856,28533,2269458,876.7,682.8,840.2,607.7,858.45,645.25,0
857,28534,2269459,876.8,682.5,840.3,607.8,858.55,645.15,0
857,28535,2269460,876.8,682.3,840.0,607.8,858.4,645.05,0
857,28536,2269461,876.9,682.1,839.8,607.7,858.35,644.9,0
857,28537,2269462,876.9,681.8,839.5,607.3,858.2,644.55,0
857,28538,2269463,876.9,681.7,839.3,606.4,858.1,644.05,0
857,28539,2269464,876.9,681.5,839.1,605.6,858.0,643.55,0
857,28540,2269465,876.8,681.2,839.0,604.9,857.9,643.05,0
857,28541,2269466,876.8,680.9,838.9,604.4,857.85,642.65,0
857,28542,2269467,876.8,680.6,839.1,603.9,857.95,642.25,0
857,28543,2269468,876.7,680.3,839.2,603.5,857.95,641.9,0
857,28544,2269469,876.6,680.1,839.3,603.3,857.95,641.7,0
857,28545,2269470,876.5,679.9,839.4,603.6,857.95,641.75,0
857,28546,2269471,876.5,679.8,839.4,603.9,857.95,641.85,0
857,28547,2269472,876.4,679.8,839.5,604.2,857.95,642.0,0
857,28548,2269473,876.4,679.8,839.5,604.3,857.95,642.05,0
857,28549,2269474,876.3,679.7,839.5,604.5,857.9,642.1,0
857,28550,2269475,876.3,679.7,839.6,604.6,857.95,642.15,0
857,28551,2269476,876.3,679.7,839.7,604.3,858.0,642.0,0
857,28552,2269477,876.2,679.9,839.8,604.1,858.0,642.0,0
857,28553,2269478,876.1,680.0,839.8,603.7,857.95,641.85,0
857,28554,2269479,876.0,680.0,839.9,603.1,857.95,641.55,0
857,28555,2269480,875.9,679.9,840.0,602.4,857.95,641.15,0
857,28556,2269481,875.8,679.8,840.2,601.8,858.0,640.8,0
857,28557,2269482,875.8,679.6,840.4,601.2,858.1,640.4,0
857,28558,2269483,875.8,679.3,840.6,600.8,858.2,640.05,0
857,28559,2269484,875.8,679.0,840.8,600.6,858.3,639.8,0
857,28560,2269485,875.9,678.7,841.0,600.4,858.45,639.55,0
857,28561,2269486,875.9,678.4,841.2,600.6,858.55,639.5,0
857,28562,2269487,876.0,678.4,841.3,600.8,858.65,639.6,0
857,28563,2269488,876.3,678.3,841.2,601.0,858.75,639.65,0
857,28564,2269489,876.7,678.5,841.9,601.3,859.3,639.9,0
857,28565,2269490,877.2,678.6,843.0,602.2,860.1,640.4,0
857,28566,2269491,878.3,678.7,845.7,603.8,862.0,641.25,0
858,28567,2269492,880.5,679.1,849.6,606.4,865.05,642.75,0
858,28568,2269493,883.7,679.7,854.3,609.1,869.0,644.4,0
858,28569,2269494,888.5,680.8,860.6,612.7,874.55,646.75,0
858,28570,2269495,895.2,682.2,869.6,617.0,882.4,649.6,0
858,28571,2269496,904.0,684.9,879.8,621.6,891.9,653.25,0
858,28572,2269497,914.9,687.5,891.9,626.9,903.4,657.2,0
858,28573,2269498,927.2,691.3,904.3,631.3,915.75,661.3,0
858,28574,2269499,940.3,696.1,917.9,634.8,929.1,665.45,0
858,28575,2269500,954.3,701.4,932.8,639.2,943.55,670.3,0
858,28576,2269501,968.1,707.2,948.0,642.7,958.05,674.95,0
858,28577,2269502,981.4,712.9,962.4,645.4,971.9,679.15,0
858,28578,2269503,993.6,718.6,976.0,647.9,984.8,683.25,0
858,28579,2269504,1005.2,725.7,988.0,649.3,996.6,687.5,0
858,28580,2269505,1014.7,731.9,998.1,651.1,1006.4,691.5,0
858,28581,2269506,1022.2,737.1,1005.8,652.9,1014.0,695.0,0
858,28582,2269507,1027.8,741.6,1011.2,653.5,1019.5,697.55,0
858,28583,2269508,1032.0,745.1,1013.7,654.1,1022.85,699.6,0
858,28584,2269509,1033.5,748.4,1013.8,654.6,1023.65,701.5,0
858,28585,2269510,1033.2,750.5,1011.9,654.9,1022.55,702.7,0
858,28586,2269511,1031.3,751.3,1009.0,654.9,1020.15,703.1,0
858,28587,2269512,1028.9,751.9,1005.8,654.5,1017.35,703.2,0
858,28588,2269513,1026.1,752.1,1002.6,654.1,1014.35,703.1,0
858,28589,2269514,1023.4,752.1,999.4,653.8,1011.4,702.95,0
858,28590,2269515,1020.2,751.8,997.2,653.0,1008.7,702.4,0
858,28591,2269516,1018.0,751.3,995.4,652.2,1006.7,701.75,0
858,28592,2269517,1016.4,750.7,994.7,651.3,1005.55,701.0,0
858,28593,2269518,1014.8,750.0,994.7,650.6,1004.75,700.3,0
858,28594,2269519,1013.8,749.3,995.0,649.8,1004.4,699.55,0
858,28595,2269520,1012.9,748.6,995.3,649.1,1004.1,698.85,0
858,28596,2269521,1012.0,747.7,995.7,648.4,1003.85,698.05,0
858,28597,2269522,1011.6,747.2,996.3,648.2,1003.95,697.7,0
858,28598,2269523,1011.2,746.6,996.9,648.1,1004.05,697.35,0
858,28599,2269524,1010.7,746.0,997.3,648.3,1004.0,697.15,0
858,28600,2269525,1010.4,745.4,997.3,648.4,1003.85,696.9,0
859,28601,2269526,1010.0,744.8,997.2,648.6,1003.6,696.7,0
859,28602,2269527,1009.6,744.3,997.0,649.0,1003.3,696.65,0
859,28603,2269528,1009.2,744.1,996.8,649.3,1003.0,696.7,0
859,28604,2269529,1008.8,743.7,996.7,649.5,1002.75,696.6,0
859,28605,2269530,1008.4,743.6,996.5,649.8,1002.45,696.7,0
859,28606,2269531,1008.1,743.3,996.4,650.0,1002.25,696.65,0
859,28607,2269532,1007.8,743.0,996.3,650.1,1002.05,696.55,0
859,28608,2269533,1007.6,742.7,996.3,650.3,1001.95,696.5,0
859,28609,2269534,1007.6,742.4,996.4,650.2,1002.0,696.3,0
859,28610,2269535,1007.7,742.1,996.4,650.3,1002.05,696.2,0
859,28611,2269536,1007.7,741.9,996.5,650.4,1002.1,696.15,0
859,28612,2269537,1007.8,741.8,996.6,650.7,1002.2,696.25,0
859,28613,2269538,1007.9,741.9,996.7,651.0,1002.3,696.45,0
859,28614,2269539,1008.0,742.0,996.8,651.4,1002.4,696.7,0
859,28615,2269540,1008.2,742.0,996.9,651.7,1002.55,696.85,0
859,28616,2269541,1008.4,741.9,996.9,652.1,1002.65,697.0,0
859,28617,2269542,1008.7,741.9,997.0,652.3,1002.85,697.1,0
859,28618,2269543,1009.2,741.6,997.1,652.5,1003.15,697.05,0
859,28619,2269544,1009.6,741.2,997.0,652.5,1003.3,696.85,0
859,28620,2269545,1010.1,740.5,996.9,652.6,1003.5,696.55,0
859,28621,2269546,1010.5,739.6,996.8,652.7,1003.65,696.15,0
859,28622,2269547,1010.9,738.9,996.7,652.9,1003.8,695.9,0
859,28623,2269548,1011.2,738.1,996.6,653.1,1003.9,695.6,0
859,28624,2269549,1011.2,737.4,996.5,653.3,1003.85,695.35,0
859,28625,2269550,1011.1,736.7,996.4,653.3,1003.75,695.0,0
859,28626,2269551,1011.0,736.1,996.2,653.3,1003.6,694.7,0
859,28627,2269552,1010.9,735.9,995.9,653.2,1003.4,694.55,0
859,28628,2269553,1010.8,735.7,995.6,652.9,1003.2,694.3,0
859,28629,2269554,1010.6,735.6,995.2,652.6,1002.9,694.1,0
859,28630,2269555,1010.5,735.5,994.8,652.2,1002.65,693.85,0
859,28631,2269556,1010.4,735.3,994.4,651.9,1002.4,693.6,0
859,28632,2269557,1010.5,735.2,994.0,651.8,1002.25,693.5,0
859,28633,2269558,1010.5,735.1,993.5,652.0,1002.0,693.55,0
860,28634,2269559,1010.6,735.0,993.1,652.2,1001.85,693.6,0
860,28635,2269560,1010.5,735.0,992.7,652.5,1001.6,693.75,0
860,28636,2269561,1010.4,734.9,992.4,652.8,1001.4,693.85,0
860,28637,2269562,1010.3,734.8,992.0,653.1,1001.15,693.95,0
860,28638,2269563,1010.3,734.3,991.5,653.3,1000.9,693.8,0
860,28639,2269564,1010.2,733.9,991.0,653.5,1000.6,693.7,0
860,28640,2269565,1010.3,733.4,990.9,653.4,1000.6,693.4,0
860,28641,2269566,1010.3,733.1,990.7,653.4,1000.5,693.25,0
860,28642,2269567,1010.5,732.8,990.7,653.4,1000.6,693.1,0
860,28643,2269568,1010.7,732.7,990.6,653.4,1000.65,693.05,0
860,28644,2269569,1010.8,732.6,990.7,653.3,1000.75,692.95,0
860,28645,2269570,1010.9,732.9,990.9,653.1,1000.9,693.0,0
860,28646,2269571,1011.0,733.2,991.0,652.9,1001.0,693.05,0
860,28647,2269572,1011.0,733.4,991.1,652.7,1001.05,693.05,0
860,28648,2269573,1010.8,733.5,991.1,652.4,1000.95,692.95,0
860,28649,2269574,1010.7,733.3,991.1,652.1,1000.9,692.7,0
860,28650,2269575,1010.5,733.1,991.0,651.8,1000.75,692.45,0
860,28651,2269576,1010.3,732.9,990.9,651.5,1000.6,692.2,0
860,28652,2269577,1010.2,732.5,990.8,651.4,1000.5,691.95,0
860,28653,2269578,1010.1,732.1,990.6,651.2,1000.35,691.65,0
860,28654,2269579,1010.4,731.7,990.5,651.1,1000.45,691.4,0
860,28655,2269580,1010.7,731.8,990.4,651.0,1000.55,691.4,0
860,28656,2269581,1011.1,731.9,990.3,650.9,1000.7,691.4,0
860,28657,2269582,1011.5,732.0,990.1,650.8,1000.8,691.4,0
860,28658,2269583,1011.9,732.1,990.0,650.9,1000.95,691.5,0
860,28659,2269584,1012.2,732.4,990.0,651.0,1001.1,691.7,0
860,28660,2269585,1012.5,732.7,990.0,651.0,1001.25,691.85,0
860,28661,2269586,1012.6,733.0,990.2,651.3,1001.4,692.15,0
860,28662,2269587,1012.7,733.1,990.4,651.6,1001.55,692.35,0
860,28663,2269588,1012.8,733.2,990.6,652.1,1001.7,692.65,0
860,28664,2269589,1012.8,733.3,990.9,652.6,1001.85,692.95,0
860,28665,2269590,1012.9,733.3,991.1,653.0,1002.0,693.15,0
860,28666,2269591,1012.9,733.4,991.3,653.2,1002.1,693.3,0
861,28667,2269592,1012.9,733.4,991.4,653.5,1002.15,693.45,0
861,28668,2269593,1012.7,733.4,991.4,653.5,1002.05,693.45,0
861,28669,2269594,1012.6,733.4,991.4,653.5,1002.0,693.45,0
861,28670,2269595,1012.5,733.4,991.4,653.4,1001.95,693.4,0
861,28671,2269596,1012.5,733.4,991.4,653.1,1001.95,693.25,0
861,28672,2269597,1012.7,733.5,991.4,652.9,1002.05,693.2,0
861,28673,2269598,1013.0,733.6,991.4,652.8,1002.2,693.2,0
861,28674,2269599,1013.2,733.7,991.4,652.7,1002.3,693.2,0
861,28675,2269600,1013.5,733.8,991.4,652.6,1002.45,693.2,0
861,28676,2269601,1013.7,733.9,991.4,652.7,1002.55,693.3,0
861,28677,2269602,1013.7,733.9,991.5,652.8,1002.6,693.35,0
861,28678,2269603,1013.7,734.0,991.5,652.9,1002.6,693.45,0
861,28679,2269604,1013.6,734.0,991.5,653.0,1002.55,693.5,0
861,28680,2269605,1013.5,734.2,991.5,653.1,1002.5,693.65,0
861,28681,2269606,1013.5,734.3,991.5,653.1,1002.5,693.7,0
861,28682,2269607,1013.4,734.5,991.5,653.1,1002.45,693.8,0
861,28683,2269608,1013.4,734.6,991.6,652.8,1002.5,693.7,0
861,28684,2269609,1013.6,734.7,992.0,652.6,1002.8,693.65,0
861,28685,2269610,1013.7,734.8,992.3,652.4,1003.0,693.6,0
861,28686,2269611,1013.7,734.7,992.6,652.3,1003.15,693.5,0
861,28687,2269612,1013.7,734.5,993.0,652.1,1003.35,693.3,0
861,28688,2269613,1013.7,734.1,993.3,652.0,1003.5,693.05,0
861,28689,2269614,1013.6,733.7,993.6,652.0,1003.6,692.85,0
861,28690,2269615,1013.7,733.2,993.8,652.1,1003.75,692.65,0
861,28691,2269616,1013.8,732.8,993.8,652.2,1003.8,692.5,0
861,28692,2269617,1013.9,732.4,993.8,652.2,1003.85,692.3,0
861,28693,2269618,1014.0,732.3,993.8,652.3,1003.9,692.3,0
861,28694,2269619,1014.1,732.1,993.7,652.2,1003.9,692.15,0
861,28695,2269620,1014.2,732.0,993.8,652.1,1004.0,692.05,0
861,28696,2269621,1014.3,731.9,993.8,651.8,1004.05,691.85,0
861,28697,2269622,1014.2,731.8,993.9,651.5,1004.05,691.65,0
861,28698,2269623,1014.1,731.6,993.9,651.1,1004.0,691.35,0
861,28699,2269624,1013.9,731.4,994.0,650.7,1003.95,691.05,0
861,28700,2269625,1013.6,731.2,994.1,650.3,1003.85,690.75,0
862,28701,2269626,1013.2,731.0,994.1,650.1,1003.65,690.55,0
862,28702,2269627,1012.7,730.8,994.2,649.9,1003.45,690.35,0
862,28703,2269628,1012.3,730.6,994.2,649.7,1003.25,690.15,0
862,28704,2269629,1011.9,730.4,994.3,649.5,1003.1,689.95,0
862,28705,2269630,1011.8,730.0,994.3,649.1,1003.05,689.55,0
862,28706,2269631,1011.6,729.7,994.4,648.7,1003.0,689.2,0
862,28707,2269632,1011.7,729.3,994.5,648.3,1003.1,688.8,0
862,28708,2269633,1011.9,729.0,994.5,648.0,1003.2,688.5,0
862,28709,2269634,1012.2,728.7,994.5,647.7,1003.35,688.2,0
862,28710,2269635,1012.5,728.4,994.5,647.5,1003.5,687.95,0
862,28711,2269636,1012.7,728.2,994.5,647.5,1003.6,687.85,0
862,28712,2269637,1012.8,728.2,994.4,647.5,1003.6,687.85,0
862,28713,2269638,1012.9,728.2,994.3,647.5,1003.6,687.85,0
862,28714,2269639,1013.0,728.3,994.2,647.4,1003.6,687.85,0
862,28715,2269640,1012.9,728.3,994.0,647.3,1003.45,687.8,0
862,28716,2269641,1012.9,728.3,993.8,647.2,1003.35,687.75,0
862,28717,2269642,1012.9,728.3,993.6,647.0,1003.25,687.65,0
862,28718,2269643,1013.0,728.3,993.6,646.7,1003.3,687.5,0
862,28719,2269644,1013.0,728.3,993.6,646.4,1003.3,687.35,0
862,28720,2269645,1013.1,728.3,993.6,646.2,1003.35,687.25,0
862,28721,2269646,1013.1,728.1,993.7,646.0,1003.4,687.05,0
862,28722,2269647,1013.2,728.0,994.0,645.9,1003.6,686.95,0
862,28723,2269648,1013.1,727.9,994.2,645.8,1003.65,686.85,0
862,28724,2269649,1012.9,727.8,994.4,645.7,1003.65,686.75,0
862,28725,2269650,1012.8,727.7,994.5,645.6,1003.65,686.65,0
862,28726,2269651,1012.8,727.7,994.5,645.5,1003.65,686.6,0
862,28727,2269652,1012.7,727.7,994.5,645.4,1003.6,686.55,0
862,28728,2269653,1012.7,727.8,994.4,645.3,1003.55,686.55,0
862,28729,2269654,1012.6,727.9,994.3,645.3,1003.45,686.6,0
862,28730,2269655,1012.7,728.0,994.1,645.1,1003.4,686.55,0
862,28731,2269656,1012.6,728.0,994.0,644.9,1003.3,686.45,0
862,28732,2269657,1012.6,727.9,993.8,644.7,1003.2,686.3,0
862,28733,2269658,1012.3,727.7,993.7,644.5,1003.0,686.1,0
863,28734,2269659,1012.0,727.4,993.6,644.3,1002.8,685.85,0
863,28735,2269660,1011.7,727.2,993.5,644.0,1002.6,685.6,0
863,28736,2269661,1011.5,727.0,993.5,643.6,1002.5,685.3,0
863,28737,2269662,1011.4,726.9,993.5,643.3,1002.45,685.1,0
863,28738,2269663,1011.4,726.7,993.6,643.0,1002.5,684.85,0
863,28739,2269664,1011.4,726.7,993.6,642.8,1002.5,684.75,0
863,28740,2269665,1011.6,726.7,993.7,642.6,1002.65,684.65,0
863,28741,2269666,1011.8,726.7,993.8,642.4,1002.8,684.55,0
863,28742,2269667,1012.0,726.7,993.7,642.3,1002.85,684.5,0
863,28743,2269668,1012.2,726.8,993.6,642.1,1002.9,684.45,0
863,28744,2269669,1012.2,726.8,993.5,642.0,1002.85,684.4,0
863,28745,2269670,1012.3,726.8,993.3,641.7,1002.8,684.25,0
863,28746,2269671,1012.2,726.8,993.0,641.3,1002.6,684.05,0
863,28747,2269672,1012.2,726.9,992.7,640.9,1002.45,683.9,0
863,28748,2269673,1012.2,727.0,992.4,640.6,1002.3,683.8,0
863,28749,2269674,1012.1,727.1,992.2,640.3,1002.15,683.7,0
863,28750,2269675,1012.0,727.2,992.1,640.0,1002.05,683.6,0
863,28751,2269676,1011.8,727.5,992.0,639.6,1001.9,683.55,0
863,28752,2269677,1011.8,727.8,992.1,639.4,1001.95,683.6,0
863,28753,2269678,1011.7,728.0,992.1,639.3,1001.9,683.65,0
863,28754,2269679,1011.6,728.2,992.0,639.2,1001.8,683.7,0
863,28755,2269680,1011.6,728.3,991.9,639.0,1001.75,683.65,0
863,28756,2269681,1011.5,728.4,991.8,638.6,1001.65,683.5,0
863,28757,2269682,1011.4,728.3,991.7,638.3,1001.55,683.3,0
863,28758,2269683,1011.3,728.3,991.6,638.1,1001.45,683.2,0
863,28759,2269684,1011.2,728.2,991.5,637.8,1001.35,683.0,0
863,28760,2269685,1011.1,728.1,991.5,637.4,1001.3,682.75,0
863,28761,2269686,1011.0,728.1,991.7,637.2,1001.35,682.65,0
863,28762,2269687,1011.0,728.2,992.0,636.9,1001.5,682.55,0
863,28763,2269688,1011.0,728.3,992.1,636.3,1001.55,682.3,0
863,28764,2269689,1011.1,728.4,992.3,635.7,1001.7,682.05,0
863,28765,2269690,1011.2,728.5,992.4,635.3,1001.8,681.9,0
863,28766,2269691,1011.4,728.7,992.3,634.9,1001.85,681.8,0
864,28767,2269692,1011.5,728.9,992.1,634.4,1001.8,681.65,0
864,28768,2269693,1011.5,729.0,991.8,634.0,1001.65,681.5,0
864,28769,2269694,1011.3,729.2,991.3,633.5,1001.3,681.35,0
864,28770,2269695,1011.1,729.4,991.0,633.5,1001.05,681.45,0
864,28771,2269696,1010.8,729.6,990.7,633.4,1000.75,681.5,0
864,28772,2269697,1010.5,729.8,990.5,633.3,1000.5,681.55,0
864,28773,2269698,1010.3,729.8,990.4,633.2,1000.35,681.5,0
864,28774,2269699,1010.1,729.8,990.4,633.1,1000.25,681.45,0
864,28775,2269700,1010.1,729.8,990.4,633.1,1000.25,681.45,0
864,28776,2269701,1010.3,729.8,990.3,633.0,1000.3,681.4,0
864,28777,2269702,1010.6,730.0,990.3,633.0,1000.45,681.5,0
864,28778,2269703,1010.8,730.4,990.2,633.1,1000.5,681.75,0
864,28779,2269704,1011.0,730.9,990.1,633.4,1000.55,682.15,0
864,28780,2269705,1011.2,731.5,990.0,633.7,1000.6,682.6,0
864,28781,2269706,1011.4,732.0,989.9,633.9,1000.65,682.95,0
864,28782,2269707,1011.4,732.5,989.9,634.1,1000.65,683.3,0
864,28783,2269708,1011.0,732.7,990.0,634.2,1000.5,683.45,0
864,28784,2269709,1010.7,732.6,990.0,634.2,1000.35,683.4,0
864,28785,2269710,1010.5,732.3,990.0,634.2,1000.25,683.25,0
864,28786,2269711,1010.2,732.1,990.0,633.8,1000.1,682.95,0
864,28787,2269712,1009.9,731.9,990.0,633.4,999.95,682.65,0
864,28788,2269713,1009.7,731.8,989.9,633.1,999.8,682.45,0
864,28789,2269714,1009.4,731.7,989.9,632.6,999.65,682.15,0
864,28790,2269715,1009.4,732.0,989.8,632.2,999.6,682.1,0
864,28791,2269716,1009.3,732.2,989.8,631.9,999.55,682.05,0
864,28792,2269717,1009.2,732.5,989.9,631.6,999.55,682.05,0
864,28793,2269718,1009.1,732.8,989.9,631.4,999.5,682.1,0
864,28794,2269719,1009.0,733.1,990.0,631.3,999.5,682.2,0
864,28795,2269720,1008.9,733.3,990.1,631.3,999.5,682.3,0
864,28796,2269721,1008.9,733.6,990.3,631.5,999.6,682.55,0
864,28797,2269722,1008.9,733.9,990.4,631.7,999.65,682.8,0
864,28798,2269723,1009.0,734.2,990.6,631.9,999.8,683.05,0
864,28799,2269724,1009.3,734.5,990.8,632.1,1000.05,683.3,0
864,28800,2269725,1009.6,734.6,991.1,632.4,1000.35,683.5,0
865,28801,2269726,1009.8,734.7,991.3,632.8,1000.55,683.75,0
865,28802,2269727,1010.1,734.9,991.5,633.1,1000.8,684.0,0
865,28803,2269728,1010.3,734.9,991.9,633.7,1001.1,684.3,0
865,28804,2269729,1010.5,735.0,992.3,634.2,1001.4,684.6,0
865,28805,2269730,1010.6,735.0,992.7,634.7,1001.65,684.85,0
865,28806,2269731,1010.5,735.0,993.1,635.0,1001.8,685.0,0
865,28807,2269732,1010.3,734.9,993.4,635.2,1001.85,685.05,0
865,28808,2269733,1010.2,734.8,993.7,635.3,1001.95,685.05,0
865,28809,2269734,1010.1,734.7,994.0,635.3,1002.05,685.0,0
865,28810,2269735,1010.0,734.5,994.2,634.8,1002.1,684.65,0
865,28811,2269736,1009.8,734.2,994.4,634.2,1002.1,684.2,0
865,28812,2269737,1009.6,734.0,994.5,633.8,1002.05,683.9,0
865,28813,2269738,1009.6,734.0,994.5,633.3,1002.05,683.65,0
865,28814,2269739,1009.5,734.0,994.4,632.9,1001.95,683.45,0
865,28815,2269740,1009.4,734.1,994.3,632.4,1001.85,683.25,0
865,28816,2269741,1008.9,734.1,994.2,631.4,1001.55,682.75,0
865,28817,2269742,1008.2,733.9,993.4,630.7,1000.8,682.3,0
865,28818,2269743,1007.0,733.0,992.0,629.6,999.5,681.3,0
865,28819,2269744,1004.5,732.0,989.9,628.5,997.2,680.25,0
865,28820,2269745,1001.3,730.2,986.4,626.5,993.85,678.35,0
865,28821,2269746,996.7,727.0,980.9,623.2,988.8,675.1,0
865,28822,2269747,991.0,722.9,973.6,619.6,982.3,671.25,0
865,28823,2269748,984.7,717.9,964.2,616.1,974.45,667.0,0
865,28824,2269749,977.1,712.3,953.8,611.1,965.45,661.7,0
865,28825,2269750,968.5,706.3,943.2,605.9,955.85,656.1,0
865,28826,2269751,959.9,699.1,933.3,599.5,946.6,649.3,0
865,28827,2269752,951.4,692.4,924.4,592.9,937.9,642.65,0
865,28828,2269753,943.6,686.7,917.0,585.9,930.3,636.3,0
865,28829,2269754,936.2,680.7,911.2,578.8,923.7,629.75,0
865,28830,2269755,929.1,674.6,907.5,571.8,918.3,623.2,0
865,28831,2269756,923.5,669.3,905.0,566.1,914.25,617.7,0
865,28832,2269757,919.7,664.5,903.4,560.6,911.55,612.55,0
865,28833,2269758,917.1,661.1,901.9,555.6,909.5,608.35,0
866,28834,2269759,915.5,657.7,901.1,551.8,908.3,604.75,0
866,28835,2269760,914.8,654.7,901.3,549.4,908.05,602.05,0
866,28836,2269761,915.1,653.2,901.7,547.4,908.4,600.3,0
866,28837,2269762,916.5,653.2,902.1,545.6,909.3,599.4,0
866,28838,2269763,918.1,653.3,902.9,544.1,910.5,598.7,0
866,28839,2269764,919.7,654.0,903.7,542.6,911.7,598.3,0
866,28840,2269765,921.3,654.8,904.2,541.7,912.75,598.25,0
866,28841,2269766,922.5,655.7,904.4,540.9,913.45,598.3,0
866,28842,2269767,923.5,656.6,903.6,540.3,913.55,598.45,0
866,28843,2269768,924.3,657.4,902.7,539.9,913.5,598.65,0
866,28844,2269769,924.6,657.7,901.7,539.6,913.15,598.65,0
866,28845,2269770,924.7,657.9,900.7,539.8,912.7,598.85,0
866,28846,2269771,924.8,658.0,899.6,540.2,912.2,599.1,0
866,28847,2269772,925.0,658.1,898.6,540.7,911.8,599.4,0
866,28848,2269773,925.1,658.2,897.6,541.2,911.35,599.7,0
866,28849,2269774,925.4,658.3,897.1,541.7,911.25,600.0,0
866,28850,2269775,925.5,658.4,896.8,542.4,911.15,600.4,0
866,28851,2269776,925.7,658.5,896.4,543.3,911.05,600.9,0
866,28852,2269777,926.0,659.0,895.9,544.2,910.95,601.6,0
866,28853,2269778,926.3,659.5,895.6,545.1,910.95,602.3,0
866,28854,2269779,926.5,659.9,895.4,546.0,910.95,602.95,0
866,28855,2269780,926.7,660.4,895.4,546.5,911.05,603.45,0
866,28856,2269781,926.8,660.7,895.3,546.9,911.05,603.8,0
866,28857,2269782,927.0,660.9,895.3,546.9,911.15,603.9,0
866,28858,2269783,927.1,661.2,895.5,546.6,911.3,603.9,0
866,28859,2269784,927.1,661.2,895.8,546.0,911.45,603.6,0
866,28860,2269785,927.1,661.1,896.1,545.3,911.6,603.2,0
866,28861,2269786,927.1,660.9,896.4,544.6,911.75,602.75,0
866,28862,2269787,927.0,660.7,896.6,544.4,911.8,602.55,0
866,28863,2269788,927.0,660.5,896.9,544.2,911.95,602.35,0
866,28864,2269789,927.0,660.2,897.2,544.1,912.1,602.15,0
866,28865,2269790,927.0,660.0,897.2,544.1,912.1,602.05,0
866,28866,2269791,927.2,659.9,897.2,544.1,912.2,602.0,0
867,28867,2269792,927.4,659.8,897.1,544.1,912.25,601.95,0
867,28868,2269793,927.6,659.9,897.0,544.2,912.3,602.05,0
867,28869,2269794,927.6,660.1,896.8,544.2,912.2,602.15,0
867,28870,2269795,927.5,660.3,896.7,544.3,912.1,602.3,0
867,28871,2269796,927.2,660.6,896.7,544.3,911.95,602.45,0
867,28872,2269797,926.9,661.0,896.6,544.4,911.75,602.7,0
867,28873,2269798,926.4,661.3,896.6,544.4,911.5,602.85,0
867,28874,2269799,926.0,661.6,896.6,544.4,911.3,603.0,0
867,28875,2269800,925.7,661.7,896.5,544.4,911.1,603.05,0
867,28876,2269801,925.7,661.8,896.4,544.5,911.05,603.15,0
867,28877,2269802,925.8,661.8,896.3,544.5,911.05,603.15,0
867,28878,2269803,925.9,661.7,896.1,544.5,911.0,603.1,0
867,28879,2269804,926.0,661.6,896.0,544.6,911.0,603.1,0
867,28880,2269805,926.1,661.4,895.8,544.7,910.95,603.05,0
867,28881,2269806,926.1,661.3,895.7,545.0,910.9,603.15,0
867,28882,2269807,926.0,661.3,895.8,545.4,910.9,603.35,0
867,28883,2269808,925.7,661.4,895.7,545.8,910.7,603.6,0
867,28884,2269809,925.4,661.5,895.4,546.2,910.4,603.85,0
867,28885,2269810,925.1,661.7,895.1,546.7,910.1,604.2,0
867,28886,2269811,925.0,661.9,894.8,547.1,909.9,604.5,0
867,28887,2269812,924.8,662.1,894.3,547.4,909.55,604.75,0
867,28888,2269813,924.7,662.4,893.7,547.6,909.2,605.0,0
867,28889,2269814,924.7,662.6,893.1,547.7,908.9,605.15,0
867,28890,2269815,924.7,663.0,892.5,547.8,908.6,605.4,0
867,28891,2269816,924.8,663.4,892.1,548.3,908.45,605.85,0
867,28892,2269817,924.8,663.7,891.4,548.8,908.1,606.25,0
867,28893,2269818,924.9,663.9,890.7,549.2,907.8,606.55,0
867,28894,2269819,925.0,664.1,890.3,549.7,907.65,606.9,0
867,28895,2269820,925.0,663.9,889.8,550.1,907.4,607.0,0
867,28896,2269821,925.1,663.8,889.5,550.3,907.3,607.05,0
867,28897,2269822,925.1,663.5,889.2,550.5,907.15,607.0,0
867,28898,2269823,925.2,663.6,889.0,550.4,907.1,607.0,0
867,28899,2269824,925.4,663.7,889.0,550.3,907.2,607.0,0
867,28900,2269825,925.6,664.1,889.1,550.3,907.35,607.2,0
868,28901,2269826,925.8,664.6,889.2,550.4,907.5,607.5,0
868,28902,2269827,926.1,665.3,889.3,550.6,907.7,607.95,0
868,28903,2269828,926.3,666.0,889.4,550.8,907.85,608.4,0
868,28904,2269829,926.6,666.7,889.4,550.4,908.0,608.55,0
868,28905,2269830,926.9,666.9,889.5,550.0,908.2,608.45,0
868,28906,2269831,927.1,667.1,889.6,549.4,908.35,608.25,0
868,28907,2269832,927.3,667.0,889.5,548.6,908.4,607.8,0
868,28908,2269833,927.4,666.7,889.6,547.7,908.5,607.2,0
868,28909,2269834,927.6,666.6,889.7,546.9,908.65,606.75,0
868,28910,2269835,927.8,666.4,889.8,546.1,908.8,606.25,0
868,28911,2269836,927.9,666.3,889.9,546.0,908.9,606.15,0
868,28912,2269837,927.9,666.2,890.1,546.1,909.0,606.15,0
868,28913,2269838,927.8,666.1,890.5,546.3,909.15,606.2,0
868,28914,2269839,927.7,666.2,890.9,546.5,909.3,606.35,0
868,28915,2269840,927.4,666.3,891.2,546.7,909.3,606.5,0
868,28916,2269841,927.1,666.5,891.5,546.9,909.3,606.7,0
868,28917,2269842,926.7,666.8,891.8,547.0,909.25,606.9,0
868,28918,2269843,926.3,667.0,892.0,546.9,909.15,606.95,0
868,28919,2269844,925.9,667.3,892.1,546.7,909.0,607.0,0
868,28920,2269845,925.9,667.7,892.0,546.4,908.95,607.05,0
868,28921,2269846,925.8,667.9,892.0,546.3,908.9,607.1,0
868,28922,2269847,925.9,668.3,892.0,546.1,908.95,607.2,0
868,28923,2269848,926.0,668.5,892.1,546.1,909.05,607.3,0
868,28924,2269849,926.2,668.8,892.2,546.0,909.2,607.4,0
868,28925,2269850,926.3,669.0,892.3,546.6,909.3,607.8,0
868,28926,2269851,926.5,669.1,892.4,547.1,909.45,608.1,0
868,28927,2269852,926.5,669.2,892.5,547.7,909.5,608.45,0
868,28928,2269853,926.7,669.3,892.6,548.2,909.65,608.75,0
868,28929,2269854,926.8,669.2,892.6,548.5,909.7,608.85,0
868,28930,2269855,927.0,669.1,892.6,548.9,909.8,609.0,0
868,28931,2269856,927.1,669.1,892.5,549.3,909.8,609.2,0
868,28932,2269857,927.3,669.1,892.4,549.3,909.85,609.2,0
868,28933,2269858,927.5,669.0,892.4,549.3,909.95,609.15,0
869,28934,2269859,927.6,669.0,892.3,549.3,909.95,609.15,0
869,28935,2269860,927.7,669.0,892.2,549.3,909.95,609.15,0
869,28936,2269861,927.8,669.0,892.1,549.2,909.95,609.1,0
869,28937,2269862,927.8,669.0,891.7,549.1,909.75,609.05,0
869,28938,2269863,927.8,669.0,891.4,548.9,909.6,608.95,0
869,28939,2269864,927.7,668.9,891.0,548.8,909.35,608.85,0
869,28940,2269865,927.6,668.7,890.5,548.6,909.05,608.65,0
869,28941,2269866,927.6,668.6,890.0,548.5,908.8,608.55,0
869,28942,2269867,927.5,668.4,889.6,548.5,908.55,608.45,0
869,28943,2269868,927.5,668.3,889.1,548.6,908.3,608.45,0
869,28944,2269869,927.5,668.0,888.9,548.7,908.2,608.35,0
869,28945,2269870,927.6,667.8,888.7,548.8,908.15,608.3,0
869,28946,2269871,927.6,667.5,888.6,548.8,908.1,608.15,0
869,28947,2269872,927.6,667.3,888.5,548.7,908.05,608.0,0
869,28948,2269873,927.6,667.2,888.5,548.6,908.05,607.9,0
869,28949,2269874,927.6,667.0,888.5,548.5,908.05,607.75,0
869,28950,2269875,927.6,666.9,888.6,548.5,908.1,607.7,0
869,28951,2269876,927.5,666.8,888.6,548.4,908.05,607.6,0
869,28952,2269877,927.5,666.8,888.8,548.2,908.15,607.5,0
869,28953,2269878,927.7,666.9,889.0,548.1,908.35,607.5,0
869,28954,2269879,927.8,666.9,889.2,548.0,908.5,607.45,0
869,28955,2269880,928.0,667.0,889.4,547.9,908.7,607.45,0
869,28956,2269881,928.2,667.0,889.6,547.9,908.9,607.45,0
869,28957,2269882,928.4,667.0,889.8,547.8,909.1,607.4,0
869,28958,2269883,928.5,667.0,890.0,547.7,909.25,607.35,0
869,28959,2269884,928.6,667.0,890.1,547.6,909.35,607.3,0
869,28960,2269885,928.6,667.0,890.3,547.4,909.45,607.2,0
869,28961,2269886,928.6,667.0,890.6,547.3,909.6,607.15,0
869,28962,2269887,928.7,667.0,891.0,547.2,909.85,607.1,0
869,28963,2269888,928.7,667.0,891.8,546.9,910.25,606.95,0
869,28964,2269889,928.6,667.1,892.5,546.8,910.55,606.95,0
869,28965,2269890,928.5,667.1,893.4,546.7,910.95,606.9,0
869,28966,2269891,928.5,667.2,894.1,546.8,911.3,607.0,0
870,28967,2269892,928.4,667.3,894.7,547.1,911.55,607.2,0
870,28968,2269893,928.3,667.3,895.2,547.5,911.75,607.4,0
870,28969,2269894,928.2,667.4,895.5,547.9,911.85,607.65,0
870,28970,2269895,928.2,667.4,895.6,548.4,911.9,607.9,0
870,28971,2269896,928.3,667.5,895.6,548.9,911.95,608.2,0
870,28972,2269897,928.3,667.6,895.5,549.3,911.9,608.45,0
870,28973,2269898,928.5,667.7,895.4,549.9,911.95,608.8,0
870,28974,2269899,928.7,667.7,895.2,550.1,911.95,608.9,0
870,28975,2269900,928.9,667.8,894.9,550.4,911.9,609.1,0
870,28976,2269901,929.1,667.8,894.6,550.6,911.85,609.2,0
870,28977,2269902,929.3,667.5,894.2,550.9,911.75,609.2,0
870,28978,2269903,929.5,667.1,893.9,551.1,911.7,609.1,0
870,28979,2269904,929.6,666.7,893.4,551.2,911.5,608.95,0
870,28980,2269905,929.7,666.2,892.7,551.2,911.2,608.7,0
870,28981,2269906,929.8,665.6,892.1,551.1,910.95,608.35,0
870,28982,2269907,929.8,664.9,891.4,551.0,910.6,607.95,0
870,28983,2269908,929.7,664.2,890.8,550.9,910.25,607.55,0
870,28984,2269909,929.7,663.8,890.2,550.8,909.95,607.3,0
870,28985,2269910,929.7,663.4,889.6,550.8,909.65,607.1,0
870,28986,2269911,929.8,662.9,889.1,550.8,909.45,606.85,0
870,28987,2269912,929.8,662.4,889.0,550.7,909.4,606.55,0
870,28988,2269913,929.8,662.1,888.9,550.5,909.35,606.3,0
870,28989,2269914,929.8,661.9,888.9,550.3,909.35,606.1,0
870,28990,2269915,929.9,661.7,889.0,550.1,909.45,605.9,0
870,28991,2269916,929.9,661.6,889.1,549.7,909.5,605.65,0
870,28992,2269917,929.9,661.4,889.2,549.4,909.55,605.4,0
870,28993,2269918,929.8,661.4,889.3,549.0,909.55,605.2,0
870,28994,2269919,929.7,661.2,889.4,548.7,909.55,604.95,0
870,28995,2269920,929.6,661.0,889.7,548.5,909.65,604.75,0
870,28996,2269921,929.5,660.8,890.0,548.3,909.75,604.55,0
870,28997,2269922,929.1,660.6,890.3,548.1,909.7,604.35,0
870,28998,2269923,928.9,660.4,890.7,547.9,909.8,604.15,0
870,28999,2269924,928.6,660.3,891.1,547.7,909.85,604.0,0
870,29000,2269925,928.3,660.3,891.6,547.6,909.95,603.95,0
871,29001,2269926,928.1,660.5,892.1,547.5,910.1,604.0,0
871,29002,2269927,928.0,660.6,892.3,547.4,910.15,604.0,0
871,29003,2269928,927.9,660.8,892.8,547.4,910.35,604.1,0
871,29004,2269929,928.0,660.9,893.3,547.5,910.65,604.2,0
871,29005,2269930,928.1,660.9,893.6,547.9,910.85,604.4,0
871,29006,2269931,928.2,660.9,894.0,548.5,911.1,604.7,0
871,29007,2269932,928.3,660.6,894.4,549.0,911.35,604.8,0
871,29008,2269933,928.3,660.3,894.7,549.6,911.5,604.95,0
871,29009,2269934,928.2,660.0,895.0,550.0,911.6,605.0,0
871,29010,2269935,928.1,659.8,895.0,550.4,911.55,605.1,0
871,29011,2269936,928.0,659.5,895.0,550.8,911.5,605.15,0
871,29012,2269937,928.2,659.3,895.0,551.0,911.6,605.15,0
871,29013,2269938,928.4,658.9,894.9,551.1,911.65,605.0,0
871,29014,2269939,928.7,658.6,894.8,551.2,911.75,604.9,0
871,29015,2269940,929.1,658.4,894.6,551.4,911.85,604.9,0
871,29016,2269941,929.5,658.2,894.5,551.5,912.0,604.85,0
871,29017,2269942,929.9,657.9,894.4,551.7,912.15,604.8,0
871,29018,2269943,930.3,657.6,894.2,552.1,912.25,604.85,0
871,29019,2269944,930.4,657.1,894.1,552.3,912.25,604.7,0
871,29020,2269945,930.4,656.8,894.0,552.6,912.2,604.7,0
871,29021,2269946,930.4,656.5,893.9,552.9,912.15,604.7,0
871,29022,2269947,930.1,656.2,893.6,553.4,911.85,604.8,0
871,29023,2269948,929.9,655.9,893.4,553.9,911.65,604.9,0
871,29024,2269949,929.6,656.0,893.1,554.5,911.35,605.25,0
871,29025,2269950,929.4,656.1,892.9,555.0,911.15,605.55,0
871,29026,2269951,929.3,656.6,892.6,555.3,910.95,605.95,0
871,29027,2269952,929.4,657.1,892.2,555.6,910.8,606.35,0
871,29028,2269953,929.6,657.5,891.8,555.7,910.7,606.6,0
871,29029,2269954,929.9,658.0,891.6,555.5,910.75,606.75,0
871,29030,2269955,930.3,658.4,891.4,555.4,910.85,606.9,0
871,29031,2269956,930.6,658.5,891.2,555.2,910.9,606.85,0
871,29032,2269957,930.8,658.3,891.0,555.0,910.9,606.65,0
871,29033,2269958,930.9,657.9,890.9,554.8,910.9,606.35,0
872,29034,2269959,930.7,657.5,890.8,554.5,910.75,606.0,0
872,29035,2269960,930.6,657.2,890.8,554.1,910.7,605.65,0
872,29036,2269961,930.5,656.8,890.8,553.6,910.65,605.2,0
872,29037,2269962,930.3,656.4,890.8,553.2,910.55,604.8,0
872,29038,2269963,930.2,656.2,890.8,552.7,910.5,604.45,0
872,29039,2269964,930.1,656.2,891.0,552.1,910.55,604.15,0
872,29040,2269965,929.9,656.2,891.1,551.6,910.5,603.9,0
872,29041,2269966,929.7,656.3,891.4,551.1,910.55,603.7,0
872,29042,2269967,929.5,656.4,891.6,550.8,910.55,603.6,0
872,29043,2269968,929.3,656.4,892.1,550.6,910.7,603.5,0
872,29044,2269969,929.1,656.4,892.6,550.4,910.85,603.4,0
872,29045,2269970,928.9,656.4,893.0,550.1,910.95,603.25,0
872,29046,2269971,928.6,656.4,893.3,550.0,910.95,603.2,0
872,29047,2269972,928.3,656.3,893.7,550.0,911.0,603.15,0
872,29048,2269973,928.0,656.3,894.1,549.9,911.05,603.1,0
872,29049,2269974,927.7,656.2,894.8,549.8,911.25,603.0,0
872,29050,2269975,927.5,656.2,895.2,549.6,911.35,602.9,0
872,29051,2269976,927.3,656.1,895.6,549.5,911.45,602.8,0
872,29052,2269977,927.2,656.0,896.0,549.5,911.6,602.75,0
872,29053,2269978,927.0,655.9,896.3,549.5,911.65,602.7,0
872,29054,2269979,927.0,655.7,896.5,549.5,911.75,602.6,0
872,29055,2269980,926.9,655.5,896.5,549.6,911.7,602.55,0
872,29056,2269981,927.0,655.2,896.3,549.6,911.65,602.4,0
872,29057,2269982,927.1,654.4,896.1,549.9,911.6,602.15,0
872,29058,2269983,927.3,653.6,895.8,550.1,911.55,601.85,0
872,29059,2269984,927.4,652.8,895.5,550.3,911.45,601.55,0
872,29060,2269985,927.6,652.0,895.3,550.3,911.45,601.15,0
872,29061,2269986,927.7,651.4,895.1,550.4,911.4,600.9,0
872,29062,2269987,927.9,650.7,894.9,550.5,911.4,600.6,0
872,29063,2269988,927.8,650.3,894.7,550.7,911.25,600.5,0
872,29064,2269989,927.8,650.3,894.4,551.0,911.1,600.65,0
872,29065,2269990,927.8,650.2,894.3,551.1,911.05,600.65,0
872,29066,2269991,927.9,650.1,894.1,551.3,911.0,600.7,0
873,29067,2269992,928.1,650.0,893.8,551.5,910.95,600.75,0
873,29068,2269993,928.2,649.9,893.6,551.7,910.9,600.8,0
873,29069,2269994,928.2,649.8,893.3,551.9,910.75,600.85,0
873,29070,2269995,928.3,649.6,893.0,552.0,910.65,600.8,0
873,29071,2269996,928.3,649.5,892.7,551.9,910.5,600.7,0
873,29072,2269997,928.2,649.5,892.4,551.7,910.3,600.6,0
873,29073,2269998,928.1,649.5,892.1,551.5,910.1,600.5,0
873,29074,2269999,928.0,649.4,891.9,551.3,909.95,600.35,0
873,29075,2270000,927.8,649.3,891.7,550.8,909.75,600.05,0
873,29076,2270001,927.8,649.1,891.7,550.4,909.75,599.75,0
873,29077,2270002,927.9,648.9,892.0,550.0,909.95,599.45,0
873,29078,2270003,927.9,648.7,892.3,549.5,910.1,599.1,0
873,29079,2270004,927.8,648.3,892.5,549.2,910.15,598.75,0
873,29080,2270005,927.8,648.0,892.9,548.9,910.35,598.45,0
873,29081,2270006,927.9,647.8,893.4,548.6,910.65,598.2,0
873,29082,2270007,927.9,647.6,893.7,548.6,910.8,598.1,0
873,29083,2270008,927.9,647.4,894.0,548.7,910.95,598.05,0
873,29084,2270009,928.0,647.3,894.2,548.8,911.1,598.05,0
873,29085,2270010,928.0,647.1,894.3,548.9,911.15,598.0,0
873,29086,2270011,928.1,647.0,894.4,549.1,911.25,598.05,0
873,29087,2270012,928.2,646.9,894.4,549.2,911.3,598.05,0
873,29088,2270013,928.3,646.7,894.4,549.4,911.35,598.05,0
873,29089,2270014,928.4,646.6,894.4,549.5,911.4,598.05,0
873,29090,2270015,928.5,646.5,894.4,549.6,911.45,598.05,0
873,29091,2270016,928.7,646.4,894.4,549.9,911.55,598.15,0
873,29092,2270017,928.8,646.3,894.4,550.1,911.6,598.2,0
873,29093,2270018,928.9,646.3,894.5,550.3,911.7,598.3,0
873,29094,2270019,929.0,646.4,894.6,550.5,911.8,598.45,0
873,29095,2270020,929.1,646.4,894.6,550.5,911.85,598.45,0
873,29096,2270021,929.1,646.5,894.7,550.5,911.9,598.5,0
873,29097,2270022,929.2,646.5,894.6,550.4,911.9,598.45,0
873,29098,2270023,929.1,646.4,894.4,550.1,911.75,598.25,0
873,29099,2270024,929.1,646.3,894.3,549.9,911.7,598.1,0
873,29100,2270025,929.0,646.2,894.0,550.2,911.5,598.2,0
874,29101,2270026,929.0,646.1,893.8,550.7,911.4,598.4,0
874,29102,2270027,929.0,646.0,893.5,551.3,911.25,598.65,0
874,29103,2270028,928.9,646.0,893.3,552.0,911.1,599.0,0
874,29104,2270029,928.9,646.0,893.0,552.6,910.95,599.3,0
874,29105,2270030,928.8,646.1,892.8,552.9,910.8,599.5,0
874,29106,2270031,928.8,646.2,892.6,553.1,910.7,599.65,0
874,29107,2270032,928.8,646.2,892.4,552.4,910.6,599.3,0
874,29108,2270033,928.7,646.3,892.3,551.8,910.5,599.05,0
874,29109,2270034,928.5,646.4,892.2,551.0,910.35,598.7,0
874,29110,2270035,928.3,646.5,892.2,550.3,910.25,598.4,0
874,29111,2270036,928.2,646.5,892.5,549.4,910.35,597.95,0
874,29112,2270037,928.1,646.5,892.8,549.0,910.45,597.75,0
874,29113,2270038,927.9,646.5,893.3,548.6,910.6,597.55,0
874,29114,2270039,927.8,646.6,893.9,548.4,910.85,597.5,0
874,29115,2270040,927.8,646.7,894.4,548.2,911.1,597.45,0
874,29116,2270041,927.8,646.7,894.4,548.0,911.1,597.35,0
874,29117,2270042,927.8,646.7,894.5,547.8,911.15,597.25,0
874,29118,2270043,927.8,646.7,894.4,547.8,911.1,597.25,0
874,29119,2270044,927.9,646.7,894.2,547.7,911.05,597.2,0
874,29120,2270045,927.9,646.4,893.8,547.6,910.85,597.0,0
874,29121,2270046,928.0,646.2,893.4,547.6,910.7,596.9,0
874,29122,2270047,928.0,646.0,893.0,547.6,910.5,596.8,0
874,29123,2270048,928.1,645.8,893.1,547.6,910.6,596.7,0
874,29124,2270049,928.1,645.5,893.2,547.7,910.65,596.6,0
874,29125,2270050,928.2,645.2,893.2,548.1,910.7,596.65,0
874,29126,2270051,928.2,645.0,893.4,548.5,910.8,596.75,0
874,29127,2270052,928.4,645.0,893.4,548.8,910.9,596.9,0
874,29128,2270053,928.6,644.9,893.5,549.2,911.05,597.05,0
874,29129,2270054,928.8,644.8,893.3,549.6,911.05,597.2,0
874,29130,2270055,928.9,644.7,893.0,549.9,910.95,597.3,0
874,29131,2270056,929.0,644.6,892.8,549.8,910.9,597.2,0
874,29132,2270057,929.1,644.5,892.5,549.5,910.8,597.0,0
874,29133,2270058,929.2,644.4,892.2,549.1,910.7,596.75,0
875,29134,2270059,929.1,644.3,891.9,548.8,910.5,596.55,0
875,29135,2270060,929.1,644.3,891.6,548.5,910.35,596.4,0
875,29136,2270061,929.0,644.3,891.6,548.2,910.3,596.25,0
875,29137,2270062,928.9,644.3,891.5,547.8,910.2,596.05,0
875,29138,2270063,928.8,644.3,891.4,547.7,910.1,596.0,0
875,29139,2270064,928.6,644.4,891.3,547.4,909.95,595.9,0
875,29140,2270065,928.4,644.5,891.2,547.0,909.8,595.75,0
875,29141,2270066,928.2,644.6,891.1,546.7,909.65,595.65,0
875,29142,2270067,928.0,644.6,891.1,545.8,909.55,595.2,0
875,29143,2270068,927.8,644.7,891.0,545.0,909.4,594.85,0
875,29144,2270069,927.6,644.8,891.0,544.3,909.3,594.55,0
875,29145,2270070,927.5,644.5,891.0,543.7,909.25,594.1,0
875,29146,2270071,927.6,644.3,891.1,543.4,909.35,593.85,0
875,29147,2270072,927.6,644.1,891.7,543.2,909.65,593.65,0
875,29148,2270073,927.7,643.8,892.4,542.9,910.05,593.35,0
875,29149,2270074,927.8,643.6,893.2,543.1,910.5,593.35,0
875,29150,2270075,927.9,643.5,894.0,543.2,910.95,593.35,0
875,29151,2270076,928.0,643.4,894.8,543.2,911.4,593.3,0
875,29152,2270077,928.1,643.5,895.6,543.2,911.85,593.35,0
875,29153,2270078,928.1,643.7,896.4,543.2,912.25,593.45,0
875,29154,2270079,928.0,643.8,896.7,543.0,912.35,593.4,0
875,29155,2270080,927.9,643.7,896.7,542.8,912.3,593.25,0
875,29156,2270081,927.7,643.7,896.8,542.6,912.25,593.15,0
875,29157,2270082,927.6,643.5,896.5,542.3,912.05,592.9,0
875,29158,2270083,927.4,643.4,896.3,541.2,911.85,592.3,0
875,29159,2270084,927.2,643.3,895.9,540.1,911.55,591.7,0
875,29160,2270085,927.1,643.3,895.3,539.0,911.2,591.15,0
875,29161,2270086,927.1,643.4,894.8,537.4,910.95,590.4,0
875,29162,2270087,927.2,643.6,894.1,535.8,910.65,589.7,0
875,29163,2270088,927.2,643.8,893.4,534.3,910.3,589.05,0
875,29164,2270089,927.4,644.0,892.9,533.0,910.15,588.5,0
875,29165,2270090,927.5,644.3,892.3,532.5,909.9,588.4,0
875,29166,2270091,927.6,644.5,891.9,531.9,909.75,588.2,0
876,29167,2270092,927.6,644.5,891.3,531.4,909.45,587.95,0
876,29168,2270093,927.6,644.6,890.8,531.4,909.2,588.0,0
876,29169,2270094,927.6,644.6,890.6,531.2,909.1,587.9,0
876,29170,2270095,927.6,644.6,890.3,530.5,908.95,587.55,0
876,29171,2270096,927.5,644.7,890.1,529.1,908.8,586.9,0
876,29172,2270097,927.3,644.6,890.1,527.8,908.7,586.2,0
876,29173,2270098,927.2,644.7,890.0,526.4,908.6,585.55,0
876,29174,2270099,927.1,644.8,890.3,525.1,908.7,584.95,0
876,29175,2270100,927.1,644.9,890.6,523.8,908.85,584.35,0
876,29176,2270101,927.0,645.2,891.0,522.7,909.0,583.95,0
876,29177,2270102,927.0,645.4,891.4,522.1,909.2,583.75,0
876,29178,2270103,927.0,645.7,891.8,522.1,909.4,583.9,0
876,29179,2270104,927.1,646.0,892.2,522.0,909.65,584.0,0
876,29180,2270105,927.3,646.2,892.6,521.7,909.95,583.95,0
876,29181,2270106,927.4,646.4,892.7,521.1,910.05,583.75,0
876,29182,2270107,927.6,646.5,892.9,520.6,910.25,583.55,0
876,29183,2270108,927.7,646.8,893.0,519.9,910.35,583.35,0
876,29184,2270109,927.9,647.1,893.2,519.2,910.55,583.15,0
876,29185,2270110,928.0,647.6,893.5,518.6,910.75,583.1,0
876,29186,2270111,928.0,648.1,893.9,518.2,910.95,583.15,0
876,29187,2270112,928.0,648.8,894.2,517.9,911.1,583.35,0
876,29188,2270113,928.0,649.5,894.5,517.9,911.25,583.7,0
876,29189,2270114,928.0,650.3,894.8,518.0,911.4,584.15,0
876,29190,2270115,928.0,650.8,895.1,518.3,911.55,584.55,0
876,29191,2270116,928.0,651.2,895.3,518.6,911.65,584.9,0
876,29192,2270117,928.0,651.3,895.3,518.8,911.65,585.05,0
876,29193,2270118,927.8,651.3,895.1,518.8,911.45,585.05,0
876,29194,2270119,927.7,651.2,895.0,518.8,911.35,585.0,0
876,29195,2270120,927.5,650.9,894.8,518.7,911.15,584.8,0
876,29196,2270121,927.4,650.6,894.7,518.7,911.05,584.65,0
876,29197,2270122,927.2,650.4,894.4,518.5,910.8,584.45,0
876,29198,2270123,927.1,650.2,894.0,518.3,910.55,584.25,0
876,29199,2270124,927.2,650.2,893.6,518.2,910.4,584.2,0
876,29200,2270125,927.3,650.2,893.2,518.2,910.25,584.2,0
877,29201,2270126,927.4,650.2,892.7,518.2,910.05,584.2,0
877,29202,2270127,927.6,650.3,892.3,518.2,909.95,584.25,0
877,29203,2270128,927.7,650.3,891.9,518.2,909.8,584.25,0
877,29204,2270129,927.9,650.5,891.7,518.3,909.8,584.4,0
877,29205,2270130,927.9,650.7,891.6,518.5,909.75,584.6,0
877,29206,2270131,928.0,651.0,891.5,518.7,909.75,584.85,0
877,29207,2270132,928.1,651.2,891.5,519.0,909.8,585.1,0
877,29208,2270133,928.1,651.4,891.7,519.3,909.9,585.35,0
877,29209,2270134,928.2,651.6,891.8,519.7,910.0,585.65,0
877,29210,2270135,928.2,651.8,892.2,520.3,910.2,586.05,0
877,29211,2270136,928.2,651.8,892.6,520.9,910.4,586.35,0
877,29212,2270137,928.1,651.8,892.9,521.4,910.5,586.6,0
877,29213,2270138,928.0,651.8,893.2,521.8,910.6,586.8,0
877,29214,2270139,928.0,651.8,893.4,522.1,910.7,586.95,0
877,29215,2270140,927.9,651.8,893.5,522.3,910.7,587.05,0
877,29216,2270141,927.9,651.9,893.6,522.6,910.75,587.25,0
877,29217,2270142,927.7,651.9,893.6,522.4,910.65,587.15,0
877,29218,2270143,927.5,652.0,893.6,522.2,910.55,587.1,0
877,29219,2270144,927.3,652.0,893.6,522.0,910.45,587.0,0
877,29220,2270145,927.1,652.0,893.5,521.9,910.3,586.95,0
877,29221,2270146,926.8,652.1,893.6,521.9,910.2,587.0,0
877,29222,2270147,926.6,652.2,893.6,521.9,910.1,587.05,0
877,29223,2270148,926.4,652.3,893.7,521.8,910.05,587.05,0
877,29224,2270149,926.3,652.4,893.5,521.8,909.9,587.1,0
877,29225,2270150,926.3,652.6,893.4,521.9,909.85,587.25,0
877,29226,2270151,926.2,652.8,893.3,522.1,909.75,587.45,0
877,29227,2270152,926.1,652.9,893.2,522.1,909.65,587.5,0
877,29228,2270153,926.0,653.0,893.0,522.1,909.5,587.55,0
877,29229,2270154,925.9,653.1,892.9,522.3,909.4,587.7,0
877,29230,2270155,925.8,653.2,892.7,522.5,909.25,587.85,0
877,29231,2270156,925.7,653.2,892.5,522.7,909.1,587.95,0
877,29232,2270157,925.7,653.2,892.1,522.8,908.9,588.0,0
877,29233,2270158,925.7,653.2,891.8,523.0,908.75,588.1,0
878,29234,2270159,925.8,653.1,891.6,523.1,908.7,588.1,0
878,29235,2270160,925.9,652.9,891.6,523.4,908.75,588.15,0
878,29236,2270161,926.0,652.8,891.5,523.6,908.75,588.2,0
878,29237,2270162,926.2,652.6,891.4,523.8,908.8,588.2,0
878,29238,2270163,926.4,652.5,891.3,524.1,908.85,588.3,0
878,29239,2270164,926.8,652.3,891.3,524.3,909.05,588.3,0
878,29240,2270165,927.1,652.2,891.3,524.5,909.2,588.35,0
878,29241,2270166,927.3,652.1,891.3,524.7,909.3,588.4,0
878,29242,2270167,927.5,652.2,891.2,524.8,909.35,588.5,0
878,29243,2270168,927.7,652.1,891.1,525.1,909.4,588.6,0
878,29244,2270169,927.7,652.1,891.3,525.4,909.5,588.75,0
878,29245,2270170,927.7,652.0,891.6,525.8,909.65,588.9,0
878,29246,2270171,927.5,651.8,891.9,526.2,909.7,589.0,0
878,29247,2270172,927.3,651.6,892.2,526.6,909.75,589.1,0
878,29248,2270173,927.1,651.3,892.5,527.0,909.8,589.15,0
878,29249,2270174,927.1,651.1,892.8,527.3,909.95,589.2,0
878,29250,2270175,927.2,651.0,893.3,527.5,910.25,589.25,0
878,29251,2270176,927.3,650.8,893.4,527.7,910.35,589.25,0
878,29252,2270177,927.4,650.8,893.6,527.8,910.5,589.3,0
878,29253,2270178,927.3,650.7,893.7,527.8,910.5,589.25,0
878,29254,2270179,927.1,650.7,893.7,527.8,910.4,589.25,0
878,29255,2270180,927.0,650.7,893.6,527.9,910.3,589.3,0
878,29256,2270181,926.7,650.7,893.4,528.2,910.05,589.45,0
878,29257,2270182,926.4,650.7,893.1,528.5,909.75,589.6,0
878,29258,2270183,926.1,650.7,892.8,528.9,909.45,589.8,0
878,29259,2270184,925.9,650.7,892.6,529.2,909.25,589.95,0
878,29260,2270185,925.9,650.7,892.4,529.6,909.15,590.15,0
878,29261,2270186,925.9,650.7,892.2,529.9,909.05,590.3,0
878,29262,2270187,925.8,650.7,892.0,530.1,908.9,590.4,0
878,29263,2270188,925.7,650.7,891.9,529.9,908.8,590.3,0
878,29264,2270189,925.6,650.7,891.7,529.7,908.65,590.2,0
878,29265,2270190,925.5,650.6,891.6,528.8,908.55,589.7,0
878,29266,2270191,925.4,650.5,891.5,528.0,908.45,589.25,0
879,29267,2270192,925.4,650.5,891.4,527.2,908.4,588.85,0
879,29268,2270193,925.4,650.4,891.2,526.4,908.3,588.4,0
879,29269,2270194,925.4,650.3,891.1,525.8,908.25,588.05,0
879,29270,2270195,925.5,650.2,891.0,525.4,908.25,587.8,0
879,29271,2270196,925.6,650.1,890.8,525.2,908.2,587.65,0
879,29272,2270197,925.7,650.1,890.6,525.5,908.15,587.8,0
879,29273,2270198,925.8,650.1,890.5,525.7,908.15,587.9,0
879,29274,2270199,925.8,650.0,890.3,526.0,908.05,588.0,0
879,29275,2270200,925.9,649.9,890.1,526.2,908.0,588.05,0
879,29276,2270201,925.9,649.5,889.9,526.5,907.9,588.0,0
879,29277,2270202,925.9,649.2,889.7,526.7,907.8,587.95,0
879,29278,2270203,925.9,648.8,889.5,527.0,907.7,587.9,0
879,29279,2270204,925.9,648.4,889.3,527.3,907.6,587.85,0
879,29280,2270205,925.8,647.9,889.2,527.6,907.5,587.75,0
879,29281,2270206,925.7,647.5,889.0,527.9,907.35,587.7,0
879,29282,2270207,925.6,647.1,888.9,528.1,907.25,587.6,0
879,29283,2270208,925.4,647.0,889.3,528.3,907.35,587.65,0
879,29284,2270209,925.3,646.8,889.7,528.3,907.5,587.55,0
879,29285,2270210,925.1,646.6,890.1,528.2,907.6,587.4,0
879,29286,2270211,924.9,646.5,890.3,528.0,907.6,587.25,0
879,29287,2270212,924.6,646.4,890.5,527.8,907.55,587.1,0
879,29288,2270213,924.4,646.4,890.8,527.6,907.6,587.0,0
879,29289,2270214,924.1,646.3,891.1,527.4,907.6,586.85,0
879,29290,2270215,923.9,646.2,891.0,527.2,907.45,586.7,0
879,29291,2270216,923.6,646.1,891.0,527.1,907.3,586.6,0
879,29292,2270217,923.4,646.1,891.0,527.3,907.2,586.7,0
879,29293,2270218,923.3,646.1,891.1,527.6,907.2,586.85,0
879,29294,2270219,923.3,646.1,891.2,528.0,907.25,587.05,0
879,29295,2270220,923.4,646.3,891.3,528.4,907.35,587.35,0
879,29296,2270221,923.6,646.4,891.3,528.7,907.45,587.55,0
879,29297,2270222,923.7,646.6,891.3,529.1,907.5,587.85,0
879,29298,2270223,923.9,646.8,891.2,529.4,907.55,588.1,0
879,29299,2270224,924.0,646.9,891.1,529.5,907.55,588.2,0
879,29300,2270225,924.1,647.0,890.8,529.6,907.45,588.3,0
880,29301,2270226,924.2,647.0,890.6,529.6,907.4,588.3,0
880,29302,2270227,924.2,646.7,890.2,529.6,907.2,588.15,0
880,29303,2270228,924.1,646.4,889.8,529.7,906.95,588.05,0
880,29304,2270229,924.0,646.0,889.3,529.7,906.65,587.85,0
880,29305,2270230,924.0,645.4,888.8,530.0,906.4,587.7,0
880,29306,2270231,923.9,644.9,888.4,530.3,906.15,587.6,0
880,29307,2270232,923.9,644.4,888.1,530.6,906.0,587.5,0
880,29308,2270233,923.9,644.0,887.8,530.9,905.85,587.45,0
880,29309,2270234,923.9,644.1,887.6,531.2,905.75,587.65,0
880,29310,2270235,924.2,644.2,887.6,531.4,905.9,587.8,0
880,29311,2270236,924.4,644.2,887.5,531.6,905.95,587.9,0
880,29312,2270237,924.7,644.3,887.5,531.5,906.1,587.9,0
880,29313,2270238,924.9,644.3,887.5,531.5,906.2,587.9,0
880,29314,2270239,925.0,644.4,887.3,531.5,906.15,587.95,0
880,29315,2270240,924.8,644.3,887.1,531.5,905.95,587.9,0
880,29316,2270241,924.6,644.0,886.9,531.6,905.75,587.8,0
880,29317,2270242,924.1,643.8,886.7,531.7,905.4,587.75,0
880,29318,2270243,923.7,643.7,886.6,531.9,905.15,587.8,0
880,29319,2270244,923.4,643.8,886.6,531.9,905.0,587.85,0
880,29320,2270245,923.1,644.0,886.7,532.1,904.9,588.05,0
880,29321,2270246,922.9,644.1,887.1,532.3,905.0,588.2,0
880,29322,2270247,923.0,644.2,887.4,532.8,905.2,588.5,0
880,29323,2270248,923.1,644.3,887.9,533.1,905.5,588.7,0
880,29324,2270249,923.2,644.4,888.3,533.4,905.75,588.9,0
880,29325,2270250,923.2,644.4,888.7,533.8,905.95,589.1,0
880,29326,2270251,923.2,644.4,889.0,534.2,906.1,589.3,0
880,29327,2270252,923.1,644.3,889.0,534.6,906.05,589.45,0
880,29328,2270253,923.0,644.2,889.1,534.9,906.05,589.55,0
880,29329,2270254,923.0,644.0,889.0,535.1,906.0,589.55,0
880,29330,2270255,922.9,643.9,888.9,535.4,905.9,589.65,0
880,29331,2270256,923.0,643.7,888.8,536.0,905.9,589.85,0
880,29332,2270257,923.3,643.6,888.6,536.6,905.95,590.1,0
880,29333,2270258,923.5,643.3,888.4,537.1,905.95,590.2,0
881,29334,2270259,923.8,643.0,888.2,537.6,906.0,590.3,0
881,29335,2270260,924.2,642.7,887.9,538.0,906.05,590.35,0
881,29336,2270261,924.5,642.4,887.5,538.3,906.0,590.35,0
881,29337,2270262,924.8,642.2,887.2,538.4,906.0,590.3,0
881,29338,2270263,924.9,642.0,886.9,538.3,905.9,590.15,0
881,29339,2270264,924.9,641.9,886.6,538.2,905.75,590.05,0
881,29340,2270265,924.9,642.0,886.3,538.0,905.6,590.0,0
881,29341,2270266,924.7,642.1,886.1,537.9,905.4,590.0,0
881,29342,2270267,924.4,642.2,886.3,537.8,905.35,590.0,0
881,29343,2270268,924.2,642.4,886.5,537.8,905.35,590.1,0
881,29344,2270269,923.8,642.6,886.8,537.9,905.3,590.25,0
881,29345,2270270,923.4,642.8,887.2,538.0,905.3,590.4,0
881,29346,2270271,923.0,643.1,887.6,538.0,905.3,590.55,0
881,29347,2270272,922.7,643.3,888.0,538.2,905.35,590.75,0
881,29348,2270273,922.4,643.5,888.3,538.2,905.35,590.85,0
881,29349,2270274,922.2,643.5,888.3,538.2,905.25,590.85,0
881,29350,2270275,922.0,643.5,888.2,538.2,905.1,590.85,0
881,29351,2270276,921.8,643.5,888.1,538.1,904.95,590.8,0
881,29352,2270277,921.8,643.4,887.8,538.1,904.8,590.75,0
881,29353,2270278,921.9,643.2,887.5,538.1,904.7,590.65,0
881,29354,2270279,921.9,643.0,887.1,538.0,904.5,590.5,0
881,29355,2270280,922.0,642.8,887.0,538.0,904.5,590.4,0
881,29356,2270281,922.1,642.6,886.9,537.9,904.5,590.25,0
881,29357,2270282,922.2,642.5,886.8,537.8,904.5,590.15,0
881,29358,2270283,922.3,642.4,886.8,537.8,904.55,590.1,0
881,29359,2270284,922.4,642.3,886.9,537.7,904.65,590.0,0
881,29360,2270285,922.4,642.4,887.0,537.7,904.7,590.05,0
881,29361,2270286,922.3,642.9,887.0,538.0,904.65,590.45,0
881,29362,2270287,922.1,644.2,886.7,538.4,904.4,591.3,0
881,29363,2270288,921.0,645.7,885.4,539.3,903.2,592.5,0
881,29364,2270289,919.7,648.0,883.8,540.6,901.75,594.3,0
881,29365,2270290,917.8,650.3,880.9,541.9,899.35,596.1,0
881,29366,2270291,915.4,653.5,877.3,544.7,896.35,599.1,0
882,29367,2270292,912.1,657.8,873.1,547.4,892.6,602.6,0
882,29368,2270293,908.0,661.8,868.3,550.1,888.15,605.95,0
882,29369,2270294,903.3,665.5,862.9,552.7,883.1,609.1,0
882,29370,2270295,898.5,670.0,857.2,556.5,877.85,613.25,0
882,29371,2270296,893.2,674.5,851.0,559.9,872.1,617.2,0
882,29372,2270297,888.4,678.9,845.3,564.0,866.85,621.45,0
882,29373,2270298,883.8,682.8,840.1,567.9,861.95,625.35,0
882,29374,2270299,880.3,685.6,835.5,572.6,857.9,629.1,0
882,29375,2270300,877.5,688.5,831.4,577.4,854.45,632.95,0
882,29376,2270301,876.1,691.4,828.2,583.1,852.15,637.25,0
882,29377,2270302,876.2,693.4,826.4,587.1,851.3,640.25,0
882,29378,2270303,877.0,694.8,825.7,591.7,851.35,643.25,0
882,29379,2270304,878.8,696.2,826.2,595.7,852.5,645.95,0
882,29380,2270305,881.1,697.2,827.4,598.6,854.25,647.9,0
882,29381,2270306,883.5,698.4,829.3,600.9,856.4,649.65,0
882,29382,2270307,885.9,699.3,831.2,602.6,858.55,650.95,0
882,29383,2270308,887.8,700.0,833.3,603.5,860.55,651.75,0
882,29384,2270309,889.0,700.5,835.7,604.3,862.35,652.4,0
882,29385,2270310,890.1,701.0,837.9,604.6,864.0,652.8,0
882,29386,2270311,890.7,701.4,839.9,604.6,865.3,653.0,0
882,29387,2270312,890.6,701.7,841.9,604.4,866.25,653.05,0
882,29388,2270313,890.5,701.3,843.4,603.6,866.95,652.45,0
882,29389,2270314,890.4,700.7,844.8,602.9,867.6,651.8,0
882,29390,2270315,890.1,699.9,846.1,601.5,868.1,650.7,0
882,29391,2270316,889.8,699.1,847.2,599.7,868.5,649.4,0
882,29392,2270317,889.4,698.2,848.5,597.9,868.95,648.05,0
882,29393,2270318,889.0,697.4,849.5,595.8,869.25,646.6,0
882,29394,2270319,888.7,696.4,850.1,593.9,869.4,645.15,0
882,29395,2270320,888.5,696.0,850.6,592.5,869.55,644.25,0
882,29396,2270321,888.8,695.6,850.9,591.1,869.85,643.35,0
882,29397,2270322,889.2,695.3,851.0,590.4,870.1,642.85,0
882,29398,2270323,889.7,695.0,851.0,590.0,870.35,642.5,0
882,29399,2270324,890.3,694.8,850.7,589.6,870.5,642.2,0
882,29400,2270325,890.8,694.7,850.4,589.6,870.6,642.15,0
883,29401,2270326,891.4,694.9,850.0,589.5,870.7,642.2,0
883,29402,2270327,891.9,695.0,849.7,589.5,870.8,642.25,0
883,29403,2270328,891.9,695.2,849.6,589.4,870.75,642.3,0
883,29404,2270329,891.8,695.3,849.5,589.4,870.65,642.35,0
883,29405,2270330,891.6,695.4,849.4,589.4,870.5,642.4,0
883,29406,2270331,891.3,695.5,849.3,589.4,870.3,642.45,0
883,29407,2270332,891.0,695.7,849.2,589.6,870.1,642.65,0
883,29408,2270333,890.7,695.9,849.2,590.0,869.95,642.95,0
883,29409,2270334,890.3,696.0,849.1,590.4,869.7,643.2,0
883,29410,2270335,890.0,696.2,849.0,590.7,869.5,643.45,0
883,29411,2270336,889.8,696.3,848.9,591.1,869.35,643.7,0
883,29412,2270337,889.6,696.3,848.8,591.5,869.2,643.9,0
883,29413,2270338,889.3,696.1,848.7,592.1,869.0,644.1,0
883,29414,2270339,889.1,695.9,848.6,592.5,868.85,644.2,0
883,29415,2270340,888.9,695.7,848.6,592.8,868.75,644.25,0
883,29416,2270341,888.7,695.4,848.6,593.0,868.65,644.2,0
883,29417,2270342,888.5,695.2,848.6,593.1,868.55,644.15,0
883,29418,2270343,888.3,695.1,848.7,593.1,868.5,644.1,0
883,29419,2270344,888.2,695.1,848.8,593.0,868.5,644.05,0
883,29420,2270345,888.3,695.2,849.0,592.7,868.65,643.95,0
883,29421,2270346,888.5,695.4,849.0,592.2,868.75,643.8,0
883,29422,2270347,888.7,695.6,848.9,591.6,868.8,643.6,0
883,29423,2270348,888.9,695.8,848.7,590.9,868.8,643.35,0
883,29424,2270349,889.2,696.1,848.6,590.5,868.9,643.3,0
883,29425,2270350,889.6,696.6,848.3,590.2,868.95,643.4,0
883,29426,2270351,889.9,697.2,848.0,590.2,868.95,643.7,0
883,29427,2270352,890.2,697.6,847.7,590.4,868.95,644.0,0
883,29428,2270353,890.3,698.1,847.2,590.6,868.75,644.35,0
883,29429,2270354,890.5,698.6,846.8,591.0,868.65,644.8,0
883,29430,2270355,890.5,699.2,846.4,591.4,868.45,645.3,0
883,29431,2270356,890.5,699.6,846.0,591.8,868.25,645.7,0
883,29432,2270357,890.4,699.8,845.6,592.1,868.0,645.95,0
883,29433,2270358,890.2,700.0,845.3,592.2,867.75,646.1,0
884,29434,2270359,890.1,700.1,845.0,592.2,867.55,646.15,0
884,29435,2270360,890.0,700.4,845.2,592.2,867.6,646.3,0
884,29436,2270361,889.9,700.7,845.3,592.3,867.6,646.5,0
884,29437,2270362,889.9,700.9,845.5,592.5,867.7,646.7,0
884,29438,2270363,889.9,700.6,845.7,592.7,867.8,646.65,0
884,29439,2270364,889.9,700.3,846.1,593.1,868.0,646.7,0
884,29440,2270365,889.9,700.1,846.4,593.4,868.15,646.75,0
884,29441,2270366,889.8,699.9,846.7,593.8,868.25,646.85,0
884,29442,2270367,889.8,699.4,846.9,594.1,868.35,646.75,0
884,29443,2270368,889.7,699.1,847.2,594.5,868.45,646.8,0
884,29444,2270369,889.6,698.7,847.5,594.7,868.55,646.7,0
884,29445,2270370,889.2,698.9,847.9,594.9,868.55,646.9,0
884,29446,2270371,888.8,699.3,848.0,594.9,868.4,647.1,0
884,29447,2270372,888.3,699.5,848.2,594.9,868.25,647.2,0
884,29448,2270373,887.9,699.6,848.3,594.8,868.1,647.2,0
884,29449,2270374,887.5,699.7,848.3,594.7,867.9,647.2,0
884,29450,2270375,887.2,699.5,848.2,594.6,867.7,647.05,0
884,29451,2270376,886.9,699.3,847.9,594.5,867.4,646.9,0
884,29452,2270377,886.9,699.1,847.6,594.4,867.25,646.75,0
884,29453,2270378,887.0,698.8,847.3,594.3,867.15,646.55,0
884,29454,2270379,887.1,698.6,846.9,594.3,867.0,646.45,0
884,29455,2270380,887.3,698.4,846.4,594.3,866.85,646.35,0
884,29456,2270381,887.5,698.3,845.8,594.5,866.65,646.4,0
884,29457,2270382,887.6,698.4,845.3,594.8,866.45,646.6,0
884,29458,2270383,887.7,698.4,844.9,595.0,866.3,646.7,0
884,29459,2270384,887.7,698.4,844.5,595.4,866.1,646.9,0
884,29460,2270385,887.8,698.3,844.2,595.8,866.0,647.05,0
884,29461,2270386,887.9,698.1,843.9,596.3,865.9,647.2,0
884,29462,2270387,887.9,697.9,843.6,596.8,865.75,647.35,0
884,29463,2270388,887.9,697.7,843.6,597.2,865.75,647.45,0
884,29464,2270389,888.0,697.1,843.7,597.5,865.85,647.3,0
884,29465,2270390,888.0,696.6,843.9,597.8,865.95,647.2,0
884,29466,2270391,888.1,696.0,844.2,598.1,866.15,647.05,0
885,29467,2270392,888.1,695.4,844.5,598.2,866.3,646.8,0
885,29468,2270393,888.0,695.0,845.0,598.4,866.5,646.7,0
885,29469,2270394,888.0,694.5,845.5,598.6,866.75,646.55,0
885,29470,2270395,888.0,694.0,845.9,598.8,866.95,646.4,0
885,29471,2270396,887.9,693.8,846.4,599.0,867.15,646.4,0
885,29472,2270397,887.9,693.6,846.6,599.2,867.25,646.4,0
885,29473,2270398,887.9,693.3,846.9,599.3,867.4,646.3,0
885,29474,2270399,887.9,693.1,847.0,599.5,867.45,646.3,0
885,29475,2270400,887.8,692.4,846.9,599.6,867.35,646.0,0
885,29476,2270401,887.7,691.8,846.9,599.8,867.3,645.8,0
885,29477,2270402,887.6,691.2,846.9,599.9,867.25,645.55,0
885,29478,2270403,887.5,690.7,846.8,600.0,867.15,645.35,0
885,29479,2270404,887.3,690.2,846.7,600.2,867.0,645.2,0
885,29480,2270405,887.2,689.7,846.6,600.3,866.9,645.0,0
885,29481,2270406,887.1,689.2,846.5,600.5,866.8,644.85,0
885,29482,2270407,887.1,688.5,846.5,601.0,866.8,644.75,0
885,29483,2270408,887.1,687.9,846.4,601.7,866.75,644.8,0
885,29484,2270409,887.1,687.2,846.3,602.4,866.7,644.8,0
885,29485,2270410,887.1,686.8,846.1,603.1,866.6,644.95,0
885,29486,2270411,887.2,686.3,845.9,603.8,866.55,645.05,0
885,29487,2270412,887.2,685.9,845.7,604.5,866.45,645.2,0
885,29488,2270413,887.3,685.5,845.5,605.1,866.4,645.3,0
885,29489,2270414,887.4,685.7,845.3,605.3,866.35,645.5,0
885,29490,2270415,887.4,685.9,845.0,605.5,866.2,645.7,0
885,29491,2270416,887.5,686.1,844.8,605.6,866.15,645.85,0
885,29492,2270417,887.5,686.1,844.5,605.7,866.0,645.9,0
885,29493,2270418,887.5,686.4,844.3,605.8,865.9,646.1,0
885,29494,2270419,887.4,686.7,844.2,605.9,865.8,646.3,0
885,29495,2270420,887.3,687.0,844.3,606.1,865.8,646.55,0
885,29496,2270421,887.3,687.2,844.5,606.2,865.9,646.7,0
885,29497,2270422,887.2,687.4,844.7,606.3,865.95,646.85,0
885,29498,2270423,887.1,687.6,845.1,606.4,866.1,647.0,0
885,29499,2270424,887.0,687.8,845.6,606.5,866.3,647.15,0
885,29500,2270425,886.8,687.7,846.5,607.2,866.65,647.45,0
886,29501,2270426,886.7,687.6,847.3,607.9,867.0,647.75,0
886,29502,2270427,886.6,687.6,848.0,608.6,867.3,648.1,0
886,29503,2270428,886.5,687.5,848.5,609.5,867.5,648.5,0
886,29504,2270429,886.5,687.5,849.0,610.3,867.75,648.9,0
886,29505,2270430,886.7,687.6,849.3,611.1,868.0,649.35,0
886,29506,2270431,887.0,687.6,849.5,611.9,868.25,649.75,0
886,29507,2270432,887.2,687.6,849.3,612.1,868.25,649.85,0
886,29508,2270433,887.5,687.6,849.1,612.3,868.3,649.95,0
886,29509,2270434,887.8,687.4,848.7,612.3,868.25,649.85,0
886,29510,2270435,887.9,687.3,848.2,612.4,868.05,649.85,0
886,29511,2270436,888.0,687.0,847.9,612.4,867.95,649.7,0
886,29512,2270437,887.8,686.7,847.5,612.4,867.65,649.55,0
886,29513,2270438,887.5,686.4,847.1,612.4,867.3,649.4,0
886,29514,2270439,887.3,686.1,846.8,612.4,867.05,649.25,0
886,29515,2270440,887.0,685.9,846.5,612.4,866.75,649.15,0
886,29516,2270441,886.9,685.8,846.4,612.5,866.65,649.15,0
886,29517,2270442,886.7,685.8,846.2,612.5,866.45,649.15,0
886,29518,2270443,886.6,685.9,845.9,612.4,866.25,649.15,0
886,29519,2270444,886.3,686.0,845.6,612.4,865.95,649.2,0
886,29520,2270445,886.2,686.2,845.3,612.3,865.75,649.25,0
886,29521,2270446,886.1,686.3,845.0,612.3,865.55,649.3,0
886,29522,2270447,885.9,686.4,844.7,612.3,865.3,649.35,0
886,29523,2270448,885.5,686.6,844.4,612.7,864.95,649.65,0
886,29524,2270449,885.1,686.7,844.2,613.2,864.65,649.95,0
886,29525,2270450,884.6,686.7,844.2,613.8,864.4,650.25,0
886,29526,2270451,884.2,686.8,844.1,614.3,864.15,650.55,0
886,29527,2270452,883.9,687.0,844.1,614.9,864.0,650.95,0
886,29528,2270453,883.5,687.2,844.1,615.4,863.8,651.3,0
886,29529,2270454,883.2,687.5,844.3,616.0,863.75,651.75,0
886,29530,2270455,883.1,687.7,844.4,616.0,863.75,651.85,0
886,29531,2270456,883.3,688.0,844.6,616.1,863.95,652.05,0
886,29532,2270457,883.6,688.2,844.7,616.3,864.15,652.25,0
886,29533,2270458,883.9,688.5,845.1,616.6,864.5,652.55,0
887,29534,2270459,884.4,688.6,845.6,616.9,865.0,652.75,0
887,29535,2270460,884.9,688.7,846.0,617.1,865.45,652.9,0
887,29536,2270461,885.4,688.8,846.3,617.4,865.85,653.1,0
887,29537,2270462,885.8,688.8,846.7,617.7,866.25,653.25,0
887,29538,2270463,886.0,688.8,847.1,618.0,866.55,653.4,0
887,29539,2270464,886.5,688.8,847.5,618.4,867.0,653.6,0
887,29540,2270465,886.9,688.9,847.6,618.6,867.25,653.75,0
887,29541,2270466,887.2,689.0,847.7,618.8,867.45,653.9,0
887,29542,2270467,887.5,689.1,847.7,619.0,867.6,654.05,0
887,29543,2270468,887.7,689.4,847.6,619.2,867.65,654.3,0
887,29544,2270469,888.0,689.7,847.4,619.5,867.7,654.6,0
887,29545,2270470,888.2,690.0,847.3,619.8,867.75,654.9,0
887,29546,2270471,888.2,690.3,847.2,619.9,867.7,655.1,0
887,29547,2270472,888.3,690.7,847.1,620.1,867.7,655.4,0
887,29548,2270473,887.8,690.9,847.0,620.2,867.4,655.55,0
887,29549,2270474,887.3,691.1,846.7,620.3,867.0,655.7,0
887,29550,2270475,886.8,691.2,846.5,620.4,866.65,655.8,0
887,29551,2270476,886.3,691.2,846.3,620.4,866.3,655.8,0
887,29552,2270477,885.8,691.3,846.1,620.4,865.95,655.85,0
887,29553,2270478,885.2,691.4,845.8,620.5,865.5,655.95,0
887,29554,2270479,884.7,692.0,845.6,620.7,865.15,656.35,0
887,29555,2270480,884.6,692.5,845.5,621.1,865.05,656.8,0
887,29556,2270481,884.5,693.0,845.5,621.5,865.0,657.25,0
887,29557,2270482,884.3,693.5,845.6,621.9,864.95,657.7,0
887,29558,2270483,884.2,693.9,845.7,622.4,864.95,658.15,0
887,29559,2270484,884.2,694.1,845.8,622.9,865.0,658.5,0
887,29560,2270485,884.0,694.2,845.9,623.2,864.95,658.7,0
887,29561,2270486,883.8,694.0,846.0,623.3,864.9,658.65,0
887,29562,2270487,883.7,693.8,846.1,623.4,864.9,658.6,0
887,29563,2270488,883.5,693.9,846.2,623.5,864.85,658.7,0
887,29564,2270489,883.4,693.9,846.4,623.4,864.9,658.65,0
887,29565,2270490,883.4,694.1,846.6,623.2,865.0,658.65,0
887,29566,2270491,883.5,694.4,846.8,622.9,865.15,658.65,0
888,29567,2270492,883.8,694.9,847.0,622.5,865.4,658.7,0
888,29568,2270493,884.2,695.3,847.2,622.0,865.7,658.65,0
888,29569,2270494,884.6,695.8,847.5,621.6,866.05,658.7,0
888,29570,2270495,884.9,696.0,847.8,621.2,866.35,658.6,0
888,29571,2270496,885.2,696.2,848.1,620.9,866.65,658.55,0
888,29572,2270497,885.4,696.5,848.3,620.8,866.85,658.65,0
888,29573,2270498,885.5,696.8,848.5,620.9,867.0,658.85,0
888,29574,2270499,885.4,696.9,848.6,621.0,867.0,658.95,0
888,29575,2270500,885.4,697.1,848.5,621.1,866.95,659.1,0
888,29576,2270501,885.2,697.1,848.3,621.2,866.75,659.15,0
888,29577,2270502,885.2,697.1,848.0,621.2,866.6,659.15,0
888,29578,2270503,885.1,697.1,847.7,621.2,866.4,659.15,0
888,29579,2270504,885.0,697.1,847.5,621.1,866.25,659.1,0
888,29580,2270505,884.9,697.2,847.4,621.1,866.15,659.15,0
888,29581,2270506,884.9,697.5,847.3,621.1,866.1,659.3,0
888,29582,2270507,884.9,697.9,847.5,621.2,866.2,659.55,0
888,29583,2270508,884.8,698.3,847.7,621.2,866.25,659.75,0
888,29584,2270509,884.8,698.6,847.9,621.3,866.35,659.95,0
888,29585,2270510,884.8,699.0,848.1,621.4,866.45,660.2,0
888,29586,2270511,884.7,699.4,848.3,621.3,866.5,660.35,0
888,29587,2270512,884.6,699.6,848.4,621.1,866.5,660.35,0
888,29588,2270513,884.5,699.8,848.5,620.9,866.5,660.35,0
888,29589,2270514,884.4,699.9,848.5,620.7,866.45,660.3,0
888,29590,2270515,884.3,699.9,848.6,620.4,866.45,660.15,0
888,29591,2270516,884.2,700.0,848.6,620.2,866.4,660.1,0
888,29592,2270517,884.1,700.1,848.5,619.9,866.3,660.0,0
888,29593,2270518,884.1,700.3,848.2,619.8,866.15,660.05,0
888,29594,2270519,884.1,700.4,847.9,619.7,866.0,660.05,0
888,29595,2270520,884.1,700.4,847.6,619.5,865.85,659.95,0
888,29596,2270521,884.1,700.3,847.3,619.3,865.7,659.8,0
888,29597,2270522,884.1,700.1,847.0,619.1,865.55,659.6,0
888,29598,2270523,884.2,700.0,846.8,618.9,865.5,659.45,0
888,29599,2270524,884.3,699.9,846.5,619.2,865.4,659.55,0
888,29600,2270525,884.4,699.8,846.5,619.6,865.45,659.7,0
889,29601,2270526,884.6,699.7,846.4,620.0,865.5,659.85,0
889,29602,2270527,884.7,699.7,846.3,620.4,865.5,660.05,0
889,29603,2270528,884.9,699.8,846.2,620.9,865.55,660.35,0
889,29604,2270529,885.0,699.8,846.1,621.4,865.55,660.6,0
889,29605,2270530,885.0,699.9,846.0,621.9,865.5,660.9,0
889,29606,2270531,885.1,700.0,845.9,622.1,865.5,661.05,0
889,29607,2270532,885.1,700.1,845.9,622.2,865.5,661.15,0
889,29608,2270533,884.9,700.2,845.9,621.9,865.4,661.05,0
889,29609,2270534,884.8,700.2,845.9,621.7,865.35,660.95,0
889,29610,2270535,884.6,700.2,845.9,621.5,865.25,660.85,0
889,29611,2270536,884.5,700.2,845.9,621.3,865.2,660.75,0
889,29612,2270537,884.3,700.1,845.9,621.1,865.1,660.6,0
889,29613,2270538,884.1,700.0,845.9,620.9,865.0,660.45,0
889,29614,2270539,883.9,699.9,845.9,620.7,864.9,660.3,0
889,29615,2270540,883.8,699.7,845.9,620.9,864.85,660.3,0
889,29616,2270541,883.8,699.7,846.0,621.2,864.9,660.45,0
889,29617,2270542,883.7,699.7,846.0,621.5,864.85,660.6,0
889,29618,2270543,883.7,699.7,846.0,621.8,864.85,660.75,0
889,29619,2270544,883.6,699.8,845.9,622.0,864.75,660.9,0
889,29620,2270545,883.6,700.0,845.9,622.2,864.75,661.1,0
889,29621,2270546,883.6,700.1,845.8,622.3,864.7,661.2,0
889,29622,2270547,883.6,700.4,845.7,622.4,864.65,661.4,0
889,29623,2270548,883.6,700.6,845.6,622.4,864.6,661.5,0
889,29624,2270549,883.6,700.8,845.4,622.3,864.5,661.55,0
889,29625,2270550,883.5,700.9,845.3,622.2,864.4,661.55,0
889,29626,2270551,883.3,701.0,845.2,622.2,864.25,661.6,0
889,29627,2270552,883.1,701.1,845.2,622.3,864.15,661.7,0
889,29628,2270553,882.9,701.0,845.1,622.4,864.0,661.7,0
889,29629,2270554,882.7,700.9,845.1,622.5,863.9,661.7,0
889,29630,2270555,882.5,700.6,845.2,622.6,863.85,661.6,0
889,29631,2270556,882.3,700.4,845.2,622.6,863.75,661.5,0
889,29632,2270557,882.3,700.1,845.3,622.7,863.8,661.4,0
889,29633,2270558,882.5,699.9,845.4,622.6,863.95,661.25,0
890,29634,2270559,882.6,699.8,845.5,622.5,864.05,661.15,0
890,29635,2270560,882.8,699.7,845.6,621.9,864.2,660.8,0
890,29636,2270561,882.9,699.6,845.6,621.5,864.25,660.55,0
890,29637,2270562,883.0,699.5,845.6,620.9,864.3,660.2,0
890,29638,2270563,883.2,699.1,845.6,620.5,864.4,659.8,0
890,29639,2270564,883.1,698.7,845.5,619.8,864.3,659.25,0
890,29640,2270565,883.1,698.3,845.4,619.1,864.25,658.7,0
890,29641,2270566,883.0,697.9,845.2,618.4,864.1,658.15,0
890,29642,2270567,882.9,697.5,845.1,618.1,864.0,657.8,0
890,29643,2270568,882.9,697.2,844.9,617.7,863.9,657.45,0
890,29644,2270569,882.8,696.8,844.8,617.4,863.8,657.1,0
890,29645,2270570,882.8,696.8,844.8,617.0,863.8,656.9,0
890,29646,2270571,882.7,696.8,844.8,616.7,863.75,656.75,0
890,29647,2270572,882.7,696.7,844.8,616.3,863.75,656.5,0
890,29648,2270573,882.6,696.5,844.9,615.9,863.75,656.2,0
890,29649,2270574,882.6,696.3,844.9,615.5,863.75,655.9,0
890,29650,2270575,882.5,696.0,844.8,615.1,863.65,655.55,0
890,29651,2270576,882.4,695.7,844.8,614.6,863.6,655.15,0
890,29652,2270577,882.3,695.4,844.9,614.1,863.6,654.75,0
890,29653,2270578,882.2,695.1,845.2,613.6,863.7,654.35,0
890,29654,2270579,882.2,694.9,845.5,613.4,863.85,654.15,0
890,29655,2270580,882.1,694.8,845.8,612.9,863.95,653.85,0
890,29656,2270581,882.1,694.6,846.1,612.4,864.1,653.5,0
890,29657,2270582,882.1,694.2,846.5,611.7,864.3,652.95,0
890,29658,2270583,882.0,693.7,846.8,611.1,864.4,652.4,0
890,29659,2270584,881.8,693.2,847.1,610.5,864.45,651.85,0
890,29660,2270585,881.6,692.8,847.3,609.9,864.45,651.35,0
890,29661,2270586,881.5,692.3,847.5,609.3,864.5,650.8,0
890,29662,2270587,881.3,691.9,847.7,608.9,864.5,650.4,0
890,29663,2270588,881.2,691.4,847.8,608.6,864.5,650.0,0
890,29664,2270589,881.1,691.4,848.0,608.4,864.55,649.9,0
890,29665,2270590,881.1,691.1,848.1,608.3,864.6,649.7,0
890,29666,2270591,881.2,690.9,848.2,608.2,864.7,649.55,0
891,29667,2270592,881.3,690.6,848.2,608.2,864.75,649.4,0
891,29668,2270593,881.4,690.3,848.2,608.0,864.8,649.15,0
891,29669,2270594,881.4,689.9,848.2,607.7,864.8,648.8,0
891,29670,2270595,881.5,689.4,848.1,607.5,864.8,648.45,0
891,29671,2270596,881.5,688.8,848.1,607.3,864.8,648.05,0
891,29672,2270597,881.6,688.2,848.1,607.0,864.85,647.6,0
891,29673,2270598,881.6,687.5,848.1,606.7,864.85,647.1,0
891,29674,2270599,881.6,686.9,848.1,606.0,864.85,646.45,0
891,29675,2270600,881.6,686.3,848.1,605.6,864.85,645.95,0
891,29676,2270601,881.7,685.8,848.1,605.2,864.9,645.5,0
891,29677,2270602,881.8,685.5,848.1,604.8,864.95,645.15,0
891,29678,2270603,881.9,685.3,848.1,604.4,865.0,644.85,0
891,29679,2270604,882.1,685.4,848.2,604.0,865.15,644.7,0
891,29680,2270605,882.3,685.6,848.3,603.8,865.3,644.7,0
891,29681,2270606,882.5,685.8,848.4,603.8,865.45,644.8,0
891,29682,2270607,882.5,685.9,848.5,603.9,865.5,644.9,0
891,29683,2270608,882.6,686.1,848.5,603.8,865.55,644.95,0
891,29684,2270609,882.6,686.4,848.6,603.5,865.6,644.95,0
891,29685,2270610,882.6,686.6,848.7,603.0,865.65,644.8,0
891,29686,2270611,882.5,686.8,848.6,602.5,865.55,644.65,0
891,29687,2270612,882.4,687.1,848.5,601.8,865.45,644.45,0
891,29688,2270613,882.3,687.3,848.5,601.1,865.4,644.2,0
891,29689,2270614,882.2,687.5,848.4,599.9,865.3,643.7,0
891,29690,2270615,882.2,687.7,848.2,598.9,865.2,643.3,0
891,29691,2270616,882.1,687.7,848.0,598.0,865.05,642.85,0
891,29692,2270617,882.2,687.7,847.7,596.9,864.95,642.3,0
891,29693,2270618,882.3,687.7,847.4,595.8,864.85,641.75,0
891,29694,2270619,882.5,687.7,847.1,595.0,864.8,641.35,0
891,29695,2270620,882.7,687.7,846.8,594.2,864.75,640.95,0
891,29696,2270621,882.8,687.6,846.6,593.8,864.7,640.7,0
891,29697,2270622,883.0,687.6,846.4,593.4,864.7,640.5,0
891,29698,2270623,883.1,687.4,845.9,593.0,864.5,640.2,0
891,29699,2270624,883.1,687.2,845.4,593.0,864.25,640.1,0
891,29700,2270625,883.0,687.1,845.0,593.0,864.0,640.05,0
892,29701,2270626,882.9,686.9,844.5,592.9,863.7,639.9,0
892,29702,2270627,882.9,686.7,844.0,592.8,863.45,639.75,0
892,29703,2270628,882.6,686.5,843.5,592.7,863.05,639.6,0
892,29704,2270629,882.4,686.3,843.1,592.6,862.75,639.45,0
892,29705,2270630,882.2,686.2,843.1,592.4,862.65,639.3,0
892,29706,2270631,882.0,686.3,843.2,592.5,862.6,639.4,0
892,29707,2270632,881.8,686.5,843.4,592.8,862.6,639.65,0
892,29708,2270633,881.7,686.8,843.8,593.0,862.75,639.9,0
892,29709,2270634,881.5,687.1,844.0,593.3,862.75,640.2,0
892,29710,2270635,881.4,687.4,844.2,593.7,862.8,640.55,0
892,29711,2270636,881.4,687.7,844.2,594.0,862.8,640.85,0
892,29712,2270637,881.3,688.0,844.2,594.4,862.75,641.2,0
892,29713,2270638,881.3,688.2,843.9,594.5,862.6,641.35,0
892,29714,2270639,881.3,688.2,843.4,594.5,862.35,641.35,0
892,29715,2270640,881.3,688.2,842.8,594.5,862.05,641.35,0
892,29716,2270641,881.3,688.2,842.2,594.9,861.75,641.55,0
892,29717,2270642,881.4,688.3,841.7,595.2,861.55,641.75,0
892,29718,2270643,881.4,688.5,841.4,595.5,861.4,642.0,0
892,29719,2270644,881.5,689.0,841.0,595.9,861.25,642.45,0
892,29720,2270645,881.7,689.5,840.8,596.3,861.25,642.9,0
892,29721,2270646,881.7,690.1,840.6,596.6,861.15,643.35,0
892,29722,2270647,881.8,690.7,840.5,596.9,861.15,643.8,0
892,29723,2270648,881.9,691.3,840.4,596.9,861.15,644.1,0
892,29724,2270649,882.0,691.8,840.4,597.0,861.2,644.4,0
892,29725,2270650,881.9,692.3,840.5,597.2,861.2,644.75,0
892,29726,2270651,881.9,692.4,840.6,597.5,861.25,644.95,0
892,29727,2270652,881.9,692.8,840.7,598.1,861.3,645.45,0
892,29728,2270653,881.9,693.0,841.0,598.7,861.45,645.85,0
892,29729,2270654,882.0,693.3,841.3,599.2,861.65,646.25,0
892,29730,2270655,882.1,693.6,841.5,599.8,861.8,646.7,0
892,29731,2270656,882.1,693.8,841.7,600.2,861.9,647.0,0
892,29732,2270657,882.3,694.0,841.9,600.6,862.1,647.3,0
892,29733,2270658,882.5,694.3,842.1,601.0,862.3,647.65,0
893,29734,2270659,882.7,694.6,842.3,601.0,862.5,647.8,0
893,29735,2270660,882.8,694.9,842.3,601.1,862.55,648.0,0
893,29736,2270661,882.9,695.2,842.3,601.1,862.6,648.15,0
893,29737,2270662,882.9,695.6,842.3,601.2,862.6,648.4,0
893,29738,2270663,883.0,696.0,842.2,601.2,862.6,648.6,0
893,29739,2270664,882.8,696.4,842.2,601.3,862.5,648.85,0
893,29740,2270665,882.6,696.7,842.1,601.3,862.35,649.0,0
893,29741,2270666,882.5,696.8,842.1,601.3,862.3,649.05,0
893,29742,2270667,882.4,697.0,842.1,601.3,862.25,649.15,0
893,29743,2270668,882.4,697.1,842.1,601.3,862.25,649.2,0
893,29744,2270669,882.4,697.2,842.2,601.3,862.3,649.25,0
893,29745,2270670,882.4,697.7,842.4,601.7,862.4,649.7,0
893,29746,2270671,882.6,698.2,842.6,602.0,862.6,650.1,0
893,29747,2270672,882.8,698.8,842.8,602.4,862.8,650.6,0
893,29748,2270673,883.0,699.4,842.9,602.7,862.95,651.05,0
893,29749,2270674,883.0,700.2,843.0,603.1,863.0,651.65,0
893,29750,2270675,882.9,700.9,843.1,603.4,863.0,652.15,0
893,29751,2270676,882.9,701.5,843.1,603.6,863.0,652.55,0
893,29752,2270677,882.6,701.8,843.2,603.6,862.9,652.7,0
893,29753,2270678,882.3,701.9,843.3,603.5,862.8,652.7,0
893,29754,2270679,882.1,702.1,843.4,603.5,862.75,652.8,0
893,29755,2270680,882.0,702.3,843.5,603.5,862.75,652.9,0
893,29756,2270681,881.9,702.4,843.7,603.4,862.8,652.9,0
893,29757,2270682,881.9,703.1,843.8,603.5,862.85,653.3,0
893,29758,2270683,881.9,703.7,843.9,603.5,862.9,653.6,0
893,29759,2270684,882.1,704.3,844.0,604.0,863.05,654.15,0
893,29760,2270685,882.3,705.0,844.0,604.5,863.15,654.75,0
893,29761,2270686,882.4,705.6,844.3,604.9,863.35,655.25,0
893,29762,2270687,882.4,706.2,844.5,605.5,863.45,655.85,0
893,29763,2270688,882.3,706.8,844.7,606.1,863.5,656.45,0
893,29764,2270689,882.2,706.9,844.9,606.9,863.55,656.9,0
893,29765,2270690,882.1,707.1,845.1,607.6,863.6,657.35,0
893,29766,2270691,882.0,707.4,845.2,608.0,863.6,657.7,0
894,29767,2270692,881.9,707.6,845.3,608.4,863.6,658.0,0
894,29768,2270693,882.0,707.9,845.2,609.3,863.6,658.6,0
894,29769,2270694,882.0,708.1,845.0,610.2,863.5,659.15,0
894,29770,2270695,882.1,708.3,844.8,611.1,863.45,659.7,0
894,29771,2270696,882.2,708.5,844.6,611.8,863.4,660.15,0
894,29772,2270697,882.2,708.7,844.4,612.5,863.3,660.6,0
894,29773,2270698,882.3,708.9,844.2,613.2,863.25,661.05,0
894,29774,2270699,882.3,709.1,844.0,613.8,863.15,661.45,0
894,29775,2270700,882.1,709.3,843.8,614.0,862.95,661.65,0
894,29776,2270701,882.0,709.6,843.7,614.1,862.85,661.85,0
894,29777,2270702,881.8,709.8,843.7,614.3,862.75,662.05,0
894,29778,2270703,881.6,710.0,843.6,614.5,862.6,662.25,0
894,29779,2270704,881.5,710.1,843.4,614.9,862.45,662.5,0
894,29780,2270705,881.3,710.2,843.3,615.4,862.3,662.8,0
894,29781,2270706,881.2,710.6,843.1,615.9,862.15,663.25,0
894,29782,2270707,881.2,710.9,843.0,616.4,862.1,663.65,0
894,29783,2270708,881.3,711.3,842.9,616.9,862.1,664.1,0
894,29784,2270709,881.4,711.7,842.8,617.3,862.1,664.5,0
894,29785,2270710,881.4,711.9,842.7,617.6,862.05,664.75,0
894,29786,2270711,881.5,712.2,842.8,617.8,862.15,665.0,0
894,29787,2270712,881.5,712.6,842.9,617.9,862.2,665.25,0
894,29788,2270713,881.6,712.8,843.0,618.0,862.3,665.4,0
894,29789,2270714,881.5,713.1,843.0,618.5,862.25,665.8,0
894,29790,2270715,881.5,713.3,843.0,618.9,862.25,666.1,0
894,29791,2270716,881.4,713.5,842.8,619.4,862.1,666.45,0
894,29792,2270717,881.3,713.6,842.7,619.9,862.0,666.75,0
894,29793,2270718,881.2,713.8,842.5,620.5,861.85,667.15,0
894,29794,2270719,881.1,713.9,842.3,621.2,861.7,667.55,0
894,29795,2270720,881.2,713.8,842.1,621.8,861.65,667.8,0
894,29796,2270721,881.4,713.8,842.0,622.1,861.7,667.95,0
894,29797,2270722,881.5,713.7,841.9,622.4,861.7,668.05,0
894,29798,2270723,881.8,713.7,841.8,622.7,861.8,668.2,0
894,29799,2270724,882.0,713.6,841.8,623.0,861.9,668.3,0
894,29800,2270725,882.3,713.5,841.7,623.3,862.0,668.4,0
895,29801,2270726,882.5,713.4,841.6,623.8,862.05,668.6,0
895,29802,2270727,882.6,713.3,841.5,624.3,862.05,668.8,0
895,29803,2270728,882.6,713.2,841.3,624.8,861.95,669.0,0
895,29804,2270729,882.6,713.1,841.2,625.3,861.9,669.2,0
895,29805,2270730,882.6,713.0,841.0,625.8,861.8,669.4,0
895,29806,2270731,882.5,712.9,840.8,626.1,861.65,669.5,0
895,29807,2270732,882.4,713.2,840.6,626.3,861.5,669.75,0
895,29808,2270733,882.3,713.5,840.5,626.2,861.4,669.85,0
895,29809,2270734,882.1,713.8,840.5,625.9,861.3,669.85,0
895,29810,2270735,881.9,714.1,840.6,625.7,861.25,669.9,0
895,29811,2270736,881.8,714.4,840.7,625.5,861.25,669.95,0
895,29812,2270737,881.7,714.7,840.7,625.3,861.2,670.0,0
895,29813,2270738,881.5,714.9,840.9,625.2,861.2,670.05,0
895,29814,2270739,881.3,714.8,841.0,625.2,861.15,670.0,0
895,29815,2270740,881.1,714.7,841.0,625.5,861.05,670.1,0
895,29816,2270741,881.0,714.6,840.9,625.8,860.95,670.2,0
895,29817,2270742,880.8,714.4,840.8,626.3,860.8,670.35,0
895,29818,2270743,880.7,714.4,840.6,626.7,860.65,670.55,0
895,29819,2270744,880.6,714.3,840.1,627.1,860.35,670.7,0
895,29820,2270745,880.6,714.2,839.6,627.4,860.1,670.8,0
895,29821,2270746,880.6,714.2,839.1,627.3,859.85,670.75,0
895,29822,2270747,880.6,714.2,838.7,627.1,859.65,670.65,0
895,29823,2270748,880.5,714.2,838.3,626.7,859.4,670.45,0
895,29824,2270749,880.3,714.2,838.0,626.2,859.15,670.2,0
895,29825,2270750,880.2,714.3,837.8,625.7,859.0,670.0,0
895,29826,2270751,880.0,714.4,837.9,625.5,858.95,669.95,0
895,29827,2270752,879.8,714.5,838.1,625.4,858.95,669.95,0
895,29828,2270753,879.7,714.6,838.4,625.5,859.05,670.05,0
895,29829,2270754,879.6,714.6,838.6,625.6,859.1,670.1,0
895,29830,2270755,879.6,714.6,838.9,625.9,859.25,670.25,0
895,29831,2270756,879.7,714.6,839.0,626.2,859.35,670.4,0
895,29832,2270757,879.8,714.6,839.0,626.5,859.4,670.55,0
895,29833,2270758,879.8,714.7,838.8,626.6,859.3,670.65,0
896,29834,2270759,879.9,714.8,838.7,626.7,859.3,670.75,0
896,29835,2270760,880.0,714.8,838.4,626.8,859.2,670.8,0
896,29836,2270761,880.0,714.8,838.1,626.8,859.05,670.8,0
896,29837,2270762,880.1,714.8,837.8,626.8,858.95,670.8,0
896,29838,2270763,880.3,714.6,837.6,626.8,858.95,670.7,0
896,29839,2270764,880.3,714.3,837.4,626.8,858.85,670.55,0
896,29840,2270765,880.4,714.0,837.3,626.7,858.85,670.35,0
896,29841,2270766,880.5,713.7,837.2,626.7,858.85,670.2,0
896,29842,2270767,880.5,713.4,837.1,626.7,858.8,670.05,0
896,29843,2270768,880.6,713.2,837.1,626.6,858.85,669.9,0
896,29844,2270769,880.7,713.0,837.1,626.6,858.9,669.8,0
896,29845,2270770,880.8,713.0,837.2,626.5,859.0,669.75,0
896,29846,2270771,880.8,713.1,837.3,626.2,859.05,669.65,0
896,29847,2270772,881.0,713.3,837.5,626.0,859.25,669.65,0
896,29848,2270773,881.1,713.4,837.6,625.7,859.35,669.55,0
896,29849,2270774,881.3,713.6,837.8,625.3,859.55,669.45,0
896,29850,2270775,881.3,713.7,837.9,624.9,859.6,669.3,0
896,29851,2270776,881.4,713.9,838.0,624.4,859.7,669.15,0
896,29852,2270777,881.5,714.0,837.9,624.1,859.7,669.05,0
896,29853,2270778,881.5,714.1,837.7,623.9,859.6,669.0,0
896,29854,2270779,881.5,714.1,837.4,623.7,859.45,668.9,0
896,29855,2270780,881.5,714.4,837.1,623.3,859.3,668.85,0
896,29856,2270781,881.5,714.6,836.8,623.1,859.15,668.85,0
896,29857,2270782,881.4,714.9,836.4,622.9,858.9,668.9,0
896,29858,2270783,881.3,715.2,836.1,622.6,858.7,668.9,0
896,29859,2270784,881.0,715.6,836.0,622.2,858.5,668.9,0
896,29860,2270785,880.6,716.0,836.0,621.8,858.3,668.9,0
896,29861,2270786,880.2,716.3,835.9,621.5,858.05,668.9,0
896,29862,2270787,879.8,716.6,835.9,621.2,857.85,668.9,0
896,29863,2270788,879.5,716.9,836.0,621.1,857.75,669.0,0
896,29864,2270789,879.3,717.2,836.0,620.9,857.65,669.05,0
896,29865,2270790,879.0,717.5,836.1,620.7,857.55,669.1,0
896,29866,2270791,879.0,717.9,836.1,620.6,857.55,669.25,0
897,29867,2270792,879.1,718.3,836.2,620.4,857.65,669.35,0
897,29868,2270793,879.0,718.7,836.2,620.3,857.6,669.5,0
897,29869,2270794,879.0,719.0,836.2,620.1,857.6,669.55,0
897,29870,2270795,878.8,719.3,836.2,620.0,857.5,669.65,0
897,29871,2270796,878.7,719.5,836.1,620.0,857.4,669.75,0
897,29872,2270797,878.5,719.8,836.0,620.1,857.25,669.95,0
897,29873,2270798,878.5,719.8,836.0,620.1,857.25,669.95,0
897,29874,2270799,878.5,719.9,836.0,620.1,857.25,670.0,0
897,29875,2270800,878.6,719.9,835.9,620.1,857.25,670.0,0
897,29876,2270801,878.7,719.9,835.9,620.1,857.3,670.0,0
897,29877,2270802,878.8,720.0,835.8,620.1,857.3,670.05,0
897,29878,2270803,879.0,720.1,835.8,619.9,857.4,670.0,0
897,29879,2270804,879.1,720.3,835.8,619.8,857.45,670.05,0
897,29880,2270805,879.1,720.4,835.8,619.7,857.45,670.05,0
897,29881,2270806,879.1,720.6,835.8,619.7,857.45,670.15,0
897,29882,2270807,879.1,720.8,835.8,619.7,857.45,670.25,0
897,29883,2270808,879.0,720.9,835.7,619.7,857.35,670.3,0
897,29884,2270809,879.0,721.0,835.6,619.8,857.3,670.4,0
897,29885,2270810,879.0,721.0,835.5,620.3,857.25,670.65,0
897,29886,2270811,879.0,721.0,835.5,620.8,857.25,670.9,0
897,29887,2270812,879.0,721.0,835.4,621.3,857.2,671.15,0
897,29888,2270813,878.8,721.0,835.5,621.7,857.15,671.35,0
897,29889,2270814,878.5,721.0,835.7,621.9,857.1,671.45,0
897,29890,2270815,878.2,720.9,835.8,622.0,857.0,671.45,0
897,29891,2270816,878.0,721.0,836.0,622.0,857.0,671.5,0
897,29892,2270817,877.8,721.0,836.3,621.7,857.05,671.35,0
897,29893,2270818,877.6,721.0,836.5,621.4,857.05,671.2,0
897,29894,2270819,877.4,721.0,836.7,621.1,857.05,671.05,0
897,29895,2270820,877.4,721.0,836.8,620.9,857.1,670.95,0
897,29896,2270821,877.5,721.0,836.9,620.9,857.2,670.95,0
897,29897,2270822,877.6,721.1,837.0,621.0,857.3,671.05,0
897,29898,2270823,877.7,721.1,837.3,621.1,857.5,671.1,0
897,29899,2270824,877.8,721.1,837.5,621.1,857.65,671.1,0
897,29900,2270825,878.1,721.2,837.7,621.0,857.9,671.1,0
898,29901,2270826,878.4,721.3,837.9,620.9,858.15,671.1,0
898,29902,2270827,878.6,721.4,838.1,620.7,858.35,671.05,0
898,29903,2270828,878.8,721.5,838.3,620.4,858.55,670.95,0
898,29904,2270829,879.0,721.7,838.8,620.2,858.9,670.95,0
898,29905,2270830,879.2,721.8,839.1,620.0,859.15,670.9,0
898,29906,2270831,879.3,721.9,839.4,620.0,859.35,670.95,0
898,29907,2270832,879.3,722.1,839.6,620.0,859.45,671.05,0
898,29908,2270833,879.3,722.2,839.8,620.2,859.55,671.2,0
898,29909,2270834,879.2,722.4,840.0,620.5,859.6,671.45,0
898,29910,2270835,879.2,722.6,840.1,620.8,859.65,671.7,0
898,29911,2270836,879.1,722.7,840.0,621.1,859.55,671.9,0
898,29912,2270837,879.1,722.6,839.9,621.3,859.5,671.95,0
898,29913,2270838,879.0,722.6,839.9,621.4,859.45,672.0,0
898,29914,2270839,879.0,722.5,840.0,621.5,859.5,672.0,0
898,29915,2270840,878.9,722.4,840.0,621.4,859.45,671.9,0
898,29916,2270841,878.7,722.2,840.1,621.3,859.4,671.75,0
898,29917,2270842,878.4,722.0,840.1,621.2,859.25,671.6,0
898,29918,2270843,878.2,721.4,840.2,621.2,859.2,671.3,0
898,29919,2270844,877.9,721.0,840.2,621.1,859.05,671.05,0
898,29920,2270845,877.5,720.6,840.2,621.1,858.85,670.85,0
898,29921,2270846,877.2,720.2,840.2,621.0,858.7,670.6,0
898,29922,2270847,876.8,719.8,840.1,621.0,858.45,670.4,0
898,29923,2270848,876.7,719.5,840.0,620.9,858.35,670.2,0
898,29924,2270849,876.6,719.1,840.0,620.8,858.3,669.95,0
898,29925,2270850,876.4,719.1,840.0,620.8,858.2,669.95,0
898,29926,2270851,876.3,719.3,840.1,620.7,858.2,670.0,0
898,29927,2270852,876.4,719.6,840.1,620.6,858.25,670.1,0
898,29928,2270853,876.4,719.9,840.1,620.4,858.25,670.15,0
898,29929,2270854,876.4,720.1,840.2,620.2,858.3,670.15,0
898,29930,2270855,876.4,720.4,840.2,619.8,858.3,670.1,0
898,29931,2270856,876.5,720.4,840.3,619.5,858.4,669.95,0
898,29932,2270857,876.5,720.5,840.4,619.1,858.45,669.8,0
898,29933,2270858,876.6,720.1,840.5,618.5,858.55,669.3,0
899,29934,2270859,876.4,719.6,840.6,617.8,858.5,668.7,0
899,29935,2270860,876.3,719.1,840.7,617.3,858.5,668.2,0
899,29936,2270861,876.2,718.6,840.8,616.9,858.5,667.75,0
899,29937,2270862,876.0,718.1,840.8,616.6,858.4,667.35,0
899,29938,2270863,875.9,717.8,840.9,616.4,858.4,667.1,0
899,29939,2270864,875.8,717.6,840.9,616.1,858.35,666.85,0
899,29940,2270865,875.7,717.6,841.0,616.1,858.35,666.85,0
899,29941,2270866,875.6,717.7,841.0,616.0,858.3,666.85,0
899,29942,2270867,875.3,717.9,841.1,616.0,858.2,666.95,0
899,29943,2270868,875.0,718.2,841.2,616.1,858.1,667.15,0
899,29944,2270869,874.7,718.4,841.3,616.1,858.0,667.25,0
899,29945,2270870,874.5,718.5,841.4,616.1,857.95,667.3,0
899,29946,2270871,874.3,718.7,841.5,616.1,857.9,667.4,0
899,29947,2270872,874.2,718.7,841.5,616.1,857.85,667.4,0
899,29948,2270873,874.1,718.7,841.6,616.1,857.85,667.4,0
899,29949,2270874,874.3,718.6,841.5,616.0,857.9,667.3,0
899,29950,2270875,874.6,718.6,841.5,615.9,858.05,667.25,0
899,29951,2270876,874.9,718.5,841.3,615.7,858.1,667.1,0
899,29952,2270877,874.9,718.5,841.2,615.5,858.05,667.0,0
899,29953,2270878,875.0,718.5,841.0,615.2,858.0,666.85,0
899,29954,2270879,875.0,718.4,840.9,615.0,857.95,666.7,0
899,29955,2270880,874.9,718.4,840.9,614.9,857.9,666.65,0
899,29956,2270881,874.7,718.3,840.8,614.7,857.75,666.5,0
899,29957,2270882,874.5,718.3,840.8,614.6,857.65,666.45,0
899,29958,2270883,874.3,718.5,840.9,614.5,857.6,666.5,0
899,29959,2270884,874.1,718.7,840.9,614.5,857.5,666.6,0
899,29960,2270885,874.2,718.9,841.0,614.4,857.6,666.65,0
899,29961,2270886,874.2,719.1,841.0,614.5,857.6,666.8,0
899,29962,2270887,874.4,719.3,841.1,614.6,857.75,666.95,0
899,29963,2270888,874.7,719.5,841.1,614.7,857.9,667.1,0
899,29964,2270889,875.2,719.8,841.1,614.7,858.15,667.25,0
899,29965,2270890,875.6,720.0,841.1,614.8,858.35,667.4,0
899,29966,2270891,876.0,720.1,841.2,614.9,858.6,667.5,0
900,29967,2270892,876.2,720.3,841.3,615.1,858.75,667.7,0
900,29968,2270893,876.4,720.5,841.4,615.1,858.9,667.8,0
900,29969,2270894,876.6,720.7,841.6,615.1,859.1,667.9,0
900,29970,2270895,877.0,720.9,841.8,615.2,859.4,668.05,0
900,29971,2270896,877.3,721.0,842.0,615.3,859.65,668.15,0
900,29972,2270897,877.7,721.2,842.2,615.3,859.95,668.25,0
900,29973,2270898,878.0,721.6,842.4,615.4,860.2,668.5,0
900,29974,2270899,878.3,722.0,842.5,615.5,860.4,668.75,0
900,29975,2270900,878.7,722.4,842.5,615.9,860.6,669.15,0
900,29976,2270901,879.2,722.9,842.5,616.3,860.85,669.6,0
900,29977,2270902,879.5,723.5,842.5,616.7,861.0,670.1,0
900,29978,2270903,879.7,724.2,842.5,616.9,861.1,670.55,0
900,29979,2270904,879.7,724.7,842.4,617.1,861.05,670.9,0
900,29980,2270905,879.8,725.0,842.3,617.4,861.05,671.2,0
900,29981,2270906,879.9,725.4,842.2,617.7,861.05,671.55,0
900,29982,2270907,879.8,725.8,842.0,618.1,860.9,671.95,0
900,29983,2270908,879.8,726.3,841.9,618.4,860.85,672.35,0
900,29984,2270909,879.7,726.6,841.6,618.9,860.65,672.75,0
900,29985,2270910,879.6,727.0,841.4,619.5,860.5,673.25,0
900,29986,2270911,879.4,727.3,841.2,620.1,860.3,673.7,0
900,29987,2270912,879.1,727.8,841.1,620.7,860.1,674.25,0
900,29988,2270913,878.9,728.2,841.0,621.2,859.95,674.7,0
900,29989,2270914,878.6,728.7,841.0,621.4,859.8,675.05,0
900,29990,2270915,878.3,729.2,841.0,621.6,859.65,675.4,0
900,29991,2270916,878.0,729.6,841.2,621.8,859.6,675.7,0
900,29992,2270917,877.7,729.9,841.3,622.1,859.5,676.0,0
900,29993,2270918,877.6,730.4,841.4,622.4,859.5,676.4,0
900,29994,2270919,877.5,730.8,841.5,622.7,859.5,676.75,0
900,29995,2270920,877.5,731.2,841.5,623.0,859.5,677.1,0
900,29996,2270921,877.4,731.7,841.6,623.3,859.5,677.5,0
900,29997,2270922,877.4,732.1,841.6,623.7,859.5,677.9,0
900,29998,2270923,877.2,732.5,841.6,624.3,859.4,678.4,0
900,29999,2270924,877.0,733.0,841.6,624.7,859.3,678.85,0
900,30000,2270925,876.7,733.3,841.6,625.3,859.15,679.3,0
901,30001,2270926,876.5,733.5,841.6,625.9,859.05,679.7,0
901,30002,2270927,876.3,733.7,841.6,626.5,858.95,680.1,0
901,30003,2270928,876.1,733.7,841.4,627.1,858.75,680.4,0
901,30004,2270929,875.9,733.7,841.3,627.5,858.6,680.6,0
901,30005,2270930,875.9,733.7,841.1,627.7,858.5,680.7,0
901,30006,2270931,875.8,733.7,840.9,627.9,858.35,680.8,0
901,30007,2270932,875.7,733.7,840.7,627.9,858.2,680.8,0
901,30008,2270933,875.6,733.6,840.5,627.8,858.05,680.7,0
901,30009,2270934,875.5,733.6,840.0,627.9,857.75,680.75,0
901,30010,2270935,875.6,733.7,839.7,628.1,857.65,680.9,0
901,30011,2270936,875.7,733.7,839.4,628.3,857.55,681.0,0
901,30012,2270937,875.8,733.7,839.2,628.5,857.5,681.1,0
901,30013,2270938,876.0,733.8,838.9,628.7,857.45,681.25,0
901,30014,2270939,876.2,733.8,838.6,629.0,857.4,681.4,0
901,30015,2270940,876.3,733.7,838.4,629.2,857.35,681.45,0
901,30016,2270941,876.5,733.6,838.6,629.2,857.55,681.4,0
901,30017,2270942,876.5,733.5,838.9,629.1,857.7,681.3,0
901,30018,2270943,876.5,733.4,839.1,629.1,857.8,681.25,0
901,30019,2270944,876.5,733.2,839.4,629.0,857.95,681.1,0
901,30020,2270945,876.5,733.1,839.6,628.8,858.05,680.95,0
901,30021,2270946,876.4,733.0,839.9,628.8,858.15,680.9,0
901,30022,2270947,876.4,733.1,840.2,628.8,858.3,680.95,0
901,30023,2270948,876.4,733.3,840.2,628.9,858.3,681.1,0
901,30024,2270949,876.4,733.6,840.3,629.0,858.35,681.3,0
901,30025,2270950,876.5,733.9,840.4,629.1,858.45,681.5,0
901,30026,2270951,876.6,734.1,840.4,629.2,858.5,681.65,0
901,30027,2270952,876.8,734.6,840.4,629.3,858.6,681.95,0
901,30028,2270953,876.9,735.1,840.5,629.2,858.7,682.15,0
901,30029,2270954,877.1,735.3,840.4,629.6,858.75,682.45,0
901,30030,2270955,877.2,735.6,840.4,630.0,858.8,682.8,0
901,30031,2270956,877.3,735.9,840.3,630.4,858.8,683.15,0
901,30032,2270957,877.5,736.1,840.2,630.9,858.85,683.5,0
901,30033,2270958,877.6,736.3,840.2,631.3,858.9,683.8,0
902,30034,2270959,877.8,736.2,840.1,631.7,858.95,683.95,0
902,30035,2270960,878.0,736.0,839.9,632.0,858.95,684.0,0
902,30036,2270961,878.2,735.9,839.9,631.9,859.05,683.9,0
902,30037,2270962,878.4,735.8,839.8,631.8,859.1,683.8,0
902,30038,2270963,878.6,735.3,839.7,632.0,859.15,683.65,0
902,30039,2270964,878.7,734.8,839.6,632.1,859.15,683.45,0
902,30040,2270965,878.7,734.5,839.4,632.3,859.05,683.4,0
902,30041,2270966,878.7,734.2,838.9,632.3,858.8,683.25,0
902,30042,2270967,878.6,734.0,838.5,632.3,858.55,683.15,0
902,30043,2270968,878.5,733.9,838.0,632.2,858.25,683.05,0
902,30044,2270969,878.3,733.8,837.5,632.2,857.9,683.0,0
902,30045,2270970,878.2,734.0,837.0,631.9,857.6,682.95,0
902,30046,2270971,877.7,734.2,836.6,631.9,857.15,683.05,0
902,30047,2270972,877.3,734.4,836.3,631.9,856.8,683.15,0
902,30048,2270973,877.0,734.4,836.2,632.1,856.6,683.25,0
902,30049,2270974,876.9,734.4,836.1,632.3,856.5,683.35,0
902,30050,2270975,876.8,734.2,836.0,632.5,856.4,683.35,0
902,30051,2270976,876.7,734.0,835.8,632.6,856.25,683.3,0
902,30052,2270977,876.6,733.8,835.6,632.6,856.1,683.2,0
902,30053,2270978,876.7,733.6,835.5,632.4,856.1,683.0,0
902,30054,2270979,876.9,733.4,835.3,632.2,856.1,682.8,0
902,30055,2270980,877.0,733.1,835.2,632.0,856.1,682.55,0
902,30056,2270981,877.0,732.9,835.1,631.9,856.05,682.4,0
902,30057,2270982,877.0,732.8,835.1,631.9,856.05,682.35,0
902,30058,2270983,876.9,732.7,835.1,631.9,856.0,682.3,0
902,30059,2270984,876.9,732.6,835.1,632.1,856.0,682.35,0
902,30060,2270985,876.8,732.5,835.0,632.3,855.9,682.4,0
902,30061,2270986,876.7,732.4,834.9,632.9,855.8,682.65,0
902,30062,2270987,876.4,732.3,834.8,633.6,855.6,682.95,0
902,30063,2270988,876.2,732.3,834.7,634.2,855.45,683.25,0
902,30064,2270989,876.0,732.1,834.5,634.8,855.25,683.45,0
902,30065,2270990,875.9,732.0,834.4,635.4,855.15,683.7,0
902,30066,2270991,875.8,731.9,834.3,635.8,855.05,683.85,0
903,30067,2270992,875.7,731.8,834.2,636.2,854.95,684.0,0
903,30068,2270993,875.8,731.8,834.2,636.1,855.0,683.95,0
903,30069,2270994,875.8,731.8,834.2,636.1,855.0,683.95,0
903,30070,2270995,875.8,731.8,834.2,636.1,855.0,683.95,0
903,30071,2270996,875.8,731.9,834.2,636.2,855.0,684.05,0
903,30072,2270997,875.8,731.9,834.2,636.4,855.0,684.15,0
903,30073,2270998,876.1,731.9,834.2,636.6,855.15,684.25,0
903,30074,2270999,876.3,731.9,834.2,636.8,855.25,684.35,0
903,30075,2271000,876.6,731.9,834.3,637.2,855.45,684.55,0
903,30076,2271001,876.9,731.9,834.3,637.6,855.6,684.75,0
903,30077,2271002,877.2,731.8,834.4,637.9,855.8,684.85,0
903,30078,2271003,877.5,731.8,834.4,638.2,855.95,685.0,0
903,30079,2271004,877.8,731.7,834.6,638.6,856.2,685.15,0
903,30080,2271005,877.8,731.7,834.7,639.0,856.25,685.35,0
903,30081,2271006,877.8,731.7,835.0,639.4,856.4,685.55,0
903,30082,2271007,877.9,731.7,835.3,639.6,856.6,685.65,0
903,30083,2271008,877.7,731.6,835.6,639.8,856.65,685.7,0
903,30084,2271009,877.6,731.5,835.9,640.0,856.75,685.75,0
903,30085,2271010,877.4,731.3,836.1,639.9,856.75,685.6,0
903,30086,2271011,877.3,731.2,836.3,639.9,856.8,685.55,0
903,30087,2271012,877.1,731.0,836.5,639.8,856.8,685.4,0
903,30088,2271013,876.9,730.8,836.8,639.7,856.85,685.25,0
903,30089,2271014,876.8,730.4,837.0,639.6,856.9,685.0,0
903,30090,2271015,877.0,730.1,837.3,639.4,857.15,684.75,0
903,30091,2271016,877.2,729.8,837.6,639.6,857.4,684.7,0
903,30092,2271017,877.5,729.6,837.9,640.3,857.7,684.95,0
903,30093,2271018,877.7,729.3,838.3,641.0,858.0,685.15,0
903,30094,2271019,878.0,729.1,838.6,641.6,858.3,685.35,0
903,30095,2271020,878.3,728.9,838.6,642.3,858.45,685.6,0
903,30096,2271021,878.5,728.9,838.7,643.0,858.6,685.95,0
903,30097,2271022,878.6,728.9,838.8,643.6,858.7,686.25,0
903,30098,2271023,878.6,728.8,838.9,643.9,858.75,686.35,0
903,30099,2271024,878.7,728.9,838.9,643.5,858.8,686.2,0
903,30100,2271025,878.7,729.0,839.0,643.1,858.85,686.05,0
904,30101,2271026,878.7,729.1,839.0,642.6,858.85,685.85,0
904,30102,2271027,878.7,729.2,839.0,642.8,858.85,686.0,0
904,30103,2271028,878.6,729.4,839.0,642.9,858.8,686.15,0
904,30104,2271029,878.4,729.6,839.1,643.1,858.75,686.35,0
904,30105,2271030,878.2,729.8,839.1,643.4,858.65,686.6,0
904,30106,2271031,878.0,729.9,839.1,643.8,858.55,686.85,0
904,30107,2271032,877.8,729.9,839.1,644.3,858.45,687.1,0
904,30108,2271033,877.6,730.0,839.1,644.7,858.35,687.35,0
904,30109,2271034,877.5,729.9,839.0,644.6,858.25,687.25,0
904,30110,2271035,877.4,729.8,839.0,644.5,858.2,687.15,0
904,30111,2271036,877.3,729.7,838.9,644.5,858.1,687.1,0
904,30112,2271037,877.3,729.5,838.9,644.4,858.1,686.95,0
904,30113,2271038,877.3,729.3,838.8,644.4,858.05,686.85,0
904,30114,2271039,877.4,729.1,838.8,644.3,858.1,686.7,0
904,30115,2271040,877.4,728.9,839.0,644.3,858.2,686.6,0
904,30116,2271041,877.5,728.7,839.2,644.4,858.35,686.55,0
904,30117,2271042,877.6,728.5,839.5,644.6,858.55,686.55,0
904,30118,2271043,877.6,728.2,839.8,644.8,858.7,686.5,0
904,30119,2271044,877.6,728.0,840.1,645.1,858.85,686.55,0
904,30120,2271045,877.6,727.7,840.5,645.5,859.05,686.6,0
904,30121,2271046,877.6,727.4,840.8,646.0,859.2,686.7,0
904,30122,2271047,877.6,727.1,841.0,646.6,859.3,686.85,0
904,30123,2271048,877.6,726.6,841.0,647.1,859.3,686.85,0
904,30124,2271049,877.7,726.3,841.1,647.5,859.4,686.9,0
904,30125,2271050,877.8,726.0,841.1,647.8,859.45,686.9,0
904,30126,2271051,877.8,725.8,841.0,648.3,859.4,687.05,0
904,30127,2271052,877.9,725.6,840.9,648.5,859.4,687.05,0
904,30128,2271053,878.0,725.6,840.8,648.7,859.4,687.15,0
904,30129,2271054,878.0,725.7,840.8,648.8,859.4,687.25,0
904,30130,2271055,878.0,725.7,840.7,648.8,859.35,687.25,0
904,30131,2271056,877.9,725.9,840.6,648.8,859.25,687.35,0
904,30132,2271057,877.8,726.0,840.5,648.7,859.15,687.35,0
904,30133,2271058,877.7,726.1,840.4,648.6,859.05,687.35,0
905,30134,2271059,877.7,726.3,840.3,648.5,859.0,687.4,0
905,30135,2271060,877.7,726.4,840.1,648.4,858.9,687.4,0
905,30136,2271061,877.6,726.4,840.0,648.4,858.8,687.4,0
905,30137,2271062,877.6,726.4,839.8,648.6,858.7,687.5,0
905,30138,2271063,877.7,726.4,839.6,649.0,858.65,687.7,0
905,30139,2271064,877.7,726.3,839.5,649.3,858.6,687.8,0
905,30140,2271065,877.7,726.3,839.4,650.0,858.55,688.15,0
905,30141,2271066,877.7,726.3,839.2,650.7,858.45,688.5,0
905,30142,2271067,877.7,726.3,839.1,651.6,858.4,688.95,0
905,30143,2271068,877.8,726.2,839.0,652.7,858.4,689.45,0
905,30144,2271069,877.7,726.1,839.0,653.5,858.35,689.8,0
905,30145,2271070,877.6,725.9,839.0,654.4,858.3,690.15,0
905,30146,2271071,877.4,725.5,839.0,655.3,858.2,690.4,0
905,30147,2271072,877.5,725.3,839.0,655.8,858.25,690.55,0
905,30148,2271073,877.5,725.0,839.0,656.4,858.25,690.7,0
905,30149,2271074,877.4,724.8,839.1,657.0,858.25,690.9,0
905,30150,2271075,877.4,724.7,839.2,657.7,858.3,691.2,0
905,30151,2271076,877.5,724.7,839.3,658.5,858.4,691.6,0
905,30152,2271077,877.7,725.0,839.8,659.1,858.75,692.05,0
905,30153,2271078,877.8,725.3,840.2,659.7,859.0,692.5,0
905,30154,2271079,877.7,725.6,840.6,660.3,859.15,692.95,0
905,30155,2271080,877.5,725.9,840.9,661.0,859.2,693.45,0
905,30156,2271081,877.3,726.2,841.1,661.2,859.2,693.7,0
905,30157,2271082,877.1,726.4,841.2,661.1,859.15,693.75,0
905,30158,2271083,876.9,726.6,841.3,661.1,859.1,693.85,0
905,30159,2271084,876.9,726.7,841.0,661.1,858.95,693.9,0
905,30160,2271085,876.8,726.7,840.8,661.1,858.8,693.9,0
905,30161,2271086,876.8,726.7,840.5,661.2,858.65,693.95,0
905,30162,2271087,876.9,726.8,840.3,661.3,858.6,694.05,0
905,30163,2271088,876.9,726.9,840.3,661.6,858.6,694.25,0
905,30164,2271089,877.0,727.2,840.2,661.9,858.6,694.55,0
905,30165,2271090,877.0,727.5,840.2,662.2,858.6,694.85,0
905,30166,2271091,877.0,727.8,840.1,662.4,858.55,695.1,0
906,30167,2271092,877.1,728.1,839.9,662.4,858.5,695.25,0
906,30168,2271093,877.3,728.5,839.6,662.3,858.45,695.4,0
906,30169,2271094,877.6,729.1,839.4,662.1,858.5,695.6,0
906,30170,2271095,877.8,729.6,839.1,661.9,858.45,695.75,0
906,30171,2271096,878.1,730.1,838.9,661.7,858.5,695.9,0
906,30172,2271097,878.4,730.7,838.7,661.5,858.55,696.1,0
906,30173,2271098,878.6,731.3,838.6,661.3,858.6,696.3,0
906,30174,2271099,878.7,731.9,838.7,661.3,858.7,696.6,0
906,30175,2271100,878.7,732.5,838.7,661.2,858.7,696.85,0
906,30176,2271101,878.6,732.9,838.7,661.1,858.65,697.0,0
906,30177,2271102,878.5,733.4,838.7,661.0,858.6,697.2,0
906,30178,2271103,878.4,734.2,838.7,660.9,858.55,697.55,0
906,30179,2271104,878.2,734.9,838.6,660.6,858.4,697.75,0
906,30180,2271105,878.0,735.6,838.4,660.4,858.2,698.0,0
906,30181,2271106,877.9,736.2,838.1,660.1,858.0,698.15,0
906,30182,2271107,877.8,736.7,838.0,659.8,857.9,698.25,0
906,30183,2271108,877.7,737.2,837.8,659.4,857.75,698.3,0
906,30184,2271109,877.8,737.5,837.7,659.0,857.75,698.25,0
906,30185,2271110,877.8,737.5,837.6,658.1,857.7,697.8,0
906,30186,2271111,877.8,737.6,837.3,657.4,857.55,697.5,0
906,30187,2271112,877.8,738.3,836.8,656.7,857.3,697.5,0
906,30188,2271113,877.8,739.0,836.3,656.0,857.05,697.5,0
906,30189,2271114,877.8,739.8,835.8,655.4,856.8,697.6,0
906,30190,2271115,877.9,740.5,835.2,654.9,856.55,697.7,0
906,30191,2271116,877.9,741.2,834.7,654.4,856.3,697.8,0
906,30192,2271117,877.9,741.9,834.2,654.4,856.05,698.15,0
906,30193,2271118,878.0,742.4,833.8,654.2,855.9,698.3,0
906,30194,2271119,878.0,742.3,833.7,654.0,855.85,698.15,0
906,30195,2271120,878.1,742.2,833.6,653.9,855.85,698.05,0
906,30196,2271121,878.1,742.3,833.5,653.7,855.8,698.0,0
906,30197,2271122,878.2,742.3,833.3,653.1,855.75,697.7,0
906,30198,2271123,878.4,742.5,833.1,652.5,855.75,697.5,0
906,30199,2271124,878.7,742.8,833.0,651.7,855.85,697.25,0
906,30200,2271125,878.9,743.1,833.0,651.1,855.95,697.1,0
907,30201,2271126,879.1,743.4,833.0,650.4,856.05,696.9,0
907,30202,2271127,879.3,743.8,833.1,649.7,856.2,696.75,0
907,30203,2271128,879.4,744.1,833.2,649.2,856.3,696.65,0
907,30204,2271129,879.6,744.4,833.4,649.0,856.5,696.7,0
907,30205,2271130,879.6,744.6,833.7,648.8,856.65,696.7,0
907,30206,2271131,879.6,744.9,833.9,648.9,856.75,696.9,0
907,30207,2271132,879.7,745.2,834.1,649.0,856.9,697.1,0
907,30208,2271133,879.8,745.5,834.3,649.1,857.05,697.3,0
907,30209,2271134,880.0,745.7,834.7,649.2,857.35,697.45,0
907,30210,2271135,880.1,745.9,835.0,649.2,857.55,697.55,0
907,30211,2271136,880.3,746.2,835.5,649.1,857.9,697.65,0
907,30212,2271137,880.2,746.4,836.0,648.8,858.1,697.6,0
907,30213,2271138,880.0,746.6,836.5,648.5,858.25,697.55,0
907,30214,2271139,879.8,746.9,836.9,648.2,858.35,697.55,0
907,30215,2271140,879.5,747.1,837.4,648.0,858.45,697.55,0
907,30216,2271141,879.2,747.5,837.7,647.9,858.45,697.7,0
907,30217,2271142,878.9,747.9,838.1,647.8,858.5,697.85,0
907,30218,2271143,878.6,748.3,838.4,647.7,858.5,698.0,0
907,30219,2271144,878.3,748.7,838.9,647.9,858.6,698.3,0
907,30220,2271145,878.2,749.1,839.5,648.2,858.85,698.65,0
907,30221,2271146,878.2,749.4,840.0,648.4,859.1,698.9,0
907,30222,2271147,877.9,749.6,840.5,648.5,859.2,699.05,0
907,30223,2271148,877.6,749.8,840.9,648.5,859.25,699.15,0
907,30224,2271149,877.3,749.9,841.2,648.5,859.25,699.2,0
907,30225,2271150,877.0,750.1,841.2,648.5,859.1,699.3,0
907,30226,2271151,876.7,750.2,840.9,648.5,858.8,699.35,0
907,30227,2271152,876.4,750.2,840.6,648.5,858.5,699.35,0
907,30228,2271153,876.0,750.3,840.2,648.4,858.1,699.35,0
907,30229,2271154,875.7,750.4,839.9,648.2,857.8,699.3,0
907,30230,2271155,875.4,750.7,839.2,648.0,857.3,699.35,0
907,30231,2271156,875.1,751.0,838.7,647.9,856.9,699.45,0
907,30232,2271157,874.8,751.1,838.3,647.6,856.55,699.35,0
907,30233,2271158,874.8,751.2,837.9,647.2,856.35,699.2,0
908,30234,2271159,874.8,751.4,837.6,646.9,856.2,699.15,0
908,30235,2271160,875.0,751.5,837.3,646.6,856.15,699.05,0
908,30236,2271161,875.3,751.7,837.0,646.5,856.15,699.1,0
908,30237,2271162,875.6,751.7,837.1,646.6,856.35,699.15,0
908,30238,2271163,876.0,751.6,837.1,646.6,856.55,699.1,0
908,30239,2271164,876.3,751.6,837.2,646.7,856.75,699.15,0
908,30240,2271165,876.4,751.7,837.3,646.9,856.85,699.3,0
908,30241,2271166,876.7,751.7,837.2,647.0,856.95,699.35,0
908,30242,2271167,876.9,751.7,837.1,647.2,857.0,699.45,0
908,30243,2271168,877.2,751.8,836.9,647.5,857.05,699.65,0
908,30244,2271169,877.5,752.0,836.7,647.8,857.1,699.9,0
908,30245,2271170,877.8,752.3,836.6,648.4,857.2,700.35,0
908,30246,2271171,878.1,752.6,836.4,649.3,857.25,700.95,0
908,30247,2271172,878.3,752.7,836.2,650.1,857.25,701.4,0
908,30248,2271173,878.4,752.9,836.1,651.0,857.25,701.95,0
908,30249,2271174,878.5,753.1,836.4,651.8,857.45,702.45,0
908,30250,2271175,878.5,753.2,836.7,652.5,857.6,702.85,0
908,30251,2271176,878.3,753.0,837.0,653.1,857.65,703.05,0
908,30252,2271177,878.2,752.9,837.4,653.6,857.8,703.25,0
908,30253,2271178,878.1,752.7,837.8,653.7,857.95,703.2,0
908,30254,2271179,878.0,752.7,838.1,654.3,858.05,703.5,0
908,30255,2271180,877.9,752.7,838.4,654.9,858.15,703.8,0
908,30256,2271181,877.8,752.7,838.2,655.4,858.0,704.05,0
908,30257,2271182,877.7,752.8,838.1,656.0,857.9,704.4,0
908,30258,2271183,877.6,752.9,838.1,656.5,857.85,704.7,0
908,30259,2271184,877.5,753.2,838.0,657.0,857.75,705.1,0
908,30260,2271185,877.0,753.4,837.9,657.5,857.45,705.45,0
908,30261,2271186,876.5,753.7,837.8,657.6,857.15,705.65,0
908,30262,2271187,876.0,754.0,837.8,657.3,856.9,705.65,0
908,30263,2271188,875.7,754.3,837.8,656.9,856.75,705.6,0
908,30264,2271189,875.4,754.6,837.7,656.5,856.55,705.55,0
908,30265,2271190,875.3,754.8,837.7,656.0,856.5,705.4,0
908,30266,2271191,875.2,755.0,837.7,655.4,856.45,705.2,0
909,30267,2271192,875.4,755.2,837.7,654.8,856.55,705.0,0
909,30268,2271193,875.5,755.3,837.7,654.2,856.6,704.75,0
909,30269,2271194,875.6,755.3,837.6,653.9,856.6,704.6,0
909,30270,2271195,875.6,755.2,837.5,653.7,856.55,704.45,0
909,30271,2271196,875.4,755.1,837.4,653.4,856.4,704.25,0
909,30272,2271197,875.2,754.9,837.3,653.3,856.25,704.1,0
909,30273,2271198,875.0,754.6,837.3,653.3,856.15,703.95,0
909,30274,2271199,874.9,754.3,837.2,653.2,856.05,703.75,0
909,30275,2271200,874.8,753.9,837.1,653.2,855.95,703.55,0
909,30276,2271201,874.8,753.6,837.1,653.2,855.95,703.4,0
909,30277,2271202,874.9,753.4,837.0,653.4,855.95,703.4,0
909,30278,2271203,875.2,753.2,836.8,653.5,856.0,703.35,0
909,30279,2271204,875.5,753.0,836.7,653.4,856.1,703.2,0
909,30280,2271205,875.9,752.9,836.5,653.4,856.2,703.15,0
909,30281,2271206,876.2,752.8,836.4,653.4,856.3,703.1,0
909,30282,2271207,876.8,752.6,836.3,653.3,856.55,702.95,0
909,30283,2271208,877.3,752.5,836.4,653.2,856.85,702.85,0
909,30284,2271209,877.7,752.4,836.7,653.1,857.2,702.75,0
909,30285,2271210,877.9,752.4,836.9,653.0,857.4,702.7,0
909,30286,2271211,878.2,752.5,837.2,652.9,857.7,702.7,0
909,30287,2271212,878.4,752.6,837.5,652.9,857.95,702.75,0
909,30288,2271213,878.7,752.9,837.8,653.0,858.25,702.95,0
909,30289,2271214,878.7,753.1,838.1,653.2,858.4,703.15,0
909,30290,2271215,878.7,753.4,838.5,653.8,858.6,703.6,0
909,30291,2271216,878.7,753.6,838.8,654.4,858.75,704.0,0
909,30292,2271217,878.6,754.0,839.0,655.0,858.8,704.5,0
909,30293,2271218,878.5,754.1,839.3,655.4,858.9,704.75,0
909,30294,2271219,878.2,754.4,839.5,655.9,858.85,705.15,0
909,30295,2271220,877.9,754.6,839.6,656.3,858.75,705.45,0
909,30296,2271221,877.7,754.8,839.7,656.5,858.7,705.65,0
909,30297,2271222,877.4,755.0,839.5,656.3,858.45,705.65,0
909,30298,2271223,877.2,755.1,839.3,656.0,858.25,705.55,0
909,30299,2271224,877.0,755.1,839.0,655.8,858.0,705.45,0
909,30300,2271225,876.8,754.9,838.8,655.6,857.8,705.25,0
910,30301,2271226,876.8,754.6,838.6,655.8,857.7,705.2,0
910,30302,2271227,876.8,754.3,838.4,655.9,857.6,705.1,0
910,30303,2271228,876.7,754.0,838.3,656.2,857.5,705.1,0
910,30304,2271229,876.7,753.7,838.1,656.5,857.4,705.1,0
910,30305,2271230,876.5,753.3,838.1,656.9,857.3,705.1,0
910,30306,2271231,876.3,752.9,838.0,657.7,857.15,705.3,0
910,30307,2271232,876.1,752.7,837.9,658.4,857.0,705.55,0
910,30308,2271233,876.0,752.4,837.8,658.8,856.9,705.6,0
910,30309,2271234,875.9,752.0,837.7,659.2,856.8,705.6,0
910,30310,2271235,875.8,751.7,837.6,659.2,856.7,705.45,0
910,30311,2271236,875.8,751.3,837.6,659.2,856.7,705.25,0
910,30312,2271237,875.9,750.9,837.5,659.0,856.7,704.95,0
910,30313,2271238,876.0,750.5,837.4,658.5,856.7,704.5,0
910,30314,2271239,876.1,750.0,837.3,657.9,856.7,703.95,0
910,30315,2271240,876.2,749.7,837.3,657.3,856.75,703.5,0
910,30316,2271241,876.3,749.4,837.2,656.9,856.75,703.15,0
910,30317,2271242,876.3,749.1,836.9,656.7,856.6,702.9,0
910,30318,2271243,876.3,748.9,836.6,656.6,856.45,702.75,0
910,30319,2271244,876.3,748.7,836.4,656.3,856.35,702.5,0
910,30320,2271245,876.3,748.6,836.1,656.1,856.2,702.35,0
910,30321,2271246,876.4,748.5,835.8,655.9,856.1,702.2,0
910,30322,2271247,876.4,748.5,835.6,655.8,856.0,702.15,0
910,30323,2271248,876.4,748.3,835.4,655.7,855.9,702.0,0
910,30324,2271249,876.4,748.3,835.3,655.6,855.85,701.95,0
910,30325,2271250,876.4,748.2,835.2,655.5,855.8,701.85,0
910,30326,2271251,876.4,748.2,835.2,655.5,855.8,701.85,0
910,30327,2271252,876.2,748.2,835.1,655.5,855.65,701.85,0
910,30328,2271253,876.1,748.2,835.1,655.4,855.6,701.8,0
910,30329,2271254,875.9,748.2,835.0,655.4,855.45,701.8,0
910,30330,2271255,875.8,748.2,835.0,655.4,855.4,701.8,0
910,30331,2271256,875.7,748.3,835.1,655.5,855.4,701.9,0
910,30332,2271257,875.7,748.4,835.3,655.6,855.5,702.0,0
910,30333,2271258,875.6,748.4,835.6,655.8,855.6,702.1,0
911,30334,2271259,875.6,748.4,835.9,656.0,855.75,702.2,0
911,30335,2271260,875.6,748.5,836.3,656.3,855.95,702.4,0
911,30336,2271261,875.6,748.5,836.7,656.6,856.15,702.55,0
911,30337,2271262,875.6,748.5,837.1,656.8,856.35,702.65,0
911,30338,2271263,875.7,748.5,837.3,657.0,856.5,702.75,0
911,30339,2271264,875.8,748.4,837.5,657.2,856.65,702.8,0
911,30340,2271265,875.9,748.4,837.5,657.1,856.7,702.75,0
911,30341,2271266,876.1,747.9,837.5,656.9,856.8,702.4,0
911,30342,2271267,876.3,747.4,837.4,656.6,856.85,702.0,0
911,30343,2271268,876.6,746.9,837.3,656.3,856.95,701.6,0
911,30344,2271269,876.7,746.3,837.1,656.0,856.9,701.15,0
911,30345,2271270,876.9,745.9,836.9,655.8,856.9,700.85,0
911,30346,2271271,876.9,745.4,836.7,655.7,856.8,700.55,0
911,30347,2271272,876.9,745.0,836.3,655.9,856.6,700.45,0
911,30348,2271273,876.7,744.9,835.9,656.1,856.3,700.5,0
911,30349,2271274,876.6,744.9,835.6,656.4,856.1,700.65,0
911,30350,2271275,876.4,744.9,835.2,656.8,855.8,700.85,0
911,30351,2271276,876.2,745.0,834.9,657.2,855.55,701.1,0
911,30352,2271277,876.1,745.2,834.7,657.7,855.4,701.45,0
911,30353,2271278,875.9,745.3,834.5,658.0,855.2,701.65,0
911,30354,2271279,875.8,745.1,834.7,658.2,855.25,701.65,0
911,30355,2271280,875.8,744.9,834.9,658.5,855.35,701.7,0
911,30356,2271281,875.8,744.8,835.2,658.7,855.5,701.75,0
911,30357,2271282,875.8,744.7,835.4,658.6,855.6,701.65,0
911,30358,2271283,875.8,744.5,836.0,658.5,855.9,701.5,0
911,30359,2271284,875.7,744.4,836.5,658.4,856.1,701.4,0
911,30360,2271285,875.7,744.4,837.0,658.3,856.35,701.35,0
911,30361,2271286,875.7,744.6,837.3,658.0,856.5,701.3,0
911,30362,2271287,875.8,744.8,837.4,657.7,856.6,701.25,0
911,30363,2271288,876.0,745.0,837.2,657.2,856.6,701.1,0
911,30364,2271289,876.2,745.1,837.0,656.9,856.6,701.0,0
911,30365,2271290,876.4,745.1,836.6,656.5,856.5,700.8,0
911,30366,2271291,876.7,744.8,836.2,656.2,856.45,700.5,0
912,30367,2271292,877.0,744.5,835.9,655.8,856.45,700.15,0
912,30368,2271293,877.3,744.2,835.6,655.0,856.45,699.6,0
912,30369,2271294,877.4,743.9,835.6,654.5,856.5,699.2,0
912,30370,2271295,877.4,743.6,835.8,654.3,856.6,698.95,0
912,30371,2271296,877.3,743.3,836.0,654.1,856.65,698.7,0
912,30372,2271297,877.3,743.2,836.0,653.9,856.65,698.55,0
912,30373,2271298,877.2,743.3,836.0,653.8,856.6,698.55,0
912,30374,2271299,877.1,743.4,835.9,654.0,856.5,698.7,0
912,30375,2271300,877.0,743.5,835.6,654.6,856.3,699.05,0
912,30376,2271301,876.9,743.7,835.4,655.0,856.15,699.35,0
912,30377,2271302,876.9,743.9,835.4,655.4,856.15,699.65,0
912,30378,2271303,876.9,744.1,835.3,655.7,856.1,699.9,0
912,30379,2271304,876.9,744.2,835.4,656.0,856.15,700.1,0
912,30380,2271305,877.0,744.3,835.6,656.3,856.3,700.3,0
912,30381,2271306,877.1,744.5,835.7,656.3,856.4,700.4,0
912,30382,2271307,877.2,744.7,835.8,656.2,856.5,700.45,0
912,30383,2271308,877.3,744.9,835.9,656.0,856.6,700.45,0
912,30384,2271309,877.4,745.0,835.9,655.9,856.65,700.45,0
912,30385,2271310,877.5,745.2,835.8,655.8,856.65,700.5,0
912,30386,2271311,877.5,745.4,835.8,655.7,856.65,700.55,0
912,30387,2271312,877.5,745.6,835.7,655.7,856.6,700.65,0
912,30388,2271313,877.4,745.8,835.6,656.1,856.5,700.95,0
912,30389,2271314,877.3,746.0,835.6,656.6,856.45,701.3,0
912,30390,2271315,877.2,746.4,835.5,657.1,856.35,701.75,0
912,30391,2271316,877.0,746.9,835.4,657.7,856.2,702.3,0
912,30392,2271317,876.9,747.5,835.2,658.2,856.05,702.85,0
912,30393,2271318,876.8,748.0,835.0,658.7,855.9,703.35,0
912,30394,2271319,876.7,748.6,834.9,659.1,855.8,703.85,0
912,30395,2271320,876.7,749.2,834.9,659.2,855.8,704.2,0
912,30396,2271321,876.8,749.7,834.8,659.3,855.8,704.5,0
912,30397,2271322,876.8,749.9,834.8,659.4,855.8,704.65,0
912,30398,2271323,876.9,750.0,834.8,659.3,855.85,704.65,0
912,30399,2271324,877.0,750.1,834.7,659.3,855.85,704.7,0
912,30400,2271325,877.1,750.2,834.6,659.4,855.85,704.8,0
913,30401,2271326,877.1,750.3,834.6,659.5,855.85,704.9,0
913,30402,2271327,877.1,750.4,834.6,659.6,855.85,705.0,0
913,30403,2271328,877.1,750.6,834.6,659.6,855.85,705.1,0
913,30404,2271329,877.3,750.9,834.6,659.6,855.95,705.25,0
913,30405,2271330,877.4,751.3,834.8,659.6,856.1,705.45,0
913,30406,2271331,877.4,751.7,835.2,659.6,856.3,705.65,0
913,30407,2271332,877.5,752.2,835.7,659.6,856.6,705.9,0
913,30408,2271333,877.5,752.7,836.2,659.6,856.85,706.15,0
913,30409,2271334,877.3,753.1,836.6,659.7,856.95,706.4,0
913,30410,2271335,877.1,753.6,837.0,659.8,857.05,706.7,0
913,30411,2271336,876.8,754.0,837.4,659.8,857.1,706.9,0
913,30412,2271337,876.4,754.3,837.6,659.8,857.0,707.05,0
913,30413,2271338,876.2,754.8,837.8,659.8,857.0,707.3,0
913,30414,2271339,876.0,755.1,837.8,659.7,856.9,707.4,0
913,30415,2271340,875.7,755.3,837.6,659.6,856.65,707.45,0
913,30416,2271341,875.7,755.5,837.3,659.4,856.5,707.45,0
913,30417,2271342,875.7,755.7,837.0,659.2,856.35,707.45,0
913,30418,2271343,875.6,755.9,836.6,659.0,856.1,707.45,0
913,30419,2271344,875.6,755.9,836.1,658.8,855.85,707.35,0
913,30420,2271345,875.6,755.8,835.6,658.6,855.6,707.2,0
913,30421,2271346,875.6,755.7,835.0,658.3,855.3,707.0,0
913,30422,2271347,875.6,755.7,834.4,657.9,855.0,706.8,0
913,30423,2271348,875.6,755.8,833.9,657.4,854.75,706.6,0
913,30424,2271349,875.6,756.2,833.5,656.9,854.55,706.55,0
913,30425,2271350,875.6,756.6,833.1,656.6,854.35,706.6,0
913,30426,2271351,875.5,757.1,832.9,656.2,854.2,706.65,0
913,30427,2271352,875.4,757.7,832.7,655.9,854.05,706.8,0
913,30428,2271353,875.3,758.3,832.5,655.6,853.9,706.95,0
913,30429,2271354,875.2,759.0,832.2,655.3,853.7,707.15,0
913,30430,2271355,875.1,759.8,831.8,655.3,853.45,707.55,0
913,30431,2271356,875.0,760.3,831.3,655.3,853.15,707.8,0
913,30432,2271357,874.9,760.7,830.9,655.5,852.9,708.1,0
913,30433,2271358,874.9,761.1,830.4,656.2,852.65,708.65,0
914,30434,2271359,874.8,761.5,830.0,656.9,852.4,709.2,0
914,30435,2271360,874.8,761.7,829.6,657.6,852.2,709.65,0
914,30436,2271361,874.8,761.9,829.4,658.3,852.1,710.1,0
914,30437,2271362,874.7,762.0,829.5,658.9,852.1,710.45,0
914,30438,2271363,874.7,762.1,829.6,659.6,852.15,710.85,0
914,30439,2271364,874.6,762.3,829.7,660.2,852.15,711.25,0
914,30440,2271365,874.5,762.6,829.8,660.4,852.15,711.5,0
914,30441,2271366,874.5,762.9,829.9,660.6,852.2,711.75,0
914,30442,2271367,874.7,763.2,830.0,660.9,852.35,712.05,0
914,30443,2271368,874.9,763.5,830.1,661.3,852.5,712.4,0
914,30444,2271369,875.2,763.5,830.3,661.7,852.75,712.6,0
914,30445,2271370,875.5,763.6,830.5,662.1,853.0,712.85,0
914,30446,2271371,875.7,763.6,830.6,662.3,853.15,712.95,0
914,30447,2271372,876.0,763.6,830.9,662.6,853.45,713.1,0
914,30448,2271373,876.3,763.7,831.1,662.7,853.7,713.2,0
914,30449,2271374,876.5,763.7,831.3,662.8,853.9,713.25,0
914,30450,2271375,876.6,763.7,831.5,662.8,854.05,713.25,0
914,30451,2271376,876.7,764.0,831.7,662.7,854.2,713.35,0
914,30452,2271377,876.7,764.2,832.1,662.7,854.4,713.45,0
914,30453,2271378,876.7,764.3,832.4,662.5,854.55,713.4,0
914,30454,2271379,876.6,764.3,832.8,662.3,854.7,713.3,0
914,30455,2271380,876.4,764.3,833.1,661.8,854.75,713.05,0
914,30456,2271381,876.2,764.4,833.5,661.3,854.85,712.85,0
914,30457,2271382,875.9,764.4,833.8,660.9,854.85,712.65,0
914,30458,2271383,875.6,764.3,834.1,660.6,854.85,712.45,0
914,30459,2271384,875.4,764.3,834.4,660.2,854.9,712.25,0
914,30460,2271385,875.0,764.2,834.6,659.8,854.8,712.0,0
914,30461,2271386,874.7,764.3,835.2,659.5,854.95,711.9,0
914,30462,2271387,874.3,764.3,835.8,660.0,855.05,712.15,0
914,30463,2271388,873.9,764.3,836.3,660.4,855.1,712.35,0
914,30464,2271389,873.6,764.3,836.8,660.8,855.2,712.55,0
914,30465,2271390,873.3,764.2,837.0,661.0,855.15,712.6,0
914,30466,2271391,872.9,764.1,837.1,661.1,855.0,712.6,0
915,30467,2271392,872.6,764.0,837.0,661.0,854.8,712.5,0
915,30468,2271393,872.5,763.9,836.7,660.9,854.6,712.4,0
915,30469,2271394,872.4,764.1,836.3,660.4,854.35,712.25,0
915,30470,2271395,872.3,764.3,836.0,659.9,854.15,712.1,0
915,30471,2271396,872.3,764.6,835.7,659.3,854.0,711.95,0
915,30472,2271397,872.3,764.8,835.3,658.6,853.8,711.7,0
915,30473,2271398,872.3,765.1,834.9,658.2,853.6,711.65,0
915,30474,2271399,872.3,765.1,834.4,658.0,853.35,711.55,0
915,30475,2271400,872.3,765.0,834.0,657.8,853.15,711.4,0
915,30476,2271401,872.4,764.9,833.6,657.7,853.0,711.3,0
915,30477,2271402,872.5,764.9,833.2,657.6,852.85,711.25,0
915,30478,2271403,872.5,764.9,832.6,657.6,852.55,711.25,0
915,30479,2271404,872.5,764.9,832.0,657.8,852.25,711.35,0
915,30480,2271405,872.5,764.9,831.4,657.9,851.95,711.4,0
915,30481,2271406,872.6,765.2,830.7,657.9,851.65,711.55,0
915,30482,2271407,872.7,765.4,830.0,658.0,851.35,711.7,0
915,30483,2271408,872.8,765.7,829.3,658.0,851.05,711.85,0
915,30484,2271409,872.7,765.7,828.7,658.3,850.7,712.0,0
915,30485,2271410,872.8,765.7,828.3,658.8,850.55,712.25,0
915,30486,2271411,872.8,765.7,828.2,659.4,850.5,712.55,0
915,30487,2271412,872.9,765.8,828.0,659.9,850.45,712.85,0
915,30488,2271413,873.0,765.8,827.9,660.5,850.45,713.15,0
915,30489,2271414,873.1,765.9,827.9,661.1,850.5,713.5,0
915,30490,2271415,873.3,765.9,827.7,661.7,850.5,713.8,0
915,30491,2271416,873.4,766.2,827.6,661.9,850.5,714.05,0
915,30492,2271417,873.6,766.5,827.6,661.9,850.6,714.2,0
915,30493,2271418,873.7,766.9,827.5,661.9,850.6,714.4,0
915,30494,2271419,873.7,767.1,827.6,661.8,850.65,714.45,0
915,30495,2271420,873.7,767.4,827.8,661.6,850.75,714.5,0
915,30496,2271421,873.6,767.5,827.9,660.9,850.75,714.2,0
915,30497,2271422,873.5,767.6,828.2,660.3,850.85,713.95,0
915,30498,2271423,873.2,767.5,828.6,659.7,850.9,713.6,0
915,30499,2271424,873.0,767.4,828.9,659.3,850.95,713.35,0
915,30500,2271425,872.8,767.2,829.2,659.0,851.0,713.1,0
916,30501,2271426,872.6,767.0,829.4,658.8,851.0,712.9,0
916,30502,2271427,872.4,766.9,829.7,658.6,851.05,712.75,0
916,30503,2271428,872.3,767.1,830.1,658.9,851.2,713.0,0
916,30504,2271429,872.2,767.3,830.4,659.3,851.3,713.3,0
916,30505,2271430,872.1,767.5,830.6,659.7,851.35,713.6,0
916,30506,2271431,871.8,767.6,830.9,659.8,851.35,713.7,0
916,30507,2271432,871.5,767.7,831.3,659.8,851.4,713.75,0
916,30508,2271433,871.2,767.8,832.0,659.7,851.6,713.75,0
916,30509,2271434,870.9,768.0,832.6,659.5,851.75,713.75,0
916,30510,2271435,870.6,768.1,833.0,659.3,851.8,713.7,0
916,30511,2271436,870.3,768.0,833.4,659.1,851.85,713.55,0
916,30512,2271437,870.1,768.1,833.5,658.9,851.8,713.5,0
916,30513,2271438,870.1,768.2,833.5,658.6,851.8,713.4,0
916,30514,2271439,870.1,768.3,833.2,658.2,851.65,713.25,0
916,30515,2271440,870.1,768.4,832.6,657.9,851.35,713.15,0
916,30516,2271441,870.1,768.5,831.9,657.7,851.0,713.1,0
916,30517,2271442,870.2,768.6,831.3,657.4,850.75,713.0,0
916,30518,2271443,870.2,768.7,830.7,656.9,850.45,712.8,0
916,30519,2271444,870.5,768.8,830.2,656.7,850.35,712.75,0
916,30520,2271445,870.7,768.8,829.8,656.7,850.25,712.75,0
916,30521,2271446,871.0,768.7,829.6,656.7,850.3,712.7,0
916,30522,2271447,871.2,768.6,829.1,656.7,850.15,712.65,0
916,30523,2271448,871.5,768.3,828.5,656.8,850.0,712.55,0
916,30524,2271449,871.7,768.0,827.9,656.9,849.8,712.45,0
916,30525,2271450,871.8,767.8,827.3,657.2,849.55,712.5,0
916,30526,2271451,871.9,767.5,826.9,657.4,849.4,712.45,0
916,30527,2271452,871.8,767.4,826.4,657.9,849.1,712.65,0
916,30528,2271453,871.7,767.4,825.9,658.5,848.8,712.95,0
916,30529,2271454,871.6,767.4,825.8,659.0,848.7,713.2,0
916,30530,2271455,871.5,767.4,825.7,659.4,848.6,713.4,0
916,30531,2271456,871.4,767.4,825.7,659.9,848.55,713.65,0
916,30532,2271457,871.3,767.3,825.8,660.3,848.55,713.8,0
916,30533,2271458,871.2,767.2,825.8,660.6,848.5,713.9,0
917,30534,2271459,871.2,767.1,826.0,660.0,848.6,713.55,0
917,30535,2271460,871.2,766.8,826.3,659.4,848.75,713.1,0
917,30536,2271461,870.9,766.6,826.6,658.9,848.75,712.75,0
917,30537,2271462,870.6,766.5,827.2,658.5,848.9,712.5,0
917,30538,2271463,870.3,766.5,827.8,658.2,849.05,712.35,0
917,30539,2271464,869.9,766.5,828.4,657.9,849.15,712.2,0
917,30540,2271465,869.6,766.6,828.9,657.7,849.25,712.15,0
917,30541,2271466,869.2,766.6,829.3,657.6,849.25,712.1,0
917,30542,2271467,868.9,766.7,829.6,657.5,849.25,712.1,0
917,30543,2271468,868.9,766.8,829.8,657.4,849.35,712.1,0
917,30544,2271469,868.9,766.9,829.6,657.0,849.25,711.95,0
917,30545,2271470,868.9,767.0,829.3,656.7,849.1,711.85,0
917,30546,2271471,868.9,767.1,829.1,656.4,849.0,711.75,0
917,30547,2271472,869.0,767.2,829.0,656.0,849.0,711.6,0
917,30548,2271473,869.0,767.4,828.8,656.0,848.9,711.7,0
917,30549,2271474,868.9,767.6,828.7,656.0,848.8,711.8,0
917,30550,2271475,868.8,767.9,828.5,656.0,848.65,711.95,0
917,30551,2271476,868.6,768.1,828.3,656.0,848.45,712.05,0
917,30552,2271477,868.5,768.1,828.1,656.2,848.3,712.15,0
917,30553,2271478,868.3,768.2,827.8,656.3,848.05,712.25,0
917,30554,2271479,868.2,768.2,827.6,656.5,847.9,712.35,0
917,30555,2271480,868.1,768.3,827.4,656.7,847.75,712.5,0
917,30556,2271481,868.0,768.2,827.1,656.8,847.55,712.5,0
917,30557,2271482,868.0,767.9,827.0,656.9,847.5,712.4,0
917,30558,2271483,868.0,767.6,826.9,657.0,847.45,712.3,0
917,30559,2271484,868.0,767.4,826.9,657.0,847.45,712.2,0
917,30560,2271485,868.0,767.2,826.9,657.1,847.45,712.15,0
917,30561,2271486,868.1,767.0,826.9,657.5,847.5,712.25,0
917,30562,2271487,868.1,766.8,826.9,658.0,847.5,712.4,0
917,30563,2271488,868.1,766.6,826.9,658.6,847.5,712.6,0
917,30564,2271489,868.1,766.7,826.9,659.3,847.5,713.0,0
917,30565,2271490,868.1,766.9,826.9,660.0,847.5,713.45,0
917,30566,2271491,868.1,767.3,826.8,660.7,847.45,714.0,0
918,30567,2271492,868.2,767.6,826.8,661.4,847.5,714.5,0
918,30568,2271493,868.3,767.9,826.8,661.9,847.55,714.9,0
918,30569,2271494,868.5,768.2,826.9,662.3,847.7,715.25,0
918,30570,2271495,868.6,768.5,826.9,662.9,847.75,715.7,0
918,30571,2271496,868.6,768.7,826.9,663.3,847.75,716.0,0
918,30572,2271497,868.6,768.8,826.8,663.6,847.7,716.2,0
918,30573,2271498,868.5,768.8,826.6,663.7,847.55,716.25,0
918,30574,2271499,868.3,768.7,826.3,663.7,847.3,716.2,0
918,30575,2271500,868.1,768.7,825.9,663.5,847.0,716.1,0
918,30576,2271501,867.8,768.8,825.6,663.3,846.7,716.05,0
918,30577,2271502,867.6,768.8,825.3,662.7,846.45,715.75,0
918,30578,2271503,867.5,768.8,825.0,662.4,846.25,715.6,0
918,30579,2271504,867.4,768.9,824.7,662.3,846.05,715.6,0
918,30580,2271505,867.5,769.0,824.6,662.3,846.05,715.65,0
918,30581,2271506,867.6,769.0,824.5,662.3,846.05,715.65,0
918,30582,2271507,867.8,769.1,824.4,662.3,846.1,715.7,0
918,30583,2271508,868.0,769.1,824.4,662.2,846.2,715.65,0
918,30584,2271509,868.3,769.1,824.4,662.2,846.35,715.65,0
918,30585,2271510,868.6,768.9,824.5,662.1,846.55,715.5,0
918,30586,2271511,868.8,768.7,824.6,661.9,846.7,715.3,0
918,30587,2271512,868.9,768.3,824.7,661.8,846.8,715.05,0
918,30588,2271513,869.0,768.0,824.9,661.6,846.95,714.8,0
918,30589,2271514,869.0,767.8,825.2,661.7,847.1,714.75,0
918,30590,2271515,869.0,767.7,825.4,661.8,847.2,714.75,0
918,30591,2271516,868.9,767.7,825.7,661.9,847.3,714.8,0
918,30592,2271517,868.8,767.9,825.9,662.0,847.35,714.95,0
918,30593,2271518,868.7,768.0,826.1,662.1,847.4,715.05,0
918,30594,2271519,868.6,768.3,826.3,662.3,847.45,715.3,0
918,30595,2271520,868.5,768.4,826.5,662.4,847.5,715.4,0
918,30596,2271521,868.5,768.6,826.7,662.7,847.6,715.65,0
918,30597,2271522,868.4,768.6,826.8,663.0,847.6,715.8,0
918,30598,2271523,868.3,768.7,826.8,663.3,847.55,716.0,0
918,30599,2271524,868.2,768.7,826.8,663.6,847.5,716.15,0
918,30600,2271525,868.0,768.8,826.8,663.9,847.4,716.35,0
919,30601,2271526,867.7,768.9,826.6,664.2,847.15,716.55,0
919,30602,2271527,867.4,769.0,826.4,664.3,846.9,716.65,0
919,30603,2271528,867.0,769.1,826.1,664.1,846.55,716.6,0
919,30604,2271529,866.6,769.3,825.4,663.7,846.0,716.5,0
919,30605,2271530,865.4,769.4,823.8,663.2,844.6,716.3,0
919,30606,2271531,863.7,769.6,822.2,662.8,842.95,716.2,0
919,30607,2271532,861.7,769.7,819.7,662.2,840.7,715.95,0
919,30608,2271533,858.7,769.9,816.2,661.6,837.45,715.75,0
919,30609,2271534,855.0,770.1,811.9,660.9,833.45,715.5,0
919,30610,2271535,851.5,770.4,807.1,660.5,829.3,715.45,0
919,30611,2271536,847.6,770.7,801.6,659.9,824.6,715.3,0
919,30612,2271537,843.2,771.0,796.7,659.3,819.95,715.15,0
919,30613,2271538,839.3,771.4,791.3,658.7,815.3,715.05,0
919,30614,2271539,835.5,771.8,786.8,658.2,811.15,715.0,0
919,30615,2271540,832.6,772.3,783.3,657.9,807.95,715.1,0
919,30616,2271541,830.2,772.6,780.5,657.7,805.35,715.15,0
919,30617,2271542,827.8,772.8,778.4,657.5,803.1,715.15,0
919,30618,2271543,825.9,772.7,777.4,657.6,801.65,715.15,0
919,30619,2271544,825.5,772.5,777.0,657.4,801.25,714.95,0
919,30620,2271545,825.4,771.7,777.2,656.8,801.3,714.25,0
919,30621,2271546,825.8,770.9,777.5,655.2,801.65,713.05,0
919,30622,2271547,826.5,769.3,778.9,653.6,802.7,711.45,0
919,30623,2271548,828.1,767.1,780.6,651.8,804.35,709.45,0
919,30624,2271549,829.7,765.0,782.8,649.9,806.25,707.45,0
919,30625,2271550,831.2,762.7,785.3,647.5,808.25,705.1,0
919,30626,2271551,833.3,760.3,788.6,645.5,810.95,702.9,0
919,30627,2271552,835.6,758.2,791.5,643.4,813.55,700.8,0
919,30628,2271553,837.5,756.2,794.3,642.2,815.9,699.2,0
919,30629,2271554,839.5,754.9,796.3,641.1,817.9,698.0,0
919,30630,2271555,840.9,754.2,798.0,640.1,819.45,697.15,0
919,30631,2271556,842.3,753.5,799.1,639.2,820.7,696.35,0
919,30632,2271557,843.6,753.4,799.8,638.8,821.7,696.1,0
919,30633,2271558,844.1,753.3,799.4,638.4,821.75,695.85,0
920,30634,2271559,844.4,753.4,799.0,638.4,821.7,695.9,0
920,30635,2271560,844.5,753.6,798.4,638.5,821.45,696.05,0
920,30636,2271561,844.6,753.9,797.6,638.6,821.1,696.25,0
920,30637,2271562,844.5,754.2,796.7,638.6,820.6,696.4,0
920,30638,2271563,844.4,754.5,796.0,638.6,820.2,696.55,0
920,30639,2271564,844.3,754.7,795.2,638.5,819.75,696.6,0
920,30640,2271565,844.2,755.0,794.6,638.4,819.4,696.7,0
920,30641,2271566,844.1,755.3,793.9,638.2,819.0,696.75,0
920,30642,2271567,844.0,755.6,793.5,638.1,818.75,696.85,0
920,30643,2271568,843.9,755.7,793.2,637.9,818.55,696.8,0
920,30644,2271569,843.6,755.8,792.9,637.9,818.25,696.85,0
920,30645,2271570,843.5,755.9,792.6,638.2,818.05,697.05,0
920,30646,2271571,843.2,755.9,792.3,639.0,817.75,697.45,0
920,30647,2271572,842.9,756.0,792.1,640.1,817.5,698.05,0
920,30648,2271573,842.6,756.0,792.0,641.1,817.3,698.55,0
920,30649,2271574,842.3,756.0,791.8,642.2,817.05,699.1,0
920,30650,2271575,842.1,756.1,791.7,643.3,816.9,699.7,0
920,30651,2271576,842.0,756.2,791.7,644.4,816.85,700.3,0
920,30652,2271577,841.9,756.6,791.6,645.3,816.75,700.95,0
920,30653,2271578,841.9,757.0,791.7,645.6,816.8,701.3,0
920,30654,2271579,841.9,757.4,791.7,646.0,816.8,701.7,0
920,30655,2271580,842.0,757.9,791.8,646.5,816.9,702.2,0
920,30656,2271581,842.0,758.3,791.8,646.8,816.9,702.55,0
920,30657,2271582,842.0,758.7,791.9,647.1,816.95,702.9,0
920,30658,2271583,842.0,758.9,791.8,647.2,816.9,703.05,0
920,30659,2271584,842.0,759.0,791.8,647.3,816.9,703.15,0
920,30660,2271585,841.9,758.9,791.8,647.4,816.85,703.15,0
920,30661,2271586,841.8,758.9,791.8,647.2,816.8,703.05,0
920,30662,2271587,841.5,758.8,791.8,646.8,816.65,702.8,0
920,30663,2271588,841.3,758.8,791.6,646.5,816.45,702.65,0
920,30664,2271589,841.0,758.8,791.5,646.2,816.25,702.5,0
920,30665,2271590,840.7,758.8,791.3,646.1,816.0,702.45,0
920,30666,2271591,840.6,758.8,790.9,646.0,815.75,702.4,0
921,30667,2271592,840.5,758.8,790.5,646.0,815.5,702.4,0
921,30668,2271593,840.5,758.9,790.2,646.0,815.35,702.45,0
921,30669,2271594,840.7,758.9,789.7,646.2,815.2,702.55,0
921,30670,2271595,840.9,758.9,789.4,646.4,815.15,702.65,0
921,30671,2271596,841.2,758.4,788.9,646.5,815.05,702.45,0
921,30672,2271597,841.5,757.8,788.5,646.5,815.0,702.15,0
921,30673,2271598,841.6,757.3,788.2,646.6,814.9,701.95,0
921,30674,2271599,841.6,756.8,788.0,646.5,814.8,701.65,0
921,30675,2271600,841.3,756.5,787.7,646.5,814.5,701.5,0
921,30676,2271601,841.0,756.7,787.6,646.4,814.3,701.55,0
921,30677,2271602,840.5,756.9,787.9,646.8,814.2,701.85,0
921,30678,2271603,840.1,757.6,788.3,647.3,814.2,702.45,0
921,30679,2271604,839.6,758.3,788.6,647.8,814.1,703.05,0
921,30680,2271605,839.2,759.0,788.9,648.3,814.05,703.65,0
921,30681,2271606,838.9,759.5,789.2,648.8,814.05,704.15,0
921,30682,2271607,838.7,760.0,789.4,649.4,814.05,704.7,0
921,30683,2271608,838.6,760.0,789.5,650.0,814.05,705.0,0
921,30684,2271609,838.8,760.0,789.4,650.2,814.1,705.1,0
921,30685,2271610,839.0,760.0,789.2,650.3,814.1,705.15,0
921,30686,2271611,839.2,760.0,789.1,650.4,814.15,705.2,0
921,30687,2271612,839.4,760.0,789.0,650.6,814.2,705.3,0
921,30688,2271613,839.5,760.0,789.0,650.6,814.25,705.3,0
921,30689,2271614,839.6,760.0,788.9,650.5,814.25,705.25,0
921,30690,2271615,839.6,759.7,788.8,650.2,814.2,704.95,0
921,30691,2271616,839.4,759.3,788.7,650.0,814.05,704.65,0
921,30692,2271617,839.2,759.0,788.5,649.5,813.85,704.25,0
921,30693,2271618,838.9,758.8,788.3,649.0,813.6,703.9,0
921,30694,2271619,838.7,758.5,788.2,648.6,813.45,703.55,0
921,30695,2271620,838.9,758.2,788.0,648.2,813.45,703.2,0
921,30696,2271621,839.1,757.9,787.7,647.8,813.4,702.85,0
921,30697,2271622,839.5,757.9,787.6,647.5,813.55,702.7,0
921,30698,2271623,839.8,757.9,787.4,647.3,813.6,702.6,0
921,30699,2271624,840.2,757.6,787.2,647.2,813.7,702.4,0
921,30700,2271625,840.6,757.2,787.0,647.2,813.8,702.2,0
922,30701,2271626,841.0,756.7,786.6,647.1,813.8,701.9,0
922,30702,2271627,841.0,756.2,786.2,647.1,813.6,701.65,0
922,30703,2271628,841.0,755.6,785.8,647.2,813.4,701.4,0
922,30704,2271629,841.0,755.0,785.5,647.3,813.25,701.15,0
922,30705,2271630,841.0,754.3,785.1,647.4,813.05,700.85,0
922,30706,2271631,841.0,754.0,784.8,647.6,812.9,700.8,0
922,30707,2271632,841.0,753.8,784.5,647.8,812.75,700.8,0
922,30708,2271633,840.9,753.8,784.3,647.9,812.6,700.85,0
922,30709,2271634,840.8,754.2,784.1,648.0,812.45,701.1,0
922,30710,2271635,840.7,754.5,783.9,648.1,812.3,701.3,0
922,30711,2271636,840.6,754.9,783.7,648.2,812.15,701.55,0
922,30712,2271637,840.5,755.3,783.6,648.1,812.05,701.7,0
922,30713,2271638,840.6,755.7,783.4,648.0,812.0,701.85,0
922,30714,2271639,840.7,755.7,783.2,647.9,811.95,701.8,0
922,30715,2271640,840.7,755.6,783.3,647.7,812.0,701.65,0
922,30716,2271641,840.6,755.2,783.5,647.5,812.05,701.35,0
922,30717,2271642,840.2,754.7,783.7,647.3,811.95,701.0,0
922,30718,2271643,839.7,754.2,783.9,647.1,811.8,700.65,0
922,30719,2271644,839.2,753.8,784.1,647.0,811.65,700.4,0
922,30720,2271645,838.6,753.3,784.2,646.9,811.4,700.1,0
922,30721,2271646,838.0,753.0,784.4,646.8,811.2,699.9,0
922,30722,2271647,837.5,752.3,784.5,646.8,811.0,699.55,0
922,30723,2271648,837.2,751.6,784.6,646.7,810.9,699.15,0
922,30724,2271649,837.3,751.1,784.7,646.4,811.0,698.75,0
922,30725,2271650,837.4,750.6,784.9,646.1,811.15,698.35,0
922,30726,2271651,837.5,750.1,785.3,646.0,811.4,698.05,0
922,30727,2271652,837.5,749.7,786.0,645.8,811.75,697.75,0
922,30728,2271653,837.6,749.4,786.8,645.6,812.2,697.5,0
922,30729,2271654,837.6,749.5,787.5,645.5,812.55,697.5,0
922,30730,2271655,837.5,749.5,788.1,645.4,812.8,697.45,0
922,30731,2271656,837.4,749.6,788.6,645.5,813.0,697.55,0
922,30732,2271657,837.3,749.6,789.2,645.6,813.25,697.6,0
922,30733,2271658,837.3,749.6,789.3,645.7,813.3,697.65,0
923,30734,2271659,837.3,749.7,789.2,645.9,813.25,697.8,0
923,30735,2271660,837.4,749.8,789.0,646.1,813.2,697.95,0
923,30736,2271661,837.4,749.8,788.7,646.3,813.05,698.05,0
923,30737,2271662,837.6,749.9,788.4,646.5,813.0,698.2,0
923,30738,2271663,837.7,749.8,788.0,646.6,812.85,698.2,0
923,30739,2271664,837.8,749.7,787.6,646.7,812.7,698.2,0
923,30740,2271665,837.9,749.6,787.2,646.6,812.55,698.1,0
923,30741,2271666,837.9,749.4,786.9,646.5,812.4,697.95,0
923,30742,2271667,838.0,749.1,786.7,646.3,812.35,697.7,0
923,30743,2271668,838.0,748.9,786.6,646.3,812.3,697.6,0
923,30744,2271669,838.0,748.8,786.5,646.3,812.25,697.55,0
923,30745,2271670,838.0,748.9,786.3,646.6,812.15,697.75,0
923,30746,2271671,838.0,748.9,786.2,646.9,812.1,697.9,0
923,30747,2271672,837.9,749.0,786.0,647.2,811.95,698.1,0
923,30748,2271673,837.9,749.0,785.7,647.3,811.8,698.15,0
923,30749,2271674,837.8,749.1,785.4,647.5,811.6,698.3,0
923,30750,2271675,837.8,749.1,785.0,647.6,811.4,698.35,0
923,30751,2271676,837.8,749.1,784.7,647.6,811.25,698.35,0
923,30752,2271677,837.8,748.8,784.5,647.3,811.15,698.05,0
923,30753,2271678,837.9,748.6,784.3,647.1,811.1,697.85,0
923,30754,2271679,838.1,748.3,784.2,646.9,811.15,697.6,0
923,30755,2271680,838.2,748.0,784.0,647.0,811.1,697.5,0
923,30756,2271681,838.4,747.8,784.0,647.1,811.2,697.45,0
923,30757,2271682,838.5,747.7,784.0,647.2,811.25,697.45,0
923,30758,2271683,838.6,747.5,783.9,647.3,811.25,697.4,0
923,30759,2271684,838.7,747.4,783.9,647.4,811.3,697.4,0
923,30760,2271685,838.7,747.4,783.8,647.6,811.25,697.5,0
923,30761,2271686,838.7,747.5,783.7,647.9,811.2,697.7,0
923,30762,2271687,838.7,747.6,783.6,648.4,811.15,698.0,0
923,30763,2271688,838.9,748.0,783.5,648.8,811.2,698.4,0
923,30764,2271689,839.1,748.5,783.3,649.3,811.2,698.9,0
923,30765,2271690,839.3,749.1,783.2,649.7,811.25,699.4,0
923,30766,2271691,839.6,749.8,783.1,650.2,811.35,700.0,0
924,30767,2271692,839.8,750.4,782.9,650.6,811.35,700.5,0
924,30768,2271693,840.0,751.0,782.8,650.9,811.4,700.95,0
924,30769,2271694,840.1,751.6,782.5,650.8,811.3,701.2,0
924,30770,2271695,840.2,751.8,782.3,650.7,811.25,701.25,0
924,30771,2271696,840.2,751.8,782.2,650.5,811.2,701.15,0
924,30772,2271697,840.2,751.7,782.0,650.3,811.1,701.0,0
924,30773,2271698,840.2,751.5,781.8,650.1,811.0,700.8,0
924,30774,2271699,840.2,751.3,781.7,649.9,810.95,700.6,0
924,30775,2271700,840.2,751.2,781.7,649.7,810.95,700.45,0
924,30776,2271701,840.1,751.1,781.8,649.5,810.95,700.3,0
924,30777,2271702,839.9,751.1,781.9,649.5,810.9,700.3,0
924,30778,2271703,839.6,751.2,782.1,649.4,810.85,700.3,0
924,30779,2271704,839.3,751.2,782.2,649.4,810.75,700.3,0
924,30780,2271705,838.9,751.3,782.4,649.5,810.65,700.4,0
924,30781,2271706,838.6,751.4,782.6,649.8,810.6,700.6,0
924,30782,2271707,838.2,751.5,782.8,650.1,810.5,700.8,0
924,30783,2271708,837.9,751.6,783.0,650.4,810.45,701.0,0
924,30784,2271709,837.5,751.7,783.1,650.7,810.3,701.2,0
924,30785,2271710,837.2,751.9,783.2,651.0,810.2,701.45,0
924,30786,2271711,837.0,752.0,783.4,651.4,810.2,701.7,0
924,30787,2271712,836.7,752.2,783.9,651.7,810.3,701.95,0
924,30788,2271713,836.5,752.3,784.2,651.8,810.35,702.05,0
924,30789,2271714,836.3,752.5,784.7,652.0,810.5,702.25,0
924,30790,2271715,836.1,752.6,785.1,652.1,810.6,702.35,0
924,30791,2271716,836.1,752.7,785.6,652.2,810.85,702.45,0
924,30792,2271717,836.0,752.6,785.9,652.7,810.95,702.65,0
924,30793,2271718,836.0,752.5,786.2,653.1,811.1,702.8,0
924,30794,2271719,836.0,752.4,786.3,653.4,811.15,702.9,0
924,30795,2271720,836.0,752.2,786.3,653.7,811.15,702.95,0
924,30796,2271721,836.0,752.0,786.3,654.0,811.15,703.0,0
924,30797,2271722,835.9,751.7,786.2,654.3,811.05,703.0,0
924,30798,2271723,835.9,751.5,786.2,654.4,811.05,702.95,0
924,30799,2271724,835.8,751.3,786.0,654.2,810.9,702.75,0
924,30800,2271725,835.6,751.1,785.7,653.9,810.65,702.5,0
925,30801,2271726,835.4,751.1,785.4,653.7,810.4,702.4,0
925,30802,2271727,835.2,751.3,785.2,653.4,810.2,702.35,0
925,30803,2271728,834.9,751.4,784.9,653.2,809.9,702.3,0
925,30804,2271729,834.7,751.6,784.6,653.0,809.65,702.3,0
925,30805,2271730,834.5,751.9,784.3,653.0,809.4,702.45,0
925,30806,2271731,834.3,752.1,784.2,653.1,809.25,702.6,0
925,30807,2271732,834.2,752.3,784.1,653.1,809.15,702.7,0
925,30808,2271733,834.1,752.3,784.1,653.1,809.1,702.7,0
925,30809,2271734,834.0,752.3,784.0,653.1,809.0,702.7,0
925,30810,2271735,834.0,752.3,784.0,653.0,809.0,702.65,0
925,30811,2271736,834.0,752.2,784.0,652.9,809.0,702.55,0
925,30812,2271737,834.1,752.2,784.0,652.8,809.05,702.5,0
925,30813,2271738,834.0,752.1,783.9,652.6,808.95,702.35,0
925,30814,2271739,834.0,752.0,784.0,652.4,809.0,702.2,0
925,30815,2271740,833.9,752.0,784.0,652.3,808.95,702.15,0
925,30816,2271741,833.8,752.1,784.0,652.3,808.9,702.2,0
925,30817,2271742,833.7,752.2,784.0,652.2,808.85,702.2,0
925,30818,2271743,833.7,752.2,784.0,652.2,808.85,702.2,0
925,30819,2271744,833.6,752.8,784.1,652.2,808.85,702.5,0
925,30820,2271745,834.0,753.5,784.4,652.2,809.2,702.85,0
925,30821,2271746,835.6,754.4,786.1,653.0,810.85,703.7,0
925,30822,2271747,838.5,755.6,788.7,653.7,813.6,704.65,0
925,30823,2271748,842.1,756.7,794.0,656.4,818.05,706.55,0
925,30824,2271749,847.6,758.2,800.4,659.5,824.0,708.85,0
925,30825,2271750,854.7,759.6,809.1,663.8,831.9,711.7,0
925,30826,2271751,863.4,761.3,819.6,668.3,841.5,714.8,0
925,30827,2271752,873.3,763.2,833.1,673.2,853.2,718.2,0
925,30828,2271753,884.4,766.0,847.7,679.2,866.05,722.6,0
925,30829,2271754,896.5,768.6,863.8,685.6,880.15,727.1,0
925,30830,2271755,909.6,771.8,878.9,691.2,894.25,731.5,0
925,30831,2271756,922.6,775.4,893.8,697.1,908.2,736.25,0
925,30832,2271757,936.0,779.8,907.4,702.0,921.7,740.9,0
925,30833,2271758,950.2,784.1,920.2,708.0,935.2,746.05,0
926,30834,2271759,963.7,788.4,930.5,714.0,947.1,751.2,0
926,30835,2271760,975.7,791.5,939.9,718.1,957.8,754.8,0
926,30836,2271761,985.7,794.8,947.0,721.7,966.35,758.25,0
926,30837,2271762,994.4,797.4,953.3,724.0,973.85,760.7,0
926,30838,2271763,1001.5,800.0,958.6,725.3,980.05,762.65,0
926,30839,2271764,1006.6,801.9,963.7,725.8,985.15,763.85,0
926,30840,2271765,1009.9,803.0,967.9,724.9,988.9,763.95,0
926,30841,2271766,1012.4,803.8,971.1,723.6,991.75,763.7,0
926,30842,2271767,1014.0,804.3,972.9,722.4,993.45,763.35,0
926,30843,2271768,1015.1,804.4,974.5,721.2,994.8,762.8,0
926,30844,2271769,1015.7,804.5,975.0,719.5,995.35,762.0,0
926,30845,2271770,1014.9,803.8,975.1,718.3,995.0,761.05,0
926,30846,2271771,1014.0,803.2,974.3,717.5,994.15,760.35,0
926,30847,2271772,1011.9,802.7,973.3,716.7,992.6,759.7,0
926,30848,2271773,1009.5,802.2,971.7,715.9,990.6,759.05,0
926,30849,2271774,1006.7,801.9,969.8,714.9,988.25,758.4,0
926,30850,2271775,1004.0,802.0,967.8,714.0,985.9,758.0,0
926,30851,2271776,1001.6,802.2,965.8,713.5,983.7,757.85,0
926,30852,2271777,999.8,802.2,964.1,712.8,981.95,757.5,0
926,30853,2271778,998.0,802.3,962.1,711.6,980.05,756.95,0
926,30854,2271779,996.7,802.2,960.3,710.3,978.5,756.25,0
926,30855,2271780,995.8,802.1,959.1,709.2,977.45,755.65,0
926,30856,2271781,995.1,801.8,958.3,708.3,976.7,755.05,0
926,30857,2271782,994.5,801.5,957.5,707.4,976.0,754.45,0
926,30858,2271783,994.0,801.1,957.1,706.9,975.55,754.0,0
926,30859,2271784,993.8,800.8,956.7,706.6,975.25,753.7,0
926,30860,2271785,993.6,800.5,956.6,706.9,975.1,753.7,0
926,30861,2271786,993.6,800.2,956.6,707.2,975.1,753.7,0
926,30862,2271787,993.6,799.9,956.6,707.6,975.1,753.75,0
926,30863,2271788,993.7,799.8,956.6,708.0,975.15,753.9,0
926,30864,2271789,993.7,799.8,956.3,708.6,975.0,754.2,0
926,30865,2271790,993.7,799.7,956.0,708.9,974.85,754.3,0
926,30866,2271791,993.7,799.7,955.7,709.3,974.7,754.5,0
927,30867,2271792,993.7,799.8,955.4,709.7,974.55,754.75,0
927,30868,2271793,993.5,800.0,955.2,710.2,974.35,755.1,0
927,30869,2271794,993.3,800.2,954.9,710.7,974.1,755.45,0
927,30870,2271795,993.0,800.3,954.6,711.1,973.8,755.7,0
927,30871,2271796,992.8,800.5,954.7,711.3,973.75,755.9,0
927,30872,2271797,992.6,800.8,954.8,711.4,973.7,756.1,0
927,30873,2271798,992.5,801.0,954.9,711.6,973.7,756.3,0
927,30874,2271799,992.5,801.1,955.1,711.8,973.8,756.45,0
927,30875,2271800,992.7,801.4,955.4,711.9,974.05,756.65,0
927,30876,2271801,992.9,801.7,955.6,712.0,974.25,756.85,0
927,30877,2271802,993.1,802.0,955.9,712.0,974.5,757.0,0
927,30878,2271803,993.3,802.4,956.1,712.1,974.7,757.25,0
927,30879,2271804,993.6,802.7,956.3,712.2,974.95,757.45,0
927,30880,2271805,993.9,803.2,956.7,712.3,975.3,757.75,0
927,30881,2271806,994.2,803.6,956.9,712.4,975.55,758.0,0
927,30882,2271807,994.5,803.8,957.0,712.4,975.75,758.1,0
927,30883,2271808,994.7,804.0,957.2,712.3,975.95,758.15,0
927,30884,2271809,994.8,804.0,957.4,712.2,976.1,758.1,0
927,30885,2271810,995.0,803.8,957.7,712.1,976.35,757.95,0
927,30886,2271811,994.9,803.6,958.0,711.9,976.45,757.75,0
927,30887,2271812,994.9,803.4,958.1,711.7,976.5,757.55,0
927,30888,2271813,994.7,803.2,958.3,711.5,976.5,757.35,0
927,30889,2271814,994.7,802.9,958.5,711.3,976.6,757.1,0
927,30890,2271815,994.8,802.8,958.7,711.3,976.75,757.05,0
927,30891,2271816,994.8,802.9,958.9,711.2,976.85,757.05,0
927,30892,2271817,994.9,803.1,959.1,711.0,977.0,757.05,0
927,30893,2271818,994.9,803.3,959.1,710.7,977.0,757.0,0
927,30894,2271819,994.9,803.5,959.1,710.5,977.0,757.0,0
927,30895,2271820,994.9,803.7,959.1,710.1,977.0,756.9,0
927,30896,2271821,994.8,803.9,959.1,709.9,976.95,756.9,0
927,30897,2271822,994.5,804.1,959.1,709.8,976.8,756.95,0
927,30898,2271823,994.2,804.2,959.0,709.8,976.6,757.0,0
927,30899,2271824,993.8,804.1,958.9,709.9,976.35,757.0,0
927,30900,2271825,993.6,803.9,958.8,710.2,976.2,757.05,0
928,30901,2271826,993.3,803.7,958.7,710.5,976.0,757.1,0
928,30902,2271827,993.2,803.5,958.4,710.8,975.8,757.15,0
928,30903,2271828,993.2,803.2,958.2,710.7,975.7,756.95,0
928,30904,2271829,993.4,802.8,957.9,710.4,975.65,756.6,0
928,30905,2271830,993.9,802.4,957.4,710.1,975.65,756.25,0
928,30906,2271831,994.5,802.1,957.0,709.6,975.75,755.85,0
928,30907,2271832,995.0,801.9,956.6,709.0,975.8,755.45,0
928,30908,2271833,995.4,801.7,956.3,708.4,975.85,755.05,0
928,30909,2271834,995.7,801.3,956.0,707.7,975.85,754.5,0
928,30910,2271835,995.9,801.1,955.7,707.3,975.8,754.2,0
928,30911,2271836,995.9,800.8,955.6,706.7,975.75,753.75,0
928,30912,2271837,995.7,800.5,955.6,706.0,975.65,753.25,0
928,30913,2271838,995.2,800.3,955.7,705.5,975.45,752.9,0
928,30914,2271839,994.7,800.0,955.7,705.1,975.2,752.55,0
928,30915,2271840,994.3,799.8,955.6,704.7,974.95,752.25,0
928,30916,2271841,994.0,799.7,955.5,704.3,974.75,752.0,0
928,30917,2271842,993.8,799.7,955.4,703.9,974.6,751.8,0
928,30918,2271843,993.6,799.7,955.3,703.5,974.45,751.6,0
928,30919,2271844,993.5,799.7,955.1,703.2,974.3,751.45,0
928,30920,2271845,993.7,799.7,954.9,702.9,974.3,751.3,0
928,30921,2271846,993.9,799.6,954.6,702.5,974.25,751.05,0
928,30922,2271847,994.1,799.5,954.3,702.1,974.2,750.8,0
928,30923,2271848,994.4,799.1,954.1,701.7,974.25,750.4,0
928,30924,2271849,994.6,798.8,953.9,701.4,974.25,750.1,0
928,30925,2271850,994.8,798.5,953.6,701.2,974.2,749.85,0
928,30926,2271851,995.0,798.4,953.3,701.1,974.15,749.75,0
928,30927,2271852,995.0,798.2,953.1,701.0,974.05,749.6,0
928,30928,2271853,995.0,798.1,953.0,701.0,974.0,749.55,0
928,30929,2271854,995.1,798.0,952.8,701.0,973.95,749.5,0
928,30930,2271855,995.1,798.1,952.6,701.1,973.85,749.6,0
928,30931,2271856,995.0,798.2,952.5,701.3,973.75,749.75,0
928,30932,2271857,995.1,798.1,952.4,701.4,973.75,749.75,0
928,30933,2271858,995.1,797.7,952.4,701.5,973.75,749.6,0
929,30934,2271859,995.3,797.4,952.5,701.6,973.9,749.5,0
929,30935,2271860,995.3,797.0,952.6,701.8,973.95,749.4,0
929,30936,2271861,995.4,796.6,952.8,701.9,974.1,749.25,0
929,30937,2271862,995.4,796.1,953.0,702.0,974.2,749.05,0
929,30938,2271863,995.4,795.7,953.3,702.2,974.35,748.95,0
929,30939,2271864,995.4,795.4,953.6,702.3,974.5,748.85,0
929,30940,2271865,995.3,795.3,953.9,702.5,974.6,748.9,0
929,30941,2271866,995.3,795.1,954.2,702.7,974.75,748.9,0
929,30942,2271867,995.4,794.9,954.5,702.8,974.95,748.85,0
929,30943,2271868,995.5,794.7,954.9,702.9,975.2,748.8,0
929,30944,2271869,995.5,794.6,955.2,703.0,975.35,748.8,0
929,30945,2271870,995.6,794.5,955.5,703.0,975.55,748.75,0
929,30946,2271871,995.9,794.3,955.7,703.2,975.8,748.75,0
929,30947,2271872,996.2,794.2,955.9,703.6,976.05,748.9,0
929,30948,2271873,996.5,794.0,955.9,704.0,976.2,749.0,0
929,30949,2271874,996.7,793.9,955.9,704.3,976.3,749.1,0
929,30950,2271875,996.9,793.7,955.9,704.7,976.4,749.2,0
929,30951,2271876,997.2,793.5,955.8,705.1,976.5,749.3,0
929,30952,2271877,997.4,793.3,955.5,705.2,976.45,749.25,0
929,30953,2271878,997.4,793.2,955.3,705.2,976.35,749.2,0
929,30954,2271879,997.4,792.8,954.7,704.9,976.05,748.85,0
929,30955,2271880,997.5,792.5,954.0,704.7,975.75,748.6,0
929,30956,2271881,997.5,792.2,953.3,704.5,975.4,748.35,0
929,30957,2271882,997.3,792.0,952.7,704.7,975.0,748.35,0
929,30958,2271883,997.1,791.9,952.1,704.9,974.6,748.4,0
929,30959,2271884,996.9,791.8,951.8,705.4,974.35,748.6,0
929,30960,2271885,996.6,791.9,951.6,705.9,974.1,748.9,0
929,30961,2271886,996.3,792.1,951.7,706.5,974.0,749.3,0
929,30962,2271887,996.0,792.2,951.8,707.0,973.9,749.6,0
929,30963,2271888,995.7,792.2,952.0,707.5,973.85,749.85,0
929,30964,2271889,995.6,792.1,952.2,707.9,973.9,750.0,0
929,30965,2271890,995.2,791.9,952.3,708.1,973.75,750.0,0
929,30966,2271891,994.9,791.6,952.4,708.3,973.65,749.95,0
930,30967,2271892,994.6,791.3,952.3,708.6,973.45,749.95,0
930,30968,2271893,994.4,790.9,952.2,708.9,973.3,749.9,0
930,30969,2271894,994.1,790.7,952.1,709.5,973.1,750.1,0
930,30970,2271895,994.0,790.4,952.0,710.1,973.0,750.25,0
930,30971,2271896,993.8,790.2,952.0,710.8,972.9,750.5,0
930,30972,2271897,993.9,790.1,952.0,711.9,972.95,751.0,0
930,30973,2271898,994.0,790.0,952.1,713.0,973.05,751.5,0
930,30974,2271899,994.1,789.8,952.2,714.1,973.15,751.95,0
930,30975,2271900,994.2,789.9,952.3,716.1,973.25,753.0,0
930,30976,2271901,994.3,789.9,952.3,718.0,973.3,753.95,0
930,30977,2271902,994.3,790.0,952.2,719.8,973.25,754.9,0
930,30978,2271903,994.4,790.1,951.9,721.2,973.15,755.65,0
930,30979,2271904,994.5,790.2,951.4,722.2,972.95,756.2,0
930,30980,2271905,994.6,790.1,951.0,723.1,972.8,756.6,0
930,30981,2271906,994.7,790.0,950.4,723.9,972.55,756.95,0
930,30982,2271907,994.8,790.0,950.0,723.8,972.4,756.9,0
930,30983,2271908,994.9,790.0,949.5,723.5,972.2,756.75,0
930,30984,2271909,995.0,789.9,949.2,723.3,972.1,756.6,0
930,30985,2271910,995.2,789.9,949.0,723.2,972.1,756.55,0
930,30986,2271911,995.5,789.7,948.7,723.2,972.1,756.45,0
930,30987,2271912,995.8,789.6,948.5,723.2,972.15,756.4,0
930,30988,2271913,996.1,789.5,948.4,723.2,972.25,756.35,0
930,30989,2271914,996.3,789.2,948.2,723.3,972.25,756.25,0
930,30990,2271915,996.5,788.9,948.1,723.3,972.3,756.1,0
930,30991,2271916,996.6,788.6,947.9,723.3,972.25,755.95,0
930,30992,2271917,996.4,788.2,947.7,723.8,972.05,756.0,0
930,30993,2271918,996.1,787.9,947.5,724.2,971.8,756.05,0
930,30994,2271919,995.8,787.7,947.3,724.7,971.55,756.2,0
930,30995,2271920,995.5,787.7,947.1,725.4,971.3,756.55,0
930,30996,2271921,995.2,787.7,946.9,726.5,971.05,757.1,0
930,30997,2271922,994.9,787.7,946.7,727.6,970.8,757.65,0
930,30998,2271923,994.6,787.8,946.6,728.6,970.6,758.2,0
930,30999,2271924,994.5,787.9,946.6,729.3,970.55,758.6,0
930,31000,2271925,994.4,788.1,946.5,730.0,970.45,759.05,0
931,31001,2271926,994.3,788.2,946.8,730.7,970.55,759.45,0
931,31002,2271927,994.3,788.2,947.3,731.3,970.8,759.75,0
931,31003,2271928,994.3,788.2,947.8,732.1,971.05,760.15,0
931,31004,2271929,994.4,788.2,948.4,732.9,971.4,760.55,0
931,31005,2271930,994.4,788.2,948.9,733.7,971.65,760.95,0
931,31006,2271931,994.5,788.2,949.4,734.5,971.95,761.35,0
931,31007,2271932,994.5,788.8,949.9,735.3,972.2,762.05,0
931,31008,2271933,994.5,789.3,950.4,736.0,972.45,762.65,0
931,31009,2271934,994.4,789.9,951.3,736.7,972.85,763.3,0
931,31010,2271935,994.5,790.4,953.1,736.8,973.8,763.6,0
931,31011,2271936,995.4,790.8,955.8,737.0,975.6,763.9,0
931,31012,2271937,997.2,791.0,959.6,737.3,978.4,764.15,0
931,31013,2271938,999.9,791.0,966.2,738.0,983.05,764.5,0
931,31014,2271939,1003.9,790.4,974.5,738.8,989.2,764.6,0
931,31015,2271940,1010.0,789.2,984.7,739.5,997.35,764.35,0
931,31016,2271941,1017.8,787.9,996.6,740.2,1007.2,764.05,0
931,31017,2271942,1027.1,786.6,1009.2,740.9,1018.15,763.75,0
931,31018,2271943,1037.9,785.3,1023.4,741.8,1030.65,763.55,0
931,31019,2271944,1050.3,784.4,1038.8,742.5,1044.55,763.45,0
931,31020,2271945,1064.8,783.4,1053.9,742.7,1059.35,763.05,0
931,31021,2271946,1080.1,782.5,1070.1,742.9,1075.1,762.7,0
931,31022,2271947,1095.5,781.8,1086.2,743.0,1090.85,762.4,0
931,31023,2271948,1110.5,781.3,1101.4,743.1,1105.95,762.2,0
931,31024,2271949,1125.1,781.0,1115.0,743.0,1120.05,762.0,0
931,31025,2271950,1138.0,780.8,1127.3,742.2,1132.65,761.5,0
931,31026,2271951,1149.4,780.5,1137.5,740.7,1143.45,760.6,0
931,31027,2271952,1158.1,780.9,1146.0,739.1,1152.05,760.0,0
931,31028,2271953,1164.8,781.4,1151.9,737.3,1158.35,759.35,0
931,31029,2271954,1169.4,782.1,1155.3,735.4,1162.35,758.75,0
931,31030,2271955,1172.5,782.8,1157.0,733.6,1164.75,758.2,0
931,31031,2271956,1173.4,783.6,1158.7,731.8,1166.05,757.7,0
931,31032,2271957,1173.6,784.3,1158.5,730.5,1166.05,757.4,0
931,31033,2271958,1172.3,784.9,1157.8,730.1,1165.05,757.5,0
932,31034,2271959,1170.6,785.1,1156.1,729.9,1163.35,757.5,0
932,31035,2271960,1168.2,785.4,1154.4,730.0,1161.3,757.7,0
932,31036,2271961,1165.8,785.6,1152.8,730.2,1159.3,757.9,0
932,31037,2271962,1163.4,785.7,1151.6,730.5,1157.5,758.1,0
932,31038,2271963,1161.9,785.8,1150.4,731.0,1156.15,758.4,0
932,31039,2271964,1160.4,785.7,1149.9,731.5,1155.15,758.6,0
932,31040,2271965,1159.2,785.7,1149.8,732.1,1154.5,758.9,0
932,31041,2271966,1158.1,785.8,1149.7,732.6,1153.9,759.2,0
932,31042,2271967,1157.6,785.7,1149.6,733.2,1153.6,759.45,0
932,31043,2271968,1156.9,785.5,1149.5,733.6,1153.2,759.55,0
932,31044,2271969,1156.1,785.3,1149.2,734.0,1152.65,759.65,0
932,31045,2271970,1155.5,785.0,1148.7,734.1,1152.1,759.55,0
932,31046,2271971,1154.9,784.7,1148.1,734.1,1151.5,759.4,0
932,31047,2271972,1154.4,784.4,1147.1,734.0,1150.75,759.2,0
932,31048,2271973,1154.1,784.1,1146.2,733.5,1150.15,758.8,0
932,31049,2271974,1153.8,784.0,1145.3,733.0,1149.55,758.5,0
932,31050,2271975,1153.7,784.1,1144.4,732.6,1149.05,758.35,0
932,31051,2271976,1153.7,784.1,1144.1,732.3,1148.9,758.2,0
932,31052,2271977,1153.7,784.2,1143.8,731.9,1148.75,758.05,0
932,31053,2271978,1153.7,784.3,1143.6,731.7,1148.65,758.0,0
932,31054,2271979,1153.7,784.5,1143.9,731.7,1148.8,758.1,0
932,31055,2271980,1153.7,784.8,1144.3,731.9,1149.0,758.35,0
932,31056,2271981,1153.6,785.1,1144.7,732.1,1149.15,758.6,0
932,31057,2271982,1153.6,785.3,1145.2,732.3,1149.4,758.8,0
932,31058,2271983,1153.7,785.5,1145.4,732.5,1149.55,759.0,0
932,31059,2271984,1153.7,785.8,1145.7,732.5,1149.7,759.15,0
932,31060,2271985,1153.7,786.0,1145.9,732.6,1149.8,759.3,0
932,31061,2271986,1153.8,786.2,1146.1,732.1,1149.95,759.15,0
932,31062,2271987,1153.8,786.2,1146.3,731.6,1150.05,758.9,0
932,31063,2271988,1153.8,786.2,1146.3,731.1,1150.05,758.65,0
932,31064,2271989,1153.8,786.2,1146.3,730.5,1150.05,758.35,0
932,31065,2271990,1153.9,786.2,1146.3,730.0,1150.1,758.1,0
932,31066,2271991,1153.9,786.4,1146.3,729.6,1150.1,758.0,0
933,31067,2271992,1154.0,786.5,1146.4,729.2,1150.2,757.85,0
933,31068,2271993,1154.0,786.7,1146.5,729.2,1150.25,757.95,0
933,31069,2271994,1154.1,787.0,1146.5,729.2,1150.3,758.1,0
933,31070,2271995,1154.1,787.2,1146.6,729.2,1150.35,758.2,0
933,31071,2271996,1154.2,787.4,1146.5,729.3,1150.35,758.35,0
933,31072,2271997,1154.2,787.5,1146.5,729.4,1150.35,758.45,0
933,31073,2271998,1154.3,787.7,1146.4,729.5,1150.35,758.6,0
933,31074,2271999,1154.4,787.9,1146.1,729.6,1150.25,758.75,0
933,31075,2272000,1154.5,788.1,1145.8,729.7,1150.15,758.9,0
933,31076,2272001,1154.6,788.2,1145.5,729.9,1150.05,759.05,0
933,31077,2272002,1154.7,788.4,1145.1,730.0,1149.9,759.2,0
933,31078,2272003,1154.9,788.5,1144.9,730.1,1149.9,759.3,0
933,31079,2272004,1154.9,788.6,1144.6,730.3,1149.75,759.45,0
933,31080,2272005,1154.9,788.6,1144.4,730.4,1149.65,759.5,0
933,31081,2272006,1154.9,788.6,1144.3,730.6,1149.6,759.6,0
933,31082,2272007,1154.9,788.5,1144.1,730.9,1149.5,759.7,0
933,31083,2272008,1154.8,788.6,1143.9,731.2,1149.35,759.9,0
933,31084,2272009,1154.8,788.7,1143.8,731.6,1149.3,760.15,0
933,31085,2272010,1154.9,788.8,1143.7,732.0,1149.3,760.4,0
933,31086,2272011,1155.0,788.9,1143.5,732.4,1149.25,760.65,0
933,31087,2272012,1155.0,789.0,1143.2,732.8,1149.1,760.9,0
933,31088,2272013,1155.2,789.2,1143.1,733.1,1149.15,761.15,0
933,31089,2272014,1155.3,789.3,1143.1,733.6,1149.2,761.45,0
933,31090,2272015,1155.4,789.4,1142.9,734.1,1149.15,761.75,0
933,31091,2272016,1155.5,789.5,1142.7,734.4,1149.1,761.95,0
933,31092,2272017,1155.6,789.5,1142.5,734.9,1149.05,762.2,0
933,31093,2272018,1155.7,789.6,1142.4,735.5,1149.05,762.55,0
933,31094,2272019,1155.8,789.6,1142.2,736.1,1149.0,762.85,0
933,31095,2272020,1155.8,789.8,1142.1,736.7,1148.95,763.25,0
933,31096,2272021,1155.9,790.1,1142.0,737.1,1148.95,763.6,0
933,31097,2272022,1155.9,790.4,1141.9,737.6,1148.9,764.0,0
933,31098,2272023,1155.9,790.9,1141.9,738.1,1148.9,764.5,0
933,31099,2272024,1155.9,791.4,1141.9,738.4,1148.9,764.9,0
933,31100,2272025,1155.8,792.1,1142.0,738.6,1148.9,765.35,0
934,31101,2272026,1155.8,792.9,1142.2,738.8,1149.0,765.85,0
934,31102,2272027,1155.8,793.4,1142.3,739.1,1149.05,766.25,0
934,31103,2272028,1155.8,793.9,1142.4,739.4,1149.1,766.65,0
934,31104,2272029,1155.8,794.5,1142.6,739.6,1149.2,767.05,0
934,31105,2272030,1155.9,795.0,1142.6,739.7,1149.25,767.35,0
934,31106,2272031,1155.9,795.5,1142.6,739.8,1149.25,767.65,0
934,31107,2272032,1156.0,795.8,1142.5,739.9,1149.25,767.85,0
934,31108,2272033,1156.0,796.0,1142.4,739.9,1149.2,767.95,0
934,31109,2272034,1156.1,796.3,1142.2,740.6,1149.15,768.45,0
934,31110,2272035,1156.2,796.6,1142.1,741.1,1149.15,768.85,0
934,31111,2272036,1156.3,797.0,1142.1,741.7,1149.2,769.35,0
934,31112,2272037,1156.3,797.2,1142.1,742.2,1149.2,769.7,0
934,31113,2272038,1156.3,797.4,1142.1,742.7,1149.2,770.05,0
934,31114,2272039,1156.3,797.7,1142.1,743.2,1149.2,770.45,0
934,31115,2272040,1156.4,798.0,1142.1,743.7,1149.25,770.85,0
934,31116,2272041,1156.4,798.6,1142.0,743.5,1149.2,771.05,0
934,31117,2272042,1156.4,799.3,1141.9,743.4,1149.15,771.35,0
934,31118,2272043,1156.6,799.9,1141.7,743.4,1149.15,771.65,0
934,31119,2272044,1156.7,800.5,1141.5,743.6,1149.1,772.05,0
934,31120,2272045,1156.8,801.1,1141.3,743.9,1149.05,772.5,0
934,31121,2272046,1156.9,801.6,1141.1,744.2,1149.0,772.9,0
934,31122,2272047,1157.0,802.1,1140.9,744.6,1148.95,773.35,0
934,31123,2272048,1157.0,802.3,1140.9,744.9,1148.95,773.6,0
934,31124,2272049,1157.0,802.4,1140.8,745.1,1148.9,773.75,0
934,31125,2272050,1157.0,802.8,1140.8,745.3,1148.9,774.05,0
934,31126,2272051,1157.0,803.2,1140.9,745.3,1148.95,774.25,0
934,31127,2272052,1156.9,803.6,1141.0,745.2,1148.95,774.4,0
934,31128,2272053,1156.8,804.1,1141.1,745.1,1148.95,774.6,0
934,31129,2272054,1156.7,804.5,1141.2,745.0,1148.95,774.75,0
934,31130,2272055,1156.6,804.9,1141.3,745.0,1148.95,774.95,0
934,31131,2272056,1156.4,805.3,1141.2,745.0,1148.8,775.15,0
934,31132,2272057,1156.1,805.4,1141.1,745.0,1148.6,775.2,0
934,31133,2272058,1155.6,805.6,1141.0,745.1,1148.3,775.35,0
935,31134,2272059,1155.3,805.7,1140.9,745.3,1148.1,775.5,0
935,31135,2272060,1154.9,805.9,1140.8,745.8,1147.85,775.85,0
935,31136,2272061,1154.5,806.0,1140.7,746.2,1147.6,776.1,0
935,31137,2272062,1154.2,806.1,1140.6,746.7,1147.4,776.4,0
935,31138,2272063,1153.9,806.3,1140.6,747.2,1147.25,776.75,0
935,31139,2272064,1153.8,806.6,1140.6,747.7,1147.2,777.15,0
935,31140,2272065,1153.9,806.9,1140.6,748.2,1147.25,777.55,0
935,31141,2272066,1153.9,807.3,1140.5,748.5,1147.2,777.9,0
935,31142,2272067,1153.8,807.7,1140.4,748.5,1147.1,778.1,0
935,31143,2272068,1153.7,808.1,1140.4,748.5,1147.05,778.3,0
935,31144,2272069,1153.7,808.6,1140.3,748.6,1147.0,778.6,0
935,31145,2272070,1153.6,809.1,1140.1,748.6,1146.85,778.85,0
935,31146,2272071,1153.5,809.4,1139.9,748.6,1146.7,779.0,0
935,31147,2272072,1153.5,809.6,1139.8,748.5,1146.65,779.05,0
935,31148,2272073,1153.4,809.8,1139.6,748.5,1146.5,779.15,0
935,31149,2272074,1153.4,810.0,1139.4,748.5,1146.4,779.25,0
935,31150,2272075,1153.5,810.1,1139.0,748.6,1146.25,779.35,0
935,31151,2272076,1153.6,810.1,1138.6,748.7,1146.1,779.4,0
935,31152,2272077,1153.6,810.1,1138.3,748.8,1145.95,779.45,0
935,31153,2272078,1153.6,810.1,1138.0,748.8,1145.8,779.45,0
935,31154,2272079,1153.6,810.2,1137.8,748.7,1145.7,779.45,0
935,31155,2272080,1153.6,810.3,1137.5,748.6,1145.55,779.45,0
935,31156,2272081,1153.5,810.3,1137.4,748.5,1145.45,779.4,0
935,31157,2272082,1153.5,810.4,1137.4,748.2,1145.45,779.3,0
935,31158,2272083,1153.4,810.6,1137.4,747.9,1145.4,779.25,0
935,31159,2272084,1153.5,811.1,1137.3,747.6,1145.4,779.35,0
935,31160,2272085,1153.5,811.6,1137.1,747.4,1145.3,779.5,0
935,31161,2272086,1153.6,812.1,1136.9,747.4,1145.25,779.75,0
935,31162,2272087,1153.6,812.7,1136.7,747.5,1145.15,780.1,0
935,31163,2272088,1153.7,813.3,1136.5,747.5,1145.1,780.4,0
935,31164,2272089,1153.8,813.8,1136.3,747.6,1145.05,780.7,0
935,31165,2272090,1153.9,814.1,1136.2,747.6,1145.05,780.85,0
935,31166,2272091,1154.0,814.2,1136.1,747.5,1145.05,780.85,0
936,31167,2272092,1154.1,814.1,1136.2,747.4,1145.15,780.75,0
936,31168,2272093,1154.3,813.9,1136.4,747.3,1145.35,780.6,0
936,31169,2272094,1154.4,813.5,1136.5,747.0,1145.45,780.25,0
936,31170,2272095,1154.6,813.1,1136.7,746.9,1145.65,780.0,0
936,31171,2272096,1154.7,812.8,1136.7,746.8,1145.7,779.8,0
936,31172,2272097,1154.7,812.4,1136.8,746.8,1145.75,779.6,0
936,31173,2272098,1154.7,812.0,1136.8,746.9,1145.75,779.45,0
936,31174,2272099,1154.5,811.7,1136.7,746.9,1145.6,779.3,0
936,31175,2272100,1154.3,811.5,1136.6,746.8,1145.45,779.15,0
936,31176,2272101,1154.0,811.4,1136.6,746.4,1145.3,778.9,0
936,31177,2272102,1153.7,811.2,1136.2,745.9,1144.95,778.55,0
936,31178,2272103,1153.4,811.1,1135.9,745.3,1144.65,778.2,0
936,31179,2272104,1153.1,810.9,1135.6,744.6,1144.35,777.75,0
936,31180,2272105,1153.0,810.7,1135.3,744.0,1144.15,777.35,0
936,31181,2272106,1152.9,810.5,1135.0,743.4,1143.95,776.95,0
936,31182,2272107,1152.9,810.3,1134.7,742.9,1143.8,776.6,0
936,31183,2272108,1152.8,810.2,1134.3,742.9,1143.55,776.55,0
936,31184,2272109,1152.7,810.1,1134.2,742.9,1143.45,776.5,0
936,31185,2272110,1152.6,810.1,1134.0,743.0,1143.3,776.55,0
936,31186,2272111,1152.4,810.0,1133.8,743.2,1143.1,776.6,0
936,31187,2272112,1152.2,809.8,1133.6,743.3,1142.9,776.55,0
936,31188,2272113,1151.9,809.6,1133.5,743.4,1142.7,776.5,0
936,31189,2272114,1151.6,809.4,1133.4,743.5,1142.5,776.45,0
936,31190,2272115,1151.3,809.1,1133.3,743.5,1142.3,776.3,0
936,31191,2272116,1151.0,808.8,1133.3,743.4,1142.15,776.1,0
936,31192,2272117,1150.7,808.4,1133.3,743.2,1142.0,775.8,0
936,31193,2272118,1150.2,808.1,1133.3,742.7,1141.75,775.4,0
936,31194,2272119,1149.7,808.0,1133.2,742.3,1141.45,775.15,0
936,31195,2272120,1149.4,807.8,1133.1,741.8,1141.25,774.8,0
936,31196,2272121,1149.1,807.7,1133.0,741.3,1141.05,774.5,0
936,31197,2272122,1148.9,807.5,1132.9,740.9,1140.9,774.2,0
936,31198,2272123,1148.7,807.4,1132.7,740.4,1140.7,773.9,0
936,31199,2272124,1148.5,807.4,1132.5,739.9,1140.5,773.65,0
936,31200,2272125,1148.5,807.5,1132.1,739.7,1140.3,773.6,0
937,31201,2272126,1148.6,807.6,1131.8,739.5,1140.2,773.55,0
937,31202,2272127,1148.6,807.8,1131.6,739.2,1140.1,773.5,0
937,31203,2272128,1148.7,808.0,1131.4,738.8,1140.05,773.4,0
937,31204,2272129,1148.7,808.2,1131.3,738.2,1140.0,773.2,0
937,31205,2272130,1148.7,808.3,1131.3,737.7,1140.0,773.0,0
937,31206,2272131,1148.7,808.4,1131.3,737.2,1140.0,772.8,0
937,31207,2272132,1148.7,808.4,1131.5,736.6,1140.1,772.5,0
937,31208,2272133,1148.6,808.4,1131.7,736.1,1140.15,772.25,0
937,31209,2272134,1148.6,808.4,1131.9,735.6,1140.25,772.0,0
937,31210,2272135,1148.5,808.2,1131.9,735.3,1140.2,771.75,0
937,31211,2272136,1148.3,808.0,1131.7,735.1,1140.0,771.55,0
937,31212,2272137,1148.2,807.4,1131.5,735.0,1139.85,771.2,0
937,31213,2272138,1148.0,806.9,1131.3,735.0,1139.65,770.95,0
937,31214,2272139,1147.9,806.5,1131.2,735.0,1139.55,770.75,0
937,31215,2272140,1147.9,806.5,1131.0,735.1,1139.45,770.8,0
937,31216,2272141,1147.8,806.4,1130.9,735.1,1139.35,770.75,0
937,31217,2272142,1147.8,806.6,1130.8,735.1,1139.3,770.85,0
937,31218,2272143,1147.8,806.8,1130.9,735.1,1139.35,770.95,0
937,31219,2272144,1147.8,807.3,1130.9,735.0,1139.35,771.15,0
937,31220,2272145,1147.7,807.7,1130.9,734.9,1139.3,771.3,0
937,31221,2272146,1147.7,807.9,1130.8,734.8,1139.25,771.35,0
937,31222,2272147,1147.6,807.6,1130.7,734.8,1139.15,771.2,0
937,31223,2272148,1147.4,807.4,1130.6,734.6,1139.0,771.0,0
937,31224,2272149,1147.5,807.1,1130.5,734.4,1139.0,770.75,0
937,31225,2272150,1147.7,806.8,1130.3,733.9,1139.0,770.35,0
937,31226,2272151,1147.8,806.6,1130.2,733.5,1139.0,770.05,0
937,31227,2272152,1147.8,806.3,1130.1,733.1,1138.95,769.7,0
937,31228,2272153,1147.9,806.1,1130.1,732.8,1139.0,769.45,0
937,31229,2272154,1147.9,806.0,1130.0,732.6,1138.95,769.3,0
937,31230,2272155,1147.9,805.8,1130.0,732.6,1138.95,769.2,0
937,31231,2272156,1147.7,805.7,1129.9,732.5,1138.8,769.1,0
937,31232,2272157,1147.5,805.6,1129.9,732.7,1138.7,769.15,0
937,31233,2272158,1147.3,805.4,1129.9,732.8,1138.6,769.1,0
938,31234,2272159,1147.3,805.4,1129.9,732.7,1138.6,769.05,0
938,31235,2272160,1147.3,805.3,1130.0,732.6,1138.65,768.95,0
938,31236,2272161,1147.3,805.3,1130.1,732.6,1138.7,768.95,0
938,31237,2272162,1147.5,805.3,1130.3,732.3,1138.9,768.8,0
938,31238,2272163,1147.6,805.2,1130.4,732.2,1139.0,768.7,0
938,31239,2272164,1147.8,805.1,1130.4,732.3,1139.1,768.7,0
938,31240,2272165,1147.8,804.7,1130.5,732.3,1139.15,768.5,0
938,31241,2272166,1147.9,804.3,1130.4,732.4,1139.15,768.35,0
938,31242,2272167,1147.9,804.0,1130.3,732.3,1139.1,768.15,0
938,31243,2272168,1147.9,803.7,1130.2,732.2,1139.05,767.95,0
938,31244,2272169,1147.9,803.2,1129.9,732.1,1138.9,767.65,0
938,31245,2272170,1147.8,802.9,1129.7,732.0,1138.75,767.45,0
938,31246,2272171,1147.8,802.5,1129.5,731.8,1138.65,767.15,0
938,31247,2272172,1147.7,802.4,1129.3,731.7,1138.5,767.05,0
938,31248,2272173,1147.7,802.2,1129.2,731.6,1138.45,766.9,0
938,31249,2272174,1147.7,802.1,1129.1,731.6,1138.4,766.85,0
938,31250,2272175,1147.7,802.0,1129.1,731.5,1138.4,766.75,0
938,31251,2272176,1147.7,801.9,1129.1,731.4,1138.4,766.65,0
938,31252,2272177,1147.7,801.6,1129.0,731.2,1138.35,766.4,0
938,31253,2272178,1147.7,801.4,1129.0,730.9,1138.35,766.15,0
938,31254,2272179,1147.8,801.2,1128.9,730.7,1138.35,765.95,0
938,31255,2272180,1147.8,801.0,1128.8,730.3,1138.3,765.65,0
938,31256,2272181,1147.9,800.8,1128.6,730.0,1138.25,765.4,0
938,31257,2272182,1148.0,800.7,1128.4,729.8,1138.2,765.25,0
938,31258,2272183,1148.0,800.7,1128.1,729.6,1138.05,765.15,0
938,31259,2272184,1148.1,800.9,1127.9,729.4,1138.0,765.15,0
938,31260,2272185,1148.1,800.9,1127.8,729.3,1137.95,765.1,0
938,31261,2272186,1148.2,800.8,1127.6,729.1,1137.9,764.95,0
938,31262,2272187,1148.1,800.7,1127.5,729.1,1137.8,764.9,0
938,31263,2272188,1148.1,800.6,1127.4,729.2,1137.75,764.9,0
938,31264,2272189,1148.0,800.4,1127.3,729.3,1137.65,764.85,0
938,31265,2272190,1147.9,800.1,1127.1,729.4,1137.5,764.75,0
938,31266,2272191,1147.8,799.7,1126.9,729.5,1137.35,764.6,0
939,31267,2272192,1147.7,799.5,1126.7,729.7,1137.2,764.6,0
939,31268,2272193,1147.6,799.4,1126.4,729.9,1137.0,764.65,0
939,31269,2272194,1147.5,799.3,1126.1,730.1,1136.8,764.7,0
939,31270,2272195,1147.4,799.2,1125.8,730.1,1136.6,764.65,0
939,31271,2272196,1147.3,799.2,1125.5,730.2,1136.4,764.7,0
939,31272,2272197,1147.3,799.2,1125.3,730.2,1136.3,764.7,0
939,31273,2272198,1147.2,799.3,1125.1,730.0,1136.15,764.65,0
939,31274,2272199,1147.1,799.3,1125.0,729.8,1136.05,764.55,0
939,31275,2272200,1147.0,799.5,1124.9,729.6,1135.95,764.55,0
939,31276,2272201,1147.1,799.7,1124.9,729.3,1136.0,764.5,0
939,31277,2272202,1147.2,799.9,1124.9,729.1,1136.05,764.5,0
939,31278,2272203,1147.2,800.1,1125.0,728.8,1136.1,764.45,0
939,31279,2272204,1147.3,800.4,1125.1,728.6,1136.2,764.5,0
939,31280,2272205,1147.4,800.7,1125.2,728.4,1136.3,764.55,0
939,31281,2272206,1147.5,800.8,1125.3,728.3,1136.4,764.55,0
939,31282,2272207,1147.5,800.9,1125.5,728.2,1136.5,764.55,0
939,31283,2272208,1147.4,801.0,1125.7,728.1,1136.55,764.55,0
939,31284,2272209,1147.3,801.1,1125.9,728.0,1136.6,764.55,0
939,31285,2272210,1147.2,801.1,1126.0,727.9,1136.6,764.5,0
939,31286,2272211,1147.1,801.1,1126.1,727.9,1136.6,764.5,0
939,31287,2272212,1147.0,801.2,1126.2,728.0,1136.6,764.6,0
939,31288,2272213,1146.9,801.3,1126.2,728.2,1136.55,764.75,0
939,31289,2272214,1146.9,801.4,1126.3,728.4,1136.6,764.9,0
939,31290,2272215,1146.9,801.6,1126.5,728.7,1136.7,765.15,0
939,31291,2272216,1146.9,801.7,1127.2,728.8,1137.05,765.25,0
939,31292,2272217,1147.1,801.8,1128.1,729.4,1137.6,765.6,0
939,31293,2272218,1147.5,801.6,1129.3,729.9,1138.4,765.75,0
939,31294,2272219,1148.3,801.3,1131.5,730.5,1139.9,765.9,0
939,31295,2272220,1150.0,800.9,1135.0,731.1,1142.5,766.0,0
939,31296,2272221,1152.6,800.6,1139.5,731.8,1146.05,766.2,0
939,31297,2272222,1155.7,800.4,1144.1,732.9,1149.9,766.65,0
939,31298,2272223,1159.0,800.3,1149.4,733.9,1154.2,767.1,0
939,31299,2272224,1162.8,800.1,1154.9,734.7,1158.85,767.4,0
939,31300,2272225,1166.4,800.1,1160.9,735.6,1163.65,767.85,0
940,31301,2272226,1170.3,800.0,1166.0,736.5,1168.15,768.25,0
940,31302,2272227,1173.7,799.8,1170.0,737.2,1171.85,768.5,0
940,31303,2272228,1176.2,799.5,1172.9,738.1,1174.55,768.8,0
940,31304,2272229,1178.2,799.5,1175.4,738.7,1176.8,769.1,0
940,31305,2272230,1180.0,799.5,1176.7,739.3,1178.35,769.4,0
940,31306,2272231,1181.0,799.6,1177.3,739.8,1179.15,769.7,0
940,31307,2272232,1181.3,799.8,1176.9,739.9,1179.1,769.85,0
940,31308,2272233,1180.3,800.1,1175.9,740.1,1178.1,770.1,0
940,31309,2272234,1178.8,800.5,1174.3,740.1,1176.55,770.3,0
940,31310,2272235,1177.0,800.9,1172.4,739.7,1174.7,770.3,0
940,31311,2272236,1175.2,800.9,1170.1,739.2,1172.65,770.05,0
940,31312,2272237,1173.1,800.9,1167.9,738.5,1170.5,769.7,0
940,31313,2272238,1171.0,800.9,1166.0,737.8,1168.5,769.35,0
940,31314,2272239,1169.5,800.9,1164.4,737.4,1166.95,769.15,0
940,31315,2272240,1168.8,800.9,1163.0,736.9,1165.9,768.9,0
940,31316,2272241,1167.9,800.9,1162.1,736.4,1165.0,768.65,0
940,31317,2272242,1167.2,800.7,1161.5,735.8,1164.35,768.25,0
940,31318,2272243,1166.6,800.4,1161.3,735.3,1163.95,767.85,0
940,31319,2272244,1166.4,800.2,1161.1,735.0,1163.75,767.6,0
940,31320,2272245,1166.3,800.1,1160.8,734.7,1163.55,767.4,0
940,31321,2272246,1166.2,799.9,1160.4,734.5,1163.3,767.2,0
940,31322,2272247,1166.0,799.8,1159.8,734.6,1162.9,767.2,0
940,31323,2272248,1166.1,799.6,1159.1,734.9,1162.6,767.25,0
940,31324,2272249,1166.3,799.7,1158.4,735.3,1162.35,767.5,0
940,31325,2272250,1166.3,799.8,1157.7,735.7,1162.0,767.75,0
940,31326,2272251,1166.3,800.0,1157.1,736.2,1161.7,768.1,0
940,31327,2272252,1166.2,800.2,1156.6,736.6,1161.4,768.4,0
940,31328,2272253,1166.2,800.4,1156.4,737.1,1161.3,768.75,0
940,31329,2272254,1166.1,800.6,1156.5,737.3,1161.3,768.95,0
940,31330,2272255,1166.1,800.8,1156.6,737.7,1161.35,769.25,0
940,31331,2272256,1166.1,801.0,1156.7,738.1,1161.4,769.55,0
940,31332,2272257,1166.2,801.1,1156.8,738.5,1161.5,769.8,0
940,31333,2272258,1166.2,801.2,1156.9,738.9,1161.55,770.05,0
941,31334,2272259,1166.2,801.2,1156.9,739.2,1161.55,770.2,0
941,31335,2272260,1166.1,801.1,1156.7,739.4,1161.4,770.25,0
941,31336,2272261,1166.0,801.0,1156.6,739.5,1161.3,770.25,0
941,31337,2272262,1165.8,800.9,1156.4,739.5,1161.1,770.2,0
941,31338,2272263,1165.7,800.9,1156.4,739.4,1161.05,770.15,0
941,31339,2272264,1165.5,800.9,1156.7,739.3,1161.1,770.1,0
941,31340,2272265,1165.5,801.1,1156.9,739.4,1161.2,770.25,0
941,31341,2272266,1165.6,801.4,1157.3,739.6,1161.45,770.5,0
941,31342,2272267,1165.7,801.6,1157.6,740.4,1161.65,771.0,0
941,31343,2272268,1165.8,801.8,1157.9,741.2,1161.85,771.5,0
941,31344,2272269,1165.9,802.0,1158.2,742.0,1162.05,772.0,0
941,31345,2272270,1166.0,802.2,1158.5,742.7,1162.25,772.45,0
941,31346,2272271,1166.0,802.5,1158.4,743.4,1162.2,772.95,0
941,31347,2272272,1165.8,802.5,1158.3,743.9,1162.05,773.2,0
941,31348,2272273,1165.6,802.5,1158.2,744.3,1161.9,773.4,0
941,31349,2272274,1165.3,802.4,1158.0,744.2,1161.65,773.3,0
941,31350,2272275,1165.1,802.3,1158.0,744.2,1161.55,773.25,0
941,31351,2272276,1164.9,802.2,1157.9,744.1,1161.4,773.15,0
941,31352,2272277,1164.7,802.1,1158.0,744.1,1161.35,773.1,0
941,31353,2272278,1164.8,802.0,1158.0,744.3,1161.4,773.15,0
941,31354,2272279,1164.9,801.9,1158.2,744.7,1161.55,773.3,0
941,31355,2272280,1165.1,801.8,1158.3,745.2,1161.7,773.5,0
941,31356,2272281,1165.4,802.1,1158.5,745.8,1161.95,773.95,0
941,31357,2272282,1165.7,802.4,1158.7,746.3,1162.2,774.35,0
941,31358,2272283,1165.9,803.0,1158.9,746.9,1162.4,774.95,0
941,31359,2272284,1166.1,803.7,1159.1,747.6,1162.6,775.65,0
941,31360,2272285,1166.2,804.3,1159.3,748.2,1162.75,776.25,0
941,31361,2272286,1166.3,804.9,1159.5,748.5,1162.9,776.7,0
941,31362,2272287,1166.3,805.5,1159.6,748.8,1162.95,777.15,0
941,31363,2272288,1166.2,806.0,1159.8,749.0,1163.0,777.5,0
941,31364,2272289,1166.1,806.5,1159.7,749.3,1162.9,777.9,0
941,31365,2272290,1166.0,806.6,1159.6,749.6,1162.8,778.1,0
941,31366,2272291,1166.0,806.6,1159.5,749.9,1162.75,778.25,0
942,31367,2272292,1165.9,806.7,1159.3,750.2,1162.6,778.45,0
942,31368,2272293,1165.7,806.7,1159.1,750.3,1162.4,778.5,0
942,31369,2272294,1165.5,806.5,1159.0,750.4,1162.25,778.45,0
942,31370,2272295,1165.3,806.2,1158.9,750.2,1162.1,778.2,0
942,31371,2272296,1165.1,805.9,1158.9,749.9,1162.0,777.9,0
942,31372,2272297,1164.9,805.6,1158.9,749.7,1161.9,777.65,0
942,31373,2272298,1164.7,805.4,1158.9,749.4,1161.8,777.4,0
942,31374,2272299,1164.4,805.2,1158.8,749.1,1161.6,777.15,0
942,31375,2272300,1164.1,805.1,1158.8,749.0,1161.45,777.05,0
942,31376,2272301,1163.9,805.1,1158.8,748.8,1161.35,776.95,0
942,31377,2272302,1163.6,805.0,1158.6,748.8,1161.1,776.9,0
942,31378,2272303,1163.2,805.0,1158.3,748.7,1160.75,776.85,0
942,31379,2272304,1162.9,805.0,1157.9,748.4,1160.4,776.7,0
942,31380,2272305,1162.6,805.0,1157.6,748.2,1160.1,776.6,0
942,31381,2272306,1162.5,805.0,1157.3,747.9,1159.9,776.45,0
942,31382,2272307,1162.4,804.9,1157.1,747.6,1159.75,776.25,0
942,31383,2272308,1162.4,804.7,1156.8,747.3,1159.6,776.0,0
942,31384,2272309,1162.4,804.6,1156.6,747.1,1159.5,775.85,0
942,31385,2272310,1162.4,804.4,1156.6,746.9,1159.5,775.65,0
942,31386,2272311,1162.5,804.3,1156.6,747.1,1159.55,775.7,0
942,31387,2272312,1162.5,804.2,1156.5,747.4,1159.5,775.8,0
942,31388,2272313,1162.5,804.1,1156.4,747.7,1159.45,775.9,0
942,31389,2272314,1162.4,804.1,1156.2,748.0,1159.3,776.05,0
942,31390,2272315,1162.3,804.1,1156.1,748.2,1159.2,776.15,0
942,31391,2272316,1162.2,804.2,1155.9,748.3,1159.05,776.25,0
942,31392,2272317,1162.0,804.3,1155.8,748.5,1158.9,776.4,0
942,31393,2272318,1161.9,804.4,1155.7,748.4,1158.8,776.4,0
942,31394,2272319,1161.8,804.5,1155.9,748.3,1158.85,776.4,0
942,31395,2272320,1161.7,804.6,1156.1,748.1,1158.9,776.35,0
942,31396,2272321,1161.6,804.7,1156.3,748.0,1158.95,776.35,0
942,31397,2272322,1161.5,804.8,1156.6,748.0,1159.05,776.4,0
942,31398,2272323,1161.4,804.9,1157.0,748.1,1159.2,776.5,0
942,31399,2272324,1161.3,805.0,1157.5,748.4,1159.4,776.7,0
942,31400,2272325,1161.3,805.1,1157.9,748.7,1159.6,776.9,0
943,31401,2272326,1161.2,805.2,1158.1,749.0,1159.65,777.1,0
943,31402,2272327,1161.1,805.2,1158.4,749.3,1159.75,777.25,0
943,31403,2272328,1161.1,805.2,1158.7,749.5,1159.9,777.35,0
943,31404,2272329,1161.0,805.3,1158.9,749.8,1159.95,777.55,0
943,31405,2272330,1161.0,805.3,1159.1,749.9,1160.05,777.6,0
943,31406,2272331,1161.1,805.3,1159.2,749.9,1160.15,777.6,0
943,31407,2272332,1161.1,805.3,1159.3,749.8,1160.2,777.55,0
943,31408,2272333,1161.2,805.3,1159.4,749.8,1160.3,777.55,0
943,31409,2272334,1161.2,805.3,1159.6,749.7,1160.4,777.5,0
943,31410,2272335,1161.2,805.3,1159.7,749.8,1160.45,777.55,0
943,31411,2272336,1161.3,805.4,1159.8,749.8,1160.55,777.6,0
943,31412,2272337,1161.4,805.5,1159.8,749.8,1160.6,777.65,0
943,31413,2272338,1161.7,805.6,1159.9,749.9,1160.8,777.75,0
943,31414,2272339,1161.9,805.6,1159.8,750.2,1160.85,777.9,0
943,31415,2272340,1162.1,805.6,1159.8,750.5,1160.95,778.05,0
943,31416,2272341,1162.4,805.4,1159.8,750.9,1161.1,778.15,0
943,31417,2272342,1162.6,805.2,1159.7,751.3,1161.15,778.25,0
943,31418,2272343,1162.8,805.1,1159.4,751.8,1161.1,778.45,0
943,31419,2272344,1163.0,804.9,1159.2,752.1,1161.1,778.5,0
943,31420,2272345,1163.1,804.6,1158.9,752.5,1161.0,778.55,0
943,31421,2272346,1163.2,804.0,1158.6,752.6,1160.9,778.3,0
943,31422,2272347,1163.1,803.5,1158.2,752.8,1160.65,778.15,0
943,31423,2272348,1163.1,803.0,1157.7,752.9,1160.4,777.95,0
943,31424,2272349,1163.0,802.5,1157.2,752.9,1160.1,777.7,0
943,31425,2272350,1162.9,802.0,1156.9,752.9,1159.9,777.45,0
943,31426,2272351,1162.7,801.5,1156.6,752.9,1159.65,777.2,0
943,31427,2272352,1162.6,801.2,1156.2,752.7,1159.4,776.95,0
943,31428,2272353,1162.5,801.3,1155.9,751.9,1159.2,776.6,0
943,31429,2272354,1162.5,801.3,1155.7,751.2,1159.1,776.25,0
943,31430,2272355,1162.7,801.4,1155.6,750.4,1159.15,775.9,0
943,31431,2272356,1162.9,801.6,1155.6,749.6,1159.25,775.6,0
943,31432,2272357,1163.1,801.7,1155.6,748.9,1159.35,775.3,0
943,31433,2272358,1163.4,801.7,1155.5,748.1,1159.45,774.9,0
944,31434,2272359,1163.6,801.6,1155.4,747.6,1159.5,774.6,0
944,31435,2272360,1163.8,801.4,1155.1,747.6,1159.45,774.5,0
944,31436,2272361,1163.9,801.3,1154.7,747.6,1159.3,774.45,0
944,31437,2272362,1164.0,800.8,1154.4,747.5,1159.2,774.15,0
944,31438,2272363,1164.0,800.3,1154.1,747.5,1159.05,773.9,0
944,31439,2272364,1163.9,799.7,1153.9,747.5,1158.9,773.6,0
944,31440,2272365,1163.9,799.2,1153.9,747.4,1158.9,773.3,0
944,31441,2272366,1163.9,798.7,1154.0,747.2,1158.95,772.95,0
944,31442,2272367,1163.9,798.2,1154.4,747.1,1159.15,772.65,0
944,31443,2272368,1163.9,797.6,1154.9,746.9,1159.4,772.25,0
944,31444,2272369,1163.9,797.2,1155.2,746.6,1159.55,771.9,0
944,31445,2272370,1163.9,796.9,1155.5,746.4,1159.7,771.65,0
944,31446,2272371,1163.8,796.6,1155.7,746.1,1159.75,771.35,0
944,31447,2272372,1163.6,796.3,1155.7,745.9,1159.65,771.1,0
944,31448,2272373,1163.5,796.0,1155.5,745.8,1159.5,770.9,0
944,31449,2272374,1163.3,795.7,1155.1,745.6,1159.2,770.65,0
944,31450,2272375,1163.1,795.4,1154.8,745.5,1158.95,770.45,0
944,31451,2272376,1163.1,795.0,1154.4,745.3,1158.75,770.15,0
944,31452,2272377,1163.0,794.7,1154.2,745.2,1158.6,769.95,0
944,31453,2272378,1163.1,794.4,1154.0,745.1,1158.55,769.75,0
944,31454,2272379,1163.2,793.6,1153.9,745.0,1158.55,769.3,0
944,31455,2272380,1163.2,792.7,1154.0,745.0,1158.6,768.85,0
944,31456,2272381,1163.3,791.8,1154.0,744.9,1158.65,768.35,0
944,31457,2272382,1163.3,790.9,1154.1,744.9,1158.7,767.9,0
944,31458,2272383,1163.3,790.1,1154.2,744.8,1158.75,767.45,0
944,31459,2272384,1163.2,789.4,1154.1,744.8,1158.65,767.1,0
944,31460,2272385,1163.2,788.6,1154.0,744.6,1158.6,766.6,0
944,31461,2272386,1163.2,788.4,1153.6,744.1,1158.4,766.25,0
944,31462,2272387,1163.3,788.3,1153.2,743.7,1158.25,766.0,0
944,31463,2272388,1163.3,788.3,1152.7,743.2,1158.0,765.75,0
944,31464,2272389,1163.5,788.1,1152.2,742.8,1157.85,765.45,0
944,31465,2272390,1163.7,788.0,1151.7,742.4,1157.7,765.2,0
944,31466,2272391,1163.9,787.9,1151.2,742.0,1157.55,764.95,0
945,31467,2272392,1164.1,787.7,1150.8,741.7,1157.45,764.7,0
945,31468,2272393,1164.2,787.2,1150.8,741.7,1157.5,764.45,0
945,31469,2272394,1164.2,786.9,1150.7,741.5,1157.45,764.2,0
945,31470,2272395,1164.2,786.5,1150.7,741.3,1157.45,763.9,0
945,31471,2272396,1164.3,786.2,1151.0,741.0,1157.65,763.6,0
945,31472,2272397,1164.2,785.9,1151.4,740.7,1157.8,763.3,0
945,31473,2272398,1164.2,785.5,1152.3,740.4,1158.25,762.95,0
945,31474,2272399,1164.2,785.2,1153.2,740.0,1158.7,762.6,0
945,31475,2272400,1164.3,785.1,1154.0,739.7,1159.15,762.4,0
945,31476,2272401,1164.4,784.9,1154.9,739.2,1159.65,762.05,0
945,31477,2272402,1164.5,784.8,1155.8,738.7,1160.15,761.75,0
945,31478,2272403,1164.5,784.6,1156.3,738.0,1160.4,761.3,0
945,31479,2272404,1164.5,784.6,1156.7,737.3,1160.6,760.95,0
945,31480,2272405,1164.5,784.5,1156.5,736.7,1160.5,760.6,0
945,31481,2272406,1164.5,784.5,1156.3,736.0,1160.4,760.25,0
945,31482,2272407,1164.4,784.3,1156.1,735.3,1160.25,759.8,0
945,31483,2272408,1164.4,784.2,1155.9,735.0,1160.15,759.6,0
945,31484,2272409,1164.3,783.9,1155.8,734.6,1160.05,759.25,0
945,31485,2272410,1164.3,783.7,1155.6,734.5,1159.95,759.1,0
945,31486,2272411,1164.3,783.4,1155.5,734.2,1159.9,758.8,0
945,31487,2272412,1164.2,783.0,1155.5,733.8,1159.85,758.4,0
945,31488,2272413,1164.2,782.7,1155.6,733.2,1159.9,757.95,0
945,31489,2272414,1164.1,782.6,1155.7,732.6,1159.9,757.6,0
945,31490,2272415,1164.1,782.3,1155.7,732.0,1159.9,757.15,0
945,31491,2272416,1164.0,782.1,1155.8,731.5,1159.9,756.8,0
945,31492,2272417,1163.9,781.4,1155.7,731.2,1159.8,756.3,0
945,31493,2272418,1163.7,780.8,1155.5,730.9,1159.6,755.85,0
945,31494,2272419,1163.6,780.2,1155.1,730.6,1159.35,755.4,0
945,31495,2272420,1163.4,779.7,1154.7,730.6,1159.05,755.15,0
945,31496,2272421,1163.2,779.1,1154.3,730.4,1158.75,754.75,0
945,31497,2272422,1163.0,778.4,1153.9,730.1,1158.45,754.25,0
945,31498,2272423,1162.7,777.5,1153.6,729.7,1158.15,753.6,0
945,31499,2272424,1162.6,777.1,1153.4,729.1,1158.0,753.1,0
945,31500,2272425,1162.5,776.6,1153.3,728.5,1157.9,752.55,0
946,31501,2272426,1162.3,776.2,1153.3,728.1,1157.8,752.15,0
946,31502,2272427,1162.3,775.9,1153.5,727.6,1157.9,751.75,0
946,31503,2272428,1162.2,775.6,1153.6,727.3,1157.9,751.45,0
946,31504,2272429,1162.2,775.5,1153.7,727.2,1157.95,751.35,0
946,31505,2272430,1162.2,775.7,1153.8,727.0,1158.0,751.35,0
946,31506,2272431,1162.2,775.8,1154.0,727.0,1158.1,751.4,0
946,31507,2272432,1162.2,776.0,1154.1,726.9,1158.15,751.45,0
946,31508,2272433,1162.3,776.0,1154.1,726.8,1158.2,751.4,0
946,31509,2272434,1162.4,776.0,1153.9,726.7,1158.15,751.35,0
946,31510,2272435,1162.5,776.0,1153.8,726.6,1158.15,751.3,0
946,31511,2272436,1162.6,776.0,1153.6,726.5,1158.1,751.25,0
946,31512,2272437,1162.7,775.9,1153.4,726.4,1158.05,751.15,0
946,31513,2272438,1162.7,775.8,1153.2,726.4,1157.95,751.1,0
946,31514,2272439,1162.7,775.6,1153.0,726.5,1157.85,751.05,0
946,31515,2272440,1162.6,775.4,1152.9,726.6,1157.75,751.0,0
946,31516,2272441,1162.4,775.2,1152.8,726.6,1157.6,750.9,0
946,31517,2272442,1162.2,774.9,1152.8,726.1,1157.5,750.5,0
946,31518,2272443,1162.0,774.6,1152.8,725.6,1157.4,750.1,0
946,31519,2272444,1161.8,774.3,1152.8,725.0,1157.3,749.65,0
946,31520,2272445,1161.6,774.1,1152.8,724.4,1157.2,749.25,0
946,31521,2272446,1161.4,773.9,1152.8,723.7,1157.1,748.8,0
946,31522,2272447,1161.3,773.8,1152.8,722.9,1157.05,748.35,0
946,31523,2272448,1161.3,773.5,1152.7,722.2,1157.0,747.85,0
946,31524,2272449,1161.2,773.3,1152.6,721.8,1156.9,747.55,0
946,31525,2272450,1161.1,773.0,1152.2,721.4,1156.65,747.2,0
946,31526,2272451,1161.0,772.6,1151.9,721.1,1156.45,746.85,0
946,31527,2272452,1161.0,772.2,1151.5,720.8,1156.25,746.5,0
946,31528,2272453,1160.9,771.9,1151.2,720.5,1156.05,746.2,0
946,31529,2272454,1160.8,771.8,1150.9,720.1,1155.85,745.95,0
946,31530,2272455,1160.8,771.8,1150.7,719.9,1155.75,745.85,0
946,31531,2272456,1160.6,771.8,1150.6,719.7,1155.6,745.75,0
946,31532,2272457,1160.5,771.9,1150.6,719.5,1155.55,745.7,0
946,31533,2272458,1160.4,771.9,1150.7,719.4,1155.55,745.65,0
947,31534,2272459,1160.3,771.9,1150.9,719.3,1155.6,745.6,0
947,31535,2272460,1160.1,771.8,1151.0,719.2,1155.55,745.5,0
947,31536,2272461,1160.1,771.7,1151.1,719.2,1155.6,745.45,0
947,31537,2272462,1160.1,771.5,1151.2,719.2,1155.65,745.35,0
947,31538,2272463,1160.2,771.3,1151.3,719.2,1155.75,745.25,0
947,31539,2272464,1160.4,771.1,1151.3,719.1,1155.85,745.1,0
947,31540,2272465,1160.6,771.0,1151.3,719.0,1155.95,745.0,0
947,31541,2272466,1160.7,770.9,1151.3,718.9,1156.0,744.9,0
947,31542,2272467,1160.8,770.6,1151.1,718.9,1155.95,744.75,0
947,31543,2272468,1160.9,770.3,1150.9,718.8,1155.9,744.55,0
947,31544,2272469,1161.0,770.1,1150.8,718.8,1155.9,744.45,0
947,31545,2272470,1160.9,769.8,1150.6,718.8,1155.75,744.3,0
947,31546,2272471,1160.8,769.5,1150.5,718.7,1155.65,744.1,0
947,31547,2272472,1160.5,769.2,1150.3,718.5,1155.4,743.85,0
947,31548,2272473,1160.2,768.9,1150.2,717.9,1155.2,743.4,0
947,31549,2272474,1159.9,768.6,1150.1,717.3,1155.0,742.95,0
947,31550,2272475,1159.6,768.4,1150.1,716.6,1154.85,742.5,0
947,31551,2272476,1159.4,768.1,1150.1,715.8,1154.75,741.95,0
947,31552,2272477,1159.3,768.0,1150.0,715.0,1154.65,741.5,0
947,31553,2272478,1159.2,767.9,1149.8,714.2,1154.5,741.05,0
947,31554,2272479,1159.3,767.7,1149.6,713.7,1154.45,740.7,0
947,31555,2272480,1159.5,767.7,1149.4,713.5,1154.45,740.6,0
947,31556,2272481,1159.6,767.8,1149.2,713.4,1154.4,740.6,0
947,31557,2272482,1159.7,767.8,1149.0,713.3,1154.35,740.55,0
947,31558,2272483,1159.8,767.8,1148.8,713.3,1154.3,740.55,0
947,31559,2272484,1159.7,767.7,1148.7,713.4,1154.2,740.55,0
947,31560,2272485,1159.7,767.7,1148.6,713.4,1154.15,740.55,0
947,31561,2272486,1159.6,767.5,1148.6,713.5,1154.1,740.5,0
947,31562,2272487,1159.5,767.3,1148.6,713.5,1154.05,740.4,0
947,31563,2272488,1159.4,767.1,1148.6,713.4,1154.0,740.25,0
947,31564,2272489,1159.3,766.5,1148.5,713.3,1153.9,739.9,0
947,31565,2272490,1159.3,766.0,1148.4,713.2,1153.85,739.6,0
947,31566,2272491,1159.4,765.5,1148.3,713.1,1153.85,739.3,0
948,31567,2272492,1159.5,764.9,1148.2,712.9,1153.85,738.9,0
948,31568,2272493,1159.7,764.4,1148.1,712.7,1153.9,738.55,0
948,31569,2272494,1159.9,764.0,1148.0,712.5,1153.95,738.25,0
948,31570,2272495,1159.9,763.5,1147.9,712.3,1153.9,737.9,0
948,31571,2272496,1159.9,763.3,1147.9,712.2,1153.9,737.75,0
948,31572,2272497,1159.6,763.2,1147.8,712.0,1153.7,737.6,0
948,31573,2272498,1159.4,763.1,1147.7,711.9,1153.55,737.5,0
948,31574,2272499,1159.1,763.1,1147.4,711.3,1153.25,737.2,0
948,31575,2272500,1158.8,763.2,1147.3,710.7,1153.05,736.95,0
948,31576,2272501,1158.5,763.2,1147.1,710.2,1152.8,736.7,0
948,31577,2272502,1158.2,763.1,1147.0,709.6,1152.6,736.35,0
948,31578,2272503,1158.1,763.1,1146.9,709.0,1152.5,736.05,0
948,31579,2272504,1158.0,763.0,1146.9,708.5,1152.45,735.75,0
948,31580,2272505,1158.0,762.8,1147.1,707.9,1152.55,735.35,0
948,31581,2272506,1158.0,762.7,1147.3,707.8,1152.65,735.25,0
948,31582,2272507,1158.0,762.5,1147.5,707.5,1152.75,735.0,0
948,31583,2272508,1158.0,762.4,1147.6,707.0,1152.8,734.7,0
948,31584,2272509,1158.0,762.3,1147.5,706.7,1152.75,734.5,0
948,31585,2272510,1157.9,762.2,1147.4,706.0,1152.65,734.1,0
948,31586,2272511,1157.9,761.7,1147.1,705.2,1152.5,733.45,0
948,31587,2272512,1157.8,761.3,1146.8,704.6,1152.3,732.95,0
948,31588,2272513,1157.7,760.9,1146.3,703.8,1152.0,732.35,0
948,31589,2272514,1157.6,760.6,1145.8,703.1,1151.7,731.85,0
948,31590,2272515,1157.6,760.3,1145.4,702.5,1151.5,731.4,0
948,31591,2272516,1157.5,760.0,1145.2,701.8,1151.35,730.9,0
948,31592,2272517,1157.3,759.9,1145.0,701.3,1151.15,730.6,0
948,31593,2272518,1157.2,760.3,1144.7,700.8,1150.95,730.55,0
948,31594,2272519,1157.0,760.6,1144.3,700.3,1150.65,730.45,0
948,31595,2272520,1156.8,760.8,1143.9,699.9,1150.35,730.35,0
948,31596,2272521,1156.6,761.0,1143.5,699.5,1150.05,730.25,0
948,31597,2272522,1156.4,761.1,1143.3,699.4,1149.85,730.25,0
948,31598,2272523,1156.2,760.9,1143.2,699.4,1149.7,730.15,0
948,31599,2272524,1156.2,760.3,1143.1,699.3,1149.65,729.8,0
948,31600,2272525,1156.3,759.5,1143.0,699.1,1149.65,729.3,0
949,31601,2272526,1156.3,758.7,1143.3,698.5,1149.8,728.6,0
949,31602,2272527,1156.5,757.8,1143.5,698.0,1150.0,727.9,0
949,31603,2272528,1156.7,756.9,1143.8,697.1,1150.25,727.0,0
949,31604,2272529,1156.9,755.9,1143.9,696.1,1150.4,726.0,0
949,31605,2272530,1156.9,755.2,1144.0,695.1,1150.45,725.15,0
949,31606,2272531,1157.0,754.8,1144.1,694.3,1150.55,724.55,0
949,31607,2272532,1157.0,754.6,1144.2,693.6,1150.6,724.1,0
949,31608,2272533,1156.9,754.4,1144.2,693.4,1150.55,723.9,0
949,31609,2272534,1156.8,754.3,1144.2,693.2,1150.5,723.75,0
949,31610,2272535,1156.6,754.3,1144.3,692.8,1150.45,723.55,0
949,31611,2272536,1156.5,754.4,1144.3,692.5,1150.4,723.45,0
949,31612,2272537,1156.4,754.4,1144.3,692.0,1150.35,723.2,0
949,31613,2272538,1156.3,754.3,1144.2,691.2,1150.25,722.75,0
949,31614,2272539,1156.3,754.2,1144.2,690.3,1150.25,722.25,0
949,31615,2272540,1156.2,754.0,1144.3,688.7,1150.25,721.35,0
949,31616,2272541,1156.2,753.9,1144.5,687.0,1150.35,720.45,0
949,31617,2272542,1156.2,753.6,1144.7,685.8,1150.45,719.7,0
949,31618,2272543,1156.2,753.3,1145.0,684.6,1150.6,718.95,0
949,31619,2272544,1156.2,752.8,1145.3,683.4,1150.75,718.1,0
949,31620,2272545,1156.2,752.4,1145.6,682.3,1150.9,717.35,0
949,31621,2272546,1156.3,751.9,1145.8,681.2,1151.05,716.55,0
949,31622,2272547,1156.6,751.5,1146.0,681.0,1151.3,716.25,0
949,31623,2272548,1156.8,751.0,1146.0,680.7,1151.4,715.85,0
949,31624,2272549,1157.1,750.7,1146.0,680.4,1151.55,715.55,0
949,31625,2272550,1157.3,750.5,1145.9,680.1,1151.6,715.3,0
949,31626,2272551,1157.5,750.3,1145.8,679.9,1151.65,715.1,0
949,31627,2272552,1157.6,750.0,1145.6,679.5,1151.6,714.75,0
949,31628,2272553,1157.6,749.8,1145.4,678.9,1151.5,714.35,0
949,31629,2272554,1157.5,749.6,1145.2,677.9,1151.35,713.75,0
949,31630,2272555,1157.3,749.3,1144.9,676.9,1151.1,713.1,0
949,31631,2272556,1157.1,749.1,1144.7,675.9,1150.9,712.5,0
949,31632,2272557,1156.9,748.9,1144.4,675.0,1150.65,711.95,0
949,31633,2272558,1156.9,748.7,1144.3,674.0,1150.6,711.35,0
950,31634,2272559,1156.8,748.5,1144.0,673.4,1150.4,710.95,0
950,31635,2272560,1156.7,748.3,1143.8,672.9,1150.25,710.6,0
950,31636,2272561,1156.7,748.1,1143.6,672.8,1150.15,710.45,0
950,31637,2272562,1156.7,747.9,1143.5,672.8,1150.1,710.35,0
950,31638,2272563,1156.8,747.6,1143.3,672.8,1150.05,710.2,0
950,31639,2272564,1157.0,747.4,1143.1,672.8,1150.05,710.1,0
950,31640,2272565,1157.2,747.3,1143.0,672.7,1150.1,710.0,0
950,31641,2272566,1157.4,747.2,1142.8,672.8,1150.1,710.0,0
950,31642,2272567,1157.4,747.2,1142.7,673.0,1150.05,710.1,0
950,31643,2272568,1157.4,747.4,1142.5,673.2,1149.95,710.3,0
950,31644,2272569,1157.0,747.5,1142.4,673.5,1149.7,710.5,0
950,31645,2272570,1156.6,747.6,1142.3,673.9,1149.45,710.75,0
950,31646,2272571,1156.1,747.4,1142.1,674.1,1149.1,710.75,0
950,31647,2272572,1155.7,747.2,1142.0,674.2,1148.85,710.7,0
950,31648,2272573,1155.3,746.9,1141.9,674.0,1148.6,710.45,0
950,31649,2272574,1155.1,746.6,1141.8,673.7,1148.45,710.15,0
950,31650,2272575,1154.9,746.3,1141.7,673.4,1148.3,709.85,0
950,31651,2272576,1155.0,745.9,1141.6,672.9,1148.3,709.4,0
950,31652,2272577,1155.1,745.6,1141.5,672.5,1148.3,709.05,0
950,31653,2272578,1155.1,745.6,1141.4,672.0,1148.25,708.8,0
950,31654,2272579,1155.0,745.7,1141.0,671.7,1148.0,708.7,0
950,31655,2272580,1154.9,745.7,1140.6,671.4,1147.75,708.55,0
950,31656,2272581,1154.8,745.8,1140.2,670.8,1147.5,708.3,0
950,31657,2272582,1154.7,745.9,1139.9,670.3,1147.3,708.1,0
950,31658,2272583,1154.8,746.0,1139.7,669.8,1147.25,707.9,0
950,31659,2272584,1154.9,745.3,1139.4,669.4,1147.15,707.35,0
950,31660,2272585,1154.9,744.6,1139.2,669.0,1147.05,706.8,0
950,31661,2272586,1155.1,743.8,1139.4,668.8,1147.25,706.3,0
950,31662,2272587,1155.2,743.1,1139.6,668.6,1147.4,705.85,0
950,31663,2272588,1155.4,742.6,1139.8,668.6,1147.6,705.6,0
950,31664,2272589,1155.6,742.0,1140.1,668.7,1147.85,705.35,0
950,31665,2272590,1155.6,741.4,1140.3,668.7,1147.95,705.05,0
950,31666,2272591,1155.7,741.6,1140.5,668.8,1148.1,705.2,0
951,31667,2272592,1155.8,741.8,1140.5,668.8,1148.15,705.3,0
951,31668,2272593,1155.8,742.0,1140.4,668.7,1148.1,705.35,0
951,31669,2272594,1155.8,742.0,1140.2,668.6,1148.0,705.3,0
951,31670,2272595,1155.8,741.9,1140.1,668.4,1147.95,705.15,0
951,31671,2272596,1155.7,741.9,1139.8,668.1,1147.75,705.0,0
951,31672,2272597,1155.7,742.3,1139.7,667.8,1147.7,705.05,0
951,31673,2272598,1155.7,742.6,1139.5,667.5,1147.6,705.05,0
951,31674,2272599,1155.7,742.9,1139.5,667.2,1147.6,705.05,0
951,31675,2272600,1155.9,743.3,1139.6,667.0,1147.75,705.15,0
951,31676,2272601,1156.0,743.1,1139.7,666.9,1147.85,705.0,0
951,31677,2272602,1156.0,743.0,1139.8,667.0,1147.9,705.0,0
951,31678,2272603,1156.0,742.8,1140.1,667.3,1148.05,705.05,0
951,31679,2272604,1156.0,742.2,1140.4,667.8,1148.2,705.0,0
951,31680,2272605,1155.6,741.7,1140.9,668.3,1148.25,705.0,0
951,31681,2272606,1155.3,740.9,1141.3,668.8,1148.3,704.85,0
951,31682,2272607,1154.8,740.0,1141.7,669.4,1148.25,704.7,0
951,31683,2272608,1154.1,739.7,1141.9,670.0,1148.0,704.85,0
951,31684,2272609,1153.5,739.4,1142.0,671.3,1147.75,705.35,0
951,31685,2272610,1152.8,739.1,1142.0,672.4,1147.4,705.75,0
951,31686,2272611,1152.2,738.8,1141.8,673.4,1147.0,706.1,0
951,31687,2272612,1151.9,738.6,1141.4,674.3,1146.65,706.45,0
951,31688,2272613,1151.8,738.5,1141.1,674.7,1146.45,706.6,0
951,31689,2272614,1151.7,738.7,1140.7,674.9,1146.2,706.8,0
951,31690,2272615,1151.9,739.0,1140.4,675.2,1146.15,707.1,0
951,31691,2272616,1152.2,739.2,1140.1,674.8,1146.15,707.0,0
951,31692,2272617,1152.5,739.4,1139.8,674.3,1146.15,706.85,0
951,31693,2272618,1152.8,739.7,1139.6,673.8,1146.2,706.75,0
951,31694,2272619,1153.1,740.0,1139.5,673.5,1146.3,706.75,0
951,31695,2272620,1153.1,740.3,1139.4,673.6,1146.25,706.95,0
951,31696,2272621,1153.1,740.5,1139.3,673.8,1146.2,707.15,0
951,31697,2272622,1153.5,740.6,1139.3,674.1,1146.4,707.35,0
951,31698,2272623,1153.8,740.7,1139.3,674.2,1146.55,707.45,0
951,31699,2272624,1154.1,740.8,1139.5,674.4,1146.8,707.6,0
951,31700,2272625,1154.4,740.9,1139.7,674.8,1147.05,707.85,0
