1,1,495550,988.0,481.8,959.5,493.1,973.75,487.45,0
1,2,495551,987.9,483.5,959.4,496.8,973.65,490.15,0
1,3,495552,987.9,486.2,959.2,500.2,973.55,493.2,0
1,4,495553,987.9,488.9,959.1,502.7,973.5,495.8,0
1,5,495554,987.9,491.7,959.0,505.0,973.45,498.35,0
1,6,495555,987.9,495.0,958.9,507.3,973.4,501.15,0
1,7,495556,987.9,498.4,958.9,509.4,973.4,503.9,0
1,8,495557,988.4,500.8,959.2,510.9,973.8,505.85,0
1,9,495558,989.0,503.2,959.6,511.2,974.3,507.2,0
1,10,495559,989.5,504.6,960.1,511.1,974.8,507.85,0
1,11,495560,990.0,505.8,960.7,508.9,975.35,507.35,0
1,12,495561,990.1,506.6,961.4,505.5,975.75,506.05,0
1,13,495562,990.0,505.5,962.1,500.0,976.05,502.75,0
1,14,495563,989.7,503.4,962.9,493.6,976.3,498.5,0
1,15,495564,989.0,501.1,962.9,487.0,975.95,494.05,0
1,16,495565,987.8,498.4,962.9,480.8,975.35,489.6,0
1,17,495566,986.6,494.4,962.8,474.8,974.7,484.6,0
1,18,495567,985.4,490.7,962.5,470.5,973.95,480.6,0
1,19,495568,984.8,487.3,962.1,467.5,973.45,477.4,0
1,20,495569,984.5,484.8,961.5,466.8,973.0,475.8,0
1,21,495570,984.8,483.2,960.7,467.3,972.75,475.25,0
1,22,495571,985.1,481.9,960.3,468.7,972.7,475.3,0
1,23,495572,985.8,480.9,959.7,470.6,972.75,475.75,0
1,24,495573,986.6,482.1,959.2,472.8,972.9,477.45,0
1,25,495574,987.4,483.6,958.8,475.8,973.1,479.7,0
1,26,495575,988.0,485.3,958.5,479.0,973.25,482.15,0
1,27,495576,988.6,487.9,958.3,481.5,973.45,484.7,0
1,28,495577,988.6,490.4,958.0,485.0,973.3,487.7,0
1,29,495578,989.1,493.6,957.9,488.0,973.5,490.8,0
1,30,495579,989.9,496.9,957.6,490.9,973.75,493.9,0
1,31,495580,990.6,499.1,957.2,495.0,973.9,497.05,0
1,32,495581,991.4,501.5,956.8,498.2,974.1,499.85,0
1,33,495582,992.2,503.3,956.3,501.9,974.25,502.6,0
2,34,495583,992.9,503.9,955.8,506.0,974.35,504.95,0
2,35,495584,993.7,503.2,955.3,509.0,974.5,506.1,0
2,36,495585,994.0,501.1,954.9,511.7,974.45,506.4,0
2,37,495586,994.0,497.2,954.9,513.9,974.45,505.55,0
2,38,495587,993.9,492.7,954.9,514.2,974.4,503.45,0
2,39,495588,993.7,487.7,955.0,514.0,974.35,500.85,0
2,40,495589,993.3,483.0,955.3,510.3,974.3,496.65,0
2,41,495590,992.9,478.9,955.8,504.2,974.35,491.55,0
2,42,495591,992.4,476.4,956.5,498.0,974.45,487.2,0
2,43,495592,991.9,475.9,957.3,491.7,974.6,483.8,0
2,44,495593,991.4,477.2,958.1,485.4,974.75,481.3,0
2,45,495594,991.0,480.3,959.0,479.5,975.0,479.9,0
2,46,495595,990.7,483.4,959.9,474.0,975.3,478.7,0
2,47,495596,990.7,487.4,960.8,471.5,975.75,479.45,0
2,48,495597,990.7,491.3,961.5,471.0,976.1,481.15,0
2,49,495598,990.5,494.9,961.8,470.8,976.15,482.85,0
2,50,495599,990.4,497.2,961.8,471.4,976.1,484.3,0
2,51,495600,990.1,499.5,961.7,473.9,975.9,486.7,0
2,52,495601,989.8,500.5,961.2,477.3,975.5,488.9,0
2,53,495602,989.5,500.9,960.7,481.6,975.1,491.25,0
2,54,495603,989.0,499.1,960.1,486.7,974.55,492.9,0
2,55,495604,988.6,496.8,959.6,491.8,974.1,494.3,0
2,56,495605,988.4,493.1,959.1,497.1,973.75,495.1,0
2,57,495606,988.2,489.4,958.8,501.9,973.5,495.65,0
2,58,495607,988.1,485.6,958.7,505.0,973.4,495.3,0
2,59,495608,988.1,481.9,958.8,507.4,973.45,494.65,0
2,60,495609,988.1,478.8,959.0,508.3,973.55,493.55,0
2,61,495610,988.0,477.0,959.4,508.0,973.7,492.5,0
2,62,495611,987.9,475.6,959.9,505.8,973.9,490.7,0
2,63,495612,987.7,476.5,960.5,501.1,974.1,488.8,0
2,64,495613,987.6,477.5,961.2,496.0,974.4,486.75,0
2,65,495614,987.4,479.8,961.8,490.5,974.6,485.15,0
2,66,495615,987.2,482.6,962.4,484.9,974.8,483.75,0
3,67,495616,987.1,485.6,962.9,479.8,975.0,482.7,0
3,68,495617,987.0,488.7,963.2,475.2,975.1,481.95,0
3,69,495618,987.0,491.9,963.2,472.8,975.1,482.35,0
3,70,495619,987.0,494.3,963.0,473.8,975.0,484.05,0
3,71,495620,987.1,496.7,962.8,475.3,974.95,486.0,0
3,72,495621,987.0,497.7,962.4,477.3,974.7,487.5,0
3,73,495622,986.7,498.1,962.0,480.1,974.35,489.1,0
3,74,495623,985.9,495.4,961.4,484.0,973.65,489.7,0
3,75,495624,985.0,492.6,960.9,489.1,972.95,490.85,0
3,76,495625,984.1,489.3,960.7,494.2,972.4,491.75,0
3,77,495626,983.4,485.5,960.6,498.1,972.0,491.8,0
3,78,495627,982.7,481.5,960.9,501.8,971.8,491.65,0
3,79,495628,982.3,477.8,961.2,505.3,971.75,491.55,0
3,80,495629,982.0,474.4,961.5,507.6,971.75,491.0,0
3,81,495630,982.8,474.7,962.0,507.8,972.4,491.25,0
3,82,495631,983.6,475.6,962.6,504.9,973.1,490.25,0
3,83,495632,984.6,477.3,963.2,499.7,973.9,488.5,0
3,84,495633,985.4,479.4,963.7,494.3,974.55,486.85,0
3,85,495634,986.2,482.0,963.9,488.7,975.05,485.35,0
3,86,495635,987.0,485.2,963.6,483.0,975.3,484.1,0
3,87,495636,987.7,488.2,963.4,477.9,975.55,483.05,0
3,88,495637,988.0,490.7,963.0,473.9,975.5,482.3,0
3,89,495638,988.4,492.8,962.5,472.6,975.45,482.7,0
3,90,495639,988.6,494.6,961.6,473.7,975.1,484.15,0
3,91,495640,988.5,496.3,960.8,475.7,974.65,486.0,0
3,92,495641,988.2,497.8,960.0,478.5,974.1,488.15,0
3,93,495642,988.0,497.2,959.6,482.5,973.8,489.85,0
3,94,495643,987.7,496.1,959.2,487.0,973.45,491.55,0
3,95,495644,987.4,493.5,959.0,491.6,973.2,492.55,0
3,96,495645,987.1,490.2,958.9,495.8,973.0,493.0,0
3,97,495646,986.9,486.9,959.3,499.8,973.1,493.35,0
3,98,495647,987.0,483.4,959.7,503.4,973.35,493.4,0
3,99,495648,987.3,479.8,960.0,506.3,973.65,493.05,0
3,100,495649,987.5,477.2,960.3,508.0,973.9,492.6,0
4,101,495650,987.6,475.4,960.5,508.6,974.05,492.0,0
4,102,495651,987.7,474.6,960.7,506.7,974.2,490.65,0
4,103,495652,987.7,474.7,960.9,503.5,974.3,489.1,0
4,104,495653,987.5,475.1,960.9,497.9,974.2,486.5,0
4,105,495654,987.6,475.8,960.8,492.1,974.2,483.95,0
4,106,495655,988.4,477.8,960.6,486.3,974.5,482.05,0
4,107,495656,989.1,480.8,960.5,480.7,974.8,480.75,0
4,108,495657,989.9,483.7,960.5,475.6,975.2,479.65,0
4,109,495658,990.6,486.6,960.5,473.1,975.55,479.85,0
4,110,495659,991.1,489.5,960.4,471.5,975.75,480.5,0
4,111,495660,991.5,492.2,960.2,473.2,975.85,482.7,0
4,112,495661,991.7,494.6,960.1,475.8,975.9,485.2,0
4,113,495662,991.2,495.7,959.9,479.1,975.55,487.4,0
4,114,495663,990.7,495.3,959.6,482.4,975.15,488.85,0
4,115,495664,990.2,494.4,959.3,485.9,974.75,490.15,0
4,116,495665,989.8,492.4,958.8,491.1,974.3,491.75,0
4,117,495666,989.8,489.7,958.3,496.4,974.05,493.05,0
4,118,495667,989.8,485.4,957.9,500.5,973.85,492.95,0
4,119,495668,990.1,481.2,957.6,503.7,973.85,492.45,0
4,120,495669,990.4,477.2,957.3,506.0,973.85,491.6,0
4,121,495670,990.7,473.7,957.2,507.7,973.95,490.7,0
4,122,495671,991.0,471.3,957.0,508.1,974.0,489.7,0
4,123,495672,991.3,470.0,957.0,504.8,974.15,487.4,0
4,124,495673,991.5,469.2,957.2,498.6,974.35,483.9,0
4,125,495674,991.7,471.7,957.4,491.3,974.55,481.5,0
4,126,495675,991.7,474.6,957.6,484.0,974.65,479.3,0
4,127,495676,991.6,477.8,957.8,476.8,974.7,477.3,0
4,128,495677,991.5,481.1,958.0,470.1,974.75,475.6,0
4,129,495678,991.3,484.5,958.1,465.2,974.7,474.85,0
4,130,495679,990.8,487.7,958.2,462.5,974.5,475.1,0
4,131,495680,990.4,491.1,958.0,463.7,974.2,477.4,0
4,132,495681,989.9,492.6,957.8,466.7,973.85,479.65,0
4,133,495682,989.6,493.5,958.2,470.2,973.9,481.85,0
5,134,495683,989.6,493.8,958.5,474.9,974.05,484.35,0
5,135,495684,989.8,491.7,958.8,481.2,974.3,486.45,0
5,136,495685,990.3,488.4,959.0,487.3,974.65,487.85,0
5,137,495686,991.3,484.1,959.1,492.8,975.2,488.45,0
5,138,495687,992.5,479.8,959.2,497.1,975.85,488.45,0
5,139,495688,993.7,475.7,959.3,501.1,976.5,488.4,0
5,140,495689,994.7,472.0,959.0,504.3,976.85,488.15,0
5,141,495690,995.3,469.1,958.1,506.3,976.7,487.7,0
5,142,495691,995.7,469.6,957.3,506.2,976.5,487.9,0
5,143,495692,995.6,470.6,956.7,504.9,976.15,487.75,0
5,144,495693,995.4,474.0,956.3,500.8,975.85,487.4,0
5,145,495694,995.0,477.3,956.0,495.3,975.5,486.3,0
5,146,495695,994.5,480.6,955.7,488.0,975.1,484.3,0
5,147,495696,994.0,483.9,955.4,481.0,974.7,482.45,0
5,148,495697,993.6,486.8,955.7,474.5,974.65,480.65,0
5,149,495698,993.4,488.6,955.9,469.5,974.65,479.05,0
5,150,495699,993.5,490.2,956.0,465.3,974.75,477.75,0
5,151,495700,993.7,490.3,955.9,465.2,974.8,477.75,0
5,152,495701,993.9,489.5,955.8,466.9,974.85,478.2,0
5,153,495702,993.9,487.3,955.6,470.8,974.75,479.05,0
5,154,495703,993.8,484.9,955.3,475.4,974.55,480.15,0
5,155,495704,993.6,482.5,955.1,480.6,974.35,481.55,0
5,156,495705,993.3,479.5,954.9,485.2,974.1,482.35,0
5,157,495706,993.0,476.6,954.6,491.2,973.8,483.9,0
5,158,495707,992.6,474.0,954.4,496.1,973.5,485.05,0
5,159,495708,992.3,472.2,954.3,500.5,973.3,486.35,0
5,160,495709,992.3,472.2,954.2,504.4,973.25,488.3,0
5,161,495710,992.3,472.6,954.2,507.5,973.25,490.05,0
5,162,495711,992.4,473.1,954.3,508.6,973.35,490.85,0
5,163,495712,992.6,475.4,954.5,508.4,973.55,491.9,0
5,164,495713,992.8,478.3,954.8,504.5,973.8,491.4,0
5,165,495714,992.9,481.5,955.2,498.3,974.05,489.9,0
5,166,495715,993.0,484.6,955.6,490.8,974.3,487.7,0
6,167,495716,993.2,487.3,956.0,483.4,974.6,485.35,0
6,168,495717,993.4,490.0,956.4,476.1,974.9,483.05,0
6,169,495718,993.6,492.3,956.7,470.1,975.15,481.2,0
6,170,495719,993.9,493.5,956.9,465.8,975.4,479.65,0
6,171,495720,994.2,493.7,957.0,463.7,975.6,478.7,0
6,172,495721,994.5,493.5,957.5,463.7,976.0,478.6,0
6,173,495722,994.6,492.5,957.8,466.4,976.2,479.45,0
6,174,495723,994.6,490.1,958.1,469.8,976.35,479.95,0
6,175,495724,994.3,486.0,958.4,473.6,976.35,479.8,0
6,176,495725,994.0,481.9,958.7,478.1,976.35,480.0,0
6,177,495726,993.6,477.6,958.9,482.0,976.25,479.8,0
6,178,495727,993.2,473.5,958.9,485.8,976.05,479.65,0
6,179,495728,992.8,469.7,958.5,489.7,975.65,479.7,0
6,180,495729,992.4,466.9,958.1,493.3,975.25,480.1,0
6,181,495730,992.1,465.6,957.7,496.1,974.9,480.85,0
6,182,495731,992.0,466.0,957.4,499.2,974.7,482.6,0
6,183,495732,991.8,466.7,957.3,501.6,974.55,484.15,0
6,184,495733,991.7,467.8,957.2,503.8,974.45,485.8,0
6,185,495734,991.7,469.0,957.1,505.9,974.4,487.45,0
6,186,495735,992.0,471.0,956.7,507.5,974.35,489.25,0
6,187,495736,992.3,472.8,956.4,508.0,974.35,490.4,0
6,188,495737,992.7,474.5,956.1,507.4,974.4,490.95,0
6,189,495738,993.1,476.6,955.8,505.5,974.45,491.05,0
6,190,495739,993.6,478.5,955.6,502.2,974.6,490.35,0
6,191,495740,994.0,481.2,955.9,497.9,974.95,489.55,0
6,192,495741,994.3,483.8,956.2,493.0,975.25,488.4,0
6,193,495742,994.3,485.6,957.0,486.6,975.65,486.1,0
6,194,495743,994.3,487.4,957.8,480.2,976.05,483.8,0
6,195,495744,994.2,489.2,958.5,474.3,976.35,481.75,0
6,196,495745,994.1,490.4,959.1,469.0,976.6,479.7,0
6,197,495746,994.1,491.6,959.6,464.7,976.85,478.15,0
6,198,495747,994.1,491.9,959.6,461.5,976.85,476.7,0
6,199,495748,994.1,492.2,959.6,459.0,976.85,475.6,0
6,200,495749,994.1,492.7,959.5,458.5,976.8,475.6,0
7,201,495750,994.1,493.0,959.3,458.1,976.7,475.55,0
7,202,495751,994.0,493.3,959.1,458.4,976.55,475.85,0
7,203,495752,993.8,493.8,959.1,459.3,976.45,476.55,0
7,204,495753,993.7,494.2,959.2,460.4,976.45,477.3,0
7,205,495754,993.8,494.6,959.3,461.9,976.55,478.25,0
7,206,495755,994.4,494.9,959.3,463.8,976.85,479.35,0
7,207,495756,995.1,495.1,959.3,465.7,977.2,480.4,0
7,208,495757,995.8,495.2,959.2,467.6,977.5,481.4,0
7,209,495758,996.7,495.4,959.1,469.6,977.9,482.5,0
7,210,495759,997.6,494.2,958.8,471.1,978.2,482.65,0
7,211,495760,998.3,493.0,958.5,473.4,978.4,483.2,0
7,212,495761,998.7,491.9,958.2,475.3,978.45,483.6,0
7,213,495762,998.2,490.2,957.9,477.1,978.05,483.65,0
7,214,495763,997.8,488.5,957.9,479.0,977.85,483.75,0
7,215,495764,997.3,486.9,958.0,480.8,977.65,483.85,0
7,216,495765,996.8,484.4,958.1,482.4,977.45,483.4,0
7,217,495766,996.3,482.4,958.2,484.0,977.25,483.2,0
7,218,495767,996.0,480.5,958.2,484.7,977.1,482.6,0
7,219,495768,996.1,478.5,957.9,485.4,977.0,481.95,0
7,220,495769,996.4,476.5,957.5,486.8,976.95,481.65,0
7,221,495770,996.9,474.5,957.1,488.2,977.0,481.35,0
7,222,495771,997.5,472.6,956.9,490.5,977.2,481.55,0
7,223,495772,998.1,471.4,956.8,492.7,977.45,482.05,0
7,224,495773,998.6,470.7,956.7,494.8,977.65,482.75,0
7,225,495774,998.8,469.8,956.8,496.9,977.8,483.35,0
7,226,495775,998.4,468.9,957.3,498.9,977.85,483.9,0
7,227,495776,997.9,468.1,957.9,499.8,977.9,483.95,0
7,228,495777,997.3,467.3,958.4,500.8,977.85,484.05,0
7,229,495778,996.5,466.5,958.5,500.9,977.5,483.7,0
7,230,495779,995.7,465.7,958.4,501.0,977.05,483.35,0
7,231,495780,995.0,465.1,958.3,501.2,976.65,483.15,0
7,232,495781,994.4,464.7,958.0,501.8,976.2,483.25,0
7,233,495782,994.3,464.5,957.8,502.4,976.05,483.45,0
8,234,495783,994.5,464.8,957.7,503.1,976.1,483.95,0
8,235,495784,995.0,465.1,957.9,503.8,976.45,484.45,0
8,236,495785,995.5,465.5,958.4,504.6,976.95,485.05,0
8,237,495786,996.0,466.5,959.1,505.3,977.55,485.9,0
8,238,495787,997.0,467.5,959.8,505.7,978.4,486.6,0
8,239,495788,998.0,468.5,960.6,505.7,979.3,487.1,0
8,240,495789,998.9,469.8,960.7,505.8,979.8,487.8,0
8,241,495790,999.5,471.0,960.8,505.8,980.15,488.4,0
8,242,495791,999.6,472.4,960.6,505.8,980.1,489.1,0
8,243,495792,999.7,473.9,960.0,505.9,979.85,489.9,0
8,244,495793,999.7,474.8,959.5,505.9,979.6,490.35,0
8,245,495794,999.1,475.6,958.9,506.3,979.0,490.95,0
8,246,495795,998.6,476.5,958.4,506.7,978.5,491.6,0
8,247,495796,998.1,476.9,958.5,507.0,978.3,491.95,0
8,248,495797,997.7,477.9,958.5,507.3,978.1,492.6,0
8,249,495798,997.6,478.7,958.5,507.5,978.05,493.1,0
8,250,495799,997.6,479.4,958.5,507.7,978.05,493.55,0
8,251,495800,997.8,480.7,958.4,507.8,978.1,494.25,0
8,252,495801,998.0,482.1,958.2,507.7,978.1,494.9,0
8,253,495802,998.2,483.4,958.0,507.5,978.1,495.45,0
8,254,495803,998.3,484.7,957.9,507.3,978.1,496.0,0
8,255,495804,998.5,485.4,957.8,507.1,978.15,496.25,0
8,256,495805,998.7,486.2,957.7,507.4,978.2,496.8,0
8,257,495806,998.7,487.0,957.7,507.6,978.2,497.3,0
8,258,495807,998.8,487.1,957.8,507.9,978.3,497.5,0
8,259,495808,998.8,487.3,958.0,508.3,978.4,497.8,0
8,260,495809,998.9,487.5,958.1,508.8,978.5,498.15,0
8,261,495810,999.1,487.8,958.3,509.2,978.7,498.5,0
8,262,495811,999.3,487.9,958.5,509.6,978.9,498.75,0
8,263,495812,999.5,488.0,958.8,509.7,979.15,498.85,0
8,264,495813,999.7,488.1,959.0,509.7,979.35,498.9,0
8,265,495814,999.8,488.2,959.3,509.7,979.55,498.95,0
8,266,495815,999.9,488.6,959.5,509.6,979.7,499.1,0
9,267,495816,999.9,488.9,959.7,509.4,979.8,499.15,0
9,268,495817,999.7,489.3,959.6,509.3,979.65,499.3,0
9,269,495818,999.6,489.8,959.5,509.2,979.55,499.5,0
9,270,495819,999.3,490.2,959.3,509.1,979.3,499.65,0
9,271,495820,999.0,490.7,959.2,509.0,979.1,499.85,0
9,272,495821,998.8,491.2,959.1,508.9,978.95,500.05,0
9,273,495822,998.6,491.6,958.9,509.0,978.75,500.3,0
9,274,495823,998.4,491.9,958.8,509.0,978.6,500.45,0
9,275,495824,998.3,492.1,958.8,509.1,978.55,500.6,0
9,276,495825,998.2,492.4,958.8,509.2,978.5,500.8,0
9,277,495826,998.1,492.6,958.9,509.3,978.5,500.95,0
9,278,495827,998.0,492.8,959.0,508.9,978.5,500.85,0
9,279,495828,997.8,493.0,959.2,508.4,978.5,500.7,0
9,280,495829,997.6,493.0,959.6,508.0,978.6,500.5,0
9,281,495830,997.4,493.5,959.9,507.5,978.65,500.5,0
9,282,495831,997.2,494.3,960.1,507.1,978.65,500.7,0
9,283,495832,997.0,495.0,960.4,506.6,978.7,500.8,0
9,284,495833,996.9,495.7,960.7,506.1,978.8,500.9,0
9,285,495834,996.9,496.4,960.8,506.2,978.85,501.3,0
9,286,495835,996.9,496.9,960.9,506.5,978.9,501.7,0
9,287,495836,996.9,497.3,960.9,506.7,978.9,502.0,0
9,288,495837,997.0,497.3,960.9,507.0,978.95,502.15,0
9,289,495838,997.2,497.0,961.0,507.4,979.1,502.2,0
9,290,495839,997.4,496.6,960.8,507.8,979.1,502.2,0
9,291,495840,997.5,496.3,960.8,508.1,979.15,502.2,0
9,292,495841,997.7,496.1,960.7,508.4,979.2,502.25,0
9,293,495842,997.9,496.1,960.6,508.6,979.25,502.35,0
9,294,495843,998.1,496.1,960.6,508.7,979.35,502.4,0
9,295,495844,998.2,496.1,960.6,508.9,979.4,502.5,0
9,296,495845,998.3,495.9,960.8,509.0,979.55,502.45,0
9,297,495846,998.4,495.7,961.0,509.0,979.7,502.35,0
9,298,495847,998.4,495.6,961.2,509.0,979.8,502.3,0
9,299,495848,998.5,495.4,961.5,509.1,980.0,502.25,0
9,300,495849,998.7,494.5,961.9,509.2,980.3,501.85,0
10,301,495850,999.1,493.6,962.1,509.4,980.6,501.5,0
10,302,495851,999.5,492.7,962.3,509.9,980.9,501.3,0
10,303,495852,999.9,492.0,962.3,510.3,981.1,501.15,0
10,304,495853,1000.2,491.1,962.3,510.8,981.25,500.95,0
10,305,495854,1000.6,489.9,962.2,511.3,981.4,500.6,0
10,306,495855,1000.9,488.6,962.1,511.8,981.5,500.2,0
10,307,495856,1001.1,487.4,962.0,512.2,981.55,499.8,0
10,308,495857,1001.1,486.2,961.9,512.4,981.5,499.3,0
10,309,495858,1001.0,484.1,961.8,511.9,981.4,498.0,0
10,310,495859,1000.8,481.9,961.8,511.3,981.3,496.6,0
10,311,495860,1000.6,479.4,961.8,510.6,981.2,495.0,0
10,312,495861,1000.5,477.1,961.7,509.5,981.1,493.3,0
10,313,495862,1000.4,475.0,961.8,507.7,981.1,491.35,0
10,314,495863,1000.3,472.9,961.8,505.7,981.05,489.3,0
10,315,495864,1000.2,470.9,961.9,503.1,981.05,487.0,0
10,316,495865,1000.1,469.8,962.0,499.9,981.05,484.85,0
10,317,495866,1000.2,468.5,962.2,496.2,981.2,482.35,0
10,318,495867,1000.2,467.7,962.8,491.0,981.5,479.35,0
10,319,495868,1000.2,466.9,963.4,485.6,981.8,476.25,0
10,320,495869,1000.2,466.1,964.0,480.2,982.1,473.15,0
10,321,495870,1000.1,465.6,964.7,474.9,982.4,470.25,0
10,322,495871,1000.0,465.2,965.3,470.1,982.65,467.65,0
10,323,495872,999.8,464.7,965.8,466.2,982.8,465.45,0
10,324,495873,999.7,465.1,966.1,463.0,982.9,464.05,0
10,325,495874,999.5,465.5,965.9,461.3,982.7,463.4,0
10,326,495875,999.2,466.0,965.7,459.9,982.45,462.95,0
10,327,495876,998.9,466.7,965.5,459.6,982.2,463.15,0
10,328,495877,998.6,467.9,965.2,459.5,981.9,463.7,0
10,329,495878,998.4,469.0,964.9,460.1,981.65,464.55,0
10,330,495879,998.2,470.5,964.6,460.9,981.4,465.7,0
10,331,495880,998.0,471.9,964.6,461.7,981.3,466.8,0
10,332,495881,997.9,474.5,964.5,463.2,981.2,468.85,0
10,333,495882,997.9,477.3,964.4,464.6,981.15,470.95,0
11,334,495883,997.8,479.9,964.3,465.9,981.05,472.9,0
11,335,495884,997.8,482.6,964.1,468.6,980.95,475.6,0
11,336,495885,997.8,485.3,963.9,471.0,980.85,478.15,0
11,337,495886,997.8,487.7,963.9,473.3,980.85,480.5,0
11,338,495887,997.7,489.7,963.8,475.6,980.75,482.65,0
11,339,495888,997.6,490.6,963.6,478.7,980.6,484.65,0
11,340,495889,997.4,491.5,963.4,481.9,980.4,486.7,0
11,341,495890,997.3,492.2,963.1,486.8,980.2,489.5,0
11,342,495891,997.1,492.4,962.8,490.1,979.95,491.25,0
11,343,495892,996.9,492.2,962.5,493.6,979.7,492.9,0
11,344,495893,996.8,492.1,962.0,497.3,979.4,494.7,0
11,345,495894,996.5,491.9,961.3,501.1,978.9,496.5,0
11,346,495895,996.2,491.3,960.8,503.9,978.5,497.6,0
11,347,495896,996.0,489.7,960.2,506.5,978.1,498.1,0
11,348,495897,995.7,487.1,959.8,507.6,977.75,497.35,0
11,349,495898,995.6,483.8,959.1,508.5,977.35,496.15,0
11,350,495899,995.4,480.8,958.4,509.1,976.9,494.95,0
11,351,495900,995.2,477.4,957.8,509.3,976.5,493.35,0
11,352,495901,995.1,474.0,957.6,508.1,976.35,491.05,0
11,353,495902,995.2,471.0,957.4,505.5,976.3,488.25,0
11,354,495903,995.5,468.8,957.3,501.3,976.4,485.05,0
11,355,495904,995.9,467.8,957.2,495.3,976.55,481.55,0
11,356,495905,996.3,467.5,957.5,488.5,976.9,478.0,0
11,357,495906,996.7,467.4,957.7,481.7,977.2,474.55,0
11,358,495907,997.1,467.6,957.8,475.0,977.45,471.3,0
11,359,495908,997.6,468.9,957.9,469.4,977.75,469.15,0
11,360,495909,997.9,470.2,957.9,464.7,977.9,467.45,0
11,361,495910,998.1,471.9,958.4,461.7,978.25,466.8,0
11,362,495911,998.1,473.9,958.9,460.2,978.5,467.05,0
11,363,495912,998.1,476.0,959.3,459.7,978.7,467.85,0
11,364,495913,998.1,478.2,959.8,459.4,978.95,468.8,0
11,365,495914,998.1,481.2,960.2,459.6,979.15,470.4,0
11,366,495915,998.1,483.0,960.6,459.9,979.35,471.45,0
12,367,495916,998.3,484.8,960.9,460.5,979.6,472.65,0
12,368,495917,998.5,486.9,960.9,462.5,979.7,474.7,0
12,369,495918,998.7,488.8,960.9,464.8,979.8,476.8,0
12,370,495919,998.8,490.5,960.9,466.9,979.85,478.7,0
12,371,495920,999.0,491.7,960.9,470.1,979.95,480.9,0
12,372,495921,999.2,492.3,960.8,473.3,980.0,482.8,0
12,373,495922,999.3,492.6,960.7,476.6,980.0,484.6,0
12,374,495923,999.3,493.0,960.6,479.8,979.95,486.4,0
12,375,495924,999.4,492.6,960.0,482.8,979.7,487.7,0
12,376,495925,999.4,492.2,959.5,486.7,979.45,489.45,0
12,377,495926,999.4,491.7,958.9,490.6,979.15,491.15,0
12,378,495927,999.5,491.4,958.1,493.5,978.8,492.45,0
12,379,495928,999.5,490.3,957.3,496.1,978.4,493.2,0
12,380,495929,999.4,489.4,956.6,499.2,978.0,494.3,0
12,381,495930,999.3,488.1,955.8,502.6,977.55,495.35,0
12,382,495931,999.2,486.8,955.3,504.8,977.25,495.8,0
12,383,495932,999.2,484.3,954.8,506.1,977.0,495.2,0
12,384,495933,999.3,481.5,954.2,507.4,976.75,494.45,0
12,385,495934,999.5,478.6,953.8,508.3,976.65,493.45,0
12,386,495935,999.6,476.5,953.5,509.0,976.55,492.75,0
12,387,495936,1000.1,473.8,953.2,509.1,976.65,491.45,0
12,388,495937,1000.5,471.4,952.8,508.9,976.65,490.15,0
12,389,495938,1000.9,469.0,952.4,508.7,976.65,488.85,0
12,390,495939,1001.2,467.9,952.1,507.7,976.65,487.8,0
12,391,495940,1001.3,467.1,952.0,505.6,976.65,486.35,0
12,392,495941,1001.3,466.2,952.0,502.8,976.65,484.5,0
12,393,495942,1001.4,465.3,952.1,498.6,976.75,481.95,0
12,394,495943,1001.3,465.0,952.2,494.0,976.75,479.5,0
12,395,495944,1001.2,464.6,952.4,488.0,976.8,476.3,0
12,396,495945,1001.1,464.3,952.7,482.0,976.9,473.15,0
12,397,495946,1001.0,464.0,952.9,476.6,976.95,470.3,0
12,398,495947,1001.1,463.6,953.0,472.1,977.05,467.85,0
12,399,495948,1001.2,463.3,953.2,467.8,977.2,465.55,0
12,400,495949,1001.2,463.1,953.3,464.8,977.25,463.95,0
13,401,495950,1001.3,463.2,953.4,462.2,977.35,462.7,0
13,402,495951,1001.4,463.3,953.5,460.9,977.45,462.1,0
13,403,495952,1001.5,463.5,953.7,459.6,977.6,461.55,0
13,404,495953,1001.3,463.8,954.1,458.6,977.7,461.2,0
13,405,495954,1001.1,464.2,954.6,457.8,977.85,461.0,0
13,406,495955,1000.5,464.5,955.0,457.7,977.75,461.1,0
13,407,495956,999.8,464.8,955.4,457.7,977.6,461.25,0
13,408,495957,999.2,465.0,955.8,457.7,977.5,461.35,0
13,409,495958,998.4,465.2,956.1,457.9,977.25,461.55,0
13,410,495959,997.5,465.3,956.5,458.2,977.0,461.75,0
13,411,495960,996.7,465.4,956.7,459.0,976.7,462.2,0
13,412,495961,996.1,465.4,957.0,459.8,976.55,462.6,0
13,413,495962,995.8,465.5,957.3,461.4,976.55,463.45,0
13,414,495963,995.5,465.5,957.7,463.0,976.6,464.25,0
13,415,495964,995.3,465.6,958.1,464.6,976.7,465.1,0
13,416,495965,995.3,465.6,958.5,466.1,976.9,465.85,0
13,417,495966,995.4,465.7,958.8,468.6,977.1,467.15,0
13,418,495967,995.6,465.8,958.9,471.0,977.25,468.4,0
13,419,495968,995.8,465.9,959.1,473.4,977.45,469.65,0
13,420,495969,996.4,466.3,958.9,475.0,977.65,470.65,0
13,421,495970,997.0,466.6,958.6,476.9,977.8,471.75,0
13,422,495971,997.6,466.9,958.4,478.6,978.0,472.75,0
13,423,495972,998.2,467.3,957.8,480.4,978.0,473.85,0
13,424,495973,998.9,467.5,957.3,481.0,978.1,474.25,0
13,425,495974,999.6,467.7,956.8,481.3,978.2,474.5,0
13,426,495975,1000.3,467.7,956.2,481.5,978.25,474.6,0
13,427,495976,1000.5,467.4,955.9,481.6,978.2,474.5,0
13,428,495977,1000.5,467.1,955.7,481.5,978.1,474.3,0
13,429,495978,1000.5,466.8,956.1,481.5,978.3,474.15,0
13,430,495979,1000.4,466.6,956.7,481.8,978.55,474.2,0
13,431,495980,999.9,466.4,957.4,482.2,978.65,474.3,0
13,432,495981,999.3,466.2,958.1,482.7,978.7,474.45,0
13,433,495982,998.7,465.8,958.8,483.6,978.75,474.7,0
14,434,495983,998.2,465.5,959.5,484.4,978.85,474.95,0
14,435,495984,997.7,465.1,960.1,485.3,978.9,475.2,0
14,436,495985,997.4,464.8,960.1,486.7,978.75,475.75,0
14,437,495986,996.9,464.3,960.0,487.6,978.45,475.95,0
14,438,495987,996.7,464.0,959.4,488.5,978.05,476.25,0
14,439,495988,996.0,463.8,958.8,489.3,977.4,476.55,0
14,440,495989,995.5,463.8,958.2,489.9,976.85,476.85,0
14,441,495990,995.0,463.7,957.6,490.4,976.3,477.05,0
14,442,495991,994.7,463.4,956.9,490.9,975.8,477.15,0
14,443,495992,994.4,463.0,956.2,491.0,975.3,477.0,0
14,444,495993,994.2,462.6,955.7,491.2,974.95,476.9,0
14,445,495994,994.2,462.3,955.6,491.3,974.9,476.8,0
14,446,495995,994.5,462.1,955.5,491.4,975.0,476.75,0
14,447,495996,994.3,462.0,955.7,491.5,975.0,476.75,0
14,448,495997,994.1,462.0,955.9,491.5,975.0,476.75,0
14,449,495998,993.9,462.2,956.2,491.4,975.05,476.8,0
14,450,495999,994.1,462.9,956.6,491.5,975.35,477.2,0
14,451,496000,994.3,463.7,957.1,491.5,975.7,477.6,0
14,452,496001,994.4,464.4,957.6,491.6,976.0,478.0,0
14,453,496002,994.8,464.9,958.0,491.6,976.4,478.25,0
14,454,496003,996.4,465.7,958.2,491.6,977.3,478.65,0
14,455,496004,997.8,466.5,958.4,491.7,978.1,479.1,0
14,456,496005,998.9,467.3,958.6,491.8,978.75,479.55,0
14,457,496006,999.5,468.0,958.7,491.7,979.1,479.85,0
14,458,496007,999.7,469.7,958.7,491.5,979.2,480.6,0
14,459,496008,999.9,471.4,958.7,491.1,979.3,481.25,0
14,460,496009,999.5,473.0,958.3,490.4,978.9,481.7,0
14,461,496010,997.9,474.5,957.9,488.8,977.9,481.65,0
14,462,496011,995.9,476.0,957.3,487.2,976.6,481.6,0
14,463,496012,993.6,477.4,955.5,484.1,974.55,480.75,0
14,464,496013,990.8,478.3,953.2,481.0,972.0,479.65,0
14,465,496014,987.0,478.0,950.8,476.6,968.9,477.3,0
14,466,496015,982.3,476.8,947.2,471.7,964.75,474.25,0
15,467,496016,977.5,474.8,943.2,465.6,960.35,470.2,0
15,468,496017,972.0,471.9,938.4,459.2,955.2,465.55,0
15,469,496018,966.7,468.7,933.2,452.5,949.95,460.6,0
15,470,496019,960.4,463.4,928.7,445.9,944.55,454.65,0
15,471,496020,954.3,457.6,924.7,439.0,939.5,448.3,0
15,472,496021,948.7,450.7,919.7,433.2,934.2,441.95,0
15,473,496022,943.1,444.1,915.2,427.6,929.15,435.85,0
15,474,496023,937.8,437.9,911.0,422.7,924.4,430.3,0
15,475,496024,933.5,431.8,906.9,418.9,920.2,425.35,0
15,476,496025,929.5,425.5,903.3,415.3,916.4,420.4,0
15,477,496026,926.9,421.1,900.3,412.9,913.6,417.0,0
15,478,496027,924.4,416.3,896.7,410.6,910.55,413.45,0
15,479,496028,922.1,412.2,893.9,408.6,908.0,410.4,0
15,480,496029,920.5,408.7,891.4,407.2,905.95,407.95,0
15,481,496030,919.0,405.5,889.3,406.6,904.15,406.05,0
15,482,496031,916.9,402.8,887.5,406.0,902.2,404.4,0
15,483,496032,914.2,400.8,885.7,405.6,899.95,403.2,0
15,484,496033,911.2,399.0,883.0,406.3,897.1,402.65,0
15,485,496034,908.1,398.2,880.2,407.1,894.15,402.65,0
15,486,496035,906.0,398.8,877.9,407.9,891.95,403.35,0
15,487,496036,903.7,399.3,875.8,409.7,889.75,404.5,0
15,488,496037,901.4,400.2,873.4,411.5,887.4,405.85,0
15,489,496038,900.0,401.0,871.3,413.2,885.65,407.1,0
15,490,496039,899.0,401.9,869.2,415.1,884.1,408.5,0
15,491,496040,898.5,402.8,868.0,416.3,883.25,409.55,0
15,492,496041,898.1,404.0,867.4,418.1,882.75,411.05,0
15,493,496042,898.0,404.5,867.0,420.0,882.5,412.25,0
15,494,496043,898.0,405.0,866.5,421.2,882.25,413.1,0
15,495,496044,898.1,405.5,866.5,422.5,882.3,414.0,0
15,496,496045,898.5,405.9,866.6,423.7,882.55,414.8,0
15,497,496046,898.9,406.3,866.8,424.7,882.85,415.5,0
15,498,496047,899.5,406.6,867.4,425.5,883.45,416.05,0
15,499,496048,900.2,406.7,867.9,425.5,884.05,416.1,0
15,500,496049,900.5,406.8,868.6,425.4,884.55,416.1,0
16,501,496050,900.9,406.9,869.4,424.7,885.15,415.8,0
16,502,496051,901.6,407.0,870.2,423.9,885.9,415.45,0
16,503,496052,902.3,407.0,871.1,422.6,886.7,414.8,0
16,504,496053,902.9,407.0,871.8,421.5,887.35,414.25,0
16,505,496054,903.3,406.9,872.2,420.5,887.75,413.7,0
16,506,496055,903.4,406.8,872.6,419.6,888.0,413.2,0
16,507,496056,903.0,406.7,872.7,418.8,887.85,412.75,0
16,508,496057,902.5,406.6,872.8,418.2,887.65,412.4,0
16,509,496058,901.8,406.5,872.8,417.3,887.3,411.9,0
16,510,496059,901.0,406.5,872.6,416.8,886.8,411.65,0
16,511,496060,900.1,406.5,871.8,416.3,885.95,411.4,0
16,512,496061,899.3,406.5,871.1,415.8,885.2,411.15,0
16,513,496062,898.4,406.6,870.2,415.2,884.3,410.9,0
16,514,496063,897.9,406.6,869.2,414.6,883.55,410.6,0
16,515,496064,897.3,406.5,868.3,413.5,882.8,410.0,0
16,516,496065,896.8,406.3,867.1,412.8,881.95,409.55,0
16,517,496066,896.1,406.1,865.9,412.1,881.0,409.1,0
16,518,496067,895.4,405.9,865.1,411.4,880.25,408.65,0
16,519,496068,894.9,405.7,864.3,410.7,879.6,408.2,0
16,520,496069,894.6,405.5,863.8,410.1,879.2,407.8,0
16,521,496070,894.7,405.3,863.2,409.5,878.95,407.4,0
16,522,496071,894.8,405.2,862.5,410.0,878.65,407.6,0
16,523,496072,895.0,405.0,862.4,410.5,878.7,407.75,0
16,524,496073,895.2,404.9,862.3,411.0,878.75,407.95,0
16,525,496074,895.5,404.9,862.2,411.5,878.85,408.2,0
16,526,496075,895.7,404.9,862.1,412.0,878.9,408.45,0
16,527,496076,895.8,404.9,862.0,412.5,878.9,408.7,0
16,528,496077,895.8,405.0,861.9,412.9,878.85,408.95,0
16,529,496078,895.8,405.1,861.8,412.8,878.8,408.95,0
16,530,496079,895.7,405.6,861.7,412.8,878.7,409.2,0
16,531,496080,895.7,406.0,861.6,412.8,878.65,409.4,0
16,532,496081,895.6,406.4,861.8,412.9,878.7,409.65,0
16,533,496082,895.7,406.8,862.1,413.0,878.9,409.9,0
17,534,496083,895.7,407.2,862.6,413.2,879.15,410.2,0
17,535,496084,895.8,407.5,863.0,413.4,879.4,410.45,0
17,536,496085,896.1,407.8,863.5,413.9,879.8,410.85,0
17,537,496086,896.5,408.0,864.1,414.4,880.3,411.2,0
17,538,496087,896.9,408.3,864.7,414.8,880.8,411.55,0
17,539,496088,897.6,408.5,865.0,415.2,881.3,411.85,0
17,540,496089,898.3,408.6,865.1,415.6,881.7,412.1,0
17,541,496090,898.9,408.6,865.3,415.9,882.1,412.25,0
17,542,496091,899.4,408.5,865.4,416.2,882.4,412.35,0
17,543,496092,899.6,408.4,865.5,416.3,882.55,412.35,0
17,544,496093,899.8,408.1,865.5,416.5,882.65,412.3,0
17,545,496094,900.0,407.8,865.8,416.7,882.9,412.25,0
17,546,496095,899.9,408.2,866.1,417.5,883.0,412.85,0
17,547,496096,899.7,408.6,866.4,418.3,883.05,413.45,0
17,548,496097,899.6,409.1,866.7,419.0,883.15,414.05,0
17,549,496098,899.5,409.6,866.9,419.8,883.2,414.7,0
17,550,496099,899.3,410.2,867.2,420.6,883.25,415.4,0
17,551,496100,898.9,410.7,867.6,421.7,883.25,416.2,0
17,552,496101,898.5,411.1,867.7,422.8,883.1,416.95,0
17,553,496102,898.1,411.1,867.8,423.4,882.95,417.25,0
17,554,496103,897.6,411.2,868.0,424.2,882.8,417.7,0
17,555,496104,897.2,412.0,868.2,425.0,882.7,418.5,0
17,556,496105,896.9,412.7,868.4,425.9,882.65,419.3,0
17,557,496106,896.8,413.6,868.5,426.9,882.65,420.25,0
17,558,496107,896.7,414.6,868.5,428.3,882.6,421.45,0
17,559,496108,896.7,415.9,868.5,429.6,882.6,422.75,0
17,560,496109,896.7,417.6,868.4,431.4,882.55,424.5,0
17,561,496110,896.9,419.6,867.7,433.0,882.3,426.3,0
17,562,496111,897.0,421.0,867.1,434.6,882.05,427.8,0
17,563,496112,897.1,422.7,866.4,436.5,881.75,429.6,0
17,564,496113,896.8,424.3,865.6,438.2,881.2,431.25,0
17,565,496114,896.6,425.8,864.8,439.9,880.7,432.85,0
17,566,496115,896.4,427.0,863.7,441.6,880.05,434.3,0
18,567,496116,896.2,427.7,862.7,442.9,879.45,435.3,0
18,568,496117,895.9,428.2,862.1,444.9,879.0,436.55,0
18,569,496118,895.7,429.0,861.5,446.9,878.6,437.95,0
18,570,496119,895.4,429.4,860.8,448.4,878.1,438.9,0
18,571,496120,895.5,429.9,860.2,450.0,877.85,439.95,0
18,572,496121,895.5,430.6,859.7,450.8,877.6,440.7,0
18,573,496122,895.4,431.4,859.5,451.7,877.45,441.55,0
18,574,496123,895.4,432.2,859.3,452.7,877.35,442.45,0
18,575,496124,895.4,432.9,859.2,452.7,877.3,442.8,0
18,576,496125,895.5,433.2,859.1,452.7,877.3,442.95,0
18,577,496126,895.6,433.6,859.0,452.8,877.3,443.2,0
18,578,496127,895.7,434.0,859.0,453.1,877.35,443.55,0
18,579,496128,895.8,434.7,858.9,453.8,877.35,444.25,0
18,580,496129,896.0,435.4,858.9,454.5,877.45,444.95,0
18,581,496130,896.1,436.0,858.9,455.2,877.5,445.6,0
18,582,496131,896.7,436.6,858.8,456.0,877.75,446.3,0
18,583,496132,897.2,437.2,858.9,456.8,878.05,447.0,0
18,584,496133,897.7,437.6,859.1,457.5,878.4,447.55,0
18,585,496134,898.1,438.0,860.2,458.1,879.15,448.05,0
18,586,496135,898.6,437.7,861.3,458.3,879.95,448.0,0
18,587,496136,898.9,437.2,862.6,458.4,880.75,447.8,0
18,588,496137,898.9,436.6,863.7,458.2,881.3,447.4,0
18,589,496138,897.9,436.0,864.7,457.7,881.3,446.85,0
18,590,496139,896.9,435.2,865.5,456.9,881.2,446.05,0
18,591,496140,895.9,434.0,866.2,455.7,881.05,444.85,0
18,592,496141,894.8,432.9,865.6,454.6,880.2,443.75,0
18,593,496142,893.7,431.8,865.0,453.4,879.35,442.6,0
18,594,496143,892.6,430.3,864.2,452.0,878.4,441.15,0
18,595,496144,891.8,428.6,863.2,450.6,877.5,439.6,0
18,596,496145,891.6,427.1,862.3,448.4,876.95,437.75,0
18,597,496146,891.4,425.5,861.5,446.6,876.45,436.05,0
18,598,496147,891.1,424.5,860.8,445.0,875.95,434.75,0
18,599,496148,890.5,422.6,860.5,442.8,875.5,432.7,0
18,600,496149,890.1,420.7,860.2,440.5,875.15,430.6,0
19,601,496150,889.8,419.5,859.6,438.5,874.7,429.0,0
19,602,496151,889.8,418.1,859.4,435.8,874.6,426.95,0
19,603,496152,889.8,416.8,859.2,434.1,874.5,425.45,0
19,604,496153,890.3,415.4,859.0,431.9,874.65,423.65,0
19,605,496154,890.9,414.1,858.9,429.3,874.9,421.7,0
19,606,496155,891.9,413.6,858.7,427.5,875.3,420.55,0
19,607,496156,893.1,413.1,858.6,425.3,875.85,419.2,0
19,608,496157,894.2,412.4,858.9,422.2,876.55,417.3,0
19,609,496158,895.1,411.9,859.4,420.0,877.25,415.95,0
19,610,496159,895.9,411.1,860.4,417.8,878.15,414.45,0
19,611,496160,896.3,410.4,861.7,416.0,879.0,413.2,0
19,612,496161,896.7,409.8,862.9,414.5,879.8,412.15,0
19,613,496162,897.0,408.8,864.2,413.0,880.6,410.9,0
19,614,496163,897.0,407.9,865.4,411.7,881.2,409.8,0
19,615,496164,897.0,407.4,866.3,411.4,881.65,409.4,0
19,616,496165,896.7,406.9,865.9,411.0,881.3,408.95,0
19,617,496166,896.4,406.8,865.2,410.7,880.8,408.75,0
19,618,496167,896.1,406.6,864.0,410.5,880.05,408.55,0
19,619,496168,895.7,406.4,862.7,410.4,879.2,408.4,0
19,620,496169,895.2,406.8,861.4,410.3,878.3,408.55,0
19,621,496170,894.7,407.0,860.0,410.5,877.35,408.75,0
19,622,496171,894.3,407.1,858.9,410.7,876.6,408.9,0
19,623,496172,894.1,407.4,858.9,411.2,876.5,409.3,0
19,624,496173,893.9,408.1,858.8,411.8,876.35,409.95,0
19,625,496174,893.8,408.8,858.9,413.3,876.35,411.05,0
19,626,496175,893.8,409.5,859.1,414.8,876.45,412.15,0
19,627,496176,893.8,409.8,859.4,416.3,876.6,413.05,0
19,628,496177,893.9,410.1,859.8,418.4,876.85,414.25,0
19,629,496178,894.0,410.3,860.2,420.5,877.1,415.4,0
19,630,496179,894.1,410.3,860.4,422.4,877.25,416.35,0
19,631,496180,894.2,409.9,860.9,424.1,877.55,417.0,0
19,632,496181,894.6,409.7,861.4,425.1,878.0,417.4,0
19,633,496182,894.9,409.5,861.8,426.3,878.35,417.9,0
20,634,496183,895.4,409.5,862.4,428.2,878.9,418.85,0
20,635,496184,895.8,409.5,863.3,429.5,879.55,419.5,0
20,636,496185,896.2,409.7,864.0,430.7,880.1,420.2,0
20,637,496186,896.6,410.0,864.6,431.9,880.6,420.95,0
20,638,496187,895.7,410.4,864.8,433.3,880.25,421.85,0
20,639,496188,894.7,410.8,864.2,434.7,879.45,422.75,0
20,640,496189,893.1,411.3,862.9,436.0,878.0,423.65,0
20,641,496190,890.3,411.9,860.9,437.6,875.6,424.75,0
20,642,496191,887.0,414.4,857.4,439.7,872.2,427.05,0
20,643,496192,882.6,416.8,851.8,442.6,867.2,429.7,0
20,644,496193,876.4,419.5,844.9,447.2,860.65,433.35,0
20,645,496194,869.5,422.6,836.2,452.1,852.85,437.35,0
20,646,496195,860.4,425.8,826.0,456.7,843.2,441.25,0
20,647,496196,849.8,429.6,814.2,461.6,832.0,445.6,0
20,648,496197,838.4,433.8,800.8,467.3,819.6,450.55,0
20,649,496198,825.3,436.4,787.6,473.3,806.45,454.85,0
20,650,496199,812.0,439.2,774.1,479.0,793.05,459.1,0
20,651,496200,798.4,441.8,759.9,483.1,779.15,462.45,0
20,652,496201,785.7,443.9,746.3,486.7,766.0,465.3,0
20,653,496202,774.1,445.7,734.2,490.8,754.15,468.25,0
20,654,496203,763.2,446.9,724.0,494.7,743.6,470.8,0
20,655,496204,753.7,448.5,714.7,496.7,734.2,472.6,0
20,656,496205,746.3,449.9,706.0,497.9,726.15,473.9,0
20,657,496206,740.0,451.1,699.6,498.5,719.8,474.8,0
20,658,496207,735.6,452.1,695.4,499.0,715.5,475.55,0
20,659,496208,731.4,453.2,692.4,499.5,711.9,476.35,0
20,660,496209,728.2,454.1,690.1,499.1,709.15,476.6,0
20,661,496210,726.3,455.1,688.3,497.9,707.3,476.5,0
20,662,496211,725.5,455.3,687.7,496.4,706.6,475.85,0
20,663,496212,724.7,455.3,687.5,494.8,706.1,475.05,0
20,664,496213,724.4,455.2,687.3,493.2,705.85,474.2,0
20,665,496214,724.4,455.2,687.2,490.5,705.8,472.85,0
20,666,496215,725.8,455.1,687.2,487.9,706.5,471.5,0
21,667,496216,727.1,455.1,687.2,485.1,707.15,470.1,0
21,668,496217,729.2,455.5,687.2,482.4,708.2,468.95,0
21,669,496218,731.2,455.8,687.6,478.5,709.4,467.15,0
21,670,496219,733.3,456.2,688.1,474.6,710.7,465.4,0
21,671,496220,735.2,456.6,689.6,470.1,712.4,463.35,0
21,672,496221,737.0,457.0,691.6,466.2,714.3,461.6,0
21,673,496222,738.1,457.4,694.3,462.4,716.2,459.9,0
21,674,496223,739.2,457.8,697.0,459.0,718.1,458.4,0
21,675,496224,739.8,458.0,699.8,455.5,719.8,456.75,0
21,676,496225,739.9,458.1,702.5,452.6,721.2,455.35,0
21,677,496226,740.3,458.3,705.0,449.5,722.65,453.9,0
21,678,496227,740.8,458.4,706.6,446.9,723.7,452.65,0
21,679,496228,741.1,458.6,707.7,444.6,724.4,451.6,0
21,680,496229,741.5,458.8,708.1,442.3,724.8,450.55,0
21,681,496230,741.6,458.8,708.3,440.1,724.95,449.45,0
21,682,496231,741.7,458.9,708.3,438.6,725.0,448.75,0
21,683,496232,741.6,459.0,708.0,438.1,724.8,448.55,0
21,684,496233,740.9,459.1,707.5,438.1,724.2,448.6,0
21,685,496234,740.1,459.5,707.0,438.4,723.55,448.95,0
21,686,496235,739.4,459.8,706.5,439.2,722.95,449.5,0
21,687,496236,738.5,460.2,706.0,440.1,722.25,450.15,0
21,688,496237,737.7,460.6,705.6,441.7,721.65,451.15,0
21,689,496238,737.0,461.0,705.3,443.3,721.15,452.15,0
21,690,496239,736.4,461.8,705.0,445.8,720.7,453.8,0
21,691,496240,736.0,463.0,704.8,448.0,720.4,455.5,0
21,692,496241,735.6,464.0,704.6,450.0,720.1,457.0,0
21,693,496242,735.0,464.9,704.3,452.0,719.65,458.45,0
21,694,496243,734.4,465.9,704.0,453.7,719.2,459.8,0
21,695,496244,733.7,466.8,703.3,455.4,718.5,461.1,0
21,696,496245,733.0,467.8,702.3,457.1,717.65,462.45,0
21,697,496246,732.3,468.6,701.1,458.1,716.7,463.35,0
21,698,496247,731.6,468.8,699.8,459.2,715.7,464.0,0
21,699,496248,730.8,469.1,698.3,460.2,714.55,464.65,0
21,700,496249,730.0,469.4,697.0,461.2,713.5,465.3,0
22,701,496250,729.5,469.8,695.7,462.4,712.6,466.1,0
22,702,496251,729.1,470.2,695.0,463.1,712.05,466.65,0
22,703,496252,728.7,470.5,694.7,464.0,711.7,467.25,0
22,704,496253,728.3,470.8,694.6,464.8,711.45,467.8,0
22,705,496254,728.1,471.2,694.6,465.8,711.35,468.5,0
22,706,496255,727.9,471.6,694.8,467.2,711.35,469.4,0
22,707,496256,727.9,472.1,695.6,468.9,711.75,470.5,0
22,708,496257,728.0,472.5,696.3,470.3,712.15,471.4,0
22,709,496258,728.1,472.9,697.0,472.2,712.55,472.55,0
22,710,496259,728.5,473.1,697.6,473.9,713.05,473.5,0
22,711,496260,728.8,473.2,698.2,475.7,713.5,474.45,0
22,712,496261,729.1,473.2,698.8,477.2,713.95,475.2,0
22,713,496262,729.7,473.3,698.6,478.4,714.15,475.85,0
22,714,496263,730.3,473.4,697.8,479.5,714.05,476.45,0
22,715,496264,730.9,473.7,697.0,480.8,713.95,477.25,0
22,716,496265,731.4,474.4,696.2,481.5,713.8,477.95,0
22,717,496266,731.8,475.2,695.5,482.3,713.65,478.75,0
22,718,496267,732.1,475.9,694.7,483.0,713.4,479.45,0
22,719,496268,731.9,476.2,694.0,483.5,712.95,479.85,0
22,720,496269,731.2,476.6,694.0,484.1,712.6,480.35,0
22,721,496270,730.5,476.6,694.0,484.8,712.25,480.7,0
22,722,496271,729.8,476.4,694.1,485.5,711.95,480.95,0
22,723,496272,729.3,475.9,694.3,486.2,711.8,481.05,0
22,724,496273,728.9,475.4,694.7,487.0,711.8,481.2,0
22,725,496274,728.7,475.0,695.2,487.9,711.95,481.45,0
22,726,496275,729.0,474.9,695.8,488.8,712.4,481.85,0
22,727,496276,729.7,474.8,696.4,489.5,713.05,482.15,0
22,728,496277,730.3,474.7,697.0,490.0,713.65,482.35,0
22,729,496278,730.9,474.5,697.6,490.4,714.25,482.45,0
22,730,496279,731.4,474.3,697.7,490.7,714.55,482.5,0
22,731,496280,731.8,474.1,697.3,490.9,714.55,482.5,0
22,732,496281,732.0,473.9,697.0,490.9,714.5,482.4,0
22,733,496282,732.1,473.8,696.5,491.2,714.3,482.5,0
23,734,496283,732.2,473.7,695.8,491.7,714.0,482.7,0
23,735,496284,732.2,473.6,694.9,492.2,713.55,482.9,0
23,736,496285,732.1,473.6,694.0,492.7,713.05,483.15,0
23,737,496286,731.6,473.7,693.5,493.2,712.55,483.45,0
23,738,496287,730.9,473.7,693.0,493.9,711.95,483.8,0
23,739,496288,730.2,473.6,692.6,494.5,711.4,484.05,0
23,740,496289,729.4,473.6,692.4,494.3,710.9,483.95,0
23,741,496290,728.7,473.6,692.4,494.0,710.55,483.8,0
23,742,496291,728.0,473.2,692.7,493.6,710.35,483.4,0
23,743,496292,727.4,472.8,693.2,493.2,710.3,483.0,0
23,744,496293,727.3,472.4,693.8,492.8,710.55,482.6,0
23,745,496294,727.4,472.0,694.4,492.4,710.9,482.2,0
23,746,496295,727.7,471.6,694.6,492.0,711.15,481.8,0
23,747,496296,728.1,471.2,694.4,492.1,711.25,481.65,0
23,748,496297,728.6,470.8,694.0,492.1,711.3,481.45,0
23,749,496298,729.1,470.7,693.6,492.0,711.35,481.35,0
23,750,496299,729.7,470.7,692.9,491.9,711.3,481.3,0
23,751,496300,730.2,470.8,692.3,491.6,711.25,481.2,0
23,752,496301,730.6,470.9,691.0,491.3,710.8,481.1,0
23,753,496302,730.8,471.0,690.1,491.2,710.45,481.1,0
23,754,496303,730.6,471.0,689.4,491.4,710.0,481.2,0
23,755,496304,730.3,471.0,688.8,491.7,709.55,481.35,0
23,756,496305,729.9,471.1,688.2,492.2,709.05,481.65,0
23,757,496306,729.4,471.1,688.1,492.7,708.75,481.9,0
23,758,496307,728.2,471.0,687.9,493.3,708.05,482.15,0
23,759,496308,727.1,471.0,688.4,493.9,707.75,482.45,0
23,760,496309,726.0,471.0,690.0,494.4,708.0,482.7,0
23,761,496310,725.6,470.9,691.6,494.7,708.6,482.8,0
23,762,496311,725.2,470.8,693.2,494.8,709.2,482.8,0
23,763,496312,724.8,470.7,694.8,494.3,709.8,482.5,0
23,764,496313,724.6,470.6,695.8,493.7,710.2,482.15,0
23,765,496314,725.2,470.4,696.3,492.9,710.75,481.65,0
23,766,496315,726.2,470.3,696.8,492.1,711.5,481.2,0
24,767,496316,727.3,470.4,696.1,491.4,711.7,480.9,0
24,768,496317,728.0,470.6,695.2,490.8,711.6,480.7,0
24,769,496318,729.3,470.8,694.1,490.3,711.7,480.55,0
24,770,496319,730.7,471.1,693.0,490.5,711.85,480.8,0
24,771,496320,731.8,471.3,691.4,491.0,711.6,481.15,0
24,772,496321,732.8,471.6,690.4,491.6,711.6,481.6,0
24,773,496322,733.1,471.8,689.2,492.1,711.15,481.95,0
24,774,496323,733.3,472.0,688.2,492.6,710.75,482.3,0
24,775,496324,733.5,472.5,687.2,492.9,710.35,482.7,0
24,776,496325,733.1,473.0,686.7,493.2,709.9,483.1,0
24,777,496326,732.5,473.7,686.2,493.5,709.35,483.6,0
24,778,496327,731.7,474.4,686.7,493.6,709.2,484.0,0
24,779,496328,731.0,475.0,687.1,493.7,709.05,484.35,0
24,780,496329,730.6,475.5,688.0,493.6,709.3,484.55,0
24,781,496330,730.1,475.8,688.9,493.2,709.5,484.5,0
24,782,496331,729.5,475.3,689.8,492.7,709.65,484.0,0
24,783,496332,729.0,474.9,690.7,492.2,709.85,483.55,0
24,784,496333,728.7,474.2,691.4,491.7,710.05,482.95,0
24,785,496334,728.4,473.6,691.8,491.0,710.1,482.3,0
24,786,496335,728.1,472.9,692.2,490.4,710.15,481.65,0
24,787,496336,728.0,472.3,692.3,490.5,710.15,481.4,0
24,788,496337,727.9,471.9,692.3,490.9,710.1,481.4,0
24,789,496338,728.4,472.0,692.3,491.4,710.35,481.7,0
24,790,496339,728.8,472.1,692.1,491.8,710.45,481.95,0
24,791,496340,729.3,472.3,691.9,492.1,710.6,482.2,0
24,792,496341,729.9,472.4,691.6,492.4,710.75,482.4,0
24,793,496342,730.4,472.5,691.2,492.7,710.8,482.6,0
24,794,496343,730.9,472.6,690.6,492.4,710.75,482.5,0
24,795,496344,731.2,472.6,689.9,492.2,710.55,482.4,0
24,796,496345,731.2,472.5,689.4,491.9,710.3,482.2,0
24,797,496346,731.1,472.3,688.9,491.8,710.0,482.05,0
24,798,496347,731.1,472.2,688.5,491.8,709.8,482.0,0
24,799,496348,731.1,471.8,688.2,491.7,709.65,481.75,0
24,800,496349,731.0,471.2,688.1,491.3,709.55,481.25,0
25,801,496350,730.9,470.7,688.1,490.9,709.5,480.8,0
25,802,496351,730.7,470.1,688.8,490.0,709.75,480.05,0
25,803,496352,730.6,469.1,689.3,489.2,709.95,479.15,0
25,804,496353,730.4,467.3,689.8,488.3,710.1,477.8,0
25,805,496354,730.5,465.5,690.4,487.4,710.45,476.45,0
25,806,496355,730.4,464.0,691.0,486.6,710.7,475.3,0
25,807,496356,730.3,462.7,691.7,485.8,711.0,474.25,0
25,808,496357,730.2,461.5,692.4,485.1,711.3,473.3,0
25,809,496358,730.1,460.2,692.6,484.7,711.35,472.45,0
25,810,496359,729.7,459.5,692.8,484.3,711.25,471.9,0
25,811,496360,729.4,459.4,693.1,483.8,711.25,471.6,0
25,812,496361,728.8,459.3,693.2,483.2,711.0,471.25,0
25,813,496362,728.4,459.2,693.1,482.4,710.75,470.8,0
25,814,496363,728.0,459.1,692.7,481.9,710.35,470.5,0
25,815,496364,727.7,458.6,692.2,481.4,709.95,470.0,0
25,816,496365,727.5,457.9,691.6,481.0,709.55,469.45,0
25,817,496366,727.6,457.2,691.0,480.6,709.3,468.9,0
25,818,496367,727.6,456.6,690.5,480.3,709.05,468.45,0
25,819,496368,727.7,455.6,689.9,480.2,708.8,467.9,0
25,820,496369,727.7,454.6,689.4,479.9,708.55,467.25,0
25,821,496370,727.8,452.9,689.2,478.7,708.5,465.8,0
25,822,496371,727.8,451.5,688.9,477.6,708.35,464.55,0
25,823,496372,727.9,450.4,688.8,476.2,708.35,463.3,0
25,824,496373,728.1,449.2,688.6,474.8,708.35,462.0,0
25,825,496374,728.3,448.1,688.4,473.5,708.35,460.8,0
25,826,496375,728.4,446.8,688.2,472.3,708.3,459.55,0
25,827,496376,728.4,445.5,688.1,471.4,708.25,458.45,0
25,828,496377,728.1,445.0,688.0,471.5,708.05,458.25,0
25,829,496378,727.7,444.6,688.0,471.4,707.85,458.0,0
25,830,496379,727.4,444.2,688.0,471.3,707.7,457.75,0
25,831,496380,726.9,443.8,688.2,470.6,707.55,457.2,0
25,832,496381,726.4,443.5,688.5,469.9,707.45,456.7,0
25,833,496382,726.0,443.7,688.9,468.5,707.45,456.1,0
26,834,496383,725.6,443.9,689.3,466.8,707.45,455.35,0
26,835,496384,725.1,443.3,689.6,464.5,707.35,453.9,0
26,836,496385,724.6,442.6,689.9,462.4,707.25,452.5,0
26,837,496386,724.0,441.8,689.4,460.4,706.7,451.1,0
26,838,496387,723.0,441.1,688.8,458.1,705.9,449.6,0
26,839,496388,722.0,440.1,687.6,454.4,704.8,447.25,0
26,840,496389,721.0,439.1,686.4,451.0,703.7,445.05,0
26,841,496390,719.7,438.1,685.1,448.0,702.4,443.05,0
26,842,496391,717.6,438.0,683.5,445.5,700.55,441.75,0
26,843,496392,715.2,437.8,681.2,442.2,698.2,440.0,0
26,844,496393,712.8,437.8,679.7,439.0,696.25,438.4,0
26,845,496394,710.6,438.0,678.2,436.2,694.4,437.1,0
26,846,496395,708.5,439.0,676.4,434.5,692.45,436.75,0
26,847,496396,706.4,440.0,674.2,432.4,690.3,436.2,0
26,848,496397,704.7,441.1,672.2,430.3,688.45,435.7,0
26,849,496398,704.2,442.2,670.6,428.2,687.4,435.2,0
26,850,496399,704.6,443.4,670.1,426.8,687.35,435.1,0
26,851,496400,705.1,444.5,670.2,424.9,687.65,434.7,0
26,852,496401,706.0,445.3,670.3,423.3,688.15,434.3,0
26,853,496402,707.1,445.6,671.2,422.0,689.15,433.8,0
26,854,496403,709.1,446.2,672.9,421.4,691.0,433.8,0
26,855,496404,711.0,446.6,674.8,420.9,692.9,433.75,0
26,856,496405,713.6,448.0,676.6,421.1,695.1,434.55,0
26,857,496406,715.7,449.4,678.1,421.3,696.9,435.35,0
26,858,496407,717.8,451.2,678.9,422.3,698.35,436.75,0
26,859,496408,719.7,453.0,679.8,423.2,699.75,438.1,0
26,860,496409,721.4,454.8,680.7,424.0,701.05,439.4,0
26,861,496410,722.2,456.6,681.3,424.3,701.75,440.45,0
26,862,496411,722.4,458.5,681.7,424.6,702.05,441.55,0
26,863,496412,721.9,459.3,682.0,424.3,701.95,441.8,0
26,864,496413,721.4,460.1,682.2,424.2,701.8,442.15,0
26,865,496414,720.7,460.5,682.3,423.9,701.5,442.2,0
26,866,496415,720.0,460.8,682.2,423.7,701.1,442.25,0
27,867,496416,719.1,461.0,682.1,424.3,700.6,442.65,0
27,868,496417,717.9,460.8,681.6,425.8,699.75,443.3,0
27,869,496418,717.3,460.0,681.2,427.3,699.25,443.65,0
27,870,496419,716.7,459.2,680.8,428.8,698.75,444.0,0
27,871,496420,716.1,458.5,680.3,430.1,698.2,444.3,0
27,872,496421,715.6,457.4,679.9,431.4,697.75,444.4,0
27,873,496422,715.0,456.0,679.3,433.0,697.15,444.5,0
27,874,496423,714.8,454.7,678.4,434.2,696.6,444.45,0
27,875,496424,714.8,453.5,677.5,435.1,696.15,444.3,0
27,876,496425,714.9,452.7,676.5,437.8,695.7,445.25,0
27,877,496426,714.9,451.3,675.3,440.6,695.1,445.95,0
27,878,496427,715.0,449.9,674.2,444.3,694.6,447.1,0
27,879,496428,715.1,448.8,673.2,448.5,694.15,448.65,0
27,880,496429,715.2,447.8,672.4,452.5,693.8,450.15,0
27,881,496430,715.3,446.8,672.1,456.7,693.7,451.75,0
27,882,496431,715.4,444.8,671.8,461.1,693.6,452.95,0
27,883,496432,715.4,442.9,671.6,463.6,693.5,453.25,0
27,884,496433,715.4,441.3,671.5,466.2,693.45,453.75,0
27,885,496434,715.5,439.9,671.5,468.4,693.5,454.15,0
27,886,496435,715.4,438.4,671.4,469.9,693.4,454.15,0
27,887,496436,715.3,437.0,671.3,471.3,693.3,454.15,0
27,888,496437,715.1,435.7,671.3,472.5,693.2,454.1,0
27,889,496438,714.9,435.6,671.4,473.3,693.15,454.45,0
27,890,496439,714.7,435.5,671.5,474.1,693.1,454.8,0
27,891,496440,714.3,435.5,671.6,474.9,692.95,455.2,0
27,892,496441,714.0,435.5,671.7,475.3,692.85,455.4,0
27,893,496442,713.5,435.5,671.8,475.6,692.65,455.55,0
27,894,496443,713.1,435.6,671.9,475.8,692.5,455.7,0
27,895,496444,712.8,435.6,672.0,475.8,692.4,455.7,0
27,896,496445,712.5,435.2,672.1,475.8,692.3,455.5,0
27,897,496446,712.2,434.7,672.1,475.8,692.15,455.25,0
27,898,496447,712.1,434.2,672.1,475.6,692.1,454.9,0
27,899,496448,712.0,433.8,672.0,475.5,692.0,454.65,0
27,900,496449,712.0,433.5,671.9,475.4,691.95,454.45,0
28,901,496450,712.3,433.2,671.8,475.4,692.05,454.3,0
28,902,496451,712.6,432.8,671.7,475.6,692.15,454.2,0
28,903,496452,712.9,432.9,671.5,475.6,692.2,454.25,0
28,904,496453,713.1,433.1,671.5,475.6,692.3,454.35,0
28,905,496454,713.4,433.2,671.5,475.5,692.45,454.35,0
28,906,496455,713.7,433.3,671.8,475.2,692.75,454.25,0
28,907,496456,713.9,433.4,672.0,474.7,692.95,454.05,0
28,908,496457,713.9,433.5,672.2,474.2,693.05,453.85,0
28,909,496458,713.9,433.6,672.3,473.5,693.1,453.55,0
28,910,496459,713.8,433.8,672.3,472.9,693.05,453.35,0
28,911,496460,713.8,433.9,672.2,472.3,693.0,453.1,0
28,912,496461,713.7,434.0,671.9,471.8,692.8,452.9,0
28,913,496462,713.6,433.9,671.6,471.4,692.6,452.65,0
28,914,496463,713.6,433.8,671.2,471.2,692.4,452.5,0
28,915,496464,713.5,433.6,670.9,470.9,692.2,452.25,0
28,916,496465,713.1,433.4,670.6,470.8,691.85,452.1,0
28,917,496466,712.7,433.1,670.4,470.6,691.55,451.85,0
28,918,496467,712.4,432.7,670.3,470.3,691.35,451.5,0
28,919,496468,712.1,432.3,670.5,470.1,691.3,451.2,0
28,920,496469,711.9,432.1,670.7,469.8,691.3,450.95,0
28,921,496470,712.1,431.9,670.9,469.5,691.5,450.7,0
28,922,496471,712.4,431.8,671.0,469.2,691.7,450.5,0
28,923,496472,713.0,431.6,671.1,469.0,692.05,450.3,0
28,924,496473,713.6,431.4,671.1,468.9,692.35,450.15,0
28,925,496474,714.3,431.4,671.0,468.8,692.65,450.1,0
28,926,496475,714.8,431.5,670.9,468.7,692.85,450.1,0
28,927,496476,715.2,431.6,670.7,468.7,692.95,450.15,0
28,928,496477,715.3,432.1,670.6,468.9,692.95,450.5,0
28,929,496478,715.4,432.7,670.7,469.4,693.05,451.05,0
28,930,496479,715.4,433.2,670.9,469.8,693.15,451.5,0
28,931,496480,715.3,433.7,671.1,470.3,693.2,452.0,0
28,932,496481,715.3,434.2,671.3,470.8,693.3,452.5,0
28,933,496482,715.2,434.6,671.5,470.8,693.35,452.7,0
29,934,496483,715.0,434.9,671.8,470.7,693.4,452.8,0
29,935,496484,714.8,434.8,672.0,470.6,693.4,452.7,0
29,936,496485,714.6,434.7,672.1,470.1,693.35,452.4,0
29,937,496486,714.5,434.7,672.2,469.6,693.35,452.15,0
29,938,496487,714.3,434.7,672.4,469.3,693.35,452.0,0
29,939,496488,714.1,434.9,672.5,469.4,693.3,452.15,0
29,940,496489,713.8,435.1,672.6,470.3,693.2,452.7,0
29,941,496490,713.7,435.4,672.7,471.0,693.2,453.2,0
29,942,496491,713.7,435.6,672.8,471.7,693.25,453.65,0
29,943,496492,713.7,435.9,672.9,472.3,693.3,454.1,0
29,944,496493,713.6,436.0,673.1,473.0,693.35,454.5,0
29,945,496494,713.6,436.1,673.2,473.5,693.4,454.8,0
29,946,496495,713.7,436.1,673.3,474.2,693.5,455.15,0
29,947,496496,713.9,436.1,673.4,474.6,693.65,455.35,0
29,948,496497,714.2,436.1,673.6,475.0,693.9,455.55,0
29,949,496498,714.3,436.2,673.7,475.5,694.0,455.85,0
29,950,496499,714.5,436.4,673.8,475.6,694.15,456.0,0
29,951,496500,714.6,436.4,673.9,475.6,694.25,456.0,0
29,952,496501,714.8,436.4,673.8,475.5,694.3,455.95,0
29,953,496502,714.9,436.4,673.9,475.1,694.4,455.75,0
29,954,496503,715.0,436.5,673.8,474.7,694.4,455.6,0
29,955,496504,714.9,436.6,673.7,474.3,694.3,455.45,0
29,956,496505,714.7,437.0,673.6,473.9,694.15,455.45,0
29,957,496506,714.6,437.8,673.5,473.9,694.05,455.85,0
29,958,496507,714.5,438.8,673.3,474.2,693.9,456.5,0
29,959,496508,714.3,439.7,673.2,474.4,693.75,457.05,0
29,960,496509,714.1,440.7,673.1,474.8,693.6,457.75,0
29,961,496510,714.0,441.7,673.0,475.2,693.5,458.45,0
29,962,496511,714.0,442.5,673.0,475.5,693.5,459.0,0
29,963,496512,714.0,443.0,672.9,475.8,693.45,459.4,0
29,964,496513,713.9,443.1,673.2,476.1,693.55,459.6,0
29,965,496514,713.9,443.6,673.4,476.2,693.65,459.9,0
29,966,496515,713.9,444.2,673.7,476.3,693.8,460.25,0
30,967,496516,713.8,445.2,673.9,476.1,693.85,460.65,0
30,968,496517,714.0,446.3,674.2,475.8,694.1,461.05,0
30,969,496518,714.3,447.4,674.5,475.5,694.4,461.45,0
30,970,496519,714.6,448.4,674.7,475.3,694.65,461.85,0
30,971,496520,715.0,449.5,674.7,475.2,694.85,462.35,0
30,972,496521,715.3,450.0,674.8,475.1,695.05,462.55,0
30,973,496522,715.7,450.6,674.9,475.3,695.3,462.95,0
30,974,496523,716.0,450.6,675.0,475.6,695.5,463.1,0
30,975,496524,715.9,450.6,675.1,475.9,695.5,463.25,0
30,976,496525,715.9,450.6,675.2,476.2,695.55,463.4,0
30,977,496526,715.7,450.6,675.3,476.5,695.5,463.55,0
30,978,496527,715.6,450.7,675.4,476.7,695.5,463.7,0
30,979,496528,715.5,450.7,675.5,476.9,695.5,463.8,0
30,980,496529,715.5,450.6,675.5,476.7,695.5,463.65,0
30,981,496530,715.5,450.5,675.5,476.5,695.5,463.5,0
30,982,496531,715.6,450.5,675.6,476.2,695.6,463.35,0
30,983,496532,715.7,450.6,675.7,475.8,695.7,463.2,0
30,984,496533,715.7,450.6,675.9,475.2,695.8,462.9,0
30,985,496534,715.8,450.7,676.2,474.5,696.0,462.6,0
30,986,496535,715.9,450.8,676.5,473.4,696.2,462.1,0
30,987,496536,715.9,451.1,676.8,472.3,696.35,461.7,0
30,988,496537,715.9,451.4,676.9,471.2,696.4,461.3,0
30,989,496538,716.0,451.8,677.0,470.0,696.5,460.9,0
30,990,496539,716.1,452.2,677.1,469.0,696.6,460.6,0
30,991,496540,716.4,452.6,677.0,468.2,696.7,460.4,0
30,992,496541,716.8,453.0,676.9,467.6,696.85,460.3,0
30,993,496542,717.1,453.4,676.7,467.4,696.9,460.4,0
30,994,496543,717.4,453.8,676.7,467.1,697.05,460.45,0
30,995,496544,717.7,454.2,676.7,467.1,697.2,460.65,0
30,996,496545,717.9,454.5,676.8,467.0,697.35,460.75,0
30,997,496546,717.9,454.7,676.8,467.0,697.35,460.85,0
30,998,496547,717.7,454.8,676.9,466.9,697.3,460.85,0
30,999,496548,717.5,454.8,676.9,466.8,697.2,460.8,0
30,1000,496549,717.3,454.6,676.9,466.8,697.1,460.7,0
31,1001,496550,717.2,454.4,676.8,466.8,697.0,460.6,0
31,1002,496551,717.0,454.0,676.6,466.9,696.8,460.45,0
31,1003,496552,716.9,453.5,676.5,467.0,696.7,460.25,0
31,1004,496553,716.8,453.1,676.3,467.1,696.55,460.1,0
31,1005,496554,716.9,453.0,676.3,467.3,696.6,460.15,0
31,1006,496555,717.2,453.3,676.2,467.5,696.7,460.4,0
31,1007,496556,718.2,453.8,676.2,467.7,697.2,460.75,0
31,1008,496557,719.4,454.3,676.5,467.9,697.95,461.1,0
31,1009,496558,720.5,454.9,677.4,468.0,698.95,461.45,0
31,1010,496559,721.6,455.5,678.3,468.2,699.95,461.85,0
31,1011,496560,724.2,456.0,679.7,468.4,701.95,462.2,0
31,1012,496561,726.6,456.2,681.2,468.7,703.9,462.45,0
31,1013,496562,728.7,456.0,682.8,469.0,705.75,462.5,0
31,1014,496563,732.0,455.8,684.4,469.5,708.2,462.65,0
31,1015,496564,735.1,455.1,686.8,469.9,710.95,462.5,0
31,1016,496565,739.0,454.5,689.5,470.3,714.25,462.4,0
31,1017,496566,743.7,453.9,692.2,470.6,717.95,462.25,0
31,1018,496567,747.0,453.5,694.4,470.5,720.7,462.0,0
31,1019,496568,750.3,453.2,696.6,470.5,723.45,461.85,0
31,1020,496569,753.5,453.0,699.2,470.4,726.35,461.7,0
31,1021,496570,754.8,452.8,701.7,470.3,728.25,461.55,0
31,1022,496571,756.1,453.1,703.0,470.1,729.55,461.6,0
31,1023,496572,756.1,453.3,703.4,469.9,729.75,461.6,0
31,1024,496573,755.2,453.4,703.7,469.9,729.45,461.65,0
31,1025,496574,752.9,453.5,703.8,469.9,728.35,461.7,0
31,1026,496575,750.4,453.5,703.8,470.0,727.1,461.75,0
31,1027,496576,747.9,453.9,702.3,470.1,725.1,462.0,0
31,1028,496577,745.3,454.3,700.9,470.2,723.1,462.25,0
31,1029,496578,742.7,454.8,699.5,470.4,721.1,462.6,0
31,1030,496579,740.7,455.2,698.2,470.6,719.45,462.9,0
31,1031,496580,738.8,455.7,696.9,470.9,717.85,463.3,0
31,1032,496581,738.2,456.1,695.5,471.1,716.85,463.6,0
31,1033,496582,737.9,456.3,694.0,471.2,715.95,463.75,0
32,1034,496583,737.6,456.1,693.5,471.2,715.55,463.65,0
32,1035,496584,737.5,456.0,693.0,470.9,715.25,463.45,0
32,1036,496585,737.5,455.8,692.6,470.5,715.05,463.15,0
32,1037,496586,737.6,455.5,692.2,470.1,714.9,462.8,0
32,1038,496587,738.1,455.4,692.1,469.2,715.1,462.3,0
32,1039,496588,738.8,455.3,692.2,468.2,715.5,461.75,0
32,1040,496589,739.5,455.5,692.5,467.1,716.0,461.3,0
32,1041,496590,740.1,455.6,693.1,466.0,716.6,460.8,0
32,1042,496591,740.8,455.8,693.8,465.1,717.3,460.45,0
32,1043,496592,741.5,456.0,694.5,464.2,718.0,460.1,0
32,1044,496593,742.0,456.3,695.2,463.3,718.6,459.8,0
32,1045,496594,742.2,456.5,695.8,463.0,719.0,459.75,0
32,1046,496595,742.4,456.6,696.5,462.8,719.45,459.7,0
32,1047,496596,742.6,456.6,697.2,462.7,719.9,459.65,0
32,1048,496597,742.7,456.6,697.6,462.7,720.15,459.65,0
32,1049,496598,742.8,456.6,698.0,462.6,720.4,459.6,0
32,1050,496599,742.9,456.4,698.4,461.8,720.65,459.1,0
32,1051,496600,742.9,456.2,698.8,461.0,720.85,458.6,0
32,1052,496601,742.9,456.1,699.2,460.2,721.05,458.15,0
32,1053,496602,742.8,455.9,699.4,459.2,721.1,457.55,0
32,1054,496603,742.7,455.7,699.7,458.1,721.2,456.9,0
32,1055,496604,742.4,455.4,699.9,456.4,721.15,455.9,0
32,1056,496605,741.8,455.2,700.1,454.8,720.95,455.0,0
32,1057,496606,741.2,455.0,700.1,453.7,720.65,454.35,0
32,1058,496607,740.7,454.8,699.9,452.6,720.3,453.7,0
32,1059,496608,740.8,454.5,699.7,450.6,720.25,452.55,0
32,1060,496609,741.0,454.4,699.6,448.6,720.3,451.5,0
32,1061,496610,741.0,454.1,699.3,446.7,720.15,450.4,0
32,1062,496611,741.1,453.9,699.1,445.3,720.1,449.6,0
32,1063,496612,741.5,453.6,698.9,443.9,720.2,448.75,0
32,1064,496613,741.9,453.4,699.1,441.9,720.5,447.65,0
32,1065,496614,742.2,453.0,699.5,439.8,720.85,446.4,0
32,1066,496615,742.0,452.2,699.9,438.3,720.95,445.25,0
33,1067,496616,741.7,451.5,700.3,436.9,721.0,444.2,0
33,1068,496617,741.6,450.6,700.7,435.5,721.15,443.05,0
33,1069,496618,741.5,449.7,701.2,434.1,721.35,441.9,0
33,1070,496619,741.5,448.8,701.7,432.1,721.6,440.45,0
33,1071,496620,741.5,447.8,702.0,430.7,721.75,439.25,0
33,1072,496621,741.5,446.4,702.5,429.0,722.0,437.7,0
33,1073,496622,741.5,445.2,702.9,427.6,722.2,436.4,0
33,1074,496623,741.4,444.2,703.4,425.8,722.4,435.0,0
33,1075,496624,741.2,442.8,703.8,424.0,722.5,433.4,0
33,1076,496625,741.0,441.7,704.2,422.0,722.6,431.85,0
33,1077,496626,740.9,439.8,704.6,420.7,722.75,430.25,0
33,1078,496627,740.7,438.0,704.8,419.9,722.75,428.95,0
33,1079,496628,740.5,436.6,705.0,419.3,722.75,427.95,0
33,1080,496629,740.5,435.3,705.1,418.9,722.8,427.1,0
33,1081,496630,740.5,433.9,705.2,419.2,722.85,426.55,0
33,1082,496631,740.5,432.9,705.3,419.5,722.9,426.2,0
33,1083,496632,740.7,431.9,705.2,421.1,722.95,426.5,0
33,1084,496633,740.8,432.0,704.8,423.3,722.8,427.65,0
33,1085,496634,740.9,432.1,704.3,425.3,722.6,428.7,0
33,1086,496635,740.9,432.3,703.9,427.3,722.4,429.8,0
33,1087,496636,740.6,432.5,703.4,429.3,722.0,430.9,0
33,1088,496637,740.3,432.8,702.8,431.0,721.55,431.9,0
33,1089,496638,740.0,432.6,702.3,432.8,721.15,432.7,0
33,1090,496639,739.8,432.4,701.9,433.2,720.85,432.8,0
33,1091,496640,739.8,431.9,701.4,433.1,720.6,432.5,0
33,1092,496641,739.9,431.4,701.0,432.9,720.45,432.15,0
33,1093,496642,740.1,430.9,700.6,432.8,720.35,431.85,0
33,1094,496643,740.6,430.6,700.2,432.6,720.4,431.6,0
33,1095,496644,740.6,430.5,699.9,432.6,720.25,431.55,0
33,1096,496645,740.6,430.7,699.6,432.5,720.1,431.6,0
33,1097,496646,740.4,431.1,699.4,432.5,719.9,431.8,0
33,1098,496647,739.9,431.9,699.5,432.9,719.7,432.4,0
33,1099,496648,739.4,432.7,699.6,433.6,719.5,433.15,0
33,1100,496649,739.0,433.9,699.5,435.6,719.25,434.75,0
34,1101,496650,738.6,435.6,699.3,437.5,718.95,436.55,0
34,1102,496651,738.7,437.1,699.1,439.6,718.9,438.35,0
34,1103,496652,738.7,438.6,698.8,441.8,718.75,440.2,0
34,1104,496653,738.9,440.1,698.5,444.4,718.7,442.25,0
34,1105,496654,739.1,441.2,698.1,447.2,718.6,444.2,0
34,1106,496655,739.4,442.9,697.8,449.9,718.6,446.4,0
34,1107,496656,739.8,444.0,697.5,451.5,718.65,447.75,0
34,1108,496657,740.1,444.6,697.3,453.0,718.7,448.8,0
34,1109,496658,740.3,445.3,697.0,454.7,718.65,450.0,0
34,1110,496659,740.6,446.0,696.4,456.3,718.5,451.15,0
34,1111,496660,740.7,446.5,695.8,457.5,718.25,452.0,0
34,1112,496661,740.7,447.6,695.2,458.3,717.95,452.95,0
34,1113,496662,740.6,448.4,694.9,459.1,717.75,453.75,0
34,1114,496663,740.5,449.2,694.7,459.9,717.6,454.55,1
34,1115,496664,740.0,450.1,694.5,460.8,717.25,455.45,0
34,1116,496665,739.2,450.9,694.3,461.9,716.75,456.4,0
34,1117,496666,738.5,451.8,694.3,463.0,716.4,457.4,0
34,1118,496667,737.7,452.7,694.2,465.2,715.95,458.95,0
34,1119,496668,737.1,452.9,694.1,467.1,715.6,460.0,0
34,1120,496669,736.5,452.9,693.8,469.1,715.15,461.0,0
34,1121,496670,736.1,452.8,693.5,471.1,714.8,461.95,0
34,1122,496671,736.1,452.4,693.5,473.0,714.8,462.7,0
34,1123,496672,736.4,451.4,693.4,474.2,714.9,462.8,1
34,1124,496673,736.7,450.3,693.6,475.2,715.15,462.75,0
34,1125,496674,737.0,449.2,693.8,475.1,715.4,462.15,0
34,1126,496675,737.2,448.1,694.1,475.0,715.65,461.55,0
34,1127,496676,737.5,447.0,694.4,474.2,715.95,460.6,0
34,1128,496677,737.5,445.9,694.8,473.3,716.15,459.6,0
34,1129,496678,737.4,444.9,695.1,472.1,716.25,458.5,0
34,1130,496679,737.3,444.4,695.5,470.8,716.4,457.6,0
34,1131,496680,737.1,443.8,695.8,469.0,716.45,456.4,0
34,1132,496681,737.0,443.2,696.3,467.2,716.65,455.2,0
34,1133,496682,736.8,442.1,696.8,464.7,716.8,453.4,0
35,1134,496683,736.8,441.2,697.3,462.3,717.05,451.75,0
35,1135,496684,737.0,439.3,697.5,459.7,717.25,449.5,0
35,1136,496685,737.2,437.6,697.9,456.4,717.55,447.0,0
35,1137,496686,737.4,436.1,698.2,453.4,717.8,444.75,1
35,1138,496687,737.7,434.6,698.4,450.7,718.05,442.65,0
35,1139,496688,737.9,433.1,698.7,448.0,718.3,440.55,0
35,1140,496689,737.9,432.0,699.2,446.1,718.55,439.05,0
35,1141,496690,737.8,430.9,699.8,443.7,718.8,437.3,0
35,1142,496691,737.6,430.8,700.6,441.5,719.1,436.15,0
35,1143,496692,737.4,430.6,701.4,440.3,719.4,435.45,0
35,1144,496693,737.3,430.4,702.3,439.1,719.8,434.75,0
35,1145,496694,737.1,430.3,703.2,438.4,720.15,434.35,0
35,1146,496695,737.0,429.6,704.3,437.8,720.65,433.7,0
35,1147,496696,737.0,428.9,705.1,437.1,721.05,433.0,1
35,1148,496697,737.0,428.1,705.7,437.2,721.35,432.65,0
35,1149,496698,737.0,427.5,706.1,437.3,721.55,432.4,0
35,1150,496699,737.1,427.1,706.4,437.5,721.75,432.3,0
35,1151,496700,737.4,427.1,706.7,437.6,722.05,432.35,0
35,1152,496701,737.8,427.2,706.8,437.7,722.3,432.45,0
35,1153,496702,738.3,427.9,706.7,437.7,722.5,432.8,0
35,1154,496703,738.8,428.5,706.6,437.7,722.7,433.1,0
35,1155,496704,739.3,429.2,706.3,437.7,722.8,433.45,0
35,1156,496705,739.7,429.8,706.0,437.7,722.85,433.75,1
35,1157,496706,740.0,430.3,705.3,437.6,722.65,433.95,0
35,1158,496707,740.0,430.4,704.6,437.5,722.3,433.95,0
35,1159,496708,739.9,430.5,703.4,437.3,721.65,433.9,0
35,1160,496709,740.0,430.9,702.2,437.2,721.1,434.05,0
35,1161,496710,740.2,431.2,701.0,437.0,720.6,434.1,0
35,1162,496711,740.4,431.5,700.0,436.7,720.2,434.1,0
35,1163,496712,740.7,431.3,699.1,436.3,719.9,433.8,0
35,1164,496713,741.1,430.9,698.7,435.7,719.9,433.3,1
35,1165,496714,741.5,430.4,698.2,435.1,719.85,432.75,0
35,1166,496715,741.9,429.9,698.2,434.4,720.05,432.15,0
36,1167,496716,742.2,429.2,698.2,433.8,720.2,431.5,0
36,1168,496717,742.3,428.5,698.2,433.2,720.25,430.85,0
36,1169,496718,742.3,427.8,698.2,432.6,720.25,430.2,0
36,1170,496719,742.2,427.7,698.2,432.2,720.2,429.95,0
36,1171,496720,742.0,427.6,698.2,432.1,720.1,429.85,0
36,1172,496721,741.7,427.4,698.2,431.8,719.95,429.6,0
36,1173,496722,741.5,427.2,698.3,431.7,719.9,429.45,0
36,1174,496723,741.3,427.0,698.5,431.5,719.9,429.25,0
36,1175,496724,741.1,426.9,698.8,431.4,719.95,429.15,0
36,1176,496725,740.9,426.8,699.1,431.3,720.0,429.05,0
36,1177,496726,740.8,426.7,699.5,431.2,720.15,428.95,0
36,1178,496727,740.6,426.7,700.0,431.1,720.3,428.9,0
36,1179,496728,740.5,426.9,700.4,431.1,720.45,429.0,0
36,1180,496729,739.9,427.6,700.8,431.2,720.35,429.4,1
36,1181,496730,739.4,428.2,701.0,431.2,720.2,429.7,0
36,1182,496731,738.8,428.8,701.2,431.3,720.0,430.05,0
36,1183,496732,738.5,429.4,701.4,432.2,719.95,430.8,0
36,1184,496733,738.3,430.0,701.6,433.1,719.95,431.55,0
36,1185,496734,738.0,430.8,702.5,434.1,720.25,432.45,0
36,1186,496735,737.7,431.4,703.5,435.1,720.6,433.25,0
36,1187,496736,738.0,431.7,704.4,436.0,721.2,433.85,0
36,1188,496737,738.3,431.9,705.2,437.0,721.75,434.45,0
36,1189,496738,738.7,432.2,706.2,438.2,722.45,435.2,1
36,1190,496739,738.9,432.4,707.0,438.7,722.95,435.55,0
36,1191,496740,739.2,432.5,707.8,439.5,723.5,436.0,0
36,1192,496741,739.3,432.4,708.2,440.6,723.75,436.5,0
36,1193,496742,739.5,432.1,708.5,442.0,724.0,437.05,0
36,1194,496743,739.5,431.9,708.8,444.4,724.15,438.15,0
36,1195,496744,739.5,431.6,709.2,447.0,724.35,439.3,0
36,1196,496745,739.4,431.4,709.6,449.5,724.5,440.45,0
36,1197,496746,739.1,431.2,709.9,451.8,724.5,441.5,0
36,1198,496747,738.6,431.3,710.1,454.2,724.35,442.75,0
36,1199,496748,738.2,431.8,710.0,456.1,724.1,443.95,1
36,1200,496749,737.8,432.5,709.5,457.8,723.65,445.15,0
37,1201,496750,737.5,433.3,709.0,458.6,723.25,445.95,0
37,1202,496751,737.2,434.5,708.1,459.5,722.65,447.0,0
37,1203,496752,737.1,435.5,707.2,460.3,722.15,447.9,0
37,1204,496753,737.3,436.5,706.1,461.1,721.7,448.8,0
37,1205,496754,737.6,437.4,705.1,461.7,721.35,449.55,0
37,1206,496755,737.9,437.9,704.0,462.3,720.95,450.1,0
37,1207,496756,738.2,438.4,703.3,463.0,720.75,450.7,0
37,1208,496757,738.6,438.7,702.4,463.7,720.5,451.2,0
37,1209,496758,739.5,439.0,701.7,464.1,720.6,451.55,0
37,1210,496759,740.4,439.3,701.0,464.4,720.7,451.85,0
37,1211,496760,741.1,439.7,700.5,464.6,720.8,452.15,1
37,1212,496761,741.8,440.1,699.9,464.8,720.85,452.45,0
37,1213,496762,742.5,440.6,699.3,465.1,720.9,452.85,0
37,1214,496763,743.2,441.0,698.8,465.3,721.0,453.15,0
37,1215,496764,743.9,441.4,698.4,465.4,721.15,453.4,0
37,1216,496765,743.9,441.7,698.0,465.4,720.95,453.55,0
37,1217,496766,744.0,442.0,697.6,465.3,720.8,453.65,0
37,1218,496767,744.1,442.4,697.3,465.1,720.7,453.75,0
37,1219,496768,744.1,442.8,697.0,464.9,720.55,453.85,0
37,1220,496769,744.1,443.1,696.7,464.2,720.4,453.65,0
37,1221,496770,743.9,443.4,696.4,463.6,720.15,453.5,0
37,1222,496771,743.8,443.6,696.3,462.8,720.05,453.2,0
37,1223,496772,743.5,443.6,696.0,462.9,719.75,453.25,0
37,1224,496773,743.1,443.7,695.8,463.1,719.45,453.4,0
37,1225,496774,742.7,443.7,695.6,463.4,719.15,453.55,0
37,1226,496775,742.4,443.7,695.3,463.8,718.85,453.75,0
37,1227,496776,742.2,443.7,695.1,464.4,718.65,454.05,0
37,1228,496777,742.0,443.7,694.9,464.9,718.45,454.3,0
37,1229,496778,741.9,444.0,694.8,465.0,718.35,454.5,0
37,1230,496779,742.0,444.5,694.8,464.3,718.4,454.4,0
37,1231,496780,742.2,445.1,694.9,463.4,718.55,454.25,0
37,1232,496781,742.9,445.5,695.0,462.5,718.95,454.0,0
37,1233,496782,743.5,446.0,695.6,461.6,719.55,453.8,0
38,1234,496783,744.1,446.4,696.1,460.8,720.1,453.6,0
38,1235,496784,744.7,446.8,696.7,460.1,720.7,453.45,0
38,1236,496785,745.1,447.1,697.3,459.9,721.2,453.5,0
38,1237,496786,745.2,447.1,697.9,459.7,721.55,453.4,0
38,1238,496787,745.0,447.2,698.5,460.3,721.75,453.75,0
38,1239,496788,744.4,447.4,698.9,460.8,721.65,454.1,0
38,1240,496789,743.7,447.6,698.9,461.3,721.3,454.45,0
38,1241,496790,743.0,448.0,698.9,461.7,720.95,454.85,0
38,1242,496791,742.1,448.5,699.0,462.2,720.55,455.35,0
38,1243,496792,741.3,449.4,699.0,462.6,720.15,456.0,0
38,1244,496793,740.7,450.2,699.4,463.1,720.05,456.65,0
38,1245,496794,740.3,450.9,699.9,463.1,720.1,457.0,0
38,1246,496795,739.9,451.5,700.3,463.4,720.1,457.45,0
38,1247,496796,739.6,452.1,700.8,463.7,720.2,457.9,0
38,1248,496797,739.3,452.5,701.3,464.0,720.3,458.25,0
38,1249,496798,739.3,452.8,701.7,464.5,720.5,458.65,0
38,1250,496799,739.2,452.8,702.2,465.0,720.7,458.9,0
38,1251,496800,739.2,452.7,702.2,465.5,720.7,459.1,0
38,1252,496801,739.3,452.6,702.2,466.3,720.75,459.45,0
38,1253,496802,739.3,452.5,702.2,466.9,720.75,459.7,0
38,1254,496803,739.3,452.4,702.2,467.5,720.75,459.95,0
38,1255,496804,739.4,452.4,702.3,468.3,720.85,460.35,0
38,1256,496805,739.4,452.6,702.4,469.1,720.9,460.85,0
38,1257,496806,739.4,452.9,702.5,469.8,720.95,461.35,0
38,1258,496807,739.5,453.2,702.6,470.7,721.05,461.95,0
38,1259,496808,739.5,453.6,702.7,471.2,721.1,462.4,0
38,1260,496809,739.5,454.1,702.9,471.7,721.2,462.9,0
38,1261,496810,739.6,454.6,703.0,472.1,721.3,463.35,0
38,1262,496811,739.6,455.0,703.1,472.3,721.35,463.65,0
38,1263,496812,739.6,455.1,703.1,472.5,721.35,463.8,0
38,1264,496813,739.6,455.2,703.1,472.5,721.35,463.85,0
38,1265,496814,739.6,455.3,703.2,472.5,721.4,463.9,0
38,1266,496815,739.6,455.3,703.4,472.4,721.5,463.85,0
39,1267,496816,739.5,455.2,703.8,472.3,721.65,463.75,0
39,1268,496817,739.3,455.2,704.2,472.3,721.75,463.75,0
39,1269,496818,738.9,455.3,704.6,472.1,721.75,463.7,0
39,1270,496819,738.5,455.4,705.0,471.9,721.75,463.65,0
39,1271,496820,737.9,455.5,705.4,471.7,721.65,463.6,0
39,1272,496821,737.4,455.6,705.7,471.1,721.55,463.35,0
39,1273,496822,736.9,455.7,705.8,470.5,721.35,463.1,0
39,1274,496823,736.4,455.7,705.6,470.0,721.0,462.85,0
39,1275,496824,736.1,455.7,705.4,469.6,720.75,462.65,0
39,1276,496825,736.0,455.6,705.0,469.2,720.5,462.4,0
39,1277,496826,736.0,455.5,704.5,469.0,720.25,462.25,0
39,1278,496827,736.1,455.4,703.9,468.8,720.0,462.1,0
39,1279,496828,736.3,455.3,703.4,469.0,719.85,462.15,0
39,1280,496829,736.5,455.2,703.0,469.1,719.75,462.15,0
39,1281,496830,736.9,455.1,702.6,469.2,719.75,462.15,0
39,1282,496831,737.2,454.8,702.1,469.2,719.65,462.0,0
39,1283,496832,737.8,454.5,701.9,469.2,719.85,461.85,0
39,1284,496833,738.4,454.2,701.8,469.3,720.1,461.75,0
39,1285,496834,738.9,454.3,701.7,469.4,720.3,461.85,0
39,1286,496835,739.4,454.4,701.5,469.6,720.45,462.0,0
39,1287,496836,739.8,454.5,701.3,470.4,720.55,462.45,0
39,1288,496837,740.0,454.7,701.2,471.3,720.6,463.0,0
39,1289,496838,740.3,455.0,701.0,472.2,720.65,463.6,0
39,1290,496839,740.1,455.3,700.8,473.0,720.45,464.15,0
39,1291,496840,739.9,455.7,700.5,473.6,720.2,464.65,0
39,1292,496841,739.8,455.8,700.1,474.1,719.95,464.95,0
39,1293,496842,739.6,456.0,699.8,474.3,719.7,465.15,0
39,1294,496843,739.4,456.2,699.5,474.0,719.45,465.1,0
39,1295,496844,739.2,456.3,699.1,473.5,719.15,464.9,0
39,1296,496845,738.9,456.5,698.7,473.1,718.8,464.8,0
39,1297,496846,738.8,456.6,698.4,472.7,718.6,464.65,0
39,1298,496847,738.8,456.6,698.2,472.5,718.5,464.55,0
39,1299,496848,739.2,456.5,698.1,472.4,718.65,464.45,0
39,1300,496849,739.6,456.3,698.1,472.4,718.85,464.35,0
40,1301,496850,739.9,456.1,698.0,472.5,718.95,464.3,0
40,1302,496851,740.3,455.9,697.9,472.5,719.1,464.2,0
40,1303,496852,740.8,455.8,698.0,472.4,719.4,464.1,0
40,1304,496853,741.1,455.7,698.0,472.2,719.55,463.95,0
40,1305,496854,741.3,455.6,698.0,471.9,719.65,463.75,0
40,1306,496855,741.3,455.6,698.0,471.5,719.65,463.55,0
40,1307,496856,741.1,455.6,698.1,471.2,719.6,463.4,0
40,1308,496857,740.9,455.6,698.1,470.9,719.5,463.25,0
40,1309,496858,740.6,455.6,698.2,470.6,719.4,463.1,0
40,1310,496859,740.4,455.6,698.3,470.9,719.35,463.25,0
40,1311,496860,740.2,455.5,698.4,471.4,719.3,463.45,0
40,1312,496861,740.1,455.5,698.5,471.9,719.3,463.7,0
40,1313,496862,739.9,455.6,698.6,472.4,719.25,464.0,0
40,1314,496863,739.8,456.0,698.6,472.9,719.2,464.45,0
40,1315,496864,739.8,456.4,698.5,473.4,719.15,464.9,0
40,1316,496865,740.0,456.8,698.4,473.9,719.2,465.35,0
40,1317,496866,740.3,457.2,698.4,473.8,719.35,465.5,0
40,1318,496867,740.5,457.7,698.4,473.7,719.45,465.7,0
40,1319,496868,740.8,458.1,698.6,473.4,719.7,465.75,0
40,1320,496869,741.2,458.4,698.9,473.1,720.05,465.75,0
40,1321,496870,741.8,458.3,699.3,472.8,720.55,465.55,0
40,1322,496871,742.3,458.0,699.8,472.4,721.05,465.2,0
40,1323,496872,742.6,457.7,700.3,472.2,721.45,464.95,0
40,1324,496873,742.8,457.3,700.8,471.9,721.8,464.6,0
40,1325,496874,743.1,457.0,701.2,471.8,722.15,464.4,0
40,1326,496875,743.1,456.6,701.5,471.8,722.3,464.2,0
40,1327,496876,743.1,456.4,701.7,471.7,722.4,464.05,0
40,1328,496877,742.7,456.3,701.8,471.6,722.25,463.95,0
40,1329,496878,742.3,456.5,701.8,471.6,722.05,464.05,0
40,1330,496879,742.0,456.6,701.9,471.5,721.95,464.05,0
40,1331,496880,741.6,456.6,702.0,471.4,721.8,464.0,0
40,1332,496881,741.3,456.6,702.1,470.6,721.7,463.6,0
40,1333,496882,741.1,456.5,702.3,469.7,721.7,463.1,0
41,1334,496883,740.9,456.4,702.5,468.8,721.7,462.6,0
41,1335,496884,741.0,456.2,702.7,468.0,721.85,462.1,0
41,1336,496885,741.0,455.7,703.2,467.4,722.1,461.55,0
41,1337,496886,741.1,455.4,703.7,466.9,722.4,461.15,0
41,1338,496887,741.1,455.1,704.1,466.5,722.6,460.8,0
41,1339,496888,741.1,454.9,704.6,466.8,722.85,460.85,0
41,1340,496889,741.1,454.8,705.0,467.2,723.05,461.0,0
41,1341,496890,741.1,454.7,705.4,468.0,723.25,461.35,0
41,1342,496891,741.1,454.6,705.7,468.7,723.4,461.65,0
41,1343,496892,741.1,454.7,705.9,469.3,723.5,462.0,0
41,1344,496893,741.1,454.8,706.0,469.7,723.55,462.25,0
41,1345,496894,741.0,455.0,706.2,469.9,723.6,462.45,0
41,1346,496895,741.0,455.0,706.4,469.9,723.7,462.45,0
41,1347,496896,740.4,454.9,706.4,469.9,723.4,462.4,0
41,1348,496897,739.9,454.9,706.4,469.6,723.15,462.25,0
41,1349,496898,739.3,454.9,706.3,469.1,722.8,462.0,0
41,1350,496899,738.8,454.9,706.3,468.5,722.55,461.7,0
41,1351,496900,738.2,455.0,706.2,467.4,722.2,461.2,0
41,1352,496901,737.7,455.0,706.1,466.3,721.9,460.65,0
41,1353,496902,737.2,455.1,706.2,465.5,721.7,460.3,0
41,1354,496903,737.4,455.3,706.4,464.7,721.9,460.0,0
41,1355,496904,737.5,455.5,706.7,464.0,722.1,459.75,0
41,1356,496905,737.8,455.5,707.0,463.4,722.4,459.45,0
41,1357,496906,738.0,455.5,707.3,462.9,722.65,459.2,0
41,1358,496907,738.3,455.1,707.5,462.9,722.9,459.0,0
41,1359,496908,738.6,454.6,707.7,463.0,723.15,458.8,0
41,1360,496909,738.8,454.1,707.7,463.0,723.25,458.55,0
41,1361,496910,738.9,453.6,707.8,463.1,723.35,458.35,0
41,1362,496911,739.0,453.3,707.8,463.0,723.4,458.15,0
41,1363,496912,739.2,453.1,707.9,462.7,723.55,457.9,0
41,1364,496913,739.4,453.0,707.9,462.4,723.65,457.7,0
41,1365,496914,739.6,453.3,708.0,462.1,723.8,457.7,0
41,1366,496915,739.9,453.6,708.0,461.6,723.95,457.6,0
42,1367,496916,740.2,454.0,708.0,461.1,724.1,457.55,0
42,1368,496917,740.5,454.5,708.1,459.9,724.3,457.2,0
42,1369,496918,740.8,454.8,708.1,458.8,724.45,456.8,0
42,1370,496919,741.0,454.9,708.1,457.8,724.55,456.35,0
42,1371,496920,741.2,454.9,707.9,456.8,724.55,455.85,0
42,1372,496921,741.4,454.8,707.7,455.8,724.55,455.3,0
42,1373,496922,741.6,454.6,707.5,454.9,724.55,454.75,0
42,1374,496923,741.8,454.2,707.2,454.1,724.5,454.15,0
42,1375,496924,741.9,453.6,706.6,453.9,724.25,453.75,0
42,1376,496925,742.1,453.1,706.0,453.7,724.05,453.4,0
42,1377,496926,742.2,452.6,705.3,453.6,723.75,453.1,0
42,1378,496927,742.2,452.2,704.9,453.5,723.55,452.85,0
42,1379,496928,742.3,451.5,704.5,453.3,723.4,452.4,0
42,1380,496929,742.3,450.9,704.1,453.2,723.2,452.05,0
42,1381,496930,742.4,450.5,703.7,452.8,723.05,451.65,0
42,1382,496931,742.4,450.1,703.8,452.5,723.1,451.3,0
42,1383,496932,742.3,449.7,703.9,452.1,723.1,450.9,0
42,1384,496933,742.2,449.0,704.1,451.8,723.15,450.4,0
42,1385,496934,742.1,448.3,704.2,451.5,723.15,449.9,0
42,1386,496935,742.0,447.8,704.3,451.1,723.15,449.45,0
42,1387,496936,741.8,447.4,704.4,450.5,723.1,448.95,0
42,1388,496937,741.4,447.2,704.5,450.0,722.95,448.6,0
42,1389,496938,741.1,446.9,704.6,449.5,722.85,448.2,0
42,1390,496939,740.8,446.8,704.6,448.9,722.7,447.85,0
42,1391,496940,740.5,446.6,704.6,448.3,722.55,447.45,0
42,1392,496941,740.4,446.4,704.6,447.6,722.5,447.0,0
42,1393,496942,740.4,445.6,704.7,447.0,722.55,446.3,0
42,1394,496943,740.4,444.9,704.8,446.3,722.6,445.6,0
42,1395,496944,740.7,443.7,704.8,445.7,722.75,444.7,0
42,1396,496945,740.9,442.5,704.9,444.9,722.9,443.7,0
42,1397,496946,741.2,441.4,704.9,444.2,723.05,442.8,0
42,1398,496947,741.6,440.4,705.0,443.5,723.3,441.95,0
42,1399,496948,741.7,439.5,705.1,442.7,723.4,441.1,0
42,1400,496949,741.6,439.2,705.2,442.0,723.4,440.6,0
43,1401,496950,741.4,438.8,705.4,441.6,723.4,440.2,0
43,1402,496951,741.2,438.1,705.5,441.1,723.35,439.6,0
43,1403,496952,740.9,437.3,705.5,440.8,723.2,439.05,0
43,1404,496953,740.7,436.6,705.6,440.3,723.15,438.45,0
43,1405,496954,740.4,436.0,705.7,439.9,723.05,437.95,0
43,1406,496955,740.2,435.3,705.6,439.5,722.9,437.4,0
43,1407,496956,740.2,434.6,705.6,439.1,722.9,436.85,0
43,1408,496957,740.2,433.8,705.6,438.7,722.9,436.25,0
43,1409,496958,740.0,433.8,706.0,438.4,723.0,436.1,0
43,1410,496959,739.7,433.7,706.6,437.5,723.15,435.6,0
43,1411,496960,739.4,433.5,707.1,436.7,723.25,435.1,0
43,1412,496961,739.1,433.1,707.7,436.0,723.4,434.55,0
43,1413,496962,739.1,432.6,708.2,435.3,723.65,433.95,0
43,1414,496963,739.1,432.2,709.3,434.5,724.2,433.35,0
43,1415,496964,739.8,431.7,710.8,433.6,725.3,432.65,0
43,1416,496965,742.4,431.2,712.8,433.0,727.6,432.1,0
43,1417,496966,745.6,430.8,715.7,433.1,730.65,431.95,0
43,1418,496967,750.8,431.0,720.2,433.5,735.5,432.25,0
43,1419,496968,758.1,431.3,725.6,434.0,741.85,432.65,0
43,1420,496969,766.4,431.8,732.8,434.5,749.6,433.15,0
43,1421,496970,776.5,432.4,741.5,435.4,759.0,433.9,0
43,1422,496971,787.9,433.1,751.8,436.3,769.85,434.7,0
43,1423,496972,800.8,434.4,764.1,437.3,782.45,435.85,0
43,1424,496973,816.6,435.5,777.8,438.3,797.2,436.9,0
43,1425,496974,832.7,435.7,792.8,439.2,812.75,437.45,0
43,1426,496975,848.3,436.1,809.2,440.1,828.75,438.1,0
43,1427,496976,864.9,436.6,826.3,441.3,845.6,438.95,0
43,1428,496977,883.0,437.3,843.2,442.4,863.1,439.85,0
43,1429,496978,902.5,437.8,861.4,443.5,881.95,440.65,0
43,1430,496979,919.8,437.8,879.4,444.4,899.6,441.1,0
43,1431,496980,935.7,437.8,898.0,445.1,916.85,441.45,0
43,1432,496981,952.6,438.0,915.6,445.6,934.1,441.8,0
43,1433,496982,970.6,438.0,932.9,446.1,951.75,442.05,0
44,1434,496983,987.6,438.1,950.1,446.2,968.85,442.15,0
44,1435,496984,1003.8,437.9,968.0,446.3,985.9,442.1,0
44,1436,496985,1019.8,438.1,985.8,446.4,1002.8,442.25,0
44,1437,496986,1036.8,438.5,1002.4,446.7,1019.6,442.6,0
44,1438,496987,1052.1,438.9,1019.4,447.0,1035.75,442.95,0
44,1439,496988,1067.4,439.2,1036.9,447.5,1052.15,443.35,0
44,1440,496989,1082.1,439.6,1054.4,448.2,1068.25,443.9,0
44,1441,496990,1097.1,439.9,1073.7,449.0,1085.4,444.45,0
44,1442,496991,1111.3,440.2,1091.8,450.8,1101.55,445.5,0
44,1443,496992,1125.0,440.4,1108.1,452.5,1116.55,446.45,0
44,1444,496993,1139.9,440.8,1125.5,454.1,1132.7,447.45,0
44,1445,496994,1154.5,441.2,1142.0,455.7,1148.25,448.45,0
44,1446,496995,1169.1,442.6,1158.4,457.6,1163.75,450.1,0
44,1447,496996,1185.0,443.8,1174.0,459.2,1179.5,451.5,0
44,1448,496997,1201.4,446.6,1187.9,462.2,1194.65,454.4,0
44,1449,496998,1217.1,449.4,1203.6,464.3,1210.35,456.85,0
44,1450,496999,1233.3,452.9,1219.5,467.0,1226.4,459.95,0
44,1451,497000,1249.6,456.0,1235.2,469.7,1242.4,462.85,0
44,1452,497001,1267.9,459.1,1250.5,472.3,1259.2,465.7,0
44,1453,497002,1284.1,461.8,1265.4,474.8,1274.75,468.3,0
44,1454,497003,1298.1,464.6,1281.1,477.5,1289.6,471.05,0
44,1455,497004,1312.9,465.7,1296.2,479.0,1304.55,472.35,0
44,1456,497005,1329.0,466.6,1310.1,480.6,1319.55,473.6,0
44,1457,497006,1343.4,466.8,1323.1,481.6,1333.25,474.2,0
44,1458,497007,1355.5,467.7,1335.7,483.2,1345.6,475.45,0
44,1459,497008,1365.8,468.6,1347.2,484.8,1356.5,476.7,0
44,1460,497009,1376.7,469.7,1358.8,486.1,1367.75,477.9,0
44,1461,497010,1387.8,471.6,1369.2,487.4,1378.5,479.5,0
44,1462,497011,1396.8,473.6,1378.3,489.1,1387.55,481.35,0
44,1463,497012,1405.0,476.1,1385.8,490.7,1395.4,483.4,0
44,1464,497013,1411.6,479.0,1392.6,492.3,1402.1,485.65,0
44,1465,497014,1417.2,481.3,1397.7,493.3,1407.45,487.3,0
44,1466,497015,1422.6,485.0,1401.7,494.4,1412.15,489.7,0
45,1467,497016,1425.7,488.2,1403.5,496.4,1414.6,492.3,0
45,1468,497017,1426.6,490.6,1404.1,498.2,1415.35,494.4,0
45,1469,497018,1426.5,493.2,1403.9,499.2,1415.2,496.2,0
45,1470,497019,1424.0,495.5,1402.5,500.3,1413.25,497.9,0
45,1471,497020,1421.2,497.4,1400.6,501.3,1410.9,499.35,0
45,1472,497021,1417.6,499.4,1398.2,502.2,1407.9,500.8,0
45,1473,497022,1413.3,500.1,1395.6,503.1,1404.45,501.6,0
45,1474,497023,1408.8,500.8,1393.0,502.1,1400.9,501.45,0
45,1475,497024,1404.9,501.4,1390.7,501.1,1397.8,501.25,0
45,1476,497025,1401.2,501.8,1388.4,500.1,1394.8,500.95,0
45,1477,497026,1398.4,501.8,1386.9,499.0,1392.65,500.4,0
45,1478,497027,1396.0,501.5,1385.7,497.9,1390.85,499.7,0
45,1479,497028,1395.0,501.1,1385.8,496.7,1390.4,498.9,0
45,1480,497029,1395.1,500.6,1386.1,495.4,1390.6,498.0,0
45,1481,497030,1396.2,500.1,1386.8,494.3,1391.5,497.2,0
45,1482,497031,1397.4,499.5,1388.1,493.0,1392.75,496.25,0
45,1483,497032,1398.7,499.0,1389.8,491.8,1394.25,495.4,0
45,1484,497033,1400.9,498.7,1392.0,490.5,1396.45,494.6,0
45,1485,497034,1403.4,498.5,1394.9,489.0,1399.15,493.75,0
45,1486,497035,1405.4,498.4,1397.1,487.7,1401.25,493.05,0
45,1487,497036,1406.9,498.3,1399.3,486.5,1403.1,492.4,0
45,1488,497037,1408.3,498.3,1401.2,486.0,1404.75,492.15,0
45,1489,497038,1409.7,498.3,1402.8,485.5,1406.25,491.9,0
45,1490,497039,1412.1,498.9,1404.3,485.2,1408.2,492.05,0
45,1491,497040,1413.6,499.5,1405.3,485.1,1409.45,492.3,0
45,1492,497041,1414.9,500.2,1405.7,485.3,1410.3,492.75,0
45,1493,497042,1416.3,500.8,1406.1,485.6,1411.2,493.2,0
45,1494,497043,1417.6,501.5,1406.4,485.9,1412.0,493.7,0
45,1495,497044,1418.8,502.0,1406.6,486.2,1412.7,494.1,0
45,1496,497045,1420.0,502.2,1406.7,486.6,1413.35,494.4,0
45,1497,497046,1420.0,502.1,1406.7,486.8,1413.35,494.45,0
45,1498,497047,1419.9,502.1,1406.7,487.0,1413.3,494.55,0
45,1499,497048,1419.8,502.0,1406.7,486.8,1413.25,494.4,0
45,1500,497049,1419.6,502.0,1406.7,486.7,1413.15,494.35,0
46,1501,497050,1419.4,502.0,1406.6,486.4,1413.0,494.2,0
46,1502,497051,1418.8,502.0,1406.5,486.2,1412.65,494.1,0
46,1503,497052,1418.2,502.0,1406.5,485.9,1412.35,493.95,0
46,1504,497053,1417.6,501.8,1406.4,485.7,1412.0,493.75,0
46,1505,497054,1417.0,501.5,1406.3,485.4,1411.65,493.45,0
46,1506,497055,1416.5,501.2,1406.2,485.3,1411.35,493.25,0
46,1507,497056,1416.2,500.9,1406.1,485.1,1411.15,493.0,0
46,1508,497057,1415.8,500.6,1405.9,485.0,1410.85,492.8,0
46,1509,497058,1415.9,500.3,1405.7,484.8,1410.8,492.55,0
46,1510,497059,1416.1,500.0,1405.6,484.3,1410.85,492.15,0
46,1511,497060,1416.2,499.8,1405.6,483.8,1410.9,491.8,0
46,1512,497061,1416.3,499.7,1405.8,483.3,1411.05,491.5,0
46,1513,497062,1416.4,499.4,1406.2,482.8,1411.3,491.1,0
46,1514,497063,1416.4,499.2,1406.5,482.4,1411.45,490.8,0
46,1515,497064,1416.3,499.0,1407.0,482.0,1411.65,490.5,0
46,1516,497065,1416.2,498.7,1407.4,481.6,1411.8,490.15,0
46,1517,497066,1416.0,498.1,1407.7,481.5,1411.85,489.8,0
46,1518,497067,1415.8,497.6,1407.9,481.3,1411.85,489.45,0
46,1519,497068,1415.8,497.2,1407.8,481.2,1411.8,489.2,0
46,1520,497069,1415.9,496.7,1407.4,481.1,1411.65,488.9,0
46,1521,497070,1415.9,496.2,1407.1,481.1,1411.5,488.65,0
46,1522,497071,1416.0,495.8,1406.8,481.4,1411.4,488.6,0
46,1523,497072,1416.0,495.3,1406.4,481.8,1411.2,488.55,0
46,1524,497073,1416.1,495.2,1405.7,482.2,1410.9,488.7,0
46,1525,497074,1416.2,495.1,1405.2,482.7,1410.7,488.9,0
46,1526,497075,1416.2,495.0,1404.7,483.3,1410.45,489.15,0
46,1527,497076,1416.3,495.0,1404.4,483.9,1410.35,489.45,0
46,1528,497077,1416.3,495.1,1404.1,484.4,1410.2,489.75,0
46,1529,497078,1416.4,495.2,1403.9,484.6,1410.15,489.9,0
46,1530,497079,1416.6,495.6,1403.7,484.9,1410.15,490.25,0
46,1531,497080,1416.7,496.0,1403.7,485.1,1410.2,490.55,0
46,1532,497081,1416.9,496.4,1403.8,485.2,1410.35,490.8,0
46,1533,497082,1417.0,496.6,1403.8,485.3,1410.4,490.95,0
47,1534,497083,1417.2,496.9,1403.9,485.3,1410.55,491.1,0
47,1535,497084,1417.4,497.1,1403.9,485.4,1410.65,491.25,0
47,1536,497085,1417.7,497.2,1403.9,485.5,1410.8,491.35,0
47,1537,497086,1418.0,497.2,1403.8,485.6,1410.9,491.4,0
47,1538,497087,1418.4,497.4,1403.7,485.8,1411.05,491.6,0
47,1539,497088,1418.8,497.5,1403.6,486.0,1411.2,491.75,0
47,1540,497089,1419.1,497.8,1403.5,486.2,1411.3,492.0,0
47,1541,497090,1419.5,498.1,1403.4,486.4,1411.45,492.25,0
47,1542,497091,1419.8,498.4,1403.2,486.6,1411.5,492.5,0
47,1543,497092,1420.1,498.9,1403.0,486.8,1411.55,492.85,0
47,1544,497093,1420.4,499.4,1402.9,487.0,1411.65,493.2,0
47,1545,497094,1420.6,499.7,1402.9,487.3,1411.75,493.5,0
47,1546,497095,1420.6,499.9,1403.0,487.9,1411.8,493.9,0
47,1547,497096,1420.7,500.0,1403.0,488.4,1411.85,494.2,0
47,1548,497097,1420.9,499.9,1403.0,488.9,1411.95,494.4,0
47,1549,497098,1421.1,499.9,1403.1,489.3,1412.1,494.6,0
47,1550,497099,1421.2,499.6,1403.2,489.8,1412.2,494.7,0
47,1551,497100,1421.2,499.3,1403.2,490.3,1412.2,494.8,0
47,1552,497101,1421.2,499.1,1403.3,490.5,1412.25,494.8,0
47,1553,497102,1421.0,499.0,1403.5,490.5,1412.25,494.75,0
47,1554,497103,1420.8,499.0,1403.6,490.6,1412.2,494.8,0
47,1555,497104,1420.5,499.0,1403.7,490.8,1412.1,494.9,0
47,1556,497105,1420.1,499.0,1403.9,491.1,1412.0,495.05,0
47,1557,497106,1419.8,498.7,1404.1,491.5,1411.95,495.1,0
47,1558,497107,1419.8,498.7,1404.3,491.7,1412.05,495.2,0
47,1559,497108,1419.9,498.7,1404.4,492.0,1412.15,495.35,0
47,1560,497109,1420.1,498.7,1404.6,492.2,1412.35,495.45,0
47,1561,497110,1420.4,498.8,1404.7,492.3,1412.55,495.55,0
47,1562,497111,1420.6,498.9,1404.8,492.4,1412.7,495.65,0
47,1563,497112,1420.9,499.0,1404.8,492.4,1412.85,495.7,0
47,1564,497113,1421.1,499.4,1404.7,492.4,1412.9,495.9,0
47,1565,497114,1421.2,499.6,1404.6,492.5,1412.9,496.05,0
47,1566,497115,1421.1,499.8,1404.5,492.7,1412.8,496.25,0
48,1567,497116,1421.1,500.0,1404.6,493.2,1412.85,496.6,0
48,1568,497117,1421.0,500.2,1404.6,493.7,1412.8,496.95,0
48,1569,497118,1421.1,500.6,1404.6,494.2,1412.85,497.4,0
48,1570,497119,1421.3,500.9,1404.5,494.6,1412.9,497.75,0
48,1571,497120,1421.5,501.2,1404.4,495.0,1412.95,498.1,0
48,1572,497121,1421.9,501.5,1404.2,495.4,1413.05,498.45,0
48,1573,497122,1422.5,501.8,1404.1,495.5,1413.3,498.65,0
48,1574,497123,1423.1,501.9,1403.8,495.5,1413.45,498.7,0
48,1575,497124,1423.7,502.0,1403.5,495.4,1413.6,498.7,0
48,1576,497125,1424.3,502.1,1403.4,495.0,1413.85,498.55,0
48,1577,497126,1424.7,502.1,1403.4,494.7,1414.05,498.4,0
48,1578,497127,1424.9,502.1,1403.7,494.3,1414.3,498.2,0
48,1579,497128,1425.0,501.9,1404.1,494.0,1414.55,497.95,0
48,1580,497129,1424.8,501.6,1404.4,493.7,1414.6,497.65,0
48,1581,497130,1424.6,501.3,1404.8,493.3,1414.7,497.3,0
48,1582,497131,1424.4,501.1,1405.2,493.1,1414.8,497.1,0
48,1583,497132,1424.2,500.8,1405.6,493.2,1414.9,497.0,0
48,1584,497133,1423.9,500.6,1405.9,493.3,1414.9,496.95,0
48,1585,497134,1423.7,500.4,1406.0,493.3,1414.85,496.85,0
48,1586,497135,1423.6,500.2,1405.4,493.1,1414.5,496.65,0
48,1587,497136,1423.5,500.1,1404.9,493.0,1414.2,496.55,0
48,1588,497137,1423.5,500.1,1404.2,492.9,1413.85,496.5,0
48,1589,497138,1423.4,500.0,1403.5,492.6,1413.45,496.3,0
48,1590,497139,1423.3,499.9,1402.7,492.3,1413.0,496.1,0
48,1591,497140,1423.3,499.8,1402.0,492.1,1412.65,495.95,0
48,1592,497141,1423.2,499.9,1401.3,491.9,1412.25,495.9,0
48,1593,497142,1423.0,499.9,1401.3,491.9,1412.15,495.9,0
48,1594,497143,1422.7,499.9,1401.2,491.9,1411.95,495.9,0
48,1595,497144,1422.4,499.9,1401.3,491.7,1411.85,495.8,0
48,1596,497145,1422.1,499.9,1401.6,491.5,1411.85,495.7,0
48,1597,497146,1421.8,499.9,1401.9,491.1,1411.85,495.5,0
48,1598,497147,1421.5,499.9,1402.2,490.6,1411.85,495.25,0
48,1599,497148,1421.2,499.8,1402.4,490.0,1411.8,494.9,0
48,1600,497149,1421.0,499.8,1402.6,489.5,1411.8,494.65,0
49,1601,497150,1420.9,500.0,1402.6,489.0,1411.75,494.5,0
49,1602,497151,1420.7,500.2,1402.5,488.6,1411.6,494.4,0
49,1603,497152,1420.6,500.4,1402.2,487.7,1411.4,494.05,0
49,1604,497153,1420.5,500.6,1402.0,487.1,1411.25,493.85,0
49,1605,497154,1420.5,500.8,1401.7,486.7,1411.1,493.75,0
49,1606,497155,1420.5,501.0,1401.6,486.3,1411.05,493.65,0
49,1607,497156,1420.6,501.1,1401.6,486.0,1411.1,493.55,0
49,1608,497157,1420.7,501.3,1401.6,485.6,1411.15,493.45,0
49,1609,497158,1420.9,501.5,1401.7,485.1,1411.3,493.3,0
49,1610,497159,1421.0,501.6,1401.6,484.8,1411.3,493.2,0
49,1611,497160,1421.2,501.8,1401.4,484.4,1411.3,493.1,0
49,1612,497161,1421.4,501.9,1401.0,483.9,1411.2,492.9,0
49,1613,497162,1421.6,502.1,1400.7,483.3,1411.15,492.7,0
49,1614,497163,1421.8,502.1,1400.4,482.6,1411.1,492.35,0
49,1615,497164,1422.0,501.9,1400.2,482.1,1411.1,492.0,0
49,1616,497165,1422.2,501.4,1400.1,481.6,1411.15,491.5,0
49,1617,497166,1422.2,500.8,1400.1,481.0,1411.15,490.9,0
49,1618,497167,1422.3,500.3,1400.4,480.4,1411.35,490.35,0
49,1619,497168,1422.2,499.8,1400.8,479.9,1411.5,489.85,0
49,1620,497169,1422.1,499.3,1401.2,479.5,1411.65,489.4,0
49,1621,497170,1422.0,498.8,1401.4,479.2,1411.7,489.0,0
49,1622,497171,1422.0,498.4,1401.4,479.0,1411.7,488.7,0
49,1623,497172,1421.9,498.0,1401.5,478.8,1411.7,488.4,0
49,1624,497173,1421.8,497.5,1401.5,479.1,1411.65,488.3,0
49,1625,497174,1421.8,497.1,1401.4,479.4,1411.6,488.25,0
49,1626,497175,1421.7,496.6,1401.3,479.9,1411.5,488.25,0
49,1627,497176,1421.7,496.0,1401.3,480.4,1411.5,488.2,0
49,1628,497177,1421.6,495.4,1401.3,480.8,1411.45,488.1,0
49,1629,497178,1421.5,494.9,1401.4,481.0,1411.45,487.95,0
49,1630,497179,1421.4,494.8,1401.6,481.2,1411.5,488.0,0
49,1631,497180,1421.3,494.7,1401.7,481.0,1411.5,487.85,0
49,1632,497181,1421.3,494.6,1401.8,480.6,1411.55,487.6,0
49,1633,497182,1421.3,494.5,1401.8,480.1,1411.55,487.3,0
50,1634,497183,1421.2,494.4,1401.8,479.8,1411.5,487.1,0
50,1635,497184,1421.2,494.4,1401.8,479.4,1411.5,486.9,0
50,1636,497185,1421.1,494.3,1401.7,479.0,1411.4,486.65,0
50,1637,497186,1421.0,494.3,1401.7,478.7,1411.35,486.5,0
50,1638,497187,1420.9,494.2,1401.7,478.9,1411.3,486.55,0
50,1639,497188,1420.7,494.4,1401.7,479.0,1411.2,486.7,0
50,1640,497189,1420.6,494.6,1401.7,479.1,1411.15,486.85,0
50,1641,497190,1420.6,494.8,1402.0,479.2,1411.3,487.0,0
50,1642,497191,1420.6,495.0,1402.2,479.4,1411.4,487.2,0
50,1643,497192,1420.7,495.3,1402.5,479.7,1411.6,487.5,0
50,1644,497193,1421.0,495.5,1402.8,479.9,1411.9,487.7,0
50,1645,497194,1421.3,495.8,1403.1,480.2,1412.2,488.0,0
50,1646,497195,1421.6,495.8,1403.4,480.5,1412.5,488.15,0
50,1647,497196,1421.7,495.9,1403.5,480.8,1412.6,488.35,0
50,1648,497197,1421.9,496.2,1403.5,481.1,1412.7,488.65,0
50,1649,497198,1422.1,497.1,1403.4,481.3,1412.75,489.2,0
50,1650,497199,1422.1,498.0,1403.2,481.6,1412.65,489.8,0
50,1651,497200,1422.0,498.8,1402.8,482.0,1412.4,490.4,0
50,1652,497201,1422.0,499.5,1402.4,482.3,1412.2,490.9,0
50,1653,497202,1422.1,499.9,1401.9,482.5,1412.0,491.2,0
50,1654,497203,1422.2,500.1,1401.6,482.7,1411.9,491.4,0
50,1655,497204,1422.4,500.3,1401.3,482.9,1411.85,491.6,0
50,1656,497205,1422.6,500.0,1400.9,483.2,1411.75,491.6,0
50,1657,497206,1422.8,499.8,1400.5,483.3,1411.65,491.55,0
50,1658,497207,1422.9,499.8,1400.2,483.7,1411.55,491.75,0
50,1659,497208,1423.2,500.1,1400.0,484.3,1411.6,492.2,0
50,1660,497209,1423.3,500.6,1399.7,485.3,1411.5,492.95,0
50,1661,497210,1423.8,500.9,1399.4,486.5,1411.6,493.7,0
50,1662,497211,1424.3,501.0,1399.2,487.8,1411.75,494.4,0
50,1663,497212,1424.9,501.1,1399.0,489.1,1411.95,495.1,0
50,1664,497213,1425.5,501.1,1398.9,490.4,1412.2,495.75,0
50,1665,497214,1426.1,501.1,1398.7,491.2,1412.4,496.15,0
50,1666,497215,1426.5,501.1,1398.6,492.2,1412.55,496.65,0
51,1667,497216,1426.9,501.2,1398.5,492.7,1412.7,496.95,0
51,1668,497217,1426.9,501.5,1398.5,493.2,1412.7,497.35,0
51,1669,497218,1427.1,501.9,1398.6,493.7,1412.85,497.8,0
51,1670,497219,1427.2,502.3,1398.8,494.0,1413.0,498.15,0
51,1671,497220,1427.2,502.5,1399.1,494.3,1413.15,498.4,0
51,1672,497221,1427.4,502.7,1399.4,494.5,1413.4,498.6,0
51,1673,497222,1427.7,502.5,1399.8,494.7,1413.75,498.6,0
51,1674,497223,1427.9,502.4,1400.4,494.9,1414.15,498.65,0
51,1675,497224,1428.2,502.2,1400.9,495.5,1414.55,498.85,0
51,1676,497225,1428.4,502.0,1401.4,496.0,1414.9,499.0,0
51,1677,497226,1428.7,501.8,1401.7,496.6,1415.2,499.2,0
51,1678,497227,1429.0,501.7,1402.0,497.2,1415.5,499.45,0
51,1679,497228,1429.4,501.6,1402.4,498.0,1415.9,499.8,0
51,1680,497229,1429.7,501.5,1402.7,499.3,1416.2,500.4,0
51,1681,497230,1430.1,501.7,1402.8,500.6,1416.45,501.15,0
51,1682,497231,1430.4,501.8,1403.0,501.6,1416.7,501.7,0
51,1683,497232,1430.8,501.9,1403.2,502.6,1417.0,502.25,0
51,1684,497233,1430.6,502.0,1403.7,503.7,1417.15,502.85,0
51,1685,497234,1430.3,502.1,1404.3,504.8,1417.3,503.45,0
51,1686,497235,1429.9,502.2,1404.9,505.9,1417.4,504.05,0
51,1687,497236,1429.5,502.1,1405.4,506.5,1417.45,504.3,0
51,1688,497237,1429.2,501.9,1405.8,507.1,1417.5,504.5,0
51,1689,497238,1428.8,501.6,1406.2,507.6,1417.5,504.6,0
51,1690,497239,1428.6,500.5,1406.6,508.2,1417.6,504.35,0
51,1691,497240,1428.7,499.5,1406.5,508.6,1417.6,504.05,0
51,1692,497241,1428.9,498.3,1406.4,509.3,1417.65,503.8,0
51,1693,497242,1429.0,496.7,1406.3,509.9,1417.65,503.3,0
51,1694,497243,1429.1,495.1,1405.7,510.2,1417.4,502.65,0
51,1695,497244,1429.2,493.3,1404.9,510.5,1417.05,501.9,0
51,1696,497245,1429.2,491.2,1404.2,510.9,1416.7,501.05,0
51,1697,497246,1429.2,490.0,1403.5,511.2,1416.35,500.6,0
51,1698,497247,1429.3,488.8,1403.0,511.5,1416.15,500.15,0
51,1699,497248,1429.4,487.7,1402.8,511.6,1416.1,499.65,0
51,1700,497249,1429.5,487.1,1402.6,512.1,1416.05,499.6,0
52,1701,497250,1429.6,486.4,1403.0,512.5,1416.3,499.45,0
52,1702,497251,1429.7,485.9,1403.5,512.8,1416.6,499.35,0
52,1703,497252,1429.8,485.6,1404.0,513.2,1416.9,499.4,0
52,1704,497253,1429.8,485.0,1403.7,514.1,1416.75,499.55,0
52,1705,497254,1429.8,484.2,1403.4,514.9,1416.6,499.55,0
52,1706,497255,1429.7,483.0,1402.7,515.7,1416.2,499.35,0
52,1707,497256,1429.6,481.8,1402.0,516.3,1415.8,499.05,0
52,1708,497257,1429.5,480.6,1401.3,516.8,1415.4,498.7,0
52,1709,497258,1429.5,479.6,1400.7,517.4,1415.1,498.5,0
52,1710,497259,1429.5,478.6,1400.1,518.0,1414.8,498.3,0
52,1711,497260,1429.6,478.1,1400.2,518.0,1414.9,498.05,0
52,1712,497261,1429.7,477.8,1400.2,518.0,1414.95,497.9,0
52,1713,497262,1429.8,477.8,1400.4,517.9,1415.1,497.85,0
52,1714,497263,1430.0,477.4,1400.5,517.8,1415.25,497.6,0
52,1715,497264,1430.2,476.6,1400.6,517.8,1415.4,497.2,0
52,1716,497265,1430.4,475.9,1400.7,517.7,1415.55,496.8,0
52,1717,497266,1430.6,475.1,1400.8,517.7,1415.7,496.4,0
52,1718,497267,1430.8,474.1,1400.8,517.7,1415.8,495.9,0
52,1719,497268,1430.9,473.2,1400.8,517.7,1415.85,495.45,0
52,1720,497269,1431.0,472.6,1400.8,517.8,1415.9,495.2,0
52,1721,497270,1431.1,472.4,1400.8,517.9,1415.95,495.15,0
52,1722,497271,1431.1,472.7,1400.8,518.0,1415.95,495.35,0
52,1723,497272,1431.1,472.9,1400.8,518.0,1415.95,495.45,0
52,1724,497273,1430.9,473.1,1400.8,518.1,1415.85,495.6,0
52,1725,497274,1430.7,473.3,1401.0,517.9,1415.85,495.6,0
52,1726,497275,1430.5,473.5,1401.1,517.6,1415.8,495.55,0
52,1727,497276,1430.3,473.6,1401.2,517.1,1415.75,495.35,0
52,1728,497277,1430.0,473.6,1401.3,516.6,1415.65,495.1,0
52,1729,497278,1429.8,473.6,1401.3,516.1,1415.55,494.85,0
52,1730,497279,1429.7,473.6,1401.4,515.5,1415.55,494.55,0
52,1731,497280,1429.7,473.6,1401.4,514.4,1415.55,494.0,0
52,1732,497281,1429.7,473.5,1401.2,513.5,1415.45,493.5,0
52,1733,497282,1429.7,473.5,1401.1,512.2,1415.4,492.85,0
53,1734,497283,1429.8,473.5,1401.1,511.0,1415.45,492.25,0
53,1735,497284,1429.8,473.5,1400.9,509.7,1415.35,491.6,0
53,1736,497285,1429.8,473.6,1400.7,508.4,1415.25,491.0,0
53,1737,497286,1429.7,473.6,1400.5,507.1,1415.1,490.35,0
53,1738,497287,1429.7,473.7,1400.3,506.5,1415.0,490.1,0
53,1739,497288,1429.7,473.8,1400.2,505.8,1414.95,489.8,0
53,1740,497289,1429.7,473.9,1400.0,505.6,1414.85,489.75,0
53,1741,497290,1429.7,474.0,1399.8,505.4,1414.75,489.7,0
53,1742,497291,1429.8,474.0,1400.0,505.3,1414.9,489.65,0
53,1743,497292,1429.8,474.0,1400.2,505.3,1415.0,489.65,0
53,1744,497293,1429.9,474.1,1400.4,505.3,1415.15,489.7,0
53,1745,497294,1429.9,474.0,1400.8,505.2,1415.35,489.6,0
53,1746,497295,1429.9,473.9,1401.3,505.1,1415.6,489.5,0
53,1747,497296,1429.6,473.7,1401.7,505.0,1415.65,489.35,0
53,1748,497297,1429.3,473.4,1402.2,504.9,1415.75,489.15,0
53,1749,497298,1428.8,473.2,1402.0,504.8,1415.4,489.0,0
53,1750,497299,1428.4,472.9,1401.8,504.6,1415.1,488.75,0
53,1751,497300,1427.9,472.4,1401.5,504.4,1414.7,488.4,0
53,1752,497301,1427.5,472.0,1401.1,504.3,1414.3,488.15,0
53,1753,497302,1427.1,471.7,1400.6,504.2,1413.85,487.95,0
53,1754,497303,1426.9,471.5,1400.1,504.2,1413.5,487.85,0
53,1755,497304,1426.9,471.4,1399.6,504.2,1413.25,487.8,0
53,1756,497305,1426.9,471.4,1399.5,504.2,1413.2,487.8,0
53,1757,497306,1426.8,471.5,1399.4,504.2,1413.1,487.85,0
53,1758,497307,1426.7,472.1,1399.3,504.2,1413.0,488.15,0
53,1759,497308,1426.6,472.8,1399.2,504.2,1412.9,488.5,0
53,1760,497309,1426.5,473.4,1399.1,504.3,1412.8,488.85,0
53,1761,497310,1426.5,474.0,1399.0,504.3,1412.75,489.15,0
53,1762,497311,1426.4,474.5,1399.0,504.5,1412.7,489.5,0
53,1763,497312,1426.3,474.9,1399.1,504.6,1412.7,489.75,0
53,1764,497313,1426.4,475.2,1399.1,505.5,1412.75,490.35,0
53,1765,497314,1426.4,475.3,1399.2,506.4,1412.8,490.85,0
53,1766,497315,1426.5,475.4,1399.2,507.3,1412.85,491.35,0
54,1767,497316,1426.6,475.4,1399.2,508.3,1412.9,491.85,0
54,1768,497317,1426.7,475.4,1399.2,509.2,1412.95,492.3,0
54,1769,497318,1426.8,474.9,1399.3,510.1,1413.05,492.5,0
54,1770,497319,1426.8,474.4,1399.3,511.0,1413.05,492.7,0
54,1771,497320,1426.7,473.9,1399.5,511.3,1413.1,492.6,0
54,1772,497321,1426.7,473.3,1399.7,511.8,1413.2,492.55,0
54,1773,497322,1426.7,472.7,1399.9,512.3,1413.3,492.5,0
54,1774,497323,1426.6,472.3,1400.1,512.7,1413.35,492.5,0
54,1775,497324,1426.6,472.1,1400.4,513.0,1413.5,492.55,0
54,1776,497325,1427.2,472.5,1400.6,513.3,1413.9,492.9,0
54,1777,497326,1427.8,472.8,1400.9,513.6,1414.35,493.2,0
54,1778,497327,1428.5,473.1,1401.4,514.0,1414.95,493.55,0
54,1779,497328,1429.2,473.6,1401.7,514.3,1415.45,493.95,0
54,1780,497329,1430.0,474.1,1402.0,514.8,1416.0,494.45,0
54,1781,497330,1430.8,474.6,1402.3,515.3,1416.55,494.95,0
54,1782,497331,1431.6,474.9,1402.5,515.8,1417.05,495.35,0
54,1783,497332,1431.9,475.1,1402.6,516.3,1417.25,495.7,0
54,1784,497333,1432.2,475.3,1402.6,516.7,1417.4,496.0,0
54,1785,497334,1432.4,475.4,1402.3,517.1,1417.35,496.25,0
54,1786,497335,1432.6,475.4,1402.1,517.4,1417.35,496.4,0
54,1787,497336,1432.8,475.2,1401.9,517.4,1417.35,496.3,0
54,1788,497337,1432.9,474.9,1401.7,517.5,1417.3,496.2,0
54,1789,497338,1433.0,474.7,1401.5,517.5,1417.25,496.1,0
54,1790,497339,1433.1,474.5,1400.9,517.6,1417.0,496.05,0
54,1791,497340,1433.2,474.3,1400.4,517.8,1416.8,496.05,0
54,1792,497341,1433.0,474.2,1399.8,518.2,1416.4,496.2,0
54,1793,497342,1432.9,474.1,1399.3,518.6,1416.1,496.35,0
54,1794,497343,1432.8,474.0,1398.8,519.0,1415.8,496.5,0
54,1795,497344,1432.3,474.1,1398.2,519.5,1415.25,496.8,0
54,1796,497345,1431.8,474.1,1397.8,519.8,1414.8,496.95,0
54,1797,497346,1431.3,474.1,1397.7,519.9,1414.5,497.0,0
54,1798,497347,1430.7,474.1,1397.7,519.9,1414.2,497.0,0
54,1799,497348,1430.4,474.3,1397.6,519.5,1414.0,496.9,0
54,1800,497349,1430.1,474.6,1397.6,519.0,1413.85,496.8,0
55,1801,497350,1429.9,474.9,1397.5,518.3,1413.7,496.6,0
55,1802,497351,1429.9,475.2,1397.6,517.7,1413.75,496.45,0
55,1803,497352,1430.0,475.5,1397.6,517.1,1413.8,496.3,0
55,1804,497353,1430.1,475.6,1397.7,516.7,1413.9,496.15,0
55,1805,497354,1430.2,475.7,1397.8,516.3,1414.0,496.0,0
55,1806,497355,1430.3,475.8,1397.9,515.8,1414.1,495.8,0
55,1807,497356,1430.4,475.6,1397.9,515.5,1414.15,495.55,0
55,1808,497357,1430.4,475.4,1398.0,515.2,1414.2,495.3,0
55,1809,497358,1430.4,475.0,1398.1,515.0,1414.25,495.0,0
55,1810,497359,1430.4,474.5,1398.2,514.4,1414.3,494.45,0
55,1811,497360,1430.4,474.1,1398.0,513.6,1414.2,493.85,0
55,1812,497361,1430.3,473.7,1397.7,512.0,1414.0,492.85,0
55,1813,497362,1430.2,473.1,1397.3,510.7,1413.75,491.9,0
55,1814,497363,1429.9,472.7,1396.9,508.6,1413.4,490.65,0
55,1815,497364,1429.0,472.3,1395.5,506.1,1412.25,489.2,0
55,1816,497365,1427.7,472.3,1394.0,503.0,1410.85,487.65,0
55,1817,497366,1425.4,472.3,1391.4,499.2,1408.4,485.75,0
55,1818,497367,1421.5,472.5,1388.0,494.7,1404.75,483.6,0
55,1819,497368,1415.5,472.9,1382.7,489.4,1399.1,481.15,0
55,1820,497369,1408.1,473.4,1376.1,483.2,1392.1,478.3,0
55,1821,497370,1398.8,473.3,1368.5,476.3,1383.65,474.8,0
55,1822,497371,1389.7,472.6,1360.4,468.2,1375.05,470.4,0
55,1823,497372,1378.3,470.6,1351.1,460.4,1364.7,465.5,0
55,1824,497373,1367.5,468.0,1340.7,452.1,1354.1,460.05,0
55,1825,497374,1356.4,465.1,1329.7,444.5,1343.05,454.8,0
55,1826,497375,1346.6,460.8,1319.4,437.1,1333.0,448.95,0
55,1827,497376,1336.3,456.4,1308.9,430.9,1322.6,443.65,0
55,1828,497377,1327.0,451.5,1298.3,425.9,1312.65,438.7,0
55,1829,497378,1316.2,446.5,1286.7,422.6,1301.45,434.55,0
55,1830,497379,1307.4,442.0,1274.8,420.3,1291.1,431.15,0
55,1831,497380,1298.2,437.3,1263.8,420.4,1281.0,428.85,0
55,1832,497381,1290.3,432.7,1253.4,422.1,1271.85,427.4,0
55,1833,497382,1282.1,428.7,1243.5,426.2,1262.8,427.45,0
56,1834,497383,1274.5,424.3,1234.6,430.4,1254.55,427.35,0
56,1835,497384,1267.1,420.6,1225.4,434.6,1246.25,427.6,0
56,1836,497385,1261.0,417.1,1216.7,438.9,1238.85,428.0,0
56,1837,497386,1254.1,414.3,1208.9,442.8,1231.5,428.55,0
56,1838,497387,1247.1,411.8,1201.9,445.4,1224.5,428.6,0
56,1839,497388,1240.3,408.9,1195.4,446.3,1217.85,427.6,0
56,1840,497389,1234.3,406.1,1189.6,445.5,1211.95,425.8,0
56,1841,497390,1228.6,403.1,1183.4,443.5,1206.0,423.3,0
56,1842,497391,1222.7,399.4,1178.2,441.0,1200.45,420.2,0
56,1843,497392,1216.0,396.2,1174.4,438.1,1195.2,417.15,0
56,1844,497393,1209.6,393.0,1170.6,434.9,1190.1,413.95,0
56,1845,497394,1203.4,389.5,1167.2,431.9,1185.3,410.7,0
56,1846,497395,1197.5,386.2,1164.1,429.0,1180.8,407.6,0
56,1847,497396,1191.7,383.6,1159.5,425.6,1175.6,404.6,0
56,1848,497397,1186.3,381.2,1155.1,422.5,1170.7,401.85,0
56,1849,497398,1181.8,380.0,1150.9,419.4,1166.35,399.7,0
56,1850,497399,1177.9,378.2,1146.7,416.5,1162.3,397.35,0
56,1851,497400,1173.8,376.5,1142.2,413.7,1158.0,395.1,0
56,1852,497401,1170.1,375.6,1137.7,410.8,1153.9,393.2,0
56,1853,497402,1166.0,374.7,1133.3,406.5,1149.65,390.6,0
56,1854,497403,1162.0,373.8,1129.9,403.5,1145.95,388.65,0
56,1855,497404,1157.6,372.8,1126.5,400.6,1142.05,386.7,0
56,1856,497405,1153.5,371.8,1123.1,398.1,1138.3,384.95,0
56,1857,497406,1150.1,371.2,1119.8,395.8,1134.95,383.5,0
56,1858,497407,1148.1,370.5,1117.3,392.8,1132.7,381.65,0
56,1859,497408,1146.3,369.8,1115.0,389.9,1130.65,379.85,0
56,1860,497409,1145.2,369.0,1112.7,387.9,1128.95,378.45,0
56,1861,497410,1144.3,368.3,1111.1,385.7,1127.7,377.0,0
56,1862,497411,1144.8,367.8,1110.2,384.1,1127.5,375.95,0
56,1863,497412,1145.5,367.4,1109.6,382.5,1127.55,374.95,0
56,1864,497413,1146.4,367.0,1109.5,380.8,1127.95,373.9,0
56,1865,497414,1148.3,366.6,1109.6,379.7,1128.95,373.15,0
56,1866,497415,1150.3,366.4,1110.2,378.7,1130.25,372.55,0
57,1867,497416,1152.7,366.4,1111.6,378.3,1132.15,372.35,0
57,1868,497417,1155.0,366.9,1113.1,378.1,1134.05,372.5,0
57,1869,497418,1156.9,367.4,1114.7,377.7,1135.8,372.55,0
57,1870,497419,1158.6,367.9,1116.3,377.4,1137.45,372.65,0
57,1871,497420,1160.0,368.4,1118.1,377.2,1139.05,372.8,0
57,1872,497421,1160.4,369.0,1119.9,377.2,1140.15,373.1,0
57,1873,497422,1160.7,369.5,1121.2,377.2,1140.95,373.35,0
57,1874,497423,1160.5,369.9,1121.7,377.1,1141.1,373.5,0
57,1875,497424,1160.1,370.0,1121.9,377.1,1141.0,373.55,0
57,1876,497425,1159.0,370.0,1121.9,377.2,1140.45,373.6,0
57,1877,497426,1157.8,370.1,1121.6,377.3,1139.7,373.7,0
57,1878,497427,1156.8,370.1,1121.1,377.4,1138.95,373.75,0
57,1879,497428,1155.7,370.1,1120.7,377.4,1138.2,373.75,0
57,1880,497429,1154.3,370.2,1119.9,377.3,1137.1,373.75,0
57,1881,497430,1152.8,370.2,1119.1,376.8,1135.95,373.5,0
57,1882,497431,1151.2,370.3,1118.4,376.3,1134.8,373.3,0
57,1883,497432,1150.4,370.3,1118.0,375.7,1134.2,373.0,0
57,1884,497433,1149.7,370.2,1117.5,375.2,1133.6,372.7,0
57,1885,497434,1148.7,370.1,1117.0,374.6,1132.85,372.35,0
57,1886,497435,1147.7,369.8,1116.5,374.1,1132.1,371.95,0
57,1887,497436,1147.1,369.3,1116.3,373.6,1131.7,371.45,0
57,1888,497437,1146.8,368.8,1116.0,373.4,1131.4,371.1,0
57,1889,497438,1146.8,368.4,1115.4,373.3,1131.1,370.85,0
57,1890,497439,1146.7,368.0,1114.9,373.2,1130.8,370.6,0
57,1891,497440,1146.7,367.6,1114.4,373.1,1130.55,370.35,0
57,1892,497441,1147.1,367.1,1113.8,372.9,1130.45,370.0,0
57,1893,497442,1147.4,366.7,1113.3,372.7,1130.35,369.7,0
57,1894,497443,1147.7,366.6,1112.8,372.5,1130.25,369.55,0
57,1895,497444,1148.0,366.4,1112.4,372.3,1130.2,369.35,0
57,1896,497445,1148.5,366.1,1112.2,372.5,1130.35,369.3,0
57,1897,497446,1149.1,365.8,1112.1,372.5,1130.6,369.15,0
57,1898,497447,1149.7,365.6,1112.0,372.6,1130.85,369.1,0
57,1899,497448,1150.3,365.5,1111.9,372.6,1131.1,369.05,0
57,1900,497449,1150.8,365.4,1111.9,372.7,1131.35,369.05,0
58,1901,497450,1151.3,365.5,1111.8,372.8,1131.55,369.15,0
58,1902,497451,1151.9,365.7,1111.7,373.0,1131.8,369.35,0
58,1903,497452,1152.1,365.9,1111.6,372.9,1131.85,369.4,0
58,1904,497453,1152.1,366.1,1111.1,372.8,1131.6,369.45,0
58,1905,497454,1152.1,366.4,1110.7,372.9,1131.4,369.65,0
58,1906,497455,1152.0,366.8,1110.4,373.1,1131.2,369.95,0
58,1907,497456,1151.8,367.4,1110.0,373.0,1130.9,370.2,0
58,1908,497457,1151.1,368.0,1109.7,372.9,1130.4,370.45,0
58,1909,497458,1150.3,368.3,1109.4,372.8,1129.85,370.55,0
58,1910,497459,1149.6,368.7,1109.1,372.6,1129.35,370.65,0
58,1911,497460,1148.8,369.2,1109.3,372.4,1129.05,370.8,0
58,1912,497461,1148.0,369.7,1109.6,372.2,1128.8,370.95,0
58,1913,497462,1147.3,370.0,1110.0,372.1,1128.65,371.05,0
58,1914,497463,1147.1,370.1,1110.4,372.1,1128.75,371.1,0
58,1915,497464,1147.5,370.1,1110.8,372.1,1129.15,371.1,0
58,1916,497465,1147.8,370.2,1111.2,371.8,1129.5,371.0,0
58,1917,497466,1148.0,370.3,1111.6,371.5,1129.8,370.9,0
58,1918,497467,1148.0,370.3,1111.9,371.3,1129.95,370.8,0
58,1919,497468,1148.0,370.3,1112.1,371.1,1130.05,370.7,0
58,1920,497469,1148.1,370.3,1112.1,370.8,1130.1,370.55,0
58,1921,497470,1147.7,370.4,1112.0,370.6,1129.85,370.5,0
58,1922,497471,1147.3,370.5,1112.1,370.4,1129.7,370.45,0
58,1923,497472,1147.1,370.5,1112.2,370.0,1129.65,370.25,0
58,1924,497473,1147.0,370.5,1112.4,369.6,1129.7,370.05,0
58,1925,497474,1147.2,370.5,1112.8,369.1,1130.0,369.8,0
58,1926,497475,1147.4,370.4,1113.1,368.8,1130.25,369.6,0
58,1927,497476,1147.6,370.3,1113.3,368.5,1130.45,369.4,0
58,1928,497477,1147.7,370.3,1113.4,368.2,1130.55,369.25,0
58,1929,497478,1147.8,370.3,1113.4,368.2,1130.6,369.25,0
58,1930,497479,1147.9,370.3,1113.3,368.7,1130.6,369.5,0
58,1931,497480,1148.0,370.4,1113.1,369.3,1130.55,369.85,0
58,1932,497481,1148.3,370.5,1112.8,369.8,1130.55,370.15,0
58,1933,497482,1148.7,370.5,1112.5,370.2,1130.6,370.35,0
59,1934,497483,1149.0,370.5,1112.3,370.7,1130.65,370.6,0
59,1935,497484,1149.3,370.2,1112.2,371.2,1130.75,370.7,0
59,1936,497485,1149.6,370.0,1112.1,371.5,1130.85,370.75,0
59,1937,497486,1149.8,369.8,1111.9,371.7,1130.85,370.75,0
59,1938,497487,1149.9,369.6,1111.8,372.1,1130.85,370.85,0
59,1939,497488,1149.8,369.3,1111.6,372.5,1130.7,370.9,0
59,1940,497489,1149.6,369.2,1111.5,372.9,1130.55,371.05,0
59,1941,497490,1149.4,369.0,1111.1,373.2,1130.25,371.1,0
59,1942,497491,1149.3,369.2,1110.8,373.5,1130.05,371.35,0
59,1943,497492,1149.2,369.5,1110.5,373.8,1129.85,371.65,0
59,1944,497493,1149.1,369.9,1110.2,374.2,1129.65,372.05,0
59,1945,497494,1149.1,370.5,1109.8,374.5,1129.45,372.5,0
59,1946,497495,1149.1,371.0,1109.4,375.0,1129.25,373.0,0
59,1947,497496,1149.0,371.6,1109.1,375.6,1129.05,373.6,0
59,1948,497497,1148.7,372.3,1108.9,376.1,1128.8,374.2,0
59,1949,497498,1148.4,372.9,1108.7,376.7,1128.55,374.8,0
59,1950,497499,1148.0,373.5,1108.5,377.2,1128.25,375.35,0
59,1951,497500,1147.4,373.7,1108.3,377.7,1127.85,375.7,0
59,1952,497501,1146.9,373.8,1107.8,378.1,1127.35,375.95,0
59,1953,497502,1146.3,373.9,1107.5,378.2,1126.9,376.05,0
59,1954,497503,1145.8,373.9,1107.2,378.1,1126.5,376.0,0
59,1955,497504,1145.5,373.7,1106.8,377.8,1126.15,375.75,0
59,1956,497505,1145.3,373.5,1106.5,377.4,1125.9,375.45,0
59,1957,497506,1145.2,373.2,1106.3,377.0,1125.75,375.1,0
59,1958,497507,1145.2,373.2,1106.2,376.7,1125.7,374.95,0
59,1959,497508,1145.3,373.2,1106.3,376.4,1125.8,374.8,0
59,1960,497509,1145.2,373.3,1106.2,376.1,1125.7,374.7,0
59,1961,497510,1145.1,373.3,1106.1,375.9,1125.6,374.6,0
59,1962,497511,1145.0,373.3,1106.0,375.9,1125.5,374.6,0
59,1963,497512,1144.8,373.3,1105.9,375.5,1125.35,374.4,0
59,1964,497513,1144.6,373.3,1106.0,375.0,1125.3,374.15,0
59,1965,497514,1144.4,373.0,1106.0,374.4,1125.2,373.7,0
59,1966,497515,1144.3,372.8,1106.1,373.8,1125.2,373.3,0
60,1967,497516,1144.7,372.5,1106.2,373.2,1125.45,372.85,0
60,1968,497517,1145.3,372.4,1106.5,372.6,1125.9,372.5,0
60,1969,497518,1145.9,372.4,1106.7,372.0,1126.3,372.2,0
60,1970,497519,1146.5,372.5,1106.9,371.7,1126.7,372.1,0
60,1971,497520,1147.0,372.6,1107.0,371.3,1127.0,371.95,0
60,1972,497521,1147.6,372.7,1107.3,370.8,1127.45,371.75,0
60,1973,497522,1148.1,372.6,1107.6,370.4,1127.85,371.5,0
60,1974,497523,1148.0,372.4,1108.0,369.9,1128.0,371.15,0
60,1975,497524,1147.9,372.0,1108.4,369.5,1128.15,370.75,0
60,1976,497525,1147.9,371.6,1108.8,369.0,1128.35,370.3,0
60,1977,497526,1147.9,371.1,1109.2,368.7,1128.55,369.9,0
60,1978,497527,1147.9,370.6,1109.8,368.6,1128.85,369.6,0
60,1979,497528,1147.8,370.2,1110.4,368.6,1129.1,369.4,0
60,1980,497529,1147.8,369.8,1111.0,368.6,1129.4,369.2,0
60,1981,497530,1147.8,369.6,1111.6,368.1,1129.7,368.85,0
60,1982,497531,1147.7,369.6,1112.3,367.7,1130.0,368.65,0
60,1983,497532,1147.6,369.5,1112.8,367.5,1130.2,368.5,0
60,1984,497533,1147.3,369.5,1113.3,367.3,1130.3,368.4,0
60,1985,497534,1147.1,369.7,1113.5,367.2,1130.3,368.45,0
60,1986,497535,1146.9,369.8,1113.5,367.4,1130.2,368.6,0
60,1987,497536,1146.7,370.0,1113.3,367.6,1130.0,368.8,0
60,1988,497537,1146.6,370.5,1113.1,368.2,1129.85,369.35,0
60,1989,497538,1146.5,371.1,1112.8,369.1,1129.65,370.1,0
60,1990,497539,1146.4,371.7,1112.6,369.8,1129.5,370.75,0
60,1991,497540,1146.4,372.7,1112.2,370.5,1129.3,371.6,0
60,1992,497541,1146.3,373.8,1111.8,372.3,1129.05,373.05,0
60,1993,497542,1146.1,374.9,1111.6,374.0,1128.85,374.45,0
60,1994,497543,1145.9,376.1,1111.3,375.7,1128.6,375.9,0
60,1995,497544,1145.3,376.9,1111.0,378.4,1128.15,377.65,0
60,1996,497545,1144.6,378.3,1110.5,381.9,1127.55,380.1,0
60,1997,497546,1143.7,380.4,1109.9,385.8,1126.8,383.1,0
60,1998,497547,1142.8,382.0,1109.3,390.6,1126.05,386.3,0
60,1999,497548,1142.0,383.5,1108.7,394.7,1125.35,389.1,0
60,2000,497549,1141.4,384.9,1108.1,398.7,1124.75,391.8,0
61,2001,497550,1140.8,386.3,1107.5,403.5,1124.15,394.9,0
61,2002,497551,1140.6,388.5,1106.9,407.6,1123.75,398.05,0
61,2003,497552,1140.4,390.1,1106.4,411.1,1123.4,400.6,0
61,2004,497553,1140.6,391.1,1105.9,414.1,1123.25,402.6,0
61,2005,497554,1140.7,392.0,1105.4,416.0,1123.05,404.0,0
61,2006,497555,1141.1,392.9,1104.6,417.6,1122.85,405.25,0
61,2007,497556,1141.7,394.5,1103.8,419.1,1122.75,406.8,0
61,2008,497557,1142.3,396.0,1103.1,419.8,1122.7,407.9,0
61,2009,497558,1143.1,396.7,1102.3,420.2,1122.7,408.45,0
61,2010,497559,1144.0,397.2,1101.6,420.1,1122.8,408.65,0
61,2011,497560,1145.0,397.4,1101.2,420.0,1123.1,408.7,0
61,2012,497561,1145.9,397.7,1100.8,419.9,1123.35,408.8,0
61,2013,497562,1146.5,398.3,1100.9,419.8,1123.7,409.05,0
61,2014,497563,1146.9,398.1,1101.0,419.7,1123.95,408.9,0
61,2015,497564,1147.3,398.0,1101.2,419.6,1124.25,408.8,0
61,2016,497565,1147.5,398.0,1101.5,419.5,1124.5,408.75,0
61,2017,497566,1147.4,398.0,1101.7,419.5,1124.55,408.75,0
61,2018,497567,1147.4,398.3,1101.9,419.5,1124.65,408.9,0
61,2019,497568,1147.4,398.3,1102.1,419.4,1124.75,408.85,0
61,2020,497569,1147.3,398.1,1102.2,418.9,1124.75,408.5,0
61,2021,497570,1147.2,397.8,1102.4,418.5,1124.8,408.15,0
61,2022,497571,1147.0,397.6,1102.4,417.8,1124.7,407.7,0
61,2023,497572,1146.8,396.9,1102.4,417.0,1124.6,406.95,0
61,2024,497573,1146.7,396.2,1102.5,416.4,1124.6,406.3,0
61,2025,497574,1146.5,395.4,1102.6,415.7,1124.55,405.55,0
61,2026,497575,1146.4,394.7,1102.9,415.2,1124.65,404.95,0
61,2027,497576,1146.3,394.0,1103.3,415.1,1124.8,404.55,0
61,2028,497577,1146.2,393.4,1103.8,415.0,1125.0,404.2,0
61,2029,497578,1146.2,392.5,1104.3,415.1,1125.25,403.8,0
61,2030,497579,1146.2,392.1,1104.8,415.2,1125.5,403.65,0
61,2031,497580,1146.2,391.6,1105.3,415.3,1125.75,403.45,0
61,2032,497581,1146.2,391.4,1105.5,415.3,1125.85,403.35,0
61,2033,497582,1146.2,391.2,1105.6,415.3,1125.9,403.25,0
62,2034,497583,1146.2,390.9,1105.5,415.2,1125.85,403.05,0
62,2035,497584,1146.0,390.6,1105.4,415.0,1125.7,402.8,0
62,2036,497585,1145.8,390.3,1105.3,414.5,1125.55,402.4,0
62,2037,497586,1145.6,390.1,1105.1,414.0,1125.35,402.05,0
62,2038,497587,1145.4,389.8,1104.9,413.4,1125.15,401.6,0
62,2039,497588,1145.2,389.6,1104.8,412.4,1125.0,401.0,0
62,2040,497589,1145.2,389.6,1104.8,411.3,1125.0,400.45,0
62,2041,497590,1145.2,389.5,1104.7,410.2,1124.95,399.85,0
62,2042,497591,1145.2,389.5,1104.7,409.2,1124.95,399.35,0
62,2043,497592,1145.2,389.6,1104.6,408.5,1124.9,399.05,0
62,2044,497593,1145.3,389.6,1104.5,407.7,1124.9,398.65,0
62,2045,497594,1145.4,389.6,1104.3,407.0,1124.85,398.3,0
62,2046,497595,1145.5,389.7,1104.2,406.7,1124.85,398.2,0
62,2047,497596,1145.5,389.5,1104.1,406.6,1124.8,398.05,0
62,2048,497597,1145.4,389.4,1104.0,406.4,1124.7,397.9,0
62,2049,497598,1145.3,389.3,1103.8,406.0,1124.55,397.65,0
62,2050,497599,1145.2,389.4,1103.7,405.7,1124.45,397.55,0
62,2051,497600,1145.1,389.4,1103.6,405.4,1124.35,397.4,0
62,2052,497601,1144.9,389.4,1103.6,405.2,1124.25,397.3,0
62,2053,497602,1144.8,389.3,1103.6,405.0,1124.2,397.15,0
62,2054,497603,1144.8,389.2,1103.7,404.9,1124.25,397.05,0
62,2055,497604,1144.8,389.2,1103.6,405.1,1124.2,397.15,0
62,2056,497605,1145.0,389.3,1103.6,405.3,1124.3,397.3,0
62,2057,497606,1145.1,389.4,1103.5,405.5,1124.3,397.45,0
62,2058,497607,1145.3,389.5,1103.4,405.3,1124.35,397.4,0
62,2059,497608,1145.4,389.6,1103.2,405.0,1124.3,397.3,0
62,2060,497609,1145.4,389.9,1102.9,404.6,1124.15,397.25,0
62,2061,497610,1145.4,390.1,1102.6,404.2,1124.0,397.15,0
62,2062,497611,1145.4,390.1,1102.3,403.6,1123.85,396.85,0
62,2063,497612,1145.4,390.1,1102.0,403.2,1123.7,396.65,0
62,2064,497613,1145.4,390.1,1101.7,402.8,1123.55,396.45,0
62,2065,497614,1145.4,390.2,1101.4,402.7,1123.4,396.45,0
62,2066,497615,1145.4,390.2,1101.2,402.7,1123.3,396.45,0
63,2067,497616,1145.3,390.1,1101.1,402.7,1123.2,396.4,0
63,2068,497617,1145.1,390.1,1101.0,402.7,1123.05,396.4,0
63,2069,497618,1145.0,390.0,1100.8,402.7,1122.9,396.35,0
63,2070,497619,1144.7,389.9,1100.8,402.8,1122.75,396.35,0
63,2071,497620,1144.4,389.8,1100.8,402.9,1122.6,396.35,0
63,2072,497621,1144.2,389.6,1100.9,403.1,1122.55,396.35,0
63,2073,497622,1144.0,389.4,1101.2,403.2,1122.6,396.3,0
63,2074,497623,1143.9,389.2,1101.4,403.2,1122.65,396.2,0
63,2075,497624,1143.9,388.9,1101.7,403.1,1122.8,396.0,0
63,2076,497625,1143.8,388.8,1102.0,402.9,1122.9,395.85,0
63,2077,497626,1143.7,388.7,1102.3,402.6,1123.0,395.65,0
63,2078,497627,1143.7,388.6,1102.6,402.2,1123.15,395.4,0
63,2079,497628,1143.6,388.5,1102.7,401.8,1123.15,395.15,0
63,2080,497629,1143.6,388.4,1102.4,401.4,1123.0,394.9,0
63,2081,497630,1143.6,388.5,1102.0,401.2,1122.8,394.85,0
63,2082,497631,1143.7,388.7,1101.6,401.1,1122.65,394.9,0
63,2083,497632,1143.9,388.8,1101.3,401.0,1122.6,394.9,0
63,2084,497633,1144.0,389.0,1100.9,401.0,1122.45,395.0,0
63,2085,497634,1144.2,389.1,1100.5,400.9,1122.35,395.0,0
63,2086,497635,1144.5,389.0,1100.2,400.7,1122.35,394.85,0
63,2087,497636,1144.8,388.9,1100.4,400.5,1122.6,394.7,0
63,2088,497637,1145.1,388.6,1100.5,400.0,1122.8,394.3,0
63,2089,497638,1145.2,388.3,1100.6,399.5,1122.9,393.9,0
63,2090,497639,1145.3,387.9,1100.7,398.9,1123.0,393.4,0
63,2091,497640,1145.4,387.6,1100.9,398.4,1123.15,393.0,0
63,2092,497641,1145.4,387.2,1101.0,398.2,1123.2,392.7,0
63,2093,497642,1145.6,387.0,1100.9,398.1,1123.25,392.55,0
63,2094,497643,1145.6,386.8,1100.8,398.0,1123.2,392.4,0
63,2095,497644,1145.7,386.6,1100.6,398.1,1123.15,392.35,0
63,2096,497645,1145.8,386.5,1100.3,398.0,1123.05,392.25,0
63,2097,497646,1145.9,386.3,1100.0,397.8,1122.95,392.05,0
63,2098,497647,1145.9,386.0,1099.7,397.6,1122.8,391.8,0
63,2099,497648,1145.9,385.9,1099.4,396.9,1122.65,391.4,0
63,2100,497649,1145.6,385.7,1099.3,396.2,1122.45,390.95,0
64,2101,497650,1145.4,385.5,1099.2,395.5,1122.3,390.5,0
64,2102,497651,1145.2,385.3,1099.1,394.9,1122.15,390.1,0
64,2103,497652,1145.0,385.2,1099.3,394.5,1122.15,389.85,0
64,2104,497653,1144.6,385.2,1099.5,394.1,1122.05,389.65,0
64,2105,497654,1144.3,385.2,1099.7,393.9,1122.0,389.55,0
64,2106,497655,1144.0,385.2,1099.8,393.8,1121.9,389.5,0
64,2107,497656,1143.7,385.3,1099.9,393.8,1121.8,389.55,0
64,2108,497657,1143.4,385.4,1100.0,393.8,1121.7,389.6,0
64,2109,497658,1143.1,385.5,1100.0,393.8,1121.55,389.65,0
64,2110,497659,1142.9,385.6,1099.9,393.8,1121.4,389.7,0
64,2111,497660,1142.8,385.6,1099.8,393.8,1121.3,389.7,0
64,2112,497661,1142.7,385.7,1099.8,393.8,1121.25,389.75,0
64,2113,497662,1142.7,385.7,1099.9,393.6,1121.3,389.65,0
64,2114,497663,1142.7,385.8,1100.3,393.0,1121.5,389.4,0
64,2115,497664,1142.9,385.8,1100.8,392.1,1121.85,388.95,0
64,2116,497665,1143.0,385.9,1101.3,391.1,1122.15,388.5,0
64,2117,497666,1143.4,386.0,1101.9,390.3,1122.65,388.15,0
64,2118,497667,1143.9,386.0,1102.5,389.7,1123.2,387.85,0
64,2119,497668,1144.4,385.9,1103.1,389.6,1123.75,387.75,0
64,2120,497669,1144.9,385.4,1103.5,389.9,1124.2,387.65,0
64,2121,497670,1145.3,384.8,1103.7,390.5,1124.5,387.65,0
64,2122,497671,1145.7,384.1,1103.8,391.4,1124.75,387.75,0
64,2123,497672,1146.1,383.4,1103.8,392.4,1124.95,387.9,0
64,2124,497673,1146.2,382.6,1103.9,393.0,1125.05,387.8,0
64,2125,497674,1146.2,382.0,1103.5,393.4,1124.85,387.7,0
64,2126,497675,1146.2,381.3,1103.1,392.5,1124.65,386.9,0
64,2127,497676,1146.1,381.1,1102.6,391.3,1124.35,386.2,0
64,2128,497677,1146.0,380.7,1102.1,390.2,1124.05,385.45,0
64,2129,497678,1145.8,380.4,1101.5,389.1,1123.65,384.75,0
64,2130,497679,1145.5,380.1,1101.1,388.0,1123.3,384.05,0
64,2131,497680,1145.2,379.9,1100.7,387.2,1122.95,383.55,0
64,2132,497681,1144.8,379.7,1100.6,386.5,1122.7,383.1,0
64,2133,497682,1144.5,379.6,1100.6,386.7,1122.55,383.15,0
65,2134,497683,1144.3,379.3,1100.5,386.9,1122.4,383.1,0
65,2135,497684,1144.1,379.3,1100.5,387.1,1122.3,383.2,0
65,2136,497685,1144.0,379.2,1100.6,387.2,1122.3,383.2,0
65,2137,497686,1144.1,379.1,1100.6,387.3,1122.35,383.2,0
65,2138,497687,1144.2,379.0,1100.4,387.2,1122.3,383.1,0
65,2139,497688,1144.4,379.1,1100.4,387.0,1122.4,383.05,0
65,2140,497689,1144.5,379.2,1100.4,386.8,1122.45,383.0,0
65,2141,497690,1144.7,379.5,1100.4,386.5,1122.55,383.0,0
65,2142,497691,1144.9,379.7,1100.5,386.3,1122.7,383.0,0
65,2143,497692,1145.2,379.9,1100.6,385.9,1122.9,382.9,0
65,2144,497693,1145.4,380.2,1100.6,385.7,1123.0,382.95,0
65,2145,497694,1145.7,380.5,1100.7,385.5,1123.2,383.0,0
65,2146,497695,1145.9,380.6,1100.8,385.3,1123.35,382.95,0
65,2147,497696,1146.2,380.7,1100.7,385.1,1123.45,382.9,0
65,2148,497697,1146.6,381.1,1100.7,384.9,1123.65,383.0,0
65,2149,497698,1146.8,381.6,1100.7,384.7,1123.75,383.15,0
65,2150,497699,1147.0,382.2,1100.8,384.4,1123.9,383.3,0
65,2151,497700,1147.1,382.7,1100.9,384.1,1124.0,383.4,0
65,2152,497701,1147.1,383.2,1100.9,383.3,1124.0,383.25,0
65,2153,497702,1147.1,383.8,1101.1,382.7,1124.1,383.25,0
65,2154,497703,1147.1,384.4,1101.4,382.2,1124.25,383.3,0
65,2155,497704,1147.0,384.8,1101.7,381.8,1124.35,383.3,0
65,2156,497705,1146.8,384.9,1102.1,381.5,1124.45,383.2,0
65,2157,497706,1146.5,384.7,1102.5,381.3,1124.5,383.0,0
65,2158,497707,1146.2,383.7,1102.9,381.1,1124.55,382.4,0
65,2159,497708,1146.0,382.6,1103.3,381.2,1124.65,381.9,0
65,2160,497709,1145.8,381.5,1103.6,381.1,1124.7,381.3,0
65,2161,497710,1145.5,380.4,1103.8,381.0,1124.65,380.7,0
65,2162,497711,1145.3,379.2,1103.9,380.9,1124.6,380.05,0
65,2163,497712,1145.2,378.1,1104.0,380.5,1124.6,379.3,0
65,2164,497713,1144.6,377.1,1103.8,380.0,1124.2,378.55,0
65,2165,497714,1144.0,376.9,1103.5,379.5,1123.75,378.2,0
65,2166,497715,1143.4,376.7,1103.3,379.1,1123.35,377.9,0
66,2167,497716,1142.8,376.4,1103.1,378.8,1122.95,377.6,0
66,2168,497717,1142.2,376.2,1102.9,378.3,1122.55,377.25,0
66,2169,497718,1141.5,376.0,1102.8,377.9,1122.15,376.95,0
66,2170,497719,1141.0,376.0,1102.6,377.6,1121.8,376.8,0
66,2171,497720,1141.0,376.0,1102.6,377.5,1121.8,376.75,0
66,2172,497721,1141.0,376.1,1102.7,377.4,1121.85,376.75,0
66,2173,497722,1141.1,376.0,1102.7,377.2,1121.9,376.6,0
66,2174,497723,1141.3,375.8,1102.3,376.6,1121.8,376.2,0
66,2175,497724,1141.5,375.5,1102.0,376.0,1121.75,375.75,0
66,2176,497725,1141.7,374.8,1101.5,375.5,1121.6,375.15,0
66,2177,497726,1141.9,374.1,1100.9,374.8,1121.4,374.45,0
66,2178,497727,1142.3,373.4,1100.3,374.1,1121.3,373.75,0
66,2179,497728,1142.6,372.8,1099.6,373.0,1121.1,372.9,0
66,2180,497729,1142.9,372.5,1098.9,372.0,1120.9,372.25,0
66,2181,497730,1143.2,372.5,1098.6,371.4,1120.9,371.95,0
66,2182,497731,1143.4,372.5,1098.2,371.0,1120.8,371.75,0
66,2183,497732,1143.8,372.8,1097.9,371.2,1120.85,372.0,0
66,2184,497733,1144.1,373.2,1097.6,371.4,1120.85,372.3,0
66,2185,497734,1144.3,373.5,1097.5,371.6,1120.9,372.55,0
66,2186,497735,1144.4,373.7,1097.4,372.4,1120.9,373.05,0
66,2187,497736,1144.8,373.6,1097.6,373.1,1121.2,373.35,0
66,2188,497737,1145.1,373.6,1097.8,373.7,1121.45,373.65,0
66,2189,497738,1145.5,373.9,1098.0,374.2,1121.75,374.05,0
66,2190,497739,1145.8,374.2,1098.4,374.4,1122.1,374.3,0
66,2191,497740,1145.8,374.6,1098.8,375.0,1122.3,374.8,0
66,2192,497741,1145.0,375.1,1099.2,376.3,1122.1,375.7,0
66,2193,497742,1143.3,375.8,1098.9,378.5,1121.1,377.15,0
66,2194,497743,1140.3,376.4,1097.5,381.5,1118.9,378.95,0
66,2195,497744,1136.2,377.1,1094.0,384.5,1115.1,380.8,0
66,2196,497745,1130.9,377.4,1088.5,388.0,1109.7,382.7,0
66,2197,497746,1123.2,378.1,1082.6,391.4,1102.9,384.75,0
66,2198,497747,1115.0,379.9,1073.9,395.5,1094.45,387.7,0
66,2199,497748,1104.8,381.8,1064.6,399.1,1084.7,390.45,0
66,2200,497749,1093.6,384.0,1053.5,403.0,1073.55,393.5,0
67,2201,497750,1080.0,386.8,1040.2,407.5,1060.1,397.15,0
67,2202,497751,1064.2,389.7,1025.5,411.9,1044.85,400.8,0
67,2203,497752,1047.8,393.3,1010.3,415.8,1029.05,404.55,0
67,2204,497753,1032.4,396.8,993.7,421.0,1013.05,408.9,0
67,2205,497754,1016.0,399.1,977.6,424.9,996.8,412.0,0
67,2206,497755,998.9,401.3,959.3,428.8,979.1,415.05,0
67,2207,497756,981.7,403.3,941.1,431.3,961.4,417.3,0
67,2208,497757,967.1,404.7,924.7,432.4,945.9,418.55,0
67,2209,497758,954.4,405.8,909.9,432.6,932.15,419.2,0
67,2210,497759,941.6,406.2,897.1,432.9,919.35,419.55,0
67,2211,497760,927.8,406.5,883.6,431.8,905.7,419.15,0
67,2212,497761,914.8,406.9,871.1,431.1,892.95,419.0,0
67,2213,497762,903.6,407.2,859.7,430.5,881.65,418.85,0
67,2214,497763,893.7,407.5,849.0,429.9,871.35,418.7,0
67,2215,497764,883.5,408.3,838.5,429.3,861.0,418.8,0
67,2216,497765,872.5,409.6,828.2,429.6,850.35,419.6,0
67,2217,497766,862.0,411.2,816.2,429.8,839.1,420.5,0
67,2218,497767,852.5,412.8,805.4,429.9,828.95,421.35,0
67,2219,497768,843.2,414.3,795.1,429.6,819.15,421.95,0
67,2220,497769,834.2,416.3,785.6,429.3,809.9,422.8,0
67,2221,497770,825.1,418.4,775.7,429.2,800.4,423.8,0
67,2222,497771,815.4,420.3,764.8,429.4,790.1,424.85,0
67,2223,497772,806.0,422.7,753.7,430.6,779.85,426.65,0
67,2224,497773,797.4,425.5,744.6,431.8,771.0,428.65,0
67,2225,497774,789.4,428.3,736.0,433.3,762.7,430.8,0
67,2226,497775,781.6,430.9,727.7,435.2,754.65,433.05,0
67,2227,497776,775.1,433.2,719.2,437.2,747.15,435.2,0
67,2228,497777,768.2,435.2,711.3,439.2,739.75,437.2,0
67,2229,497778,761.1,437.1,704.5,441.3,732.8,439.2,0
67,2230,497779,755.8,439.1,699.4,442.5,727.6,440.8,0
67,2231,497780,750.2,440.5,693.5,444.1,721.85,442.3,0
67,2232,497781,744.7,441.9,688.1,445.4,716.4,443.65,0
67,2233,497782,739.6,443.4,683.0,447.1,711.3,445.25,0
68,2234,497783,733.6,445.2,678.9,448.7,706.25,446.95,0
68,2235,497784,728.8,447.2,675.6,450.3,702.2,448.75,0
68,2236,497785,725.8,449.2,672.8,451.9,699.3,450.55,0
68,2237,497786,722.9,450.0,669.0,453.9,695.95,451.95,0
68,2238,497787,720.9,450.9,666.2,455.5,693.55,453.2,0
68,2239,497788,719.7,451.8,663.6,457.1,691.65,454.45,0
68,2240,497789,718.7,453.0,661.0,458.0,689.85,455.5,0
68,2241,497790,718.7,453.9,658.6,458.8,688.65,456.35,0
68,2242,497791,719.3,454.6,656.5,459.6,687.9,457.1,0
68,2243,497792,720.0,455.1,655.3,459.8,687.65,457.45,0
68,2244,497793,720.8,455.5,655.3,459.8,688.05,457.65,0
68,2245,497794,722.0,455.9,655.6,459.6,688.8,457.75,0
68,2246,497795,723.2,456.1,656.4,459.2,689.8,457.65,0
68,2247,497796,724.6,455.7,657.3,458.7,690.95,457.2,0
68,2248,497797,725.9,455.3,658.3,458.2,692.1,456.75,0
68,2249,497798,726.9,454.8,659.4,457.8,693.15,456.3,0
68,2250,497799,727.8,454.4,660.4,457.4,694.1,455.9,0
68,2251,497800,728.5,454.1,662.6,457.2,695.55,455.65,0
68,2252,497801,728.9,453.6,664.4,457.2,696.65,455.4,0
68,2253,497802,729.2,453.1,665.7,457.4,697.45,455.25,0
68,2254,497803,729.2,452.6,667.1,457.7,698.15,455.15,0
68,2255,497804,729.2,452.7,668.3,458.0,698.75,455.35,0
68,2256,497805,728.6,452.9,669.5,458.3,699.05,455.6,0
68,2257,497806,728.0,453.5,670.7,458.5,699.35,456.0,0
68,2258,497807,727.4,454.1,670.8,458.5,699.1,456.3,0
68,2259,497808,726.5,455.1,670.9,458.5,698.7,456.8,0
68,2260,497809,725.7,456.2,671.2,458.3,698.45,457.25,0
68,2261,497810,724.8,457.3,671.4,458.0,698.1,457.65,0
68,2262,497811,724.0,457.9,671.7,457.6,697.85,457.75,0
68,2263,497812,723.8,458.3,671.8,457.2,697.8,457.75,0
68,2264,497813,723.7,458.2,672.0,457.0,697.85,457.6,0
68,2265,497814,723.5,458.0,671.9,456.7,697.7,457.35,0
68,2266,497815,723.5,457.6,671.9,456.4,697.7,457.0,0
69,2267,497816,723.6,457.1,671.7,456.4,697.65,456.75,0
69,2268,497817,723.7,456.5,671.6,456.5,697.65,456.5,0
69,2269,497818,723.7,456.0,671.3,456.7,697.5,456.35,0
69,2270,497819,723.6,455.5,671.0,457.1,697.3,456.3,0
69,2271,497820,723.3,455.3,670.6,457.7,696.95,456.5,0
69,2272,497821,722.8,455.1,670.3,458.5,696.55,456.8,0
69,2273,497822,722.2,455.1,669.9,459.3,696.05,457.2,0
69,2274,497823,721.5,454.6,669.3,460.1,695.4,457.35,0
69,2275,497824,720.4,454.1,668.7,460.9,694.55,457.5,0
69,2276,497825,719.3,453.3,668.0,461.6,693.65,457.45,0
69,2277,497826,718.2,452.2,667.3,462.0,692.75,457.1,0
69,2278,497827,717.4,451.2,666.6,462.4,692.0,456.8,0
69,2279,497828,716.6,449.7,665.9,462.7,691.25,456.2,0
69,2280,497829,716.0,448.1,665.3,463.2,690.65,455.65,0
69,2281,497830,715.6,446.9,664.8,463.6,690.2,455.25,0
69,2282,497831,715.9,445.4,664.4,464.1,690.15,454.75,0
69,2283,497832,716.7,444.2,664.4,464.5,690.55,454.35,0
69,2284,497833,717.4,443.1,664.4,464.9,690.9,454.0,0
69,2285,497834,718.2,442.0,664.6,465.1,691.4,453.55,0
69,2286,497835,719.1,441.3,664.8,465.5,691.95,453.4,0
69,2287,497836,720.0,440.5,665.6,465.8,692.8,453.15,0
69,2288,497837,720.8,439.8,666.3,467.0,693.55,453.4,0
69,2289,497838,721.7,439.5,666.9,468.3,694.3,453.9,0
69,2290,497839,722.1,439.1,667.4,469.6,694.75,454.35,0
69,2291,497840,722.5,438.8,667.8,470.9,695.15,454.85,0
69,2292,497841,722.8,438.5,668.2,472.2,695.5,455.35,0
69,2293,497842,722.8,438.0,668.6,473.2,695.7,455.6,0
69,2294,497843,722.7,437.5,668.6,474.1,695.65,455.8,0
69,2295,497844,722.6,437.1,668.6,474.1,695.6,455.6,0
69,2296,497845,722.1,436.8,669.0,474.3,695.55,455.55,0
69,2297,497846,721.6,436.5,669.3,474.7,695.45,455.6,0
69,2298,497847,721.2,436.5,669.6,475.0,695.4,455.75,0
69,2299,497848,720.9,436.4,670.1,475.4,695.5,455.9,0
69,2300,497849,720.7,436.6,670.7,475.7,695.7,456.15,0
70,2301,497850,720.7,436.9,671.2,475.8,695.95,456.35,0
70,2302,497851,720.6,437.2,671.6,475.8,696.1,456.5,0
70,2303,497852,720.5,437.4,671.7,475.6,696.1,456.5,0
70,2304,497853,720.4,437.7,671.8,475.0,696.1,456.35,0
70,2305,497854,720.2,437.8,671.9,474.4,696.05,456.1,0
70,2306,497855,719.8,438.2,671.5,473.5,695.65,455.85,0
70,2307,497856,719.5,439.0,671.2,471.7,695.35,455.35,0
70,2308,497857,719.3,439.9,670.9,469.9,695.1,454.9,0
70,2309,497858,719.0,440.9,669.8,468.1,694.4,454.5,0
70,2310,497859,718.7,442.0,668.6,466.1,693.65,454.05,0
70,2311,497860,718.6,443.0,667.1,463.3,692.85,453.15,0
70,2312,497861,718.5,444.2,665.3,460.4,691.9,452.3,0
70,2313,497862,718.5,445.2,663.7,457.8,691.1,451.5,0
70,2314,497863,718.7,446.2,662.0,456.3,690.35,451.25,0
70,2315,497864,718.9,447.2,660.4,454.7,689.65,450.95,0
70,2316,497865,719.1,448.7,659.8,453.3,689.45,451.0,0
70,2317,497866,719.4,450.2,659.4,451.7,689.4,450.95,0
70,2318,497867,719.7,451.7,659.4,451.2,689.55,451.45,0
70,2319,497868,720.0,453.2,659.9,450.6,689.95,451.9,0
70,2320,497869,720.3,454.5,660.5,448.3,690.4,451.4,0
70,2321,497870,720.6,455.5,661.2,446.1,690.9,450.8,0
70,2322,497871,720.8,456.7,661.9,443.8,691.35,450.25,0
70,2323,497872,720.9,457.3,662.6,441.5,691.75,449.4,0
70,2324,497873,721.0,458.0,663.1,439.4,692.05,448.7,0
70,2325,497874,720.8,458.7,663.6,437.1,692.2,447.9,0
70,2326,497875,720.5,459.3,664.2,434.4,692.35,446.85,0
70,2327,497876,720.2,459.6,664.7,433.3,692.45,446.45,0
70,2328,497877,719.9,459.8,665.3,432.2,692.6,446.0,0
70,2329,497878,719.6,459.8,665.9,431.0,692.75,445.4,0
70,2330,497879,719.3,459.9,666.3,429.7,692.8,444.8,0
70,2331,497880,719.0,459.7,667.2,428.6,693.1,444.15,0
70,2332,497881,718.9,459.6,668.1,427.7,693.5,443.65,0
70,2333,497882,718.8,460.2,668.8,427.2,693.8,443.7,0
71,2334,497883,718.9,461.0,669.5,426.5,694.2,443.75,0
71,2335,497884,718.9,461.7,670.0,425.6,694.45,443.65,0
71,2336,497885,718.9,462.4,670.5,424.8,694.7,443.6,0
71,2337,497886,718.9,462.8,671.3,424.1,695.1,443.45,0
71,2338,497887,719.0,463.2,671.6,423.4,695.3,443.3,0
71,2339,497888,718.8,463.5,671.9,422.7,695.35,443.1,0
71,2340,497889,718.6,463.2,672.2,422.1,695.4,442.65,0
71,2341,497890,718.4,462.8,672.4,421.8,695.4,442.3,0
71,2342,497891,718.2,462.5,672.6,421.8,695.4,442.15,0
71,2343,497892,718.1,462.2,672.6,422.6,695.35,442.4,0
71,2344,497893,718.1,462.1,672.5,423.4,695.3,442.75,0
71,2345,497894,718.2,462.2,672.3,424.3,695.25,443.25,0
71,2346,497895,718.5,462.0,672.2,425.1,695.35,443.55,0
71,2347,497896,719.0,461.8,672.0,426.0,695.5,443.9,0
71,2348,497897,719.6,461.1,671.9,426.8,695.75,443.95,0
71,2349,497898,720.2,460.2,671.9,427.6,696.05,443.9,0
71,2350,497899,720.9,459.3,671.8,427.6,696.35,443.45,0
71,2351,497900,721.7,458.0,671.8,427.6,696.75,442.8,0
71,2352,497901,722.4,456.8,671.7,427.7,697.05,442.25,0
71,2353,497902,723.2,455.5,671.5,428.0,697.35,441.75,0
71,2354,497903,723.8,454.4,671.0,428.4,697.4,441.4,0
71,2355,497904,724.3,453.8,670.5,428.7,697.4,441.25,0
71,2356,497905,724.7,452.8,670.0,429.1,697.35,440.95,0
71,2357,497906,724.9,451.9,669.5,429.5,697.2,440.7,0
71,2358,497907,725.0,450.9,669.1,429.9,697.05,440.4,0
71,2359,497908,725.0,449.9,668.7,430.2,696.85,440.05,0
71,2360,497909,725.1,448.9,668.5,430.4,696.8,439.65,0
71,2361,497910,725.2,447.7,668.6,430.7,696.9,439.2,0
71,2362,497911,725.5,446.0,668.7,431.3,697.1,438.65,0
71,2363,497912,725.7,444.8,668.7,432.0,697.2,438.4,0
71,2364,497913,726.0,443.6,668.7,432.6,697.35,438.1,0
71,2365,497914,726.2,442.7,668.6,433.3,697.4,438.0,0
71,2366,497915,726.4,441.8,668.5,434.0,697.45,437.9,0
72,2367,497916,725.9,440.9,668.3,434.6,697.1,437.75,0
72,2368,497917,725.5,440.2,668.2,435.1,696.85,437.65,0
72,2369,497918,724.8,440.2,668.1,435.2,696.45,437.7,0
72,2370,497919,723.9,440.1,668.1,435.2,696.0,437.65,0
72,2371,497920,723.0,440.1,668.1,436.0,695.55,438.05,0
72,2372,497921,722.0,440.1,668.1,436.7,695.05,438.4,0
72,2373,497922,721.2,440.3,668.1,437.3,694.65,438.8,0
72,2374,497923,721.0,440.6,668.2,437.7,694.6,439.15,0
72,2375,497924,720.8,440.8,668.4,438.2,694.6,439.5,0
72,2376,497925,720.7,440.9,668.6,438.6,694.65,439.75,0
72,2377,497926,720.7,441.0,668.8,439.2,694.75,440.1,0
72,2378,497927,720.6,441.0,669.0,439.2,694.8,440.1,0
72,2379,497928,720.4,440.9,669.2,439.4,694.8,440.15,0
72,2380,497929,720.0,440.6,669.3,439.7,694.65,440.15,0
72,2381,497930,719.7,440.1,669.4,440.5,694.55,440.3,0
72,2382,497931,719.7,439.7,669.4,441.4,694.55,440.55,0
72,2383,497932,719.8,439.3,669.4,442.9,694.6,441.1,0
72,2384,497933,720.0,439.0,669.4,444.3,694.7,441.65,0
72,2385,497934,720.3,438.6,669.6,445.5,694.95,442.05,0
72,2386,497935,720.8,438.2,669.8,446.5,695.3,442.35,0
72,2387,497936,721.3,437.9,670.1,447.4,695.7,442.65,0
72,2388,497937,721.8,437.9,670.4,447.9,696.1,442.9,0
72,2389,497938,721.9,437.9,670.8,448.4,696.35,443.15,0
72,2390,497939,722.0,437.8,671.2,448.2,696.6,443.0,0
72,2391,497940,722.0,438.1,671.5,449.3,696.75,443.7,0
72,2392,497941,721.9,438.3,671.9,450.3,696.9,444.3,0
72,2393,497942,721.9,438.8,672.4,451.4,697.15,445.1,0
72,2394,497943,721.8,439.3,672.9,452.4,697.35,445.85,0
72,2395,497944,721.7,439.9,673.5,453.0,697.6,446.45,0
72,2396,497945,721.7,440.4,674.0,453.7,697.85,447.05,0
72,2397,497946,721.6,440.4,674.5,454.3,698.05,447.35,0
72,2398,497947,721.6,440.1,675.0,454.2,698.3,447.15,0
72,2399,497948,721.8,439.8,675.3,454.1,698.55,446.95,0
72,2400,497949,722.0,439.3,675.5,454.1,698.75,446.7,0
73,2401,497950,722.3,438.8,675.6,454.4,698.95,446.6,0
73,2402,497951,722.5,438.4,675.6,455.2,699.05,446.8,0
73,2403,497952,722.7,438.1,675.7,456.0,699.2,447.05,0
73,2404,497953,722.8,438.3,675.7,456.9,699.25,447.6,0
73,2405,497954,722.9,438.7,675.9,457.2,699.4,447.95,0
73,2406,497955,722.8,439.0,676.0,457.5,699.4,448.25,0
73,2407,497956,722.6,439.4,676.1,457.8,699.35,448.6,0
73,2408,497957,722.4,439.7,675.9,457.8,699.15,448.75,0
73,2409,497958,722.3,439.9,675.5,457.9,698.9,448.9,0
73,2410,497959,722.4,440.0,675.1,457.9,698.75,448.95,0
73,2411,497960,722.6,440.1,674.7,457.9,698.65,449.0,0
73,2412,497961,722.8,440.1,674.4,458.0,698.6,449.05,0
73,2413,497962,723.0,440.2,674.1,458.0,698.55,449.1,0
73,2414,497963,723.3,440.4,673.9,458.1,698.6,449.25,0
73,2415,497964,723.6,440.6,673.9,457.7,698.75,449.15,0
73,2416,497965,723.9,440.8,674.1,457.3,699.0,449.05,0
73,2417,497966,724.1,441.0,674.1,456.9,699.1,448.95,0
73,2418,497967,724.2,441.2,674.2,456.5,699.2,448.85,0
73,2419,497968,724.2,441.2,674.1,456.1,699.15,448.65,0
73,2420,497969,724.3,441.2,674.0,455.4,699.15,448.3,0
73,2421,497970,724.4,441.0,673.8,454.8,699.1,447.9,0
73,2422,497971,724.4,440.8,673.6,454.6,699.0,447.7,0
73,2423,497972,724.5,440.6,673.3,454.4,698.9,447.5,0
73,2424,497973,724.5,440.5,673.2,454.2,698.85,447.35,0
73,2425,497974,724.6,440.5,673.2,454.8,698.9,447.65,0
73,2426,497975,724.6,440.5,673.2,455.4,698.9,447.95,0
73,2427,497976,724.5,440.6,673.1,456.2,698.8,448.4,0
73,2428,497977,724.5,440.8,672.9,457.1,698.7,448.95,0
73,2429,497978,724.4,440.9,672.7,457.8,698.55,449.35,0
73,2430,497979,724.4,441.0,672.5,458.6,698.45,449.8,0
73,2431,497980,724.4,441.1,672.3,458.9,698.35,450.0,0
73,2432,497981,724.3,441.1,672.0,458.5,698.15,449.8,0
73,2433,497982,724.2,440.9,671.8,458.1,698.0,449.5,0
74,2434,497983,724.2,440.6,671.5,457.7,697.85,449.15,0
74,2435,497984,724.2,440.4,671.5,457.3,697.85,448.85,0
74,2436,497985,724.4,440.2,671.5,456.9,697.95,448.55,0
74,2437,497986,724.6,439.9,671.4,456.6,698.0,448.25,0
74,2438,497987,724.7,439.7,671.4,456.6,698.05,448.15,0
74,2439,497988,725.0,439.4,671.4,456.6,698.2,448.0,0
74,2440,497989,725.3,439.2,671.4,456.6,698.35,447.9,0
74,2441,497990,725.5,439.1,671.4,456.4,698.45,447.75,0
74,2442,497991,725.7,439.1,671.3,456.3,698.5,447.7,0
74,2443,497992,725.8,439.0,671.2,456.1,698.5,447.55,0
74,2444,497993,725.8,439.0,670.9,456.0,698.35,447.5,0
74,2445,497994,725.8,438.6,670.7,455.8,698.25,447.2,0
74,2446,497995,725.8,438.4,670.5,455.7,698.15,447.05,0
74,2447,497996,725.7,438.1,670.4,455.5,698.05,446.8,0
74,2448,497997,725.5,438.0,670.2,455.4,697.85,446.7,0
74,2449,497998,725.2,437.9,670.2,455.0,697.7,446.45,0
74,2450,497999,724.9,437.8,670.3,454.0,697.6,445.9,0
74,2451,498000,724.6,437.8,670.5,453.0,697.55,445.4,0
74,2452,498001,724.2,438.2,670.6,452.0,697.4,445.1,0
74,2453,498002,723.4,438.5,670.8,451.1,697.1,444.8,0
74,2454,498003,722.7,438.8,670.9,450.3,696.8,444.55,0
74,2455,498004,722.2,439.1,670.6,449.7,696.4,444.4,0
74,2456,498005,721.5,439.3,670.4,449.4,695.95,444.35,0
74,2457,498006,720.8,439.6,670.1,449.6,695.45,444.6,0
74,2458,498007,720.2,439.8,669.7,449.6,694.95,444.7,0
74,2459,498008,719.7,440.2,669.3,449.3,694.5,444.75,0
74,2460,498009,719.6,440.5,668.9,448.7,694.25,444.6,0
74,2461,498010,719.5,440.8,668.5,448.2,694.0,444.5,0
74,2462,498011,719.4,441.1,668.3,447.6,693.85,444.35,0
74,2463,498012,719.5,441.3,668.2,446.9,693.85,444.1,0
74,2464,498013,719.6,441.5,668.1,446.4,693.85,443.95,0
74,2465,498014,719.8,441.7,668.0,445.5,693.9,443.6,0
74,2466,498015,719.8,441.7,667.9,445.1,693.85,443.4,0
75,2467,498016,719.8,441.8,667.7,444.6,693.75,443.2,0
75,2468,498017,719.7,441.7,667.6,444.2,693.65,442.95,0
75,2469,498018,719.5,441.7,667.6,443.7,693.55,442.7,0
75,2470,498019,719.3,441.5,667.6,443.3,693.45,442.4,0
75,2471,498020,719.1,441.3,667.7,442.1,693.4,441.7,0
75,2472,498021,718.9,441.1,667.9,441.3,693.4,441.2,0
75,2473,498022,718.6,440.8,668.2,440.3,693.4,440.55,0
75,2474,498023,718.4,440.6,668.6,439.3,693.5,439.95,0
75,2475,498024,718.3,440.4,669.0,438.3,693.65,439.35,0
75,2476,498025,717.8,440.3,669.4,437.4,693.6,438.85,0
75,2477,498026,717.2,440.4,669.8,436.4,693.5,438.4,0
75,2478,498027,716.5,440.6,670.2,436.1,693.35,438.35,0
75,2479,498028,715.9,441.2,670.5,435.8,693.2,438.5,0
75,2480,498029,715.3,441.9,670.7,435.4,693.0,438.65,0
75,2481,498030,714.9,442.7,671.2,435.0,693.05,438.85,0
75,2482,498031,714.9,443.4,671.7,434.7,693.3,439.05,0
75,2483,498032,715.2,444.0,672.2,434.3,693.7,439.15,0
75,2484,498033,715.8,445.0,672.6,433.9,694.2,439.45,0
75,2485,498034,716.3,446.1,673.1,433.3,694.7,439.7,0
75,2486,498035,716.9,446.8,673.6,432.5,695.25,439.65,0
75,2487,498036,717.5,447.6,674.2,431.9,695.85,439.75,0
75,2488,498037,718.1,448.5,674.4,431.4,696.25,439.95,0
75,2489,498038,718.4,449.4,674.6,430.7,696.5,440.05,0
75,2490,498039,718.9,450.4,674.8,430.1,696.85,440.25,0
75,2491,498040,719.3,451.1,675.0,429.4,697.15,440.25,0
75,2492,498041,719.8,451.6,675.2,428.4,697.5,440.0,0
75,2493,498042,720.1,452.3,675.5,427.7,697.8,440.0,0
75,2494,498043,720.5,452.8,675.8,426.9,698.15,439.85,0
75,2495,498044,720.8,453.7,676.0,426.7,698.4,440.2,0
75,2496,498045,721.0,455.1,676.3,426.5,698.65,440.8,0
75,2497,498046,721.1,456.5,676.6,426.4,698.85,441.45,0
75,2498,498047,721.2,457.9,676.8,426.3,699.0,442.1,0
75,2499,498048,721.4,459.2,676.9,426.5,699.15,442.85,0
75,2500,498049,721.7,460.4,677.0,426.5,699.35,443.45,0
76,2501,498050,722.0,461.8,677.0,426.6,699.5,444.2,0
76,2502,498051,722.7,462.7,677.1,426.1,699.9,444.4,0
76,2503,498052,723.4,463.1,677.1,425.7,700.25,444.4,0
76,2504,498053,724.1,463.4,677.2,425.3,700.65,444.35,0
76,2505,498054,724.7,463.7,677.2,424.9,700.95,444.3,0
76,2506,498055,725.1,464.0,677.2,424.9,701.15,444.45,0
76,2507,498056,725.4,464.2,677.1,425.2,701.25,444.7,0
76,2508,498057,725.6,464.3,677.1,425.7,701.35,445.0,0
76,2509,498058,725.4,464.5,676.9,427.4,701.15,445.95,0
76,2510,498059,725.2,464.7,676.8,429.0,701.0,446.85,0
76,2511,498060,725.1,464.8,676.6,430.9,700.85,447.85,0
76,2512,498061,724.9,465.0,676.4,432.9,700.65,448.95,0
76,2513,498062,724.9,465.3,676.3,435.0,700.6,450.15,0
76,2514,498063,724.9,465.6,676.0,437.6,700.45,451.6,0
76,2515,498064,724.9,466.0,675.7,440.3,700.3,453.15,0
76,2516,498065,724.8,466.3,675.3,441.9,700.05,454.1,0
76,2517,498066,724.6,466.6,674.6,443.7,699.6,455.15,0
76,2518,498067,724.4,466.8,673.5,445.9,698.95,456.35,0
76,2519,498068,724.2,466.6,672.5,448.1,698.35,457.35,0
76,2520,498069,723.8,466.3,671.2,450.4,697.5,458.35,0
76,2521,498070,723.0,466.0,669.8,452.8,696.4,459.4,0
76,2522,498071,722.2,465.6,668.5,454.9,695.35,460.25,0
76,2523,498072,721.5,464.7,667.2,457.8,694.35,461.25,0
76,2524,498073,721.1,463.8,666.4,460.7,693.75,462.25,0
76,2525,498074,720.7,463.1,665.9,463.4,693.3,463.25,0
76,2526,498075,720.4,463.2,665.4,465.9,692.9,464.55,0
76,2527,498076,720.2,463.3,665.1,468.4,692.65,465.85,0
76,2528,498077,720.6,463.3,665.0,469.9,692.8,466.6,0
76,2529,498078,720.9,463.5,665.0,471.4,692.95,467.45,0
76,2530,498079,721.2,464.1,665.2,472.7,693.2,468.4,0
76,2531,498080,721.3,464.7,665.3,473.9,693.3,469.3,0
76,2532,498081,721.3,465.3,665.8,475.1,693.55,470.2,0
76,2533,498082,721.3,465.3,666.2,476.4,693.75,470.85,0
77,2534,498083,721.2,465.3,666.8,477.8,694.0,471.55,0
77,2535,498084,721.1,465.3,667.3,479.1,694.2,472.2,0
77,2536,498085,721.0,465.3,667.8,480.4,694.4,472.85,0
77,2537,498086,721.0,465.2,668.2,481.0,694.6,473.1,0
77,2538,498087,721.1,465.1,669.1,481.6,695.1,473.35,0
77,2539,498088,721.3,465.0,669.6,481.7,695.45,473.35,0
77,2540,498089,721.7,464.9,670.2,481.7,695.95,473.3,0
77,2541,498090,722.1,464.9,670.7,481.7,696.4,473.3,0
77,2542,498091,722.6,464.9,671.3,481.5,696.95,473.2,0
77,2543,498092,723.1,464.9,672.2,481.4,697.65,473.15,0
77,2544,498093,723.5,464.8,673.1,481.2,698.3,473.0,0
77,2545,498094,723.7,464.8,673.5,480.8,698.6,472.8,0
77,2546,498095,723.7,464.6,673.9,480.2,698.8,472.4,0
77,2547,498096,723.6,464.4,674.3,478.6,698.95,471.5,0
77,2548,498097,723.5,464.1,674.4,476.9,698.95,470.5,0
77,2549,498098,723.1,463.7,674.5,475.3,698.8,469.5,0
77,2550,498099,722.7,463.3,674.4,473.6,698.55,468.45,0
77,2551,498100,722.2,462.9,674.2,471.9,698.2,467.4,0
77,2552,498101,721.8,462.4,674.0,470.4,697.9,466.4,0
77,2553,498102,721.6,462.0,673.9,469.3,697.75,465.65,0
77,2554,498103,721.5,461.4,673.8,469.2,697.65,465.3,0
77,2555,498104,721.4,460.8,673.8,469.0,697.6,464.9,0
77,2556,498105,721.4,460.3,673.8,468.7,697.6,464.5,0
77,2557,498106,721.7,460.0,673.0,468.0,697.35,464.0,0
77,2558,498107,722.0,459.8,672.2,467.3,697.1,463.55,0
77,2559,498108,722.3,459.6,671.4,466.5,696.85,463.05,0
77,2560,498109,722.7,459.7,670.5,465.7,696.6,462.7,0
77,2561,498110,723.0,459.8,669.6,464.7,696.3,462.25,0
77,2562,498111,723.1,459.9,668.7,463.9,695.9,461.9,0
77,2563,498112,723.2,459.8,667.7,463.0,695.45,461.4,0
77,2564,498113,723.1,459.6,667.2,462.6,695.15,461.1,0
77,2565,498114,722.9,459.2,666.7,462.1,694.8,460.65,0
77,2566,498115,722.8,458.9,666.3,461.6,694.55,460.25,0
78,2567,498116,722.6,458.5,666.0,460.8,694.3,459.65,0
78,2568,498117,722.6,458.1,665.9,459.8,694.25,458.95,0
78,2569,498118,722.6,457.7,666.3,458.9,694.45,458.3,0
78,2570,498119,722.6,457.6,666.8,457.6,694.7,457.6,0
78,2571,498120,722.6,457.3,667.7,456.6,695.15,456.95,0
78,2572,498121,722.6,456.9,668.7,455.4,695.65,456.15,0
78,2573,498122,722.6,456.5,669.9,454.2,696.25,455.35,0
78,2574,498123,722.7,456.0,670.9,453.4,696.8,454.7,0
78,2575,498124,722.8,455.6,671.8,452.7,697.3,454.15,0
78,2576,498125,722.9,455.3,672.4,451.0,697.65,453.15,0
78,2577,498126,723.0,454.9,672.9,449.4,697.95,452.15,0
78,2578,498127,723.1,454.6,673.3,447.7,698.2,451.15,0
78,2579,498128,723.1,454.3,673.6,446.2,698.35,450.25,0
78,2580,498129,723.2,453.2,673.6,444.8,698.4,449.0,0
78,2581,498130,723.4,452.3,673.6,443.3,698.5,447.8,0
78,2582,498131,723.4,451.2,673.4,441.5,698.4,446.35,0
78,2583,498132,723.5,450.2,673.2,440.7,698.35,445.45,0
78,2584,498133,723.6,449.2,672.8,440.1,698.2,444.65,0
78,2585,498134,723.8,448.2,672.5,439.0,698.15,443.6,0
78,2586,498135,723.9,447.2,672.3,437.9,698.1,442.55,0
78,2587,498136,724.0,447.1,672.4,436.7,698.2,441.9,0
78,2588,498137,724.0,446.9,672.5,435.5,698.25,441.2,0
78,2589,498138,723.9,446.8,672.7,434.4,698.3,440.6,0
78,2590,498139,723.7,446.6,672.9,433.5,698.3,440.05,0
78,2591,498140,723.5,446.5,673.1,432.7,698.3,439.6,0
78,2592,498141,723.1,446.4,673.2,432.3,698.15,439.35,0
78,2593,498142,722.7,446.2,672.9,432.0,697.8,439.1,0
78,2594,498143,722.4,445.9,672.4,431.5,697.4,438.7,0
78,2595,498144,722.0,445.3,671.9,431.2,696.95,438.25,0
78,2596,498145,721.7,444.7,671.3,431.0,696.5,437.85,0
78,2597,498146,721.5,443.8,670.8,430.8,696.15,437.3,0
78,2598,498147,721.3,443.0,670.3,430.9,695.8,436.95,0
78,2599,498148,721.3,442.2,669.8,430.9,695.55,436.55,0
78,2600,498149,721.2,441.4,669.5,431.1,695.35,436.25,0
79,2601,498150,721.2,440.7,668.9,431.5,695.05,436.1,0
79,2602,498151,721.2,440.4,668.2,431.9,694.7,436.15,0
79,2603,498152,721.2,440.3,667.4,433.1,694.3,436.7,0
79,2604,498153,721.1,440.3,666.6,434.8,693.85,437.55,0
79,2605,498154,721.1,440.4,665.9,436.4,693.5,438.4,0
79,2606,498155,721.0,440.5,665.1,438.0,693.05,439.25,0
79,2607,498156,721.0,440.8,664.5,441.5,692.75,441.15,0
79,2608,498157,720.9,441.2,664.4,445.1,692.65,443.15,0
79,2609,498158,721.1,441.6,664.6,449.3,692.85,445.45,0
79,2610,498159,721.4,441.9,665.0,452.9,693.2,447.4,0
79,2611,498160,721.7,442.1,665.4,456.2,693.55,449.15,0
79,2612,498161,721.3,442.3,665.7,460.5,693.5,451.4,0
79,2613,498162,720.9,442.5,666.0,465.0,693.45,453.75,0
79,2614,498163,719.9,442.8,666.1,467.5,693.0,455.15,0
79,2615,498164,718.2,443.4,664.2,470.4,691.2,456.9,0
79,2616,498165,713.9,444.1,659.2,472.6,686.55,458.35,0
79,2617,498166,707.5,445.1,652.6,474.4,680.05,459.75,0
79,2618,498167,699.3,446.5,644.7,476.0,672.0,461.25,0
79,2619,498168,689.7,448.4,635.4,476.5,662.55,462.45,0
79,2620,498169,678.4,450.9,625.0,476.8,651.7,463.85,0
79,2621,498170,665.7,453.8,612.8,476.9,639.25,465.35,0
79,2622,498171,653.0,456.2,600.8,476.5,626.9,466.35,0
79,2623,498172,640.9,458.6,589.0,475.9,614.95,467.25,0
79,2624,498173,628.9,460.6,576.9,474.8,602.9,467.7,0
79,2625,498174,616.5,462.4,564.6,473.7,590.55,468.05,0
79,2626,498175,603.7,463.7,552.7,472.5,578.2,468.1,0
79,2627,498176,590.7,464.3,540.7,469.7,565.7,467.0,0
79,2628,498177,579.8,464.5,530.3,467.0,555.05,465.75,0
79,2629,498178,568.1,464.6,520.1,464.2,544.1,464.4,0
79,2630,498179,557.5,464.6,510.7,461.5,534.1,463.05,0
79,2631,498180,547.8,464.4,501.4,458.4,524.6,461.4,0
79,2632,498181,538.9,464.2,493.1,455.1,516.0,459.65,0
79,2633,498182,532.3,464.0,485.2,451.1,508.75,457.55,0
80,2634,498183,525.8,463.7,478.4,448.9,502.1,456.3,0
80,2635,498184,518.1,463.5,471.1,446.6,494.6,455.05,0
80,2636,498185,511.1,463.3,464.8,444.6,487.95,453.95,0
80,2637,498186,504.9,463.8,459.2,442.7,482.05,453.25,0
80,2638,498187,497.9,464.5,453.6,441.5,475.75,453.0,0
80,2639,498188,492.6,465.4,448.0,440.7,470.3,453.05,0
80,2640,498189,487.5,466.8,442.2,440.4,464.85,453.6,0
80,2641,498190,484.1,468.1,436.6,440.1,460.35,454.1,0
80,2642,498191,482.1,469.5,432.0,439.8,457.05,454.65,0
80,2643,498192,480.7,470.9,428.1,439.6,454.4,455.25,0
80,2644,498193,479.5,471.7,425.0,439.5,452.25,455.6,0
80,2645,498194,480.3,472.4,423.9,439.5,452.1,455.95,0
80,2646,498195,481.6,472.9,423.9,439.5,452.75,456.2,0
80,2647,498196,483.3,473.1,425.0,439.6,454.15,456.35,0
80,2648,498197,484.9,473.2,426.1,439.6,455.5,456.4,0
80,2649,498198,486.6,473.3,427.6,439.7,457.1,456.5,0
80,2650,498199,488.7,473.3,429.1,439.6,458.9,456.45,0
80,2651,498200,490.6,473.0,430.6,439.3,460.6,456.15,0
80,2652,498201,492.0,472.7,432.5,437.5,462.25,455.1,0
80,2653,498202,492.7,472.3,434.0,435.7,463.35,454.0,0
80,2654,498203,493.0,471.7,435.1,434.0,464.05,452.85,0
80,2655,498204,493.1,470.6,436.3,432.3,464.7,451.45,0
80,2656,498205,492.8,469.5,436.9,430.6,464.85,450.05,0
80,2657,498206,492.2,468.4,437.6,429.1,464.9,448.75,0
80,2658,498207,491.6,467.1,438.3,427.6,464.95,447.35,0
80,2659,498208,491.1,465.8,438.5,427.5,464.8,446.65,0
80,2660,498209,490.7,464.6,438.6,427.3,464.65,445.95,0
80,2661,498210,490.5,463.6,438.6,427.3,464.55,445.45,0
80,2662,498211,490.3,463.1,438.7,427.1,464.5,445.1,0
80,2663,498212,490.2,462.5,438.6,426.9,464.4,444.7,0
80,2664,498213,490.1,462.0,438.3,426.4,464.2,444.2,0
80,2665,498214,489.9,461.9,437.9,426.1,463.9,444.0,0
80,2666,498215,489.6,461.8,437.6,425.9,463.6,443.85,0
81,2667,498216,489.0,461.6,436.9,425.7,462.95,443.65,0
81,2668,498217,488.4,461.3,436.3,425.5,462.35,443.4,0
81,2669,498218,487.8,461.0,435.8,425.3,461.8,443.15,0
81,2670,498219,487.1,460.7,435.4,425.2,461.25,442.95,0
81,2671,498220,486.5,460.4,435.1,425.3,460.8,442.85,0
81,2672,498221,485.8,460.1,434.9,425.5,460.35,442.8,0
81,2673,498222,485.1,459.8,434.7,425.7,459.9,442.75,0
81,2674,498223,484.7,459.5,434.8,425.8,459.75,442.65,0
81,2675,498224,484.3,459.3,434.9,425.9,459.6,442.6,0
81,2676,498225,483.7,459.1,435.0,426.0,459.35,442.55,0
81,2677,498226,483.2,459.0,435.1,425.9,459.15,442.45,0
81,2678,498227,482.7,458.8,435.1,425.8,458.9,442.3,0
81,2679,498228,482.4,458.8,435.2,425.6,458.8,442.2,0
81,2680,498229,482.1,458.7,435.2,425.2,458.65,441.95,0
81,2681,498230,481.7,458.6,435.2,424.6,458.45,441.6,0
81,2682,498231,481.4,458.4,434.8,424.1,458.1,441.25,0
81,2683,498232,481.3,457.9,434.4,423.5,457.85,440.7,0
81,2684,498233,481.4,457.3,434.0,423.0,457.7,440.15,0
81,2685,498234,481.4,456.7,433.5,422.4,457.45,439.55,0
81,2686,498235,481.6,456.1,433.0,421.6,457.3,438.85,0
81,2687,498236,482.0,455.5,432.7,420.4,457.35,437.95,0
81,2688,498237,482.4,455.1,432.5,419.5,457.45,437.3,0
81,2689,498238,483.0,454.8,432.5,418.6,457.75,436.7,0
81,2690,498239,483.6,455.0,432.5,417.7,458.05,436.35,0
81,2691,498240,484.2,455.2,432.3,417.3,458.25,436.25,0
81,2692,498241,484.8,455.8,431.8,417.0,458.3,436.4,0
81,2693,498242,485.3,456.3,431.2,417.1,458.25,436.7,0
81,2694,498243,485.8,457.3,430.5,417.6,458.15,437.45,0
81,2695,498244,486.2,458.1,429.8,418.1,458.0,438.1,0
81,2696,498245,486.5,458.7,429.0,418.7,457.75,438.7,0
81,2697,498246,486.8,459.3,427.9,419.3,457.35,439.3,0
81,2698,498247,486.8,459.6,426.9,419.8,456.85,439.7,0
81,2699,498248,486.9,459.7,426.3,420.3,456.6,440.0,0
81,2700,498249,486.9,459.7,425.8,420.7,456.35,440.2,0
82,2701,498250,486.9,459.4,425.2,421.2,456.05,440.3,0
82,2702,498251,486.8,459.0,424.8,421.8,455.8,440.4,0
82,2703,498252,486.8,458.5,424.3,422.6,455.55,440.55,0
82,2704,498253,486.8,458.0,424.6,423.5,455.7,440.75,0
82,2705,498254,486.8,457.8,424.9,424.0,455.85,440.9,0
82,2706,498255,486.8,457.4,425.2,424.6,456.0,441.0,0
82,2707,498256,486.7,457.1,425.6,425.3,456.15,441.2,0
82,2708,498257,486.7,456.7,426.2,426.0,456.45,441.35,0
82,2709,498258,486.6,456.2,426.8,426.6,456.7,441.4,0
82,2710,498259,486.5,456.0,427.5,426.9,457.0,441.45,0
82,2711,498260,486.3,455.8,428.0,427.2,457.15,441.5,0
82,2712,498261,486.1,455.6,428.5,427.5,457.3,441.55,0
82,2713,498262,485.9,455.5,429.3,427.5,457.6,441.5,0
82,2714,498263,485.7,455.4,430.0,427.4,457.85,441.4,0
82,2715,498264,485.6,455.7,430.5,427.0,458.05,441.35,0
82,2716,498265,485.4,456.1,430.9,426.6,458.15,441.35,0
82,2717,498266,485.2,456.4,431.3,426.3,458.25,441.35,0
82,2718,498267,485.0,456.7,431.9,425.9,458.45,441.3,0
82,2719,498268,484.8,457.1,432.6,425.7,458.7,441.4,0
82,2720,498269,484.6,457.4,432.9,425.9,458.75,441.65,0
82,2721,498270,484.4,457.7,433.2,426.7,458.8,442.2,0
82,2722,498271,484.2,457.9,433.4,427.6,458.8,442.75,0
82,2723,498272,484.0,457.9,433.6,428.6,458.8,443.25,0
82,2724,498273,483.7,458.0,433.8,429.5,458.75,443.75,0
82,2725,498274,483.5,458.2,433.7,430.4,458.6,444.3,0
82,2726,498275,483.3,458.4,433.2,430.9,458.25,444.65,0
82,2727,498276,483.0,458.7,432.7,431.4,457.85,445.05,0
82,2728,498277,482.7,459.1,432.0,431.3,457.35,445.2,0
82,2729,498278,482.4,459.4,431.3,431.6,456.85,445.5,0
82,2730,498279,482.3,459.7,430.5,431.8,456.4,445.75,0
82,2731,498280,482.3,460.0,429.7,432.2,456.0,446.1,0
82,2732,498281,482.4,460.3,428.9,432.7,455.65,446.5,0
82,2733,498282,482.6,460.6,428.4,433.4,455.5,447.0,0
83,2734,498283,483.0,460.8,427.9,434.1,455.45,447.45,0
83,2735,498284,483.6,461.2,427.7,434.8,455.65,448.0,0
83,2736,498285,484.2,461.7,427.6,435.3,455.9,448.5,0
83,2737,498286,484.5,462.2,427.5,436.1,456.0,449.15,0
83,2738,498287,484.8,462.8,427.3,436.8,456.05,449.8,0
83,2739,498288,485.2,463.3,426.6,437.5,455.9,450.4,0
83,2740,498289,485.5,463.7,425.9,438.1,455.7,450.9,0
83,2741,498290,485.7,463.9,425.3,438.5,455.5,451.2,0
83,2742,498291,485.8,463.9,424.7,438.8,455.25,451.35,0
83,2743,498292,485.9,464.0,424.2,439.4,455.05,451.7,0
83,2744,498293,486.0,463.9,423.8,439.7,454.9,451.8,0
83,2745,498294,486.0,463.9,423.5,441.1,454.75,452.5,0
83,2746,498295,485.8,463.9,423.6,442.4,454.7,453.15,0
83,2747,498296,485.5,464.0,423.9,443.9,454.7,453.95,0
83,2748,498297,485.1,464.1,424.2,446.0,454.65,455.05,0
83,2749,498298,484.8,464.3,424.6,448.2,454.7,456.25,0
83,2750,498299,484.4,464.6,424.9,450.1,454.65,457.35,0
83,2751,498300,484.1,465.2,425.3,451.8,454.7,458.5,0
83,2752,498301,483.8,465.8,425.4,452.5,454.6,459.15,0
83,2753,498302,483.7,466.4,425.6,453.2,454.65,459.8,0
83,2754,498303,483.8,467.0,425.6,454.0,454.7,460.5,0
83,2755,498304,484.0,467.7,425.7,454.1,454.85,460.9,0
83,2756,498305,484.2,468.2,425.6,454.3,454.9,461.25,0
83,2757,498306,484.6,468.7,425.6,454.5,455.1,461.6,0
83,2758,498307,485.0,468.9,425.6,454.8,455.3,461.85,0
83,2759,498308,485.3,469.6,425.8,455.2,455.55,462.4,0
83,2760,498309,485.6,470.4,426.2,455.5,455.9,462.95,0
83,2761,498310,485.8,471.2,426.5,456.1,456.15,463.65,0
83,2762,498311,485.7,472.1,426.7,457.5,456.2,464.8,0
83,2763,498312,485.7,473.1,426.8,458.8,456.25,465.95,0
83,2764,498313,485.5,474.0,426.9,460.1,456.2,467.05,0
83,2765,498314,485.3,474.8,427.0,461.4,456.15,468.1,0
83,2766,498315,485.1,475.7,427.0,462.6,456.05,469.15,0
84,2767,498316,484.9,476.6,426.9,464.1,455.9,470.35,0
84,2768,498317,484.6,477.4,426.7,465.6,455.65,471.5,0
84,2769,498318,484.5,477.8,426.5,466.5,455.5,472.15,0
84,2770,498319,484.2,478.1,426.3,467.3,455.25,472.7,0
84,2771,498320,483.8,478.4,426.0,468.2,454.9,473.3,0
84,2772,498321,483.3,478.7,425.6,469.1,454.45,473.9,0
84,2773,498322,482.9,478.2,425.1,470.2,454.0,474.2,0
84,2774,498323,482.4,477.8,424.4,471.0,453.4,474.4,0
84,2775,498324,482.0,477.4,423.8,471.4,452.9,474.4,0
84,2776,498325,481.5,477.4,423.3,471.8,452.4,474.6,0
84,2777,498326,481.3,477.4,422.9,472.1,452.1,474.75,0
84,2778,498327,481.2,477.4,422.5,472.4,451.85,474.9,0
84,2779,498328,481.2,477.4,422.4,472.6,451.8,475.0,0
84,2780,498329,481.2,477.8,422.2,472.7,451.7,475.25,0
84,2781,498330,481.2,478.1,422.3,472.9,451.75,475.5,0
84,2782,498331,481.2,478.5,422.3,473.0,451.75,475.75,0
84,2783,498332,481.3,478.8,422.2,473.3,451.75,476.05,0
84,2784,498333,481.4,479.2,421.8,474.2,451.6,476.7,0
84,2785,498334,481.5,479.5,421.5,475.1,451.5,477.3,0
84,2786,498335,481.5,479.8,421.1,476.1,451.3,477.95,0
84,2787,498336,481.5,479.7,420.7,477.1,451.1,478.4,0
84,2788,498337,481.6,479.6,420.3,478.0,450.95,478.8,0
84,2789,498338,481.7,479.4,419.8,479.4,450.75,479.4,0
84,2790,498339,481.9,479.3,419.5,480.7,450.7,480.0,0
84,2791,498340,482.1,479.2,419.2,481.0,450.65,480.1,0
84,2792,498341,482.2,479.1,418.9,481.1,450.55,480.1,0
84,2793,498342,482.3,479.0,418.7,481.1,450.5,480.05,0
84,2794,498343,482.3,479.0,418.7,481.0,450.5,480.0,0
84,2795,498344,482.3,478.9,418.8,480.7,450.55,479.8,0
84,2796,498345,482.2,478.8,418.9,479.9,450.55,479.35,0
84,2797,498346,481.9,478.7,419.1,479.2,450.5,478.95,0
84,2798,498347,481.6,478.5,419.0,478.7,450.3,478.6,0
84,2799,498348,481.5,478.2,418.9,478.4,450.2,478.3,0
84,2800,498349,481.5,477.7,418.8,478.1,450.15,477.9,0
85,2801,498350,481.5,477.2,418.4,477.0,449.95,477.1,0
85,2802,498351,481.5,476.6,418.1,475.2,449.8,475.9,0
85,2803,498352,481.6,476.0,417.5,473.5,449.55,474.75,0
85,2804,498353,481.6,475.3,417.2,471.7,449.4,473.5,0
85,2805,498354,481.6,474.7,416.8,470.0,449.2,472.35,0
85,2806,498355,481.6,474.3,416.6,468.2,449.1,471.25,0
85,2807,498356,481.5,474.0,416.0,466.5,448.75,470.25,0
85,2808,498357,481.5,473.8,415.5,465.5,448.5,469.65,0
85,2809,498358,481.6,473.7,414.9,464.8,448.25,469.25,0
85,2810,498359,481.8,473.6,414.7,463.2,448.25,468.4,0
85,2811,498360,482.3,473.3,414.4,461.5,448.35,467.4,0
85,2812,498361,482.7,472.3,414.2,459.8,448.45,466.05,0
85,2813,498362,483.0,471.3,414.0,457.9,448.5,464.6,0
85,2814,498363,483.4,470.2,414.2,455.4,448.8,462.8,0
85,2815,498364,483.7,469.1,414.3,453.1,449.0,461.1,0
85,2816,498365,483.9,467.9,414.5,450.9,449.2,459.4,0
85,2817,498366,483.9,466.9,414.6,449.8,449.25,458.35,0
85,2818,498367,483.9,466.0,414.8,448.1,449.35,457.05,0
85,2819,498368,483.8,465.8,415.5,446.5,449.65,456.15,0
85,2820,498369,483.8,465.6,416.3,445.0,450.05,455.3,0
85,2821,498370,483.9,465.4,417.2,443.0,450.55,454.2,0
85,2822,498371,484.0,465.4,418.4,441.1,451.2,453.25,0
85,2823,498372,484.2,465.2,419.7,439.3,451.95,452.25,0
85,2824,498373,484.4,465.0,421.0,437.5,452.7,451.25,0
85,2825,498374,484.6,464.6,422.5,436.0,453.55,450.3,0
85,2826,498375,484.7,464.2,423.5,434.1,454.1,449.15,0
85,2827,498376,484.9,463.8,424.5,432.3,454.7,448.05,0
85,2828,498377,485.0,463.4,425.4,431.5,455.2,447.45,0
85,2829,498378,485.1,463.0,426.0,430.7,455.55,446.85,0
85,2830,498379,485.2,462.6,426.5,429.8,455.85,446.2,0
85,2831,498380,485.5,462.4,427.1,428.2,456.3,445.3,0
85,2832,498381,485.7,462.4,427.4,426.8,456.55,444.6,0
85,2833,498382,486.0,461.7,427.8,426.0,456.9,443.85,0
86,2834,498383,486.3,461.0,428.1,425.0,457.2,443.0,0
86,2835,498384,486.6,460.4,428.4,424.0,457.5,442.2,0
86,2836,498385,486.8,459.9,428.7,422.8,457.75,441.35,0
86,2837,498386,486.8,459.7,429.1,421.9,457.95,440.8,0
86,2838,498387,486.6,459.4,429.3,422.0,457.95,440.7,0
86,2839,498388,486.5,459.0,429.5,423.2,458.0,441.1,0
86,2840,498389,486.4,459.3,429.7,424.3,458.05,441.8,0
86,2841,498390,486.3,459.5,430.0,425.5,458.15,442.5,0
86,2842,498391,486.6,459.7,430.2,426.7,458.4,443.2,0
86,2843,498392,486.9,459.9,430.4,428.1,458.65,444.0,0
86,2844,498393,487.3,459.7,430.6,429.1,458.95,444.4,0
86,2845,498394,487.7,459.7,430.7,429.6,459.2,444.65,0
86,2846,498395,487.7,459.8,430.8,429.1,459.25,444.45,0
86,2847,498396,487.6,459.9,430.8,428.6,459.2,444.25,0
86,2848,498397,487.6,460.1,430.7,428.3,459.15,444.2,0
86,2849,498398,487.3,460.3,430.5,428.2,458.9,444.25,0
86,2850,498399,487.0,460.6,430.4,428.4,458.7,444.5,0
86,2851,498400,486.7,460.8,430.3,428.8,458.5,444.8,0
86,2852,498401,486.4,460.9,430.1,429.5,458.25,445.2,0
86,2853,498402,486.6,461.3,430.0,430.3,458.3,445.8,0
86,2854,498403,486.8,461.6,429.8,431.1,458.3,446.35,0
86,2855,498404,487.0,462.0,429.7,431.7,458.35,446.85,0
86,2856,498405,487.1,462.4,429.6,432.2,458.35,447.3,0
86,2857,498406,487.2,462.7,429.4,432.6,458.3,447.65,0
86,2858,498407,487.2,463.0,429.2,432.8,458.2,447.9,0
86,2859,498408,487.1,463.4,429.1,432.9,458.1,448.15,0
86,2860,498409,486.9,463.5,429.1,433.1,458.0,448.3,0
86,2861,498410,486.4,463.6,429.0,433.4,457.7,448.5,0
86,2862,498411,485.9,463.7,429.0,433.9,457.45,448.8,0
86,2863,498412,485.4,463.7,429.0,434.7,457.2,449.2,0
86,2864,498413,484.9,463.7,429.1,435.6,457.0,449.65,0
86,2865,498414,484.5,463.7,429.1,436.5,456.8,450.1,0
86,2866,498415,484.1,464.2,429.1,437.9,456.6,451.05,0
87,2867,498416,483.9,464.7,429.0,439.7,456.45,452.2,0
87,2868,498417,483.8,465.2,428.9,441.4,456.35,453.3,0
87,2869,498418,483.8,465.9,428.5,442.9,456.15,454.4,0
87,2870,498419,483.7,466.6,428.1,444.2,455.9,455.4,0
87,2871,498420,483.7,467.3,427.8,445.4,455.75,456.35,0
87,2872,498421,483.6,468.0,427.1,446.6,455.35,457.3,0
87,2873,498422,483.6,468.3,426.4,447.4,455.0,457.85,0
87,2874,498423,483.6,468.5,425.7,447.6,454.65,458.05,0
87,2875,498424,483.5,469.1,425.0,447.8,454.25,458.45,0
87,2876,498425,483.5,469.7,424.4,447.9,453.95,458.8,0
87,2877,498426,483.5,470.3,423.6,448.1,453.55,459.2,0
87,2878,498427,483.4,470.8,422.8,448.2,453.1,459.5,0
87,2879,498428,483.4,471.4,422.5,448.3,452.95,459.85,0
87,2880,498429,483.3,471.9,422.1,448.4,452.7,460.15,0
87,2881,498430,483.2,472.4,421.7,449.4,452.45,460.9,0
87,2882,498431,483.2,472.4,421.4,450.4,452.3,461.4,0
87,2883,498432,483.2,472.4,421.5,451.4,452.35,461.9,0
87,2884,498433,483.1,472.5,421.7,452.6,452.4,462.55,0
87,2885,498434,483.1,472.6,422.0,453.7,452.55,463.15,0
87,2886,498435,483.1,472.8,422.3,454.8,452.7,463.8,0
87,2887,498436,483.0,473.0,422.5,456.0,452.75,464.5,0
87,2888,498437,483.0,473.3,423.2,456.3,453.1,464.8,0
87,2889,498438,482.9,473.5,423.9,456.5,453.4,465.0,0
87,2890,498439,482.9,473.8,424.4,456.8,453.65,465.3,0
87,2891,498440,482.9,473.9,424.8,456.9,453.85,465.4,0
87,2892,498441,483.1,473.9,425.3,456.8,454.2,465.35,0
87,2893,498442,483.3,473.9,425.7,456.7,454.5,465.3,0
87,2894,498443,483.6,473.9,426.2,456.5,454.9,465.2,0
87,2895,498444,484.0,473.9,426.6,456.4,455.3,465.15,0
87,2896,498445,484.4,474.0,426.8,456.5,455.6,465.25,0
87,2897,498446,484.8,474.1,427.5,457.6,456.15,465.85,0
87,2898,498447,484.9,474.4,428.1,458.7,456.5,466.55,0
87,2899,498448,485.0,474.6,428.7,460.0,456.85,467.3,0
87,2900,498449,485.1,474.9,429.4,461.3,457.25,468.1,0
88,2901,498450,485.1,475.1,430.1,462.9,457.6,469.0,0
88,2902,498451,484.9,475.3,430.5,464.3,457.7,469.8,0
88,2903,498452,484.4,475.4,430.9,465.4,457.65,470.4,0
88,2904,498453,484.1,475.2,430.5,465.6,457.3,470.4,0
88,2905,498454,483.8,475.0,430.1,465.7,456.95,470.35,0
88,2906,498455,483.8,474.8,429.7,465.7,456.75,470.25,0
88,2907,498456,483.8,474.6,429.3,465.8,456.55,470.2,0
88,2908,498457,483.9,474.4,428.7,465.8,456.3,470.1,0
88,2909,498458,484.1,474.2,428.2,465.8,456.15,470.0,0
88,2910,498459,484.5,474.1,427.7,465.8,456.1,469.95,0
88,2911,498460,484.7,474.2,427.6,465.9,456.15,470.05,0
88,2912,498461,484.8,474.3,427.5,465.9,456.15,470.1,0
88,2913,498462,484.7,474.5,427.4,466.1,456.05,470.3,0
88,2914,498463,484.5,474.6,427.3,466.1,455.9,470.35,0
88,2915,498464,484.3,474.9,427.1,466.1,455.7,470.5,0
88,2916,498465,484.1,475.1,426.4,465.7,455.25,470.4,0
88,2917,498466,483.7,475.4,425.7,464.9,454.7,470.15,0
88,2918,498467,483.5,475.1,425.1,464.1,454.3,469.6,0
88,2919,498468,483.3,474.8,424.4,463.0,453.85,468.9,0
88,2920,498469,483.1,474.5,423.8,462.0,453.45,468.25,0
88,2921,498470,482.9,474.2,423.1,461.0,453.0,467.6,0
88,2922,498471,482.6,473.6,422.5,460.1,452.55,466.85,0
88,2923,498472,482.3,472.9,422.5,459.7,452.4,466.3,0
88,2924,498473,482.1,472.2,422.5,460.4,452.3,466.3,0
88,2925,498474,481.8,471.9,422.6,461.0,452.2,466.45,0
88,2926,498475,481.6,471.3,422.8,461.7,452.2,466.5,0
88,2927,498476,481.3,470.5,423.0,462.6,452.15,466.55,0
88,2928,498477,481.0,469.8,423.2,463.4,452.1,466.6,0
88,2929,498478,480.8,469.2,423.4,464.1,452.1,466.65,0
88,2930,498479,480.6,468.7,423.7,464.6,452.15,466.65,0
88,2931,498480,480.5,468.4,424.0,464.5,452.25,466.45,0
88,2932,498481,480.5,468.1,424.3,464.0,452.4,466.05,0
88,2933,498482,480.5,468.2,424.8,463.7,452.65,465.95,0
89,2934,498483,480.5,468.1,425.3,463.2,452.9,465.65,0
89,2935,498484,480.6,468.0,425.9,462.7,453.25,465.35,0
89,2936,498485,480.6,467.9,426.7,462.3,453.65,465.1,0
89,2937,498486,480.7,467.7,427.5,461.7,454.1,464.7,0
89,2938,498487,480.8,467.3,428.4,461.2,454.6,464.25,0
89,2939,498488,480.9,466.8,429.0,461.1,454.95,463.95,0
89,2940,498489,481.1,466.3,429.3,461.0,455.2,463.65,0
89,2941,498490,481.2,466.0,429.5,461.0,455.35,463.5,0
89,2942,498491,481.3,465.8,429.8,461.0,455.55,463.4,0
89,2943,498492,481.4,465.6,430.1,461.0,455.75,463.3,0
89,2944,498493,481.5,465.4,430.4,461.1,455.95,463.25,0
89,2945,498494,481.6,465.2,430.7,460.9,456.15,463.05,0
89,2946,498495,481.5,464.9,431.1,460.6,456.3,462.75,0
89,2947,498496,481.3,464.9,431.5,460.1,456.4,462.5,0
89,2948,498497,481.0,464.8,431.9,459.6,456.45,462.2,0
89,2949,498498,480.8,464.6,432.3,459.0,456.55,461.8,0
89,2950,498499,480.5,464.5,432.4,458.4,456.45,461.45,0
89,2951,498500,480.3,464.4,432.4,456.9,456.35,460.65,0
89,2952,498501,480.0,464.2,432.5,455.7,456.25,459.95,0
89,2953,498502,479.6,464.1,432.6,454.6,456.1,459.35,0
89,2954,498503,479.4,464.0,433.1,453.7,456.25,458.85,0
89,2955,498504,479.3,463.8,433.5,453.2,456.4,458.5,0
89,2956,498505,479.2,463.6,433.9,452.7,456.55,458.15,0
89,2957,498506,479.1,463.3,434.4,452.1,456.75,457.7,0
89,2958,498507,479.0,463.0,434.9,452.5,456.95,457.75,0
89,2959,498508,478.8,462.7,435.4,452.8,457.1,457.75,0
89,2960,498509,479.0,462.5,435.8,453.1,457.4,457.8,0
89,2961,498510,479.1,462.4,435.9,453.0,457.5,457.7,0
89,2962,498511,479.2,462.3,436.1,451.7,457.65,457.0,0
89,2963,498512,479.2,462.2,436.2,450.4,457.7,456.3,0
89,2964,498513,479.3,462.3,436.2,449.2,457.75,455.75,0
89,2965,498514,479.4,462.3,436.0,447.9,457.7,455.1,0
89,2966,498515,479.6,462.1,435.8,446.7,457.7,454.4,0
90,2967,498516,479.7,461.8,435.6,445.5,457.65,453.65,0
90,2968,498517,479.9,461.5,435.3,444.7,457.6,453.1,0
90,2969,498518,480.1,461.2,435.0,444.7,457.55,452.95,0
90,2970,498519,480.6,460.9,434.9,444.8,457.75,452.85,0
90,2971,498520,481.1,460.6,434.8,444.5,457.95,452.55,0
90,2972,498521,481.5,460.4,434.9,444.2,458.2,452.3,0
90,2973,498522,482.0,460.4,434.9,444.0,458.45,452.2,0
90,2974,498523,482.3,460.3,434.9,443.8,458.6,452.05,0
90,2975,498524,482.5,460.3,434.8,443.5,458.65,451.9,0
90,2976,498525,482.7,460.4,434.6,443.2,458.65,451.8,0
90,2977,498526,482.5,460.4,434.4,443.0,458.45,451.7,0
90,2978,498527,482.4,460.3,434.3,443.0,458.35,451.65,0
90,2979,498528,482.3,460.6,434.2,443.0,458.25,451.8,0
90,2980,498529,482.4,460.8,434.1,443.0,458.25,451.9,0
90,2981,498530,482.5,461.0,433.8,442.5,458.15,451.75,0
90,2982,498531,482.7,461.3,433.3,442.0,458.0,451.65,0
90,2983,498532,482.9,461.5,432.9,441.3,457.9,451.4,0
90,2984,498533,483.1,461.6,432.5,440.6,457.8,451.1,0
90,2985,498534,483.4,461.8,432.1,439.9,457.75,450.85,0
90,2986,498535,483.6,461.8,431.7,439.2,457.65,450.5,0
90,2987,498536,483.6,461.8,431.4,438.5,457.5,450.15,0
90,2988,498537,483.7,461.8,431.1,438.2,457.4,450.0,0
90,2989,498538,483.7,461.9,431.3,437.8,457.5,449.85,0
90,2990,498539,483.8,461.9,431.4,437.5,457.6,449.7,0
90,2991,498540,484.2,461.9,431.6,436.8,457.9,449.35,0
90,2992,498541,484.6,461.8,431.6,436.2,458.1,449.0,0
90,2993,498542,485.0,461.8,431.5,435.7,458.25,448.75,0
90,2994,498543,485.5,461.7,431.5,435.4,458.5,448.55,0
90,2995,498544,486.0,461.5,431.4,434.9,458.7,448.2,0
90,2996,498545,486.5,461.4,431.3,434.6,458.9,448.0,0
90,2997,498546,486.9,461.2,431.3,434.3,459.1,447.75,0
90,2998,498547,486.8,461.1,431.2,434.5,459.0,447.8,0
90,2999,498548,486.7,461.1,431.2,434.6,458.95,447.85,0
90,3000,498549,486.5,461.2,431.1,434.7,458.8,447.95,0
91,3001,498550,486.6,461.3,431.1,434.7,458.85,448.0,0
91,3002,498551,487.0,461.4,430.9,434.8,458.95,448.1,0
91,3003,498552,487.3,461.5,430.6,434.9,458.95,448.2,0
91,3004,498553,487.7,461.6,430.4,435.1,459.05,448.35,0
91,3005,498554,488.1,461.6,430.1,435.2,459.1,448.4,0
91,3006,498555,488.3,461.6,429.9,435.6,459.1,448.6,0
91,3007,498556,488.4,461.7,429.6,436.3,459.0,449.0,0
91,3008,498557,488.3,461.9,429.3,436.9,458.8,449.4,0
91,3009,498558,487.7,462.1,429.2,437.6,458.45,449.85,0
91,3010,498559,487.1,462.3,429.1,438.1,458.1,450.2,0
91,3011,498560,486.6,462.4,429.0,438.5,457.8,450.45,0
91,3012,498561,486.2,462.6,428.9,438.8,457.55,450.7,0
91,3013,498562,486.0,462.8,428.8,438.7,457.4,450.75,0
91,3014,498563,485.9,463.0,428.8,438.4,457.35,450.7,0
91,3015,498564,485.8,463.0,428.8,438.0,457.3,450.5,0
91,3016,498565,486.0,463.1,428.7,437.6,457.35,450.35,0
91,3017,498566,486.3,463.1,428.7,437.6,457.5,450.35,0
91,3018,498567,486.5,463.3,428.7,437.6,457.6,450.45,0
91,3019,498568,486.6,463.4,428.9,437.6,457.75,450.5,0
91,3020,498569,486.7,463.4,429.0,437.7,457.85,450.55,0
91,3021,498570,486.8,463.2,429.0,437.9,457.9,450.55,0
91,3022,498571,486.8,463.0,429.0,438.1,457.9,450.55,0
91,3023,498572,486.8,462.8,429.1,438.3,457.95,450.55,0
91,3024,498573,486.7,462.5,429.2,438.3,457.95,450.4,0
91,3025,498574,486.5,462.3,429.3,438.5,457.9,450.4,0
91,3026,498575,486.2,462.1,429.4,438.9,457.8,450.5,0
91,3027,498576,485.9,462.1,429.5,439.0,457.7,450.55,0
91,3028,498577,485.6,462.2,429.6,439.1,457.6,450.65,0
91,3029,498578,485.2,462.2,429.6,439.1,457.4,450.65,0
91,3030,498579,484.8,462.2,429.5,439.1,457.15,450.65,0
91,3031,498580,484.5,462.1,429.3,439.1,456.9,450.6,0
91,3032,498581,484.2,462.1,429.0,439.3,456.6,450.7,0
91,3033,498582,484.0,462.1,428.7,439.4,456.35,450.75,0
92,3034,498583,483.5,462.1,428.8,439.5,456.15,450.8,0
92,3035,498584,483.2,462.1,428.9,439.5,456.05,450.8,0
92,3036,498585,482.8,462.2,429.7,439.5,456.25,450.85,0
92,3037,498586,482.3,462.1,430.5,439.3,456.4,450.7,0
92,3038,498587,481.9,462.0,431.3,439.2,456.6,450.6,0
92,3039,498588,481.4,461.9,432.2,439.0,456.8,450.45,0
92,3040,498589,481.1,461.7,433.0,438.9,457.05,450.3,0
92,3041,498590,481.0,461.4,433.6,438.9,457.3,450.15,0
92,3042,498591,480.8,461.2,434.2,439.2,457.5,450.2,0
92,3043,498592,480.6,461.1,434.3,439.4,457.45,450.25,0
92,3044,498593,480.5,461.4,434.4,439.8,457.45,450.6,0
92,3045,498594,480.4,461.8,434.5,440.1,457.45,450.95,0
92,3046,498595,480.3,462.4,434.5,440.4,457.4,451.4,0
92,3047,498596,480.3,462.9,434.6,440.7,457.45,451.8,0
92,3048,498597,480.4,463.5,434.6,440.9,457.5,452.2,0
92,3049,498598,480.6,464.1,434.6,441.0,457.6,452.55,0
92,3050,498599,480.7,464.6,434.6,441.2,457.65,452.9,0
92,3051,498600,480.7,465.0,434.6,441.4,457.65,453.2,0
92,3052,498601,480.7,465.5,434.5,441.5,457.6,453.5,0
92,3053,498602,480.7,465.8,434.3,441.4,457.5,453.6,0
92,3054,498603,480.6,466.5,434.1,441.1,457.35,453.8,0
92,3055,498604,480.8,467.0,434.0,440.4,457.4,453.7,0
92,3056,498605,480.9,467.6,434.0,439.7,457.45,453.65,0
92,3057,498606,481.1,468.1,434.3,439.1,457.7,453.6,0
92,3058,498607,481.5,468.3,434.6,438.5,458.05,453.4,0
92,3059,498608,481.9,468.3,434.9,438.1,458.4,453.2,0
92,3060,498609,482.3,468.4,435.5,437.9,458.9,453.15,0
92,3061,498610,482.6,468.1,436.0,437.9,459.3,453.0,0
92,3062,498611,482.7,467.9,436.4,438.3,459.55,453.1,0
92,3063,498612,482.9,467.8,436.6,438.7,459.75,453.25,0
92,3064,498613,483.4,467.6,436.4,439.0,459.9,453.3,0
92,3065,498614,483.9,467.7,436.3,439.3,460.1,453.5,0
92,3066,498615,484.4,468.0,436.3,439.3,460.35,453.65,0
93,3067,498616,485.0,468.4,436.2,439.3,460.6,453.85,0
93,3068,498617,485.6,468.9,436.2,439.3,460.9,454.1,0
93,3069,498618,486.1,469.4,435.9,439.4,461.0,454.4,0
93,3070,498619,486.6,469.9,435.7,439.8,461.15,454.85,0
93,3071,498620,486.9,470.3,435.7,440.1,461.3,455.2,0
93,3072,498621,486.9,470.8,435.5,440.6,461.2,455.7,0
93,3073,498622,487.0,471.1,434.9,441.1,460.95,456.1,0
93,3074,498623,487.0,471.4,434.3,441.6,460.65,456.5,0
93,3075,498624,487.0,471.6,433.8,442.0,460.4,456.8,0
93,3076,498625,487.4,471.8,433.5,442.2,460.45,457.0,0
93,3077,498626,487.7,471.9,433.1,442.3,460.4,457.1,0
93,3078,498627,488.1,471.9,432.8,442.4,460.45,457.15,0
93,3079,498628,488.4,472.0,432.3,442.7,460.35,457.35,0
93,3080,498629,488.7,471.9,432.1,443.0,460.4,457.45,0
93,3081,498630,489.0,471.9,431.9,443.3,460.45,457.6,0
93,3082,498631,489.2,471.9,431.7,443.7,460.45,457.8,0
93,3083,498632,489.0,472.0,430.9,444.1,459.95,458.05,0
93,3084,498633,488.4,472.2,430.2,444.3,459.3,458.25,0
93,3085,498634,488.0,472.4,429.4,444.5,458.7,458.45,0
93,3086,498635,487.5,472.8,428.7,444.5,458.1,458.65,0
93,3087,498636,487.0,473.3,427.9,444.5,457.45,458.9,0
93,3088,498637,486.5,473.7,427.2,444.5,456.85,459.1,0
93,3089,498638,486.3,474.1,426.6,444.5,456.45,459.3,0
93,3090,498639,486.1,474.5,426.4,444.3,456.25,459.4,0
93,3091,498640,486.1,474.9,426.2,444.2,456.15,459.55,0
93,3092,498641,486.2,475.2,426.4,444.1,456.3,459.65,0
93,3093,498642,486.1,475.1,426.6,443.9,456.35,459.5,0
93,3094,498643,485.9,475.1,427.1,443.8,456.5,459.45,0
93,3095,498644,485.7,475.1,427.7,443.7,456.7,459.4,0
93,3096,498645,485.2,475.0,428.1,443.7,456.65,459.35,0
93,3097,498646,484.8,475.0,428.4,443.8,456.6,459.4,0
93,3098,498647,483.7,474.9,428.8,443.9,456.25,459.4,0
93,3099,498648,482.8,474.9,429.1,444.0,455.95,459.45,0
93,3100,498649,481.9,475.0,429.4,443.3,455.65,459.15,0
94,3101,498650,481.2,475.2,429.5,442.6,455.35,458.9,0
94,3102,498651,480.5,475.5,429.7,441.8,455.1,458.65,0
94,3103,498652,480.0,475.8,429.9,441.1,454.95,458.45,0
94,3104,498653,479.6,476.4,430.2,440.6,454.9,458.5,0
94,3105,498654,479.7,476.9,430.5,440.3,455.1,458.6,0
94,3106,498655,479.8,477.4,430.7,440.0,455.25,458.7,0
94,3107,498656,480.2,477.8,430.8,440.5,455.5,459.15,0
94,3108,498657,480.6,478.2,431.0,440.9,455.8,459.55,0
94,3109,498658,480.9,478.5,431.0,441.3,455.95,459.9,0
94,3110,498659,481.1,478.5,431.3,441.2,456.2,459.85,0
94,3111,498660,481.4,478.4,431.6,441.0,456.5,459.7,0
94,3112,498661,481.8,478.2,431.9,440.6,456.85,459.4,0
94,3113,498662,482.1,478.0,432.2,440.2,457.15,459.1,0
94,3114,498663,482.2,477.8,432.6,439.9,457.4,458.85,0
94,3115,498664,482.3,477.6,432.9,439.8,457.6,458.7,0
94,3116,498665,482.4,477.4,433.5,440.0,457.95,458.7,0
94,3117,498666,482.7,477.3,434.0,440.6,458.35,458.95,0
94,3118,498667,483.0,477.2,434.4,441.2,458.7,459.2,0
94,3119,498668,483.3,477.6,434.7,442.2,459.0,459.9,0
94,3120,498669,484.0,478.1,435.0,443.1,459.5,460.6,0
94,3121,498670,484.8,478.7,435.3,443.8,460.05,461.25,0
94,3122,498671,485.6,479.5,435.6,444.3,460.6,461.9,0
94,3123,498672,486.4,480.2,435.6,444.6,461.0,462.4,0
94,3124,498673,486.9,481.0,435.6,444.8,461.25,462.9,0
94,3125,498674,487.5,481.8,435.6,444.8,461.55,463.3,0
94,3126,498675,488.2,482.1,435.6,444.6,461.9,463.35,0
94,3127,498676,488.4,482.5,435.6,444.5,462.0,463.5,0
94,3128,498677,488.6,482.8,435.6,444.4,462.1,463.6,0
94,3129,498678,488.8,483.0,435.5,444.3,462.15,463.65,0
94,3130,498679,489.0,483.1,435.5,444.3,462.25,463.7,0
94,3131,498680,489.4,483.3,435.5,444.1,462.45,463.7,0
94,3132,498681,489.7,483.4,435.4,444.0,462.55,463.7,0
94,3133,498682,490.0,483.5,435.4,443.6,462.7,463.55,0
95,3134,498683,490.2,483.4,435.3,443.2,462.75,463.3,0
95,3135,498684,490.4,483.4,435.2,442.8,462.8,463.1,0
95,3136,498685,490.2,483.3,435.3,442.4,462.75,462.85,0
95,3137,498686,489.9,483.2,435.6,442.1,462.75,462.65,0
95,3138,498687,489.4,483.3,435.9,441.8,462.65,462.55,0
95,3139,498688,488.9,483.4,436.1,441.6,462.5,462.5,0
95,3140,498689,488.4,483.6,436.0,441.6,462.2,462.6,0
95,3141,498690,487.9,483.8,435.7,441.4,461.8,462.6,0
95,3142,498691,487.6,484.1,435.3,441.3,461.45,462.7,0
95,3143,498692,487.6,484.3,434.8,441.1,461.2,462.7,0
95,3144,498693,487.5,484.7,434.0,440.9,460.75,462.8,0
95,3145,498694,487.5,484.9,433.3,440.6,460.4,462.75,0
95,3146,498695,487.4,485.2,432.7,440.2,460.05,462.7,0
95,3147,498696,487.3,485.5,432.5,439.5,459.9,462.5,0
95,3148,498697,487.1,485.4,432.4,439.0,459.75,462.2,0
95,3149,498698,487.0,485.2,432.3,438.4,459.65,461.8,0
95,3150,498699,486.8,485.0,431.8,437.8,459.3,461.4,0
95,3151,498700,486.6,484.9,431.3,437.0,458.95,460.95,0
95,3152,498701,486.2,484.7,430.7,436.3,458.45,460.5,0
95,3153,498702,485.8,484.6,430.2,435.7,458.0,460.15,0
95,3154,498703,485.5,484.4,429.6,435.7,457.55,460.05,0
95,3155,498704,485.1,484.6,429.0,436.1,457.05,460.35,0
95,3156,498705,484.6,484.8,428.4,436.4,456.5,460.6,0
95,3157,498706,484.2,485.1,428.4,436.8,456.3,460.95,0
95,3158,498707,483.8,485.2,428.4,437.2,456.1,461.2,0
95,3159,498708,483.6,485.4,428.5,437.6,456.05,461.5,0
95,3160,498709,483.4,485.6,428.7,437.9,456.05,461.75,0
95,3161,498710,483.3,485.8,428.9,438.0,456.1,461.9,0
95,3162,498711,483.2,485.9,429.2,437.8,456.2,461.85,0
95,3163,498712,483.1,486.0,429.4,437.6,456.25,461.8,0
95,3164,498713,483.3,486.1,429.5,437.4,456.4,461.75,0
95,3165,498714,483.5,486.2,429.4,437.1,456.45,461.65,0
95,3166,498715,483.9,486.1,429.2,436.7,456.55,461.4,0
96,3167,498716,484.2,486.1,429.0,436.4,456.6,461.25,0
96,3168,498717,484.6,486.0,428.8,436.0,456.7,461.0,0
96,3169,498718,485.0,486.0,428.6,435.6,456.8,460.8,0
96,3170,498719,485.2,486.1,428.4,435.3,456.8,460.7,0
96,3171,498720,485.3,486.2,428.3,435.0,456.8,460.6,0
96,3172,498721,485.3,486.3,428.2,434.8,456.75,460.55,0
96,3173,498722,485.1,486.5,428.1,434.7,456.6,460.6,0
96,3174,498723,485.0,486.7,428.0,434.5,456.5,460.6,0
96,3175,498724,484.9,486.7,428.0,434.4,456.45,460.55,0
96,3176,498725,484.6,486.5,427.9,434.3,456.25,460.4,0
96,3177,498726,484.5,486.2,427.8,434.2,456.15,460.2,0
96,3178,498727,484.3,486.0,427.7,434.0,456.0,460.0,0
96,3179,498728,484.2,485.7,427.9,433.9,456.05,459.8,0
96,3180,498729,484.0,485.4,428.1,433.9,456.05,459.65,0
96,3181,498730,483.8,485.2,428.3,433.7,456.05,459.45,0
96,3182,498731,483.5,485.1,428.7,433.4,456.1,459.25,0
96,3183,498732,483.2,485.3,429.1,432.8,456.15,459.05,0
96,3184,498733,482.9,485.4,429.5,432.1,456.2,458.75,0
96,3185,498734,482.5,485.3,429.9,431.6,456.2,458.45,0
96,3186,498735,482.2,485.3,430.2,431.3,456.2,458.3,0
96,3187,498736,481.8,485.0,430.5,431.3,456.15,458.15,0
96,3188,498737,481.3,484.7,430.9,431.5,456.1,458.1,0
96,3189,498738,480.7,484.4,431.3,431.8,456.0,458.1,0
96,3190,498739,480.2,484.4,431.7,432.3,455.95,458.35,0
96,3191,498740,479.9,484.5,431.9,432.7,455.9,458.6,0
96,3192,498741,479.7,484.7,432.1,432.4,455.9,458.55,0
96,3193,498742,479.6,484.9,432.3,431.8,455.95,458.35,0
96,3194,498743,479.7,485.5,432.5,431.0,456.1,458.25,0
96,3195,498744,479.9,486.0,432.5,430.1,456.2,458.05,0
96,3196,498745,480.1,486.4,432.4,429.4,456.25,457.9,0
96,3197,498746,480.3,486.7,432.3,429.2,456.3,457.95,0
96,3198,498747,480.5,486.9,432.4,429.2,456.45,458.05,0
96,3199,498748,480.5,487.0,432.4,429.8,456.45,458.4,0
96,3200,498749,480.2,487.1,432.3,430.4,456.25,458.75,0
97,3201,498750,480.1,487.1,432.3,430.9,456.2,459.0,0
97,3202,498751,480.0,487.1,432.2,431.4,456.1,459.25,0
97,3203,498752,480.2,487.1,431.9,431.7,456.05,459.4,0
97,3204,498753,480.4,487.2,431.6,431.7,456.0,459.45,0
97,3205,498754,480.7,487.4,431.3,431.8,456.0,459.6,0
97,3206,498755,481.0,487.5,431.2,431.9,456.1,459.7,0
97,3207,498756,481.5,487.6,431.2,432.0,456.35,459.8,0
97,3208,498757,481.9,487.7,431.3,432.0,456.6,459.85,0
97,3209,498758,482.3,487.9,431.5,432.0,456.9,459.95,0
97,3210,498759,482.6,488.0,432.0,432.1,457.3,460.05,0
97,3211,498760,482.8,488.0,432.4,432.1,457.6,460.05,0
97,3212,498761,483.0,487.9,432.8,432.0,457.9,459.95,0
97,3213,498762,483.2,487.9,433.0,432.0,458.1,459.95,0
97,3214,498763,483.4,487.7,433.2,431.9,458.3,459.8,0
97,3215,498764,483.4,487.5,433.3,431.9,458.35,459.7,0
97,3216,498765,483.4,487.2,433.1,432.1,458.25,459.65,0
97,3217,498766,483.4,486.9,433.0,432.3,458.2,459.6,0
97,3218,498767,483.3,486.5,432.9,432.5,458.1,459.5,0
97,3219,498768,483.2,486.2,432.8,432.6,458.0,459.4,0
97,3220,498769,483.0,485.8,432.6,432.8,457.8,459.3,0
97,3221,498770,482.9,485.7,432.5,432.8,457.7,459.25,0
97,3222,498771,482.7,485.6,432.5,432.7,457.6,459.15,0
97,3223,498772,482.6,486.0,432.6,432.5,457.6,459.25,0
97,3224,498773,482.4,486.4,432.6,432.3,457.5,459.35,0
97,3225,498774,482.4,486.8,432.5,432.1,457.45,459.45,0
97,3226,498775,482.6,487.2,432.4,431.9,457.5,459.55,0
97,3227,498776,483.0,487.7,432.3,431.7,457.65,459.7,0
97,3228,498777,483.4,488.0,432.2,431.6,457.8,459.8,0
97,3229,498778,484.0,488.3,432.1,431.6,458.05,459.95,0
97,3230,498779,484.6,488.1,432.1,431.5,458.35,459.8,0
97,3231,498780,485.2,487.9,432.2,431.7,458.7,459.8,0
97,3232,498781,485.8,487.7,432.4,432.0,459.1,459.85,0
97,3233,498782,486.2,487.7,432.6,432.4,459.4,460.05,0
98,3234,498783,486.5,487.6,433.3,432.9,459.9,460.25,0
98,3235,498784,486.8,487.6,434.0,433.7,460.4,460.65,0
98,3236,498785,487.0,487.6,434.6,434.7,460.8,461.15,0
98,3237,498786,487.1,487.8,434.7,435.6,460.9,461.7,0
98,3238,498787,487.2,488.1,434.8,436.3,461.0,462.2,0
98,3239,498788,487.1,488.3,434.9,436.7,461.0,462.5,0
98,3240,498789,487.0,488.3,434.9,436.8,460.95,462.55,0
98,3241,498790,486.9,488.4,434.5,436.8,460.7,462.6,0
98,3242,498791,486.9,488.4,434.3,436.1,460.6,462.25,0
98,3243,498792,487.4,488.4,434.6,435.0,461.0,461.7,0
98,3244,498793,488.2,488.2,435.4,433.9,461.8,461.05,0
98,3245,498794,490.4,487.9,438.3,433.0,464.35,460.45,0
98,3246,498795,493.6,487.5,441.8,432.3,467.7,459.9,0
98,3247,498796,499.1,486.9,446.7,431.2,472.9,459.05,0
98,3248,498797,506.5,485.9,453.6,430.0,480.05,457.95,0
98,3249,498798,515.4,484.8,462.8,428.5,489.1,456.65,0
98,3250,498799,525.4,483.2,473.3,427.4,499.35,455.3,0
98,3251,498800,538.0,481.2,485.8,426.5,511.9,453.85,0
98,3252,498801,552.2,478.4,498.9,424.1,525.55,451.25,0
98,3253,498802,567.3,474.2,514.1,421.1,540.7,447.65,0
98,3254,498803,583.6,469.6,530.9,418.4,557.25,444.0,0
98,3255,498804,599.9,464.0,548.0,415.0,573.95,439.5,0
98,3256,498805,616.5,457.2,565.3,411.3,590.9,434.25,0
98,3257,498806,633.8,449.5,581.8,407.5,607.8,428.5,0
98,3258,498807,651.1,441.1,599.9,400.7,625.5,420.9,0
98,3259,498808,667.5,431.9,617.9,395.4,642.7,413.65,0
98,3260,498809,683.9,423.2,634.8,390.5,659.35,406.85,0
98,3261,498810,699.0,413.7,651.1,386.0,675.05,399.85,0
98,3262,498811,713.5,405.3,666.5,382.5,690.0,393.9,0
98,3263,498812,728.8,397.8,683.5,380.1,706.15,388.95,0
98,3264,498813,743.9,391.3,701.5,377.6,722.7,384.45,0
98,3265,498814,758.5,385.5,717.1,378.1,737.8,381.8,0
98,3266,498815,770.8,381.4,730.9,378.4,750.85,379.9,0
99,3267,498816,784.5,378.1,745.7,378.8,765.1,378.45,0
99,3268,498817,797.9,376.2,762.0,379.3,779.95,377.75,0
99,3269,498818,812.2,374.7,778.3,379.6,795.25,377.15,0
99,3270,498819,825.2,373.6,791.3,379.9,808.25,376.75,0
99,3271,498820,838.1,373.8,803.3,380.0,820.7,376.9,0
99,3272,498821,851.6,375.1,815.3,380.1,833.45,377.6,0
99,3273,498822,866.1,376.7,828.8,380.2,847.45,378.45,0
99,3274,498823,878.7,378.3,842.4,380.1,860.55,379.2,0
99,3275,498824,891.0,380.7,852.1,380.0,871.55,380.35,0
99,3276,498825,903.5,383.1,862.5,379.7,883.0,381.4,0
99,3277,498826,916.9,385.5,873.3,379.3,895.1,382.4,0
99,3278,498827,928.7,386.8,883.6,378.8,906.15,382.8,0
99,3279,498828,938.9,387.7,894.5,378.4,916.7,383.05,0
99,3280,498829,948.8,388.3,905.9,378.1,927.35,383.2,0
99,3281,498830,959.5,388.9,916.1,377.7,937.8,383.3,0
99,3282,498831,970.1,388.7,926.3,377.4,948.2,383.05,0
99,3283,498832,978.9,388.6,935.1,377.2,957.0,382.9,0
99,3284,498833,985.7,388.7,943.0,376.9,964.35,382.8,0
99,3285,498834,992.0,388.7,951.5,376.5,971.75,382.6,0
99,3286,498835,997.6,388.7,958.3,376.1,977.95,382.4,0
99,3287,498836,1003.2,388.6,963.3,375.5,983.25,382.05,0
99,3288,498837,1006.8,388.5,967.2,375.1,987.0,381.8,0
99,3289,498838,1008.7,388.3,971.9,374.6,990.3,381.45,0
99,3290,498839,1011.2,388.1,976.7,374.2,993.95,381.15,0
99,3291,498840,1013.5,387.8,981.0,373.9,997.25,380.85,0
99,3292,498841,1015.7,387.6,984.1,373.5,999.9,380.55,0
99,3293,498842,1017.8,387.4,986.9,373.2,1002.35,380.3,0
99,3294,498843,1019.2,387.3,988.6,372.8,1003.9,380.05,0
99,3295,498844,1020.6,387.2,989.4,372.5,1005.0,379.85,0
99,3296,498845,1021.8,387.2,989.4,372.1,1005.6,379.65,0
99,3297,498846,1021.8,387.3,988.5,371.6,1005.15,379.45,0
99,3298,498847,1021.2,387.7,987.5,371.0,1004.35,379.35,0
99,3299,498848,1020.5,388.1,986.3,370.6,1003.4,379.35,0
99,3300,498849,1019.6,388.5,985.0,370.3,1002.3,379.4,0
100,3301,498850,1018.5,388.7,983.7,370.6,1001.1,379.65,0
100,3302,498851,1017.4,388.8,982.8,370.8,1000.1,379.8,0
100,3303,498852,1016.4,388.8,981.8,370.9,999.1,379.85,0
100,3304,498853,1015.5,388.5,980.6,371.0,998.05,379.75,0
100,3305,498854,1015.2,387.7,979.6,371.5,997.4,379.6,0
100,3306,498855,1014.9,386.7,978.9,371.8,996.9,379.25,0
100,3307,498856,1014.8,385.5,978.3,372.1,996.55,378.8,0
100,3308,498857,1014.9,384.4,978.6,371.9,996.75,378.15,0
100,3309,498858,1015.5,383.4,979.2,371.8,997.35,377.6,0
100,3310,498859,1016.2,382.6,980.1,372.1,998.15,377.35,0
100,3311,498860,1017.3,381.7,981.3,372.3,999.3,377.0,0
100,3312,498861,1018.5,381.4,983.0,372.8,1000.75,377.1,0
100,3313,498862,1020.1,381.4,984.7,373.3,1002.4,377.35,0
100,3314,498863,1021.6,382.1,986.7,373.7,1004.15,377.9,0
100,3315,498864,1023.1,382.8,988.1,374.1,1005.6,378.45,0
100,3316,498865,1024.1,383.4,989.4,374.4,1006.75,378.9,0
100,3317,498866,1025.1,384.0,990.4,374.6,1007.75,379.3,0
100,3318,498867,1025.5,384.6,991.3,374.9,1008.4,379.75,0
100,3319,498868,1025.7,385.0,991.7,375.0,1008.7,380.0,0
100,3320,498869,1025.3,385.1,992.0,375.5,1008.65,380.3,0
100,3321,498870,1025.0,384.7,991.8,376.0,1008.4,380.35,0
100,3322,498871,1024.6,384.2,991.5,376.6,1008.05,380.4,0
100,3323,498872,1024.3,383.9,991.1,377.1,1007.7,380.5,0
100,3324,498873,1024.0,383.6,990.6,377.6,1007.3,380.6,0
100,3325,498874,1023.8,383.4,989.4,378.0,1006.6,380.7,0
100,3326,498875,1023.7,383.2,988.4,378.3,1006.05,380.75,0
100,3327,498876,1023.6,383.1,987.3,378.2,1005.45,380.65,0
100,3328,498877,1023.4,382.9,986.4,378.0,1004.9,380.45,0
100,3329,498878,1023.3,382.7,984.7,377.7,1004.0,380.2,0
100,3330,498879,1023.2,382.5,983.2,377.3,1003.2,379.9,0
100,3331,498880,1023.1,381.9,981.8,377.1,1002.45,379.5,0
100,3332,498881,1023.0,381.2,980.8,376.8,1001.9,379.0,0
100,3333,498882,1023.1,380.5,979.8,376.4,1001.45,378.45,0
101,3334,498883,1023.2,380.0,978.9,376.1,1001.05,378.05,0
101,3335,498884,1023.5,379.5,978.0,375.9,1000.75,377.7,0
101,3336,498885,1023.8,379.0,978.0,375.9,1000.9,377.45,0
101,3337,498886,1023.9,378.5,977.9,375.8,1000.9,377.15,0
101,3338,498887,1024.0,378.2,977.9,375.8,1000.95,377.0,0
101,3339,498888,1024.0,378.1,978.1,375.9,1001.05,377.0,0
101,3340,498889,1023.9,377.9,978.4,376.1,1001.15,377.0,0
101,3341,498890,1023.8,377.9,978.9,376.3,1001.35,377.1,0
101,3342,498891,1023.5,377.9,979.3,376.4,1001.4,377.15,0
101,3343,498892,1023.1,377.8,979.9,376.1,1001.5,376.95,0
101,3344,498893,1022.8,377.7,980.9,375.9,1001.85,376.8,0
101,3345,498894,1022.6,377.8,981.8,375.7,1002.2,376.75,0
101,3346,498895,1022.5,377.8,982.8,375.7,1002.65,376.75,0
101,3347,498896,1022.7,377.7,983.7,375.4,1003.2,376.55,0
101,3348,498897,1023.0,377.6,984.4,375.2,1003.7,376.4,0
101,3349,498898,1023.5,377.2,985.0,374.6,1004.25,375.9,0
101,3350,498899,1024.0,377.0,985.6,374.2,1004.8,375.6,0
101,3351,498900,1024.5,376.8,985.7,373.6,1005.1,375.2,0
101,3352,498901,1024.9,376.8,985.9,372.9,1005.4,374.85,0
101,3353,498902,1025.2,376.8,986.1,372.0,1005.65,374.4,0
101,3354,498903,1025.2,376.9,986.2,371.1,1005.7,374.0,0
101,3355,498904,1025.0,377.1,986.3,370.1,1005.65,373.6,0
101,3356,498905,1024.9,377.4,986.4,369.5,1005.65,373.45,0
101,3357,498906,1024.9,377.6,986.6,368.5,1005.75,373.05,0
101,3358,498907,1025.0,377.6,986.7,367.8,1005.85,372.7,0
101,3359,498908,1025.1,377.5,986.8,366.8,1005.95,372.15,0
101,3360,498909,1025.3,377.4,986.7,365.7,1006.0,371.55,0
101,3361,498910,1025.6,377.2,986.5,364.4,1006.05,370.8,0
101,3362,498911,1025.9,377.0,986.3,363.5,1006.1,370.25,0
101,3363,498912,1026.0,376.7,986.1,362.5,1006.05,369.6,0
101,3364,498913,1026.1,376.5,985.8,361.8,1005.95,369.15,0
101,3365,498914,1026.2,376.3,985.5,361.2,1005.85,368.75,0
101,3366,498915,1026.3,376.2,985.1,360.9,1005.7,368.55,0
102,3367,498916,1026.3,376.1,985.0,360.6,1005.65,368.35,0
102,3368,498917,1026.3,376.2,984.9,360.5,1005.6,368.35,0
102,3369,498918,1026.3,376.3,984.8,360.4,1005.55,368.35,0
102,3370,498919,1026.3,376.4,984.7,360.2,1005.5,368.3,0
102,3371,498920,1026.3,376.6,984.3,359.7,1005.3,368.15,0
102,3372,498921,1026.3,376.7,984.0,359.2,1005.15,367.95,0
102,3373,498922,1026.2,376.9,983.6,358.5,1004.9,367.7,0
102,3374,498923,1025.9,377.3,983.2,357.7,1004.55,367.5,0
102,3375,498924,1025.6,377.5,982.5,357.0,1004.05,367.25,0
102,3376,498925,1025.4,378.1,981.9,356.2,1003.65,367.15,0
102,3377,498926,1025.1,378.6,981.4,355.3,1003.25,366.95,0
102,3378,498927,1024.9,379.1,981.0,354.6,1002.95,366.85,0
102,3379,498928,1024.7,379.5,980.7,353.8,1002.7,366.65,0
102,3380,498929,1024.5,379.7,980.4,353.1,1002.45,366.4,0
102,3381,498930,1024.6,379.6,980.2,352.5,1002.4,366.05,0
102,3382,498931,1024.7,379.6,980.0,351.8,1002.35,365.7,0
102,3383,498932,1025.0,379.2,979.9,351.0,1002.45,365.1,0
102,3384,498933,1025.2,378.8,979.6,350.5,1002.4,364.65,0
102,3385,498934,1025.4,378.4,979.4,349.8,1002.4,364.1,0
102,3386,498935,1025.5,378.1,979.2,349.1,1002.35,363.6,0
102,3387,498936,1025.5,378.0,978.9,348.5,1002.2,363.25,0
102,3388,498937,1025.5,378.0,978.7,348.0,1002.1,363.0,0
102,3389,498938,1025.5,378.0,978.6,347.4,1002.05,362.7,0
102,3390,498939,1025.4,378.0,978.6,346.9,1002.0,362.45,0
102,3391,498940,1025.2,378.1,978.7,346.4,1001.95,362.25,0
102,3392,498941,1025.2,378.2,978.8,346.3,1002.0,362.25,0
102,3393,498942,1025.7,378.3,978.9,346.2,1002.3,362.25,0
102,3394,498943,1026.2,378.3,979.1,346.0,1002.65,362.15,0
102,3395,498944,1026.7,378.4,979.4,346.0,1003.05,362.2,0
102,3396,498945,1027.2,378.3,979.7,346.1,1003.45,362.2,0
102,3397,498946,1027.7,378.2,979.9,346.2,1003.8,362.2,0
102,3398,498947,1028.2,378.0,980.0,346.2,1004.1,362.1,0
102,3399,498948,1028.5,377.8,980.1,346.2,1004.3,362.0,0
102,3400,498949,1028.2,377.7,980.0,346.1,1004.1,361.9,0
103,3401,498950,1027.9,377.4,979.8,346.1,1003.85,361.75,0
103,3402,498951,1027.7,377.3,979.5,346.1,1003.6,361.7,0
103,3403,498952,1027.6,377.4,979.2,345.9,1003.4,361.65,0
103,3404,498953,1027.5,377.6,978.9,345.6,1003.2,361.6,0
103,3405,498954,1027.6,378.0,978.5,345.4,1003.05,361.7,0
103,3406,498955,1027.7,378.4,978.3,345.1,1003.0,361.75,0
103,3407,498956,1027.9,378.8,978.1,344.7,1003.0,361.75,0
103,3408,498957,1028.1,379.2,978.1,344.4,1003.1,361.8,0
103,3409,498958,1028.2,379.6,978.1,344.1,1003.15,361.85,0
103,3410,498959,1028.2,380.0,978.2,344.1,1003.2,362.05,0
103,3411,498960,1028.1,380.1,978.3,344.2,1003.2,362.15,0
103,3412,498961,1028.0,380.2,978.4,344.4,1003.2,362.3,0
103,3413,498962,1027.8,380.2,978.7,344.7,1003.25,362.45,0
103,3414,498963,1027.7,380.2,978.9,345.0,1003.3,362.6,0
103,3415,498964,1027.7,380.1,979.1,345.3,1003.4,362.7,0
103,3416,498965,1027.7,380.1,979.2,345.5,1003.45,362.8,0
103,3417,498966,1027.7,380.2,979.4,345.4,1003.55,362.8,0
103,3418,498967,1027.7,380.3,979.6,345.2,1003.65,362.75,0
103,3419,498968,1027.8,380.5,979.6,345.1,1003.7,362.8,0
103,3420,498969,1028.0,380.9,979.7,344.8,1003.85,362.85,0
103,3421,498970,1028.2,381.4,979.7,344.5,1003.95,362.95,0
103,3422,498971,1028.4,381.9,979.8,344.2,1004.1,363.05,0
103,3423,498972,1028.6,382.3,979.9,344.0,1004.25,363.15,0
103,3424,498973,1028.9,382.6,980.0,344.0,1004.45,363.3,0
103,3425,498974,1029.6,383.1,980.0,344.2,1004.8,363.65,0
103,3426,498975,1030.1,383.4,980.1,344.4,1005.1,363.9,0
103,3427,498976,1030.6,383.4,980.2,344.7,1005.4,364.05,0
103,3428,498977,1031.0,383.1,980.2,345.1,1005.6,364.1,0
103,3429,498978,1031.1,382.7,980.2,345.4,1005.65,364.05,0
103,3430,498979,1031.3,382.2,980.2,345.6,1005.75,363.9,0
103,3431,498980,1031.6,381.7,980.2,345.6,1005.9,363.65,0
103,3432,498981,1031.4,381.2,980.2,345.6,1005.8,363.4,0
103,3433,498982,1031.2,380.8,980.2,345.4,1005.7,363.1,0
104,3434,498983,1031.0,380.3,980.2,345.1,1005.6,362.7,0
104,3435,498984,1030.8,380.3,980.2,344.9,1005.5,362.6,0
104,3436,498985,1030.8,380.4,980.2,344.7,1005.5,362.55,0
104,3437,498986,1030.8,380.6,980.2,344.6,1005.5,362.6,0
104,3438,498987,1030.8,380.9,980.3,344.4,1005.55,362.65,0
104,3439,498988,1030.7,381.3,980.5,344.3,1005.6,362.8,0
104,3440,498989,1030.8,381.6,980.7,344.2,1005.75,362.9,0
104,3441,498990,1031.0,382.1,981.0,344.2,1006.0,363.15,0
104,3442,498991,1031.2,382.5,981.4,344.1,1006.3,363.3,0
104,3443,498992,1031.4,382.9,981.8,344.0,1006.6,363.45,0
104,3444,498993,1031.8,383.2,982.2,343.8,1007.0,363.5,0
104,3445,498994,1032.1,383.3,982.5,343.7,1007.3,363.5,0
104,3446,498995,1032.4,383.3,982.7,343.3,1007.55,363.3,0
104,3447,498996,1032.5,383.2,983.0,343.0,1007.75,363.1,0
104,3448,498997,1032.6,383.2,983.2,342.7,1007.9,362.95,0
104,3449,498998,1032.6,383.0,983.4,342.4,1008.0,362.7,0
104,3450,498999,1032.7,382.7,983.6,342.1,1008.15,362.4,0
104,3451,499000,1032.6,382.0,983.8,341.9,1008.2,361.95,0
104,3452,499001,1032.5,381.3,984.0,341.7,1008.25,361.5,0
104,3453,499002,1032.5,380.6,984.2,341.7,1008.35,361.15,0
104,3454,499003,1032.5,379.7,984.3,341.7,1008.4,360.7,0
104,3455,499004,1032.5,378.8,984.5,341.7,1008.5,360.25,0
104,3456,499005,1032.3,378.1,984.7,341.7,1008.5,359.9,0
104,3457,499006,1032.2,377.4,984.8,341.7,1008.5,359.55,0
104,3458,499007,1032.0,377.4,985.0,341.8,1008.5,359.6,0
104,3459,499008,1031.8,377.4,985.1,341.8,1008.45,359.6,0
104,3460,499009,1031.5,377.3,985.1,343.0,1008.3,360.15,0
104,3461,499010,1031.4,377.5,985.1,344.2,1008.25,360.85,0
104,3462,499011,1031.3,377.7,985.0,345.4,1008.15,361.55,0
104,3463,499012,1031.4,377.9,984.9,346.6,1008.15,362.25,0
104,3464,499013,1031.5,378.1,984.6,347.7,1008.05,362.9,0
104,3465,499014,1031.6,378.1,984.4,348.8,1008.0,363.45,0
104,3466,499015,1031.7,377.8,984.1,349.9,1007.9,363.85,0
105,3467,499016,1031.8,377.6,983.9,350.1,1007.85,363.85,0
105,3468,499017,1031.9,376.7,983.7,350.4,1007.8,363.55,0
105,3469,499018,1031.9,375.8,983.5,351.0,1007.7,363.4,0
105,3470,499019,1031.9,374.8,983.3,351.7,1007.6,363.25,0
105,3471,499020,1032.0,373.8,983.3,352.4,1007.65,363.1,0
105,3472,499021,1032.0,372.9,983.4,353.0,1007.7,362.95,0
105,3473,499022,1032.1,372.3,983.6,353.6,1007.85,362.95,0
105,3474,499023,1032.1,371.7,983.7,354.1,1007.9,362.9,0
105,3475,499024,1032.1,371.8,983.9,354.4,1008.0,363.1,0
105,3476,499025,1032.1,371.8,984.1,354.4,1008.1,363.1,0
105,3477,499026,1032.0,371.4,984.2,354.3,1008.1,362.85,0
105,3478,499027,1031.9,371.1,984.4,354.8,1008.15,362.95,0
105,3479,499028,1032.0,370.7,984.4,355.4,1008.2,363.05,0
105,3480,499029,1032.0,370.1,984.5,356.0,1008.25,363.05,0
105,3481,499030,1032.0,369.3,984.6,356.7,1008.3,363.0,0
105,3482,499031,1031.9,368.5,984.7,357.4,1008.3,362.95,0
105,3483,499032,1031.6,367.2,984.9,358.2,1008.25,362.7,0
105,3484,499033,1031.4,366.3,985.1,359.2,1008.25,362.75,0
105,3485,499034,1031.1,365.4,985.4,359.5,1008.25,362.45,0
105,3486,499035,1030.6,364.6,985.6,360.0,1008.1,362.3,0
105,3487,499036,1030.2,363.9,985.8,360.8,1008.0,362.35,0
105,3488,499037,1029.6,363.2,986.0,362.0,1007.8,362.6,0
105,3489,499038,1029.1,362.8,986.1,363.1,1007.6,362.95,0
105,3490,499039,1028.9,362.9,986.1,364.2,1007.5,363.55,0
105,3491,499040,1028.7,363.1,986.1,365.1,1007.4,364.1,0
105,3492,499041,1028.6,363.2,986.0,366.3,1007.3,364.75,0
105,3493,499042,1028.7,363.1,985.9,367.3,1007.3,365.2,0
105,3494,499043,1028.8,362.5,985.6,367.9,1007.2,365.2,0
105,3495,499044,1029.0,361.9,985.3,368.1,1007.15,365.0,0
105,3496,499045,1029.3,361.2,984.9,368.4,1007.1,364.8,0
105,3497,499046,1029.5,360.3,984.6,368.5,1007.05,364.4,0
105,3498,499047,1029.6,359.3,984.3,369.2,1006.95,364.25,0
105,3499,499048,1029.7,358.1,984.0,370.2,1006.85,364.15,0
105,3500,499049,1029.7,357.1,983.6,371.1,1006.65,364.1,0
106,3501,499050,1029.8,356.7,983.4,372.2,1006.6,364.45,0
106,3502,499051,1029.8,356.2,983.1,373.3,1006.45,364.75,0
106,3503,499052,1029.9,355.8,982.8,374.6,1006.35,365.2,0
106,3504,499053,1029.9,355.6,982.4,375.9,1006.15,365.75,0
106,3505,499054,1029.8,355.4,982.1,376.7,1005.95,366.05,0
106,3506,499055,1029.7,355.5,981.6,376.8,1005.65,366.15,0
106,3507,499056,1029.4,355.6,981.0,377.1,1005.2,366.35,0
106,3508,499057,1029.3,355.7,980.5,377.3,1004.9,366.5,0
106,3509,499058,1029.1,355.6,980.0,377.8,1004.55,366.7,0
106,3510,499059,1029.0,355.2,979.6,378.1,1004.3,366.65,0
106,3511,499060,1028.9,354.8,979.2,378.9,1004.05,366.85,0
106,3512,499061,1028.6,354.4,978.9,379.9,1003.75,367.15,0
106,3513,499062,1028.3,353.9,978.6,381.0,1003.45,367.45,0
106,3514,499063,1028.1,353.3,978.5,382.1,1003.3,367.7,0
106,3515,499064,1028.0,352.7,978.3,383.0,1003.15,367.85,0
106,3516,499065,1027.7,352.8,978.0,383.8,1002.85,368.3,0
106,3517,499066,1027.5,353.0,977.7,384.5,1002.6,368.75,0
106,3518,499067,1027.3,353.3,977.3,385.0,1002.3,369.15,0
106,3519,499068,1027.4,353.6,976.9,385.2,1002.15,369.4,0
106,3520,499069,1027.6,354.0,976.6,385.6,1002.1,369.8,0
106,3521,499070,1027.8,354.4,976.2,386.8,1002.0,370.6,0
106,3522,499071,1027.9,354.6,975.8,388.0,1001.85,371.3,0
106,3523,499072,1028.0,354.4,975.7,389.2,1001.85,371.8,0
106,3524,499073,1028.3,354.1,975.6,390.3,1001.95,372.2,0
106,3525,499074,1028.4,353.7,975.6,391.4,1002.0,372.55,0
106,3526,499075,1028.6,353.4,975.5,392.4,1002.05,372.9,0
106,3527,499076,1028.5,353.1,975.5,393.3,1002.0,373.2,0
106,3528,499077,1028.3,352.8,975.4,393.5,1001.85,373.15,0
106,3529,499078,1028.1,352.7,975.4,393.8,1001.75,373.25,0
106,3530,499079,1027.9,352.7,975.3,394.0,1001.6,373.35,0
106,3531,499080,1027.7,352.9,975.0,394.3,1001.35,373.6,0
106,3532,499081,1027.4,353.2,974.8,393.6,1001.1,373.4,0
106,3533,499082,1027.2,353.6,974.7,392.9,1000.95,373.25,0
107,3534,499083,1027.0,354.0,974.6,392.1,1000.8,373.05,0
107,3535,499084,1027.0,354.4,974.5,391.5,1000.75,372.95,0
107,3536,499085,1026.9,354.9,974.4,390.9,1000.65,372.9,0
107,3537,499086,1026.8,355.2,974.4,390.3,1000.6,372.75,0
107,3538,499087,1026.8,355.5,974.6,389.7,1000.7,372.6,0
107,3539,499088,1026.8,355.7,974.6,390.0,1000.7,372.85,0
107,3540,499089,1026.7,355.8,974.7,390.3,1000.7,373.05,0
107,3541,499090,1026.8,355.9,974.7,390.7,1000.75,373.3,0
107,3542,499091,1026.8,355.9,974.8,390.8,1000.8,373.35,0
107,3543,499092,1027.0,355.9,974.8,390.8,1000.9,373.35,0
107,3544,499093,1027.1,355.9,974.9,390.8,1001.0,373.35,0
107,3545,499094,1027.3,355.9,975.0,390.7,1001.15,373.3,0
107,3546,499095,1027.4,356.1,975.0,390.7,1001.2,373.4,0
107,3547,499096,1027.5,356.6,974.9,390.6,1001.2,373.6,0
107,3548,499097,1027.4,357.2,974.7,390.6,1001.05,373.9,0
107,3549,499098,1027.5,357.9,974.5,390.0,1001.0,373.95,0
107,3550,499099,1027.5,358.8,974.3,387.7,1000.9,373.25,0
107,3551,499100,1027.5,359.8,974.1,385.4,1000.8,372.6,0
107,3552,499101,1027.5,360.7,973.8,383.0,1000.65,371.85,0
107,3553,499102,1027.5,361.6,973.5,380.6,1000.5,371.1,0
107,3554,499103,1027.4,362.3,973.4,378.1,1000.4,370.2,0
107,3555,499104,1027.3,363.1,973.3,375.7,1000.3,369.4,0
107,3556,499105,1027.0,364.0,973.3,373.2,1000.15,368.6,0
107,3557,499106,1026.8,364.7,973.6,372.5,1000.2,368.6,0
107,3558,499107,1026.7,365.7,973.8,371.7,1000.25,368.7,0
107,3559,499108,1026.9,367.1,974.1,370.5,1000.5,368.8,0
107,3560,499109,1027.2,368.7,974.6,368.3,1000.9,368.5,0
107,3561,499110,1027.5,370.4,975.0,366.1,1001.25,368.25,0
107,3562,499111,1027.9,372.1,975.4,364.0,1001.65,368.05,0
107,3563,499112,1028.3,373.6,975.8,361.9,1002.05,367.75,0
107,3564,499113,1028.7,375.0,976.0,359.6,1002.35,367.3,0
107,3565,499114,1029.0,375.8,976.4,357.3,1002.7,366.55,0
107,3566,499115,1029.0,376.0,976.9,354.9,1002.95,365.45,0
108,3567,499116,1029.0,376.2,977.4,353.0,1003.2,364.6,0
108,3568,499117,1028.9,375.8,977.9,351.0,1003.4,363.4,0
108,3569,499118,1028.8,375.5,978.3,349.1,1003.55,362.3,0
108,3570,499119,1028.7,375.3,978.8,347.8,1003.75,361.55,0
108,3571,499120,1028.7,375.3,979.2,346.6,1003.95,360.95,0
108,3572,499121,1028.7,375.9,979.4,345.4,1004.05,360.65,0
108,3573,499122,1028.8,376.4,979.6,344.2,1004.2,360.3,0
108,3574,499123,1028.9,377.0,979.8,343.8,1004.35,360.4,0
108,3575,499124,1029.1,377.5,979.9,343.3,1004.5,360.4,0
108,3576,499125,1029.5,377.9,980.2,342.6,1004.85,360.25,0
108,3577,499126,1029.9,378.2,980.4,341.9,1005.15,360.05,0
108,3578,499127,1030.3,378.4,980.5,341.2,1005.4,359.8,0
108,3579,499128,1030.7,378.4,980.7,340.7,1005.7,359.55,0
108,3580,499129,1031.0,378.4,980.9,340.6,1005.95,359.5,0
108,3581,499130,1031.2,378.4,981.0,340.5,1006.1,359.45,0
108,3582,499131,1031.3,378.5,981.2,340.6,1006.25,359.55,0
108,3583,499132,1031.3,378.6,981.3,340.7,1006.3,359.65,0
108,3584,499133,1031.1,378.7,981.6,340.9,1006.35,359.8,0
108,3585,499134,1031.1,378.8,981.9,340.9,1006.5,359.85,0
108,3586,499135,1031.1,378.9,982.2,340.9,1006.65,359.9,0
108,3587,499136,1031.0,378.9,982.5,340.8,1006.75,359.85,0
108,3588,499137,1031.1,379.5,983.0,340.7,1007.05,360.1,0
108,3589,499138,1031.2,380.1,983.5,340.7,1007.35,360.4,0
108,3590,499139,1031.3,380.8,983.9,340.8,1007.6,360.8,0
108,3591,499140,1031.4,381.4,984.0,341.0,1007.7,361.2,0
108,3592,499141,1031.3,382.0,984.1,341.3,1007.7,361.65,0
108,3593,499142,1031.3,382.6,984.3,341.7,1007.8,362.15,0
108,3594,499143,1031.2,383.2,984.6,342.0,1007.9,362.6,0
108,3595,499144,1031.2,383.2,984.6,342.4,1007.9,362.8,0
108,3596,499145,1031.2,383.0,984.7,342.6,1007.95,362.8,0
108,3597,499146,1031.1,382.6,984.7,342.7,1007.9,362.65,0
108,3598,499147,1030.9,382.2,985.0,342.9,1007.95,362.55,0
108,3599,499148,1030.7,381.9,985.2,343.0,1007.95,362.45,0
108,3600,499149,1030.5,381.5,985.3,343.2,1007.9,362.35,0
109,3601,499150,1030.3,381.1,985.0,343.3,1007.65,362.2,0
109,3602,499151,1030.0,380.7,984.6,343.5,1007.3,362.1,0
109,3603,499152,1029.7,380.5,984.3,343.7,1007.0,362.1,0
109,3604,499153,1029.3,380.5,983.9,343.9,1006.6,362.2,0
109,3605,499154,1028.7,380.5,983.5,344.1,1006.1,362.3,0
109,3606,499155,1028.1,380.6,983.1,344.4,1005.6,362.5,0
109,3607,499156,1027.6,380.6,982.6,345.2,1005.1,362.9,0
109,3608,499157,1027.0,380.5,982.4,345.9,1004.7,363.2,0
109,3609,499158,1026.4,380.4,982.3,346.7,1004.35,363.55,0
109,3610,499159,1025.9,380.2,982.1,347.4,1004.0,363.8,0
109,3611,499160,1025.6,379.9,981.9,348.1,1003.75,364.0,0
109,3612,499161,1025.5,379.5,981.6,348.8,1003.55,364.15,0
109,3613,499162,1025.5,379.0,981.4,349.3,1003.45,364.15,0
109,3614,499163,1025.3,378.6,981.1,349.3,1003.2,363.95,0
109,3615,499164,1025.2,378.2,980.8,349.4,1003.0,363.8,0
109,3616,499165,1025.1,377.9,980.6,349.4,1002.85,363.65,0
109,3617,499166,1025.1,377.7,980.3,349.5,1002.7,363.6,0
109,3618,499167,1025.2,377.6,980.0,349.7,1002.6,363.65,0
109,3619,499168,1025.4,377.5,979.7,349.9,1002.55,363.7,0
109,3620,499169,1025.6,377.3,979.5,350.3,1002.55,363.8,0
109,3621,499170,1025.9,377.0,979.1,350.9,1002.5,363.95,0
109,3622,499171,1026.5,376.7,978.9,351.5,1002.7,364.1,0
109,3623,499172,1027.2,376.3,978.7,352.2,1002.95,364.25,0
109,3624,499173,1027.8,375.9,978.5,352.8,1003.15,364.35,0
109,3625,499174,1028.4,375.6,978.3,353.3,1003.35,364.45,0
109,3626,499175,1028.9,375.2,978.2,353.7,1003.55,364.45,0
109,3627,499176,1029.3,375.0,978.2,353.8,1003.75,364.4,0
109,3628,499177,1029.8,374.9,978.3,353.9,1004.05,364.4,0
109,3629,499178,1030.1,374.5,978.5,353.9,1004.3,364.2,0
109,3630,499179,1030.5,374.2,978.7,353.9,1004.6,364.05,0
109,3631,499180,1030.8,373.6,979.0,353.9,1004.9,363.75,0
109,3632,499181,1031.2,373.1,979.3,353.9,1005.25,363.5,0
109,3633,499182,1031.7,372.6,979.6,354.0,1005.65,363.3,0
110,3634,499183,1032.2,372.2,979.7,354.1,1005.95,363.15,0
110,3635,499184,1032.6,371.8,979.7,354.2,1006.15,363.0,0
110,3636,499185,1033.2,371.5,979.4,354.2,1006.3,362.85,0
110,3637,499186,1033.9,371.3,979.0,354.2,1006.45,362.75,0
110,3638,499187,1034.5,371.2,978.6,354.2,1006.55,362.7,0
110,3639,499188,1034.9,371.2,977.8,353.9,1006.35,362.55,0
110,3640,499189,1035.2,371.2,977.0,353.3,1006.1,362.25,0
110,3641,499190,1035.5,371.1,976.2,352.6,1005.85,361.85,0
110,3642,499191,1035.7,371.0,975.5,351.8,1005.6,361.4,0
110,3643,499192,1035.4,370.8,975.2,351.1,1005.3,360.95,0
110,3644,499193,1034.9,370.6,974.9,350.5,1004.9,360.55,0
110,3645,499194,1034.4,370.4,974.5,349.8,1004.45,360.1,0
110,3646,499195,1034.0,370.2,974.7,349.6,1004.35,359.9,0
110,3647,499196,1033.5,370.0,974.9,349.7,1004.2,359.85,0
110,3648,499197,1033.1,369.8,975.6,349.9,1004.35,359.85,0
110,3649,499198,1032.8,369.7,976.3,350.0,1004.55,359.85,0
110,3650,499199,1032.7,369.7,977.0,350.0,1004.85,359.85,0
110,3651,499200,1032.7,369.7,977.7,350.0,1005.2,359.85,0
110,3652,499201,1032.7,369.8,978.3,350.0,1005.5,359.9,0
110,3653,499202,1032.8,369.9,978.9,350.1,1005.85,360.0,0
110,3654,499203,1033.0,370.0,979.3,350.1,1006.15,360.05,0
110,3655,499204,1033.1,370.2,979.2,350.2,1006.15,360.2,0
110,3656,499205,1032.9,370.3,979.4,350.3,1006.15,360.3,0
110,3657,499206,1032.5,370.8,979.7,350.4,1006.1,360.6,0
110,3658,499207,1032.1,371.3,980.0,350.2,1006.05,360.75,0
110,3659,499208,1031.5,371.9,980.3,350.1,1005.9,361.0,0
110,3660,499209,1030.9,372.7,980.7,349.7,1005.8,361.2,0
110,3661,499210,1030.3,373.5,981.0,349.3,1005.65,361.4,0
110,3662,499211,1029.7,374.2,981.5,348.8,1005.6,361.5,0
110,3663,499212,1029.3,374.7,982.0,348.3,1005.65,361.5,0
110,3664,499213,1029.0,374.9,982.4,347.9,1005.7,361.4,0
110,3665,499214,1028.7,375.1,982.7,347.6,1005.7,361.35,0
110,3666,499215,1028.5,375.4,983.1,347.4,1005.8,361.4,0
111,3667,499216,1028.0,375.8,983.5,347.1,1005.75,361.45,0
111,3668,499217,1027.7,376.2,983.8,346.8,1005.75,361.5,0
111,3669,499218,1027.3,376.6,984.1,346.5,1005.7,361.55,0
111,3670,499219,1026.9,377.1,984.2,346.2,1005.55,361.65,0
111,3671,499220,1026.6,377.3,984.2,345.9,1005.4,361.6,0
111,3672,499221,1026.4,377.5,984.4,345.6,1005.4,361.55,0
111,3673,499222,1026.2,377.7,984.6,345.1,1005.4,361.4,0
111,3674,499223,1026.1,377.8,985.0,344.6,1005.55,361.2,0
111,3675,499224,1026.1,377.9,985.4,343.6,1005.75,360.75,0
111,3676,499225,1026.1,378.1,985.9,342.8,1006.0,360.45,0
111,3677,499226,1026.3,378.3,986.3,342.0,1006.3,360.15,0
111,3678,499227,1026.4,379.0,986.7,341.2,1006.55,360.1,0
111,3679,499228,1026.6,379.6,987.0,340.6,1006.8,360.1,0
111,3680,499229,1026.8,380.3,987.1,340.3,1006.95,360.3,0
111,3681,499230,1027.0,380.6,987.0,340.6,1007.0,360.6,0
111,3682,499231,1027.2,381.2,986.8,341.4,1007.0,361.3,0
111,3683,499232,1027.5,381.8,986.6,342.3,1007.05,362.05,0
111,3684,499233,1027.6,382.5,986.3,343.3,1006.95,362.9,0
111,3685,499234,1027.7,383.1,986.0,344.2,1006.85,363.65,0
111,3686,499235,1027.7,383.5,985.8,345.1,1006.75,364.3,0
111,3687,499236,1027.7,383.8,985.7,345.8,1006.7,364.8,0
111,3688,499237,1027.5,384.0,985.6,346.5,1006.55,365.25,0
111,3689,499238,1027.3,383.9,985.6,347.1,1006.45,365.5,0
111,3690,499239,1027.1,383.8,985.6,347.7,1006.35,365.75,0
111,3691,499240,1026.9,383.6,985.7,348.3,1006.3,365.95,0
111,3692,499241,1026.8,383.3,985.8,349.1,1006.3,366.2,0
111,3693,499242,1026.8,383.1,985.8,350.1,1006.3,366.6,0
111,3694,499243,1026.9,382.6,985.8,351.9,1006.35,367.25,0
111,3695,499244,1027.1,382.1,985.7,353.3,1006.4,367.7,0
111,3696,499245,1027.6,381.6,985.5,354.8,1006.55,368.2,0
111,3697,499246,1028.0,381.3,985.3,356.3,1006.65,368.8,0
111,3698,499247,1028.5,381.2,985.0,357.8,1006.75,369.5,0
111,3699,499248,1028.8,381.2,984.7,359.1,1006.75,370.15,0
111,3700,499249,1029.2,381.3,984.4,360.3,1006.8,370.8,0
112,3701,499250,1029.5,381.7,984.2,360.7,1006.85,371.2,0
112,3702,499251,1029.7,382.0,984.0,361.0,1006.85,371.5,0
112,3703,499252,1029.7,382.2,983.7,362.1,1006.7,372.15,0
112,3704,499253,1029.7,382.2,983.6,363.2,1006.65,372.7,0
112,3705,499254,1029.8,381.9,983.4,364.4,1006.6,373.15,0
112,3706,499255,1029.8,381.6,983.3,365.6,1006.55,373.6,0
112,3707,499256,1030.0,381.3,983.1,367.1,1006.55,374.2,0
112,3708,499257,1030.1,380.8,983.0,368.5,1006.55,374.65,0
112,3709,499258,1030.3,380.3,983.0,370.3,1006.65,375.3,0
112,3710,499259,1030.4,380.0,983.0,371.5,1006.7,375.75,0
112,3711,499260,1030.5,379.8,982.9,372.9,1006.7,376.35,0
112,3712,499261,1030.6,379.6,982.9,374.4,1006.75,377.0,0
112,3713,499262,1030.6,379.6,982.9,376.4,1006.75,378.0,0
112,3714,499263,1030.4,379.7,983.0,378.1,1006.7,378.9,0
112,3715,499264,1030.1,379.9,983.0,379.8,1006.55,379.85,0
112,3716,499265,1029.8,380.1,982.9,381.4,1006.35,380.75,0
112,3717,499266,1029.5,380.2,982.9,383.3,1006.2,381.75,0
112,3718,499267,1029.2,380.3,982.9,385.3,1006.05,382.8,0
112,3719,499268,1028.9,380.2,982.8,387.2,1005.85,383.7,0
112,3720,499269,1028.7,379.8,982.7,388.4,1005.7,384.1,0
112,3721,499270,1028.7,378.9,982.5,389.7,1005.6,384.3,0
112,3722,499271,1028.7,378.1,982.4,390.9,1005.55,384.5,0
112,3723,499272,1028.7,377.3,982.2,392.3,1005.45,384.8,0
112,3724,499273,1028.8,376.5,982.0,393.0,1005.4,384.75,0
112,3725,499274,1028.8,375.8,981.7,393.4,1005.25,384.6,0
112,3726,499275,1028.9,375.1,981.4,394.0,1005.15,384.55,0
112,3727,499276,1028.9,374.5,980.9,394.7,1004.9,384.6,0
112,3728,499277,1028.9,374.3,980.5,395.9,1004.7,385.1,0
112,3729,499278,1029.0,374.0,980.1,396.9,1004.55,385.45,0
112,3730,499279,1029.2,373.7,979.8,397.7,1004.5,385.7,0
112,3731,499280,1029.3,373.1,979.7,398.3,1004.5,385.7,0
112,3732,499281,1029.6,372.6,979.7,398.7,1004.65,385.65,0
112,3733,499282,1029.9,371.5,979.8,398.8,1004.85,385.15,0
113,3734,499283,1030.1,370.4,980.0,398.8,1005.05,384.6,0
113,3735,499284,1030.0,369.4,980.2,398.2,1005.1,383.8,0
113,3736,499285,1029.9,368.5,980.4,397.6,1005.15,383.05,0
113,3737,499286,1029.6,367.8,980.6,397.1,1005.1,382.45,0
113,3738,499287,1029.3,367.5,980.8,396.8,1005.05,382.15,0
113,3739,499288,1028.9,367.2,980.8,396.6,1004.85,381.9,0
113,3740,499289,1028.5,367.6,980.8,396.6,1004.65,382.1,0
113,3741,499290,1028.4,367.9,980.5,396.7,1004.45,382.3,0
113,3742,499291,1028.6,368.3,980.2,396.7,1004.4,382.5,0
113,3743,499292,1028.7,368.5,979.9,396.7,1004.3,382.6,0
113,3744,499293,1029.0,368.6,979.6,396.7,1004.3,382.65,0
113,3745,499294,1029.3,368.5,979.3,396.1,1004.3,382.3,0
113,3746,499295,1029.5,368.3,979.1,395.5,1004.3,381.9,0
113,3747,499296,1029.2,368.2,979.0,394.9,1004.1,381.55,0
113,3748,499297,1028.8,368.1,979.1,394.3,1003.95,381.2,0
113,3749,499298,1028.3,368.1,979.3,393.8,1003.8,380.95,0
113,3750,499299,1027.9,368.1,979.7,393.2,1003.8,380.65,0
113,3751,499300,1027.5,368.2,980.1,392.8,1003.8,380.5,0
113,3752,499301,1027.2,368.3,980.4,392.9,1003.8,380.6,0
113,3753,499302,1027.1,368.3,980.5,393.1,1003.8,380.7,0
113,3754,499303,1027.2,368.3,980.6,393.3,1003.9,380.8,0
113,3755,499304,1027.4,368.3,980.7,393.5,1004.05,380.9,0
113,3756,499305,1027.6,368.1,980.7,393.7,1004.15,380.9,0
113,3757,499306,1027.8,367.9,980.5,393.9,1004.15,380.9,0
113,3758,499307,1027.9,367.5,980.3,394.1,1004.1,380.8,0
113,3759,499308,1028.0,367.2,980.2,394.3,1004.1,380.75,0
113,3760,499309,1028.1,366.9,980.1,394.5,1004.1,380.7,0
113,3761,499310,1028.1,366.6,980.1,394.7,1004.1,380.65,0
113,3762,499311,1028.1,366.4,980.1,394.9,1004.1,380.65,0
113,3763,499312,1028.3,366.3,980.1,395.1,1004.2,380.7,0
113,3764,499313,1028.4,366.2,980.1,395.2,1004.25,380.7,0
113,3765,499314,1028.4,366.3,980.1,395.3,1004.25,380.8,0
113,3766,499315,1028.3,366.3,980.1,395.2,1004.2,380.75,0
114,3767,499316,1028.2,366.4,980.2,395.2,1004.2,380.8,0
114,3768,499317,1028.2,366.5,980.2,395.3,1004.2,380.9,0
114,3769,499318,1028.1,366.9,980.2,395.7,1004.15,381.3,0
114,3770,499319,1027.9,367.3,980.2,396.2,1004.05,381.75,0
114,3771,499320,1027.8,367.7,980.2,396.8,1004.0,382.25,0
114,3772,499321,1027.8,368.1,980.2,397.4,1004.0,382.75,0
114,3773,499322,1028.0,368.6,980.2,397.9,1004.1,383.25,0
114,3774,499323,1028.1,369.0,980.3,398.3,1004.2,383.65,0
114,3775,499324,1028.4,369.4,980.5,398.5,1004.45,383.95,0
114,3776,499325,1028.8,369.6,980.6,398.4,1004.7,384.0,0
114,3777,499326,1029.1,369.8,980.7,398.1,1004.9,383.95,0
114,3778,499327,1029.4,369.9,980.8,397.8,1005.1,383.85,0
114,3779,499328,1029.7,369.9,980.8,397.5,1005.25,383.7,0
114,3780,499329,1030.1,369.8,980.8,397.4,1005.45,383.6,0
114,3781,499330,1030.5,369.7,980.7,397.3,1005.6,383.5,0
114,3782,499331,1030.6,369.5,980.5,397.2,1005.55,383.35,0
114,3783,499332,1030.7,369.2,980.4,397.2,1005.55,383.2,0
114,3784,499333,1030.8,368.9,980.3,397.2,1005.55,383.05,0
114,3785,499334,1030.9,368.6,980.2,397.2,1005.55,382.9,0
114,3786,499335,1030.7,368.5,980.2,397.4,1005.45,382.95,0
114,3787,499336,1030.5,368.5,980.1,397.4,1005.3,382.95,0
114,3788,499337,1030.3,368.6,980.1,397.3,1005.2,382.95,0
114,3789,499338,1030.2,368.6,980.1,396.8,1005.15,382.7,0
114,3790,499339,1030.1,368.8,980.0,396.3,1005.05,382.55,0
114,3791,499340,1030.0,369.1,980.0,395.8,1005.0,382.45,0
114,3792,499341,1030.0,369.8,980.0,395.2,1005.0,382.5,0
114,3793,499342,1030.0,370.4,979.9,394.7,1004.95,382.55,0
114,3794,499343,1030.1,370.9,979.8,394.5,1004.95,382.7,0
114,3795,499344,1030.1,371.6,979.7,394.3,1004.9,382.95,0
114,3796,499345,1030.1,372.2,979.6,394.5,1004.85,383.35,0
114,3797,499346,1030.1,373.0,979.4,394.6,1004.75,383.8,0
114,3798,499347,1030.1,373.8,979.4,394.4,1004.75,384.1,0
114,3799,499348,1030.1,374.5,979.4,394.2,1004.75,384.35,0
114,3800,499349,1029.9,375.1,979.5,394.0,1004.7,384.55,0
115,3801,499350,1029.7,375.9,979.6,393.4,1004.65,384.65,0
115,3802,499351,1029.5,376.6,979.8,392.8,1004.65,384.7,0
115,3803,499352,1029.2,377.3,979.9,392.1,1004.55,384.7,0
115,3804,499353,1029.0,377.8,980.2,391.1,1004.6,384.45,0
115,3805,499354,1028.8,378.1,980.3,390.5,1004.55,384.3,0
115,3806,499355,1028.7,378.3,980.5,389.8,1004.6,384.05,0
115,3807,499356,1029.0,378.4,980.5,388.9,1004.75,383.65,0
115,3808,499357,1029.3,378.5,980.6,387.9,1004.95,383.2,0
115,3809,499358,1029.5,378.6,980.6,386.9,1005.05,382.75,0
115,3810,499359,1029.7,378.5,980.6,385.9,1005.15,382.2,0
115,3811,499360,1029.8,378.5,980.5,385.1,1005.15,381.8,0
115,3812,499361,1029.9,378.5,980.6,382.9,1005.25,380.7,0
115,3813,499362,1029.8,378.7,980.6,380.7,1005.2,379.7,0
115,3814,499363,1029.5,379.0,980.6,378.7,1005.05,378.85,0
115,3815,499364,1029.1,379.3,980.6,376.6,1004.85,377.95,0
115,3816,499365,1028.6,379.7,980.6,373.5,1004.6,376.6,0
115,3817,499366,1028.1,380.1,980.5,370.5,1004.3,375.3,0
115,3818,499367,1027.7,380.7,980.4,367.6,1004.05,374.15,0
115,3819,499368,1027.3,381.4,980.0,366.1,1003.65,373.75,0
115,3820,499369,1027.1,381.9,979.6,363.5,1003.35,372.7,0
115,3821,499370,1026.8,382.4,979.4,360.8,1003.1,371.6,0
115,3822,499371,1026.5,382.9,979.2,358.6,1002.85,370.75,0
115,3823,499372,1026.5,383.2,979.0,357.3,1002.75,370.25,0
115,3824,499373,1026.5,383.5,978.9,356.0,1002.7,369.75,0
115,3825,499374,1026.5,383.4,978.8,354.6,1002.65,369.0,0
115,3826,499375,1026.5,383.2,979.1,352.9,1002.8,368.05,0
115,3827,499376,1026.6,383.0,979.2,351.4,1002.9,367.2,0
115,3828,499377,1026.5,382.8,979.3,350.1,1002.9,366.45,0
115,3829,499378,1026.5,382.6,979.3,349.0,1002.9,365.8,0
115,3830,499379,1026.3,382.5,979.3,347.9,1002.8,365.2,0
115,3831,499380,1025.8,382.5,978.9,346.9,1002.35,364.7,0
115,3832,499381,1025.4,382.4,978.5,346.0,1001.95,364.2,0
115,3833,499382,1024.9,382.4,978.1,345.4,1001.5,363.9,0
116,3834,499383,1024.3,382.4,977.7,345.6,1001.0,364.0,0
116,3835,499384,1023.9,382.3,977.3,345.6,1000.6,363.95,0
116,3836,499385,1023.4,382.0,977.0,345.4,1000.2,363.7,0
116,3837,499386,1023.2,381.7,976.7,345.1,999.95,363.4,0
116,3838,499387,1023.2,381.3,976.8,344.8,1000.0,363.05,0
116,3839,499388,1023.3,380.6,977.0,344.6,1000.15,362.6,0
116,3840,499389,1023.8,379.9,977.1,344.8,1000.45,362.35,0
116,3841,499390,1025.1,379.2,977.5,346.7,1001.3,362.95,0
116,3842,499391,1027.1,378.6,978.6,348.8,1002.85,363.7,0
116,3843,499392,1029.2,378.1,980.1,350.9,1004.65,364.5,0
116,3844,499393,1031.8,377.6,982.4,354.5,1007.1,366.05,0
116,3845,499394,1035.8,377.0,986.0,358.8,1010.9,367.9,0
116,3846,499395,1041.5,377.0,991.7,365.1,1016.6,371.05,0
116,3847,499396,1048.5,377.7,998.6,372.5,1023.55,375.1,0
116,3848,499397,1057.8,379.3,1007.0,380.0,1032.4,379.65,0
116,3849,499398,1068.4,382.3,1016.6,388.4,1042.5,385.35,0
116,3850,499399,1080.8,386.9,1028.2,398.7,1054.5,392.8,0
116,3851,499400,1095.5,391.7,1041.9,408.0,1068.7,399.85,0
116,3852,499401,1111.6,397.3,1056.1,418.8,1083.85,408.05,0
116,3853,499402,1129.0,404.0,1071.1,427.7,1100.05,415.85,0
116,3854,499403,1146.2,410.9,1087.6,436.1,1116.9,423.5,0
116,3855,499404,1162.0,417.9,1103.0,443.7,1132.5,430.8,0
116,3856,499405,1177.6,424.4,1118.8,450.4,1148.2,437.4,0
116,3857,499406,1193.9,429.4,1132.9,455.2,1163.4,442.3,0
116,3858,499407,1208.5,435.4,1146.8,459.3,1177.65,447.35,0
116,3859,499408,1221.4,440.8,1161.8,461.0,1191.6,450.9,0
116,3860,499409,1233.6,445.9,1174.4,461.3,1204.0,453.6,0
116,3861,499410,1245.5,450.3,1186.6,458.8,1216.05,454.55,0
116,3862,499411,1258.0,454.6,1199.7,454.9,1228.85,454.75,0
116,3863,499412,1269.6,458.9,1213.5,451.2,1241.55,455.05,0
116,3864,499413,1281.1,464.2,1228.4,447.5,1254.75,455.85,0
116,3865,499414,1293.2,468.4,1243.4,444.6,1268.3,456.5,0
116,3866,499415,1306.0,473.2,1256.9,442.0,1281.45,457.6,0
117,3867,499416,1317.2,477.2,1272.2,441.5,1294.7,459.35,0
117,3868,499417,1329.0,482.0,1286.8,443.2,1307.9,462.6,0
117,3869,499418,1339.6,486.6,1302.0,446.5,1320.8,466.55,0
117,3870,499419,1352.4,490.4,1315.7,451.4,1334.05,470.9,0
117,3871,499420,1364.0,493.0,1328.5,457.0,1346.25,475.0,0
117,3872,499421,1374.1,495.5,1339.7,463.5,1356.9,479.5,0
117,3873,499422,1384.0,497.4,1350.5,470.4,1367.25,483.9,0
117,3874,499423,1393.3,498.8,1360.5,478.5,1376.9,488.65,0
117,3875,499424,1402.5,500.1,1369.8,486.7,1386.15,493.4,0
117,3876,499425,1411.7,500.8,1378.2,494.2,1394.95,497.5,0
117,3877,499426,1418.1,502.2,1384.7,502.1,1401.4,502.15,0
117,3878,499427,1423.2,503.7,1390.3,509.6,1406.75,506.65,0
117,3879,499428,1428.2,506.2,1395.1,516.3,1411.65,511.25,0
117,3880,499429,1431.5,509.0,1398.3,523.6,1414.9,516.3,0
117,3881,499430,1434.5,511.7,1400.2,530.4,1417.35,521.05,0
117,3882,499431,1434.9,514.6,1401.3,537.1,1418.1,525.85,0
117,3883,499432,1433.8,517.4,1400.3,544.0,1417.05,530.7,0
117,3884,499433,1432.4,519.6,1398.8,549.3,1415.6,534.45,0
117,3885,499434,1430.6,522.0,1397.3,554.2,1413.95,538.1,0
117,3886,499435,1427.5,524.6,1395.7,559.0,1411.6,541.8,0
117,3887,499436,1424.4,527.0,1393.8,562.9,1409.1,544.95,0
117,3888,499437,1421.5,529.5,1391.8,565.2,1406.65,547.35,0
117,3889,499438,1419.0,531.3,1389.7,567.3,1404.35,549.3,0
117,3890,499439,1416.4,533.2,1388.4,568.4,1402.4,550.8,0
117,3891,499440,1414.0,535.0,1387.3,568.8,1400.65,551.9,0
117,3892,499441,1411.9,536.6,1386.4,568.7,1399.15,552.65,0
117,3893,499442,1411.1,537.1,1385.6,568.1,1398.35,552.6,0
117,3894,499443,1410.2,537.5,1385.3,567.3,1397.75,552.4,0
117,3895,499444,1409.4,537.7,1385.2,566.3,1397.3,552.0,0
117,3896,499445,1409.4,537.9,1385.5,565.1,1397.45,551.5,0
117,3897,499446,1410.1,537.9,1386.3,563.1,1398.2,550.5,0
117,3898,499447,1410.8,537.8,1387.1,561.6,1398.95,549.7,0
117,3899,499448,1411.6,537.6,1388.2,559.6,1399.9,548.6,0
117,3900,499449,1412.6,537.2,1389.5,557.6,1401.05,547.4,0
118,3901,499450,1414.0,536.8,1390.6,555.6,1402.3,546.2,0
118,3902,499451,1415.7,536.6,1391.7,553.7,1403.7,545.15,0
118,3903,499452,1417.1,536.6,1392.5,552.0,1404.8,544.3,0
118,3904,499453,1418.4,537.1,1393.2,551.1,1405.8,544.1,0
118,3905,499454,1419.9,537.9,1393.9,550.2,1406.9,544.05,0
118,3906,499455,1421.5,538.9,1394.4,550.1,1407.95,544.5,0
118,3907,499456,1422.9,540.2,1394.6,550.0,1408.75,545.1,0
118,3908,499457,1423.9,541.5,1394.8,549.9,1409.35,545.7,0
118,3909,499458,1424.8,543.0,1395.1,549.8,1409.95,546.4,0
118,3910,499459,1425.5,544.4,1395.4,549.7,1410.45,547.05,0
118,3911,499460,1426.3,546.0,1396.1,549.5,1411.2,547.75,0
118,3912,499461,1426.9,547.4,1396.7,549.5,1411.8,548.45,0
118,3913,499462,1427.5,548.9,1397.1,549.4,1412.3,549.15,0
118,3914,499463,1428.1,550.9,1397.4,549.3,1412.75,550.1,0
118,3915,499464,1428.5,553.0,1397.6,549.2,1413.05,551.1,0
118,3916,499465,1428.7,554.8,1397.7,549.2,1413.2,552.0,0
118,3917,499466,1428.7,556.8,1397.7,549.4,1413.2,553.1,0
118,3918,499467,1428.5,558.0,1397.2,550.0,1412.85,554.0,0
118,3919,499468,1428.3,559.1,1396.8,550.5,1412.55,554.8,0
118,3920,499469,1428.0,559.9,1396.5,550.9,1412.25,555.4,0
118,3921,499470,1427.7,560.2,1396.4,551.0,1412.05,555.6,0
118,3922,499471,1427.4,560.4,1396.4,550.2,1411.9,555.3,0
118,3923,499472,1426.8,560.9,1396.3,549.0,1411.55,554.95,0
118,3924,499473,1426.4,561.2,1396.2,547.7,1411.3,554.45,0
118,3925,499474,1426.1,561.5,1396.1,546.0,1411.1,553.75,0
118,3926,499475,1426.2,561.7,1395.7,544.2,1410.95,552.95,0
118,3927,499476,1426.3,562.1,1395.3,542.6,1410.8,552.35,0
118,3928,499477,1426.5,562.6,1394.9,540.6,1410.7,551.6,0
118,3929,499478,1426.7,563.5,1394.4,539.7,1410.55,551.6,0
118,3930,499479,1427.3,564.1,1393.9,538.8,1410.6,551.45,0
118,3931,499480,1427.7,565.0,1393.0,538.0,1410.35,551.5,0
118,3932,499481,1427.6,565.9,1392.0,537.1,1409.8,551.5,0
118,3933,499482,1427.1,566.8,1391.2,536.3,1409.15,551.55,0
119,3934,499483,1426.4,567.5,1390.3,535.5,1408.35,551.5,0
119,3935,499484,1425.5,567.9,1389.5,535.2,1407.5,551.55,0
119,3936,499485,1424.4,567.9,1388.9,534.9,1406.65,551.4,0
119,3937,499486,1423.4,567.8,1388.4,534.8,1405.9,551.3,0
119,3938,499487,1422.6,567.6,1388.4,534.8,1405.5,551.2,0
119,3939,499488,1422.0,567.5,1388.9,535.2,1405.45,551.35,0
119,3940,499489,1421.5,567.5,1389.5,536.1,1405.5,551.8,0
119,3941,499490,1421.1,567.5,1390.2,537.1,1405.65,552.3,0
119,3942,499491,1421.0,567.7,1390.8,538.1,1405.9,552.9,0
119,3943,499492,1421.1,568.0,1391.2,539.1,1406.15,553.55,0
119,3944,499493,1421.1,568.3,1391.7,540.6,1406.4,554.45,0
119,3945,499494,1421.3,568.5,1391.9,542.1,1406.6,555.3,0
119,3946,499495,1421.4,568.8,1391.7,543.2,1406.55,556.0,0
119,3947,499496,1421.5,569.1,1391.5,543.9,1406.5,556.5,0
119,3948,499497,1421.7,569.2,1391.3,544.6,1406.5,556.9,0
119,3949,499498,1421.9,569.4,1391.1,545.4,1406.5,557.4,0
119,3950,499499,1422.1,569.2,1390.9,546.2,1406.5,557.7,0
119,3951,499500,1422.3,569.0,1390.6,547.4,1406.45,558.2,0
119,3952,499501,1422.6,568.4,1390.4,548.9,1406.5,558.65,0
119,3953,499502,1422.8,567.4,1390.2,550.6,1406.5,559.0,0
119,3954,499503,1423.1,566.4,1390.1,552.4,1406.6,559.4,0
119,3955,499504,1423.4,565.3,1389.5,554.2,1406.45,559.75,0
119,3956,499505,1424.0,564.2,1388.9,556.3,1406.45,560.25,0
119,3957,499506,1425.1,563.3,1388.4,558.5,1406.75,560.9,0
119,3958,499507,1426.2,562.4,1387.8,559.9,1407.0,561.15,0
119,3959,499508,1427.1,561.8,1387.3,560.8,1407.2,561.3,0
119,3960,499509,1428.1,560.8,1386.7,561.8,1407.4,561.3,0
119,3961,499510,1428.8,559.5,1386.2,562.5,1407.5,561.0,0
119,3962,499511,1429.6,558.1,1386.1,563.3,1407.85,560.7,0
119,3963,499512,1430.0,556.6,1386.2,563.7,1408.1,560.15,0
119,3964,499513,1430.0,554.6,1386.4,564.1,1408.2,559.35,0
119,3965,499514,1429.9,552.7,1386.7,564.7,1408.3,558.7,0
119,3966,499515,1429.8,550.5,1387.5,565.2,1408.65,557.85,0
120,3967,499516,1429.8,549.0,1388.4,565.7,1409.1,557.35,0
120,3968,499517,1429.7,547.9,1389.2,566.1,1409.45,557.0,0
120,3969,499518,1429.4,546.5,1390.1,566.6,1409.75,556.55,0
120,3970,499519,1429.1,545.3,1390.8,567.0,1409.95,556.15,0
120,3971,499520,1428.8,544.6,1391.4,567.3,1410.1,555.95,0
120,3972,499521,1428.4,543.8,1392.0,567.3,1410.2,555.55,0
120,3973,499522,1428.1,543.2,1392.0,567.3,1410.05,555.25,0
120,3974,499523,1427.3,542.3,1392.0,567.3,1409.65,554.8,0
120,3975,499524,1426.6,541.4,1391.9,567.3,1409.25,554.35,0
120,3976,499525,1426.1,540.9,1391.9,567.1,1409.0,554.0,0
120,3977,499526,1425.3,540.0,1391.6,566.8,1408.45,553.4,0
120,3978,499527,1424.6,539.2,1391.4,566.4,1408.0,552.8,0
120,3979,499528,1424.0,538.3,1391.2,566.1,1407.6,552.2,0
120,3980,499529,1423.3,537.5,1390.9,565.3,1407.1,551.4,0
120,3981,499530,1423.0,536.9,1390.5,564.6,1406.75,550.75,0
120,3982,499531,1422.6,536.4,1390.2,563.7,1406.4,550.05,0
120,3983,499532,1422.0,535.9,1389.9,562.9,1405.95,549.4,0
120,3984,499533,1421.7,535.8,1389.7,562.3,1405.7,549.05,0
120,3985,499534,1421.4,535.7,1389.4,561.6,1405.4,548.65,0
120,3986,499535,1421.1,535.7,1389.2,560.8,1405.15,548.25,0
120,3987,499536,1420.9,535.7,1389.0,559.6,1404.95,547.65,0
120,3988,499537,1420.7,535.8,1388.8,558.5,1404.75,547.15,0
120,3989,499538,1420.5,536.0,1388.7,557.5,1404.6,546.75,0
120,3990,499539,1420.7,536.1,1388.5,556.6,1404.6,546.35,0
120,3991,499540,1420.9,536.3,1388.4,555.7,1404.65,546.0,0
120,3992,499541,1421.1,536.7,1388.3,555.0,1404.7,545.85,0
120,3993,499542,1421.4,537.1,1388.2,554.6,1404.8,545.85,0
120,3994,499543,1421.6,537.5,1388.0,554.8,1404.8,546.15,0
120,3995,499544,1421.9,537.9,1387.8,555.1,1404.85,546.5,0
120,3996,499545,1422.2,538.3,1387.6,555.3,1404.9,546.8,0
120,3997,499546,1422.4,538.7,1387.6,555.6,1405.0,547.15,0
120,3998,499547,1422.7,539.0,1387.6,555.8,1405.15,547.4,0
120,3999,499548,1422.9,539.2,1387.7,556.0,1405.3,547.6,0
120,4000,499549,1423.0,539.6,1387.8,556.1,1405.4,547.85,0
121,4001,499550,1423.2,540.0,1388.0,556.3,1405.6,548.15,0
121,4002,499551,1423.3,540.5,1388.3,556.4,1405.8,548.45,0
121,4003,499552,1423.4,540.9,1388.5,556.4,1405.95,548.65,0
121,4004,499553,1423.6,541.5,1388.6,556.4,1406.1,548.95,0
121,4005,499554,1423.8,542.1,1388.6,556.2,1406.2,549.15,0
121,4006,499555,1424.2,542.6,1388.6,556.0,1406.4,549.3,0
121,4007,499556,1424.6,543.0,1388.5,555.8,1406.55,549.4,0
121,4008,499557,1424.9,543.3,1388.5,555.6,1406.7,549.45,0
121,4009,499558,1425.2,543.5,1388.4,555.7,1406.8,549.6,0
121,4010,499559,1425.5,543.7,1388.2,555.7,1406.85,549.7,0
121,4011,499560,1425.7,544.0,1388.1,555.9,1406.9,549.95,0
121,4012,499561,1425.9,544.2,1388.2,556.1,1407.05,550.15,0
121,4013,499562,1425.7,544.4,1388.2,556.3,1406.95,550.35,0
121,4014,499563,1425.6,544.5,1388.5,556.3,1407.05,550.4,0
121,4015,499564,1425.4,544.4,1388.8,556.3,1407.1,550.35,0
121,4016,499565,1425.2,544.3,1389.3,556.0,1407.25,550.15,0
121,4017,499566,1424.9,544.3,1389.9,555.8,1407.4,550.05,0
121,4018,499567,1424.6,544.3,1390.5,555.5,1407.55,549.9,0
121,4019,499568,1424.4,544.7,1391.0,555.3,1407.7,550.0,0
121,4020,499569,1424.4,545.1,1391.5,555.0,1407.95,550.05,0
121,4021,499570,1424.5,545.5,1391.6,554.9,1408.05,550.2,0
121,4022,499571,1424.6,546.2,1391.7,554.7,1408.15,550.45,0
121,4023,499572,1425.0,546.9,1391.6,554.5,1408.3,550.7,0
121,4024,499573,1425.3,547.7,1391.5,554.5,1408.4,551.1,0
121,4025,499574,1425.5,548.4,1391.4,554.5,1408.45,551.45,0
121,4026,499575,1425.7,548.7,1391.2,554.4,1408.45,551.55,0
121,4027,499576,1425.8,549.1,1391.1,554.5,1408.45,551.8,0
121,4028,499577,1425.8,549.6,1390.9,554.6,1408.35,552.1,0
121,4029,499578,1425.7,550.0,1390.7,554.8,1408.2,552.4,0
121,4030,499579,1425.7,550.3,1390.5,555.0,1408.1,552.65,0
121,4031,499580,1425.6,550.3,1390.3,555.2,1407.95,552.75,0
121,4032,499581,1425.6,550.3,1390.2,555.4,1407.9,552.85,0
121,4033,499582,1425.5,550.2,1390.2,555.5,1407.85,552.85,0
122,4034,499583,1425.5,550.0,1390.1,555.7,1407.8,552.85,0
122,4035,499584,1425.3,550.0,1390.2,555.9,1407.75,552.95,0
122,4036,499585,1425.1,550.1,1390.3,556.1,1407.7,553.1,0
122,4037,499586,1424.9,550.2,1390.5,556.1,1407.7,553.15,0
122,4038,499587,1424.7,550.4,1390.6,556.1,1407.65,553.25,0
122,4039,499588,1424.8,550.7,1390.7,555.9,1407.75,553.3,0
122,4040,499589,1424.9,551.0,1390.7,555.8,1407.8,553.4,0
122,4041,499590,1425.1,551.5,1390.7,555.7,1407.9,553.6,0
122,4042,499591,1425.5,552.0,1390.7,555.6,1408.1,553.8,0
122,4043,499592,1425.8,552.2,1390.6,555.5,1408.2,553.85,0
122,4044,499593,1426.2,552.4,1390.4,555.5,1408.3,553.95,0
122,4045,499594,1426.5,552.6,1390.2,555.4,1408.35,554.0,0
122,4046,499595,1426.6,552.8,1389.8,555.6,1408.2,554.2,0
122,4047,499596,1426.7,552.9,1389.5,555.7,1408.1,554.3,0
122,4048,499597,1426.8,552.8,1389.2,555.9,1408.0,554.35,0
122,4049,499598,1426.8,552.6,1388.9,555.9,1407.85,554.25,0
122,4050,499599,1426.8,552.5,1388.6,555.5,1407.7,554.0,0
122,4051,499600,1426.5,552.3,1388.3,555.2,1407.4,553.75,0
122,4052,499601,1426.3,552.0,1388.1,554.8,1407.2,553.4,0
122,4053,499602,1426.0,551.8,1388.1,554.2,1407.05,553.0,0
122,4054,499603,1425.8,551.5,1388.1,553.6,1406.95,552.55,0
122,4055,499604,1425.5,551.3,1388.1,553.0,1406.8,552.15,0
122,4056,499605,1425.3,551.0,1388.2,552.4,1406.75,551.7,0
122,4057,499606,1425.2,550.7,1388.3,552.2,1406.75,551.45,0
122,4058,499607,1425.4,550.6,1388.3,552.2,1406.85,551.4,0
122,4059,499608,1425.6,550.5,1388.4,552.2,1407.0,551.35,0
122,4060,499609,1425.9,550.4,1388.5,552.3,1407.2,551.35,0
122,4061,499610,1426.1,550.4,1388.5,552.4,1407.3,551.4,0
122,4062,499611,1426.5,550.5,1388.5,552.5,1407.5,551.5,0
122,4063,499612,1426.7,550.6,1388.5,552.6,1407.6,551.6,0
122,4064,499613,1426.9,550.8,1388.5,552.7,1407.7,551.75,0
122,4065,499614,1427.1,551.0,1388.5,552.9,1407.8,551.95,0
122,4066,499615,1427.2,551.1,1388.4,553.1,1407.8,552.1,0
123,4067,499616,1427.2,551.2,1388.2,553.2,1407.7,552.2,0
123,4068,499617,1427.2,551.2,1387.7,553.5,1407.45,552.35,0
123,4069,499618,1427.1,551.1,1387.3,553.7,1407.2,552.4,0
123,4070,499619,1427.0,550.8,1386.9,553.9,1406.95,552.35,0
123,4071,499620,1426.9,550.4,1386.4,554.0,1406.65,552.2,0
123,4072,499621,1426.8,550.1,1386.0,553.9,1406.4,552.0,0
123,4073,499622,1426.7,549.7,1385.7,553.9,1406.2,551.8,0
123,4074,499623,1426.6,549.4,1385.5,553.9,1406.05,551.65,0
123,4075,499624,1426.6,549.3,1385.8,553.8,1406.2,551.55,0
123,4076,499625,1426.6,549.2,1386.0,553.7,1406.3,551.45,0
123,4077,499626,1426.5,549.1,1386.2,553.5,1406.35,551.3,0
123,4078,499627,1426.4,549.1,1386.4,553.3,1406.4,551.2,0
123,4079,499628,1426.3,549.2,1386.4,553.3,1406.35,551.25,0
123,4080,499629,1426.3,549.6,1386.4,553.6,1406.35,551.6,0
123,4081,499630,1426.2,550.0,1386.1,553.8,1406.15,551.9,0
123,4082,499631,1426.2,550.1,1385.8,554.2,1406.0,552.15,0
123,4083,499632,1426.4,550.2,1385.4,554.1,1405.9,552.15,0
123,4084,499633,1426.6,550.2,1385.1,554.2,1405.85,552.2,0
123,4085,499634,1426.8,549.9,1385.0,554.2,1405.9,552.05,0
123,4086,499635,1427.1,549.6,1385.1,554.0,1406.1,551.8,0
123,4087,499636,1427.4,548.8,1385.2,553.7,1406.3,551.25,0
123,4088,499637,1427.8,548.0,1385.4,553.4,1406.6,550.7,0
123,4089,499638,1428.1,547.3,1385.7,553.2,1406.9,550.25,0
123,4090,499639,1428.2,546.7,1385.9,553.5,1407.05,550.1,0
123,4091,499640,1428.3,546.1,1386.3,553.8,1407.3,549.95,0
123,4092,499641,1428.3,545.8,1386.5,554.2,1407.4,550.0,0
123,4093,499642,1428.2,545.5,1386.6,554.5,1407.4,550.0,0
123,4094,499643,1428.0,545.3,1386.3,555.0,1407.15,550.15,0
123,4095,499644,1427.8,545.0,1385.9,555.5,1406.85,550.25,0
123,4096,499645,1427.6,544.3,1385.6,556.1,1406.6,550.2,0
123,4097,499646,1427.4,543.7,1385.3,556.5,1406.35,550.1,0
123,4098,499647,1427.2,543.0,1385.0,556.9,1406.1,549.95,0
123,4099,499648,1427.1,542.3,1384.9,557.4,1406.0,549.85,0
123,4100,499649,1427.1,541.6,1384.9,557.8,1406.0,549.7,0
124,4101,499650,1427.0,540.9,1385.2,558.0,1406.1,549.45,0
124,4102,499651,1427.0,540.4,1385.6,558.1,1406.3,549.25,0
124,4103,499652,1427.0,540.4,1385.9,558.2,1406.45,549.3,0
124,4104,499653,1427.0,540.5,1386.2,558.6,1406.6,549.55,0
124,4105,499654,1427.0,540.7,1386.3,559.0,1406.65,549.85,0
124,4106,499655,1427.1,540.7,1386.3,559.4,1406.7,550.05,0
124,4107,499656,1427.1,540.7,1386.3,559.7,1406.7,550.2,0
124,4108,499657,1427.1,540.6,1386.3,559.8,1406.7,550.2,0
124,4109,499658,1426.8,540.5,1386.2,559.9,1406.5,550.2,0
124,4110,499659,1426.6,540.3,1386.2,559.8,1406.4,550.05,0
124,4111,499660,1426.3,539.8,1386.1,559.3,1406.2,549.55,0
124,4112,499661,1426.0,539.4,1386.0,558.8,1406.0,549.1,0
124,4113,499662,1425.6,539.2,1385.9,558.3,1405.75,548.75,0
124,4114,499663,1425.3,539.0,1385.8,557.9,1405.55,548.45,0
124,4115,499664,1425.1,538.9,1385.8,557.8,1405.45,548.35,0
124,4116,499665,1425.2,538.7,1385.7,558.0,1405.45,548.35,0
124,4117,499666,1425.3,538.7,1385.8,558.2,1405.55,548.45,0
124,4118,499667,1425.4,538.9,1385.9,558.8,1405.65,548.85,0
124,4119,499668,1425.5,539.2,1386.0,559.5,1405.75,549.35,0
124,4120,499669,1425.7,539.5,1386.1,560.2,1405.9,549.85,0
124,4121,499670,1425.9,539.7,1386.2,560.8,1406.05,550.25,0
124,4122,499671,1426.0,539.9,1386.4,561.3,1406.2,550.6,0
124,4123,499672,1426.2,540.1,1386.5,561.5,1406.35,550.8,0
124,4124,499673,1426.3,540.2,1386.6,561.4,1406.45,550.8,0
124,4125,499674,1426.3,540.2,1386.6,561.3,1406.45,550.75,0
124,4126,499675,1426.4,540.2,1386.7,561.1,1406.55,550.65,0
124,4127,499676,1426.4,540.2,1386.7,560.9,1406.55,550.55,0
124,4128,499677,1426.4,540.3,1386.8,560.6,1406.6,550.45,0
124,4129,499678,1426.4,540.3,1386.8,560.3,1406.6,550.3,0
124,4130,499679,1426.4,540.4,1386.8,559.5,1406.6,549.95,0
124,4131,499680,1426.4,540.5,1386.8,558.8,1406.6,549.65,0
124,4132,499681,1426.5,540.7,1386.8,558.2,1406.65,549.45,0
124,4133,499682,1426.6,541.2,1386.7,558.0,1406.65,549.6,0
125,4134,499683,1426.7,541.6,1386.7,557.9,1406.7,549.75,0
125,4135,499684,1426.7,542.0,1386.6,557.8,1406.65,549.9,0
125,4136,499685,1426.7,542.5,1386.5,557.8,1406.6,550.15,0
125,4137,499686,1426.9,542.9,1386.5,558.3,1406.7,550.6,0
125,4138,499687,1427.0,543.3,1386.6,558.8,1406.8,551.05,0
125,4139,499688,1427.2,543.7,1386.7,559.2,1406.95,551.45,0
125,4140,499689,1427.4,543.8,1387.0,559.2,1407.2,551.5,0
125,4141,499690,1427.6,543.9,1387.4,559.1,1407.5,551.5,0
125,4142,499691,1427.7,544.0,1387.8,559.0,1407.75,551.5,0
125,4143,499692,1427.4,544.1,1388.2,558.9,1407.8,551.5,0
125,4144,499693,1426.9,544.1,1388.6,558.7,1407.75,551.4,0
125,4145,499694,1426.5,544.1,1388.9,558.5,1407.7,551.3,0
125,4146,499695,1425.9,543.9,1389.2,558.3,1407.55,551.1,0
125,4147,499696,1425.4,543.7,1389.4,558.2,1407.4,550.95,0
125,4148,499697,1424.7,543.6,1389.7,558.0,1407.2,550.8,0
125,4149,499698,1424.1,543.5,1390.3,558.1,1407.2,550.8,0
125,4150,499699,1423.7,543.6,1390.9,558.2,1407.3,550.9,0
125,4151,499700,1423.4,543.7,1391.5,558.4,1407.45,551.05,0
125,4152,499701,1422.8,543.8,1392.1,558.6,1407.45,551.2,0
125,4153,499702,1422.2,544.0,1392.7,559.0,1407.45,551.5,0
125,4154,499703,1421.7,544.3,1393.1,559.4,1407.4,551.85,0
125,4155,499704,1421.2,544.6,1393.5,559.8,1407.35,552.2,0
125,4156,499705,1420.8,545.2,1393.4,560.0,1407.1,552.6,0
125,4157,499706,1420.5,545.6,1393.2,560.3,1406.85,552.95,0
125,4158,499707,1420.1,545.9,1392.9,560.7,1406.5,553.3,0
125,4159,499708,1420.0,546.1,1392.6,561.0,1406.3,553.55,0
125,4160,499709,1420.0,546.4,1392.3,561.2,1406.15,553.8,0
125,4161,499710,1419.9,546.6,1391.9,561.4,1405.9,554.0,0
125,4162,499711,1419.8,546.3,1391.7,561.5,1405.75,553.9,0
125,4163,499712,1419.7,545.7,1391.5,561.6,1405.6,553.65,0
125,4164,499713,1419.6,545.3,1391.3,561.7,1405.45,553.5,0
125,4165,499714,1419.6,544.9,1391.1,561.7,1405.35,553.3,0
125,4166,499715,1419.6,544.8,1390.8,561.8,1405.2,553.3,0
126,4167,499716,1419.6,544.7,1390.4,562.0,1405.0,553.35,0
126,4168,499717,1419.7,544.6,1390.0,562.3,1404.85,553.45,0
126,4169,499718,1419.7,544.8,1389.6,562.6,1404.65,553.7,0
126,4170,499719,1419.8,545.0,1389.2,563.0,1404.5,554.0,0
126,4171,499720,1420.0,545.3,1388.8,563.4,1404.4,554.35,0
126,4172,499721,1420.3,545.5,1388.6,563.9,1404.45,554.7,0
126,4173,499722,1420.6,545.5,1388.6,564.4,1404.6,554.95,0
126,4174,499723,1421.4,545.6,1388.6,565.0,1405.0,555.3,0
126,4175,499724,1422.1,545.6,1388.7,565.6,1405.4,555.6,0
126,4176,499725,1422.7,545.6,1388.7,566.4,1405.7,556.0,0
126,4177,499726,1423.5,545.6,1388.6,567.2,1406.05,556.4,0
126,4178,499727,1424.3,545.5,1388.1,567.8,1406.2,556.65,0
126,4179,499728,1425.0,545.4,1387.6,568.5,1406.3,556.95,0
126,4180,499729,1425.7,545.2,1387.0,569.0,1406.35,557.1,0
126,4181,499730,1426.0,545.1,1386.4,569.4,1406.2,557.25,0
126,4182,499731,1426.4,545.1,1385.7,569.7,1406.05,557.4,0
126,4183,499732,1426.9,545.1,1385.1,569.8,1406.0,557.45,0
126,4184,499733,1427.3,545.2,1384.6,570.0,1405.95,557.6,0
126,4185,499734,1427.6,545.3,1384.6,570.1,1406.1,557.7,0
126,4186,499735,1427.8,545.4,1384.5,570.3,1406.15,557.85,0
126,4187,499736,1427.9,545.4,1384.5,570.5,1406.2,557.95,0
126,4188,499737,1427.9,545.5,1384.4,570.9,1406.15,558.2,0
126,4189,499738,1427.8,545.4,1384.5,571.3,1406.15,558.35,0
126,4190,499739,1427.8,545.3,1384.5,571.7,1406.15,558.5,0
126,4191,499740,1427.8,545.1,1384.5,572.2,1406.15,558.65,0
126,4192,499741,1427.7,544.9,1384.5,572.7,1406.1,558.8,0
126,4193,499742,1427.7,544.8,1384.5,573.1,1406.1,558.95,0
126,4194,499743,1427.6,544.6,1384.4,573.4,1406.0,559.0,0
126,4195,499744,1426.9,544.5,1384.5,573.3,1405.7,558.9,0
126,4196,499745,1426.2,544.5,1384.7,573.2,1405.45,558.85,0
126,4197,499746,1425.5,544.5,1385.2,573.0,1405.35,558.75,0
126,4198,499747,1424.7,544.4,1385.6,572.9,1405.15,558.65,0
126,4199,499748,1424.0,544.3,1386.1,572.7,1405.05,558.5,0
126,4200,499749,1423.2,544.1,1386.7,572.7,1404.95,558.4,0
127,4201,499750,1422.4,543.9,1387.3,572.7,1404.85,558.3,0
127,4202,499751,1422.3,543.5,1387.9,572.9,1405.1,558.2,0
127,4203,499752,1422.1,543.1,1388.3,573.1,1405.2,558.1,0
127,4204,499753,1422.0,542.8,1388.6,573.3,1405.3,558.05,0
127,4205,499754,1421.9,542.6,1389.0,573.3,1405.45,557.95,0
127,4206,499755,1421.7,542.6,1389.2,573.2,1405.45,557.9,0
127,4207,499756,1421.6,542.7,1389.4,573.2,1405.5,557.95,0
127,4208,499757,1421.5,542.8,1389.5,573.1,1405.5,557.95,0
127,4209,499758,1421.6,543.0,1389.6,573.0,1405.6,558.0,0
127,4210,499759,1421.6,543.3,1389.6,572.9,1405.6,558.1,0
127,4211,499760,1421.7,543.5,1389.7,572.8,1405.7,558.15,0
127,4212,499761,1421.9,543.5,1389.9,572.7,1405.9,558.1,0
127,4213,499762,1422.2,543.3,1390.1,572.3,1406.15,557.8,0
127,4214,499763,1422.4,542.9,1390.3,572.0,1406.35,557.45,0
127,4215,499764,1422.6,542.4,1390.5,571.7,1406.55,557.05,0
127,4216,499765,1422.8,541.9,1390.6,571.4,1406.7,556.65,0
127,4217,499766,1423.3,541.5,1390.7,571.1,1407.0,556.3,0
127,4218,499767,1423.7,541.1,1390.8,570.9,1407.25,556.0,0
127,4219,499768,1424.3,540.9,1390.8,570.6,1407.55,555.75,0
127,4220,499769,1424.9,541.0,1390.7,570.6,1407.8,555.8,0
127,4221,499770,1425.5,541.2,1390.6,570.6,1408.05,555.9,0
127,4222,499771,1426.1,541.5,1390.5,570.7,1408.3,556.1,0
127,4223,499772,1426.6,541.7,1390.4,570.7,1408.5,556.2,0
127,4224,499773,1426.9,541.9,1390.3,570.7,1408.6,556.3,0
127,4225,499774,1427.1,542.0,1390.2,570.7,1408.65,556.35,0
127,4226,499775,1427.1,542.2,1390.0,570.8,1408.55,556.5,0
127,4227,499776,1427.2,542.1,1389.5,570.7,1408.35,556.4,0
127,4228,499777,1427.3,542.1,1389.0,570.4,1408.15,556.25,0
127,4229,499778,1427.3,542.0,1388.4,570.1,1407.85,556.05,0
127,4230,499779,1427.3,542.0,1387.9,569.6,1407.6,555.8,0
127,4231,499780,1427.3,541.9,1387.4,569.1,1407.35,555.5,0
127,4232,499781,1427.3,541.8,1387.0,568.5,1407.15,555.15,0
127,4233,499782,1427.1,541.5,1386.5,568.0,1406.8,554.75,0
128,4234,499783,1426.7,541.3,1386.5,567.6,1406.6,554.45,0
128,4235,499784,1426.3,541.0,1386.3,567.3,1406.3,554.15,0
128,4236,499785,1425.9,540.8,1386.2,567.1,1406.05,553.95,0
128,4237,499786,1425.6,540.6,1386.2,567.0,1405.9,553.8,0
128,4238,499787,1425.3,540.5,1386.3,566.9,1405.8,553.7,0
128,4239,499788,1425.0,540.4,1386.4,566.8,1405.7,553.6,0
128,4240,499789,1424.9,540.6,1386.4,566.7,1405.65,553.65,0
128,4241,499790,1425.0,540.7,1386.5,566.5,1405.75,553.6,0
128,4242,499791,1425.1,540.9,1386.9,565.7,1406.0,553.3,0
128,4243,499792,1425.1,541.0,1387.3,564.8,1406.2,552.9,0
128,4244,499793,1425.1,541.5,1387.6,563.8,1406.35,552.65,0
128,4245,499794,1424.7,542.2,1388.0,562.9,1406.35,552.55,0
128,4246,499795,1424.4,542.9,1388.5,561.9,1406.45,552.4,0
128,4247,499796,1424.0,543.6,1389.0,560.8,1406.5,552.2,0
128,4248,499797,1423.6,544.3,1389.4,559.7,1406.5,552.0,0
128,4249,499798,1423.1,544.9,1389.7,559.2,1406.4,552.05,0
128,4250,499799,1422.6,546.0,1389.9,559.0,1406.25,552.5,0
128,4251,499800,1422.1,546.8,1390.1,559.2,1406.1,553.0,0
128,4252,499801,1422.0,547.3,1390.1,559.4,1406.05,553.35,0
128,4253,499802,1421.9,547.8,1390.2,559.6,1406.05,553.7,0
128,4254,499803,1422.0,548.5,1390.2,559.9,1406.1,554.2,0
128,4255,499804,1422.1,549.4,1390.3,560.1,1406.2,554.75,0
128,4256,499805,1422.6,550.9,1390.6,560.4,1406.6,555.65,0
128,4257,499806,1423.0,552.1,1390.8,560.7,1406.9,556.4,0
128,4258,499807,1423.6,553.4,1391.1,560.6,1407.35,557.0,0
128,4259,499808,1424.1,554.7,1391.4,560.5,1407.75,557.6,0
128,4260,499809,1424.5,555.9,1391.7,560.4,1408.1,558.15,0
128,4261,499810,1424.8,557.0,1392.0,560.5,1408.4,558.75,0
128,4262,499811,1425.0,557.8,1392.2,560.5,1408.6,559.15,0
128,4263,499812,1425.0,558.3,1392.3,560.6,1408.65,559.45,0
128,4264,499813,1425.0,558.5,1392.4,560.6,1408.7,559.55,0
128,4265,499814,1425.0,559.3,1392.6,560.5,1408.8,559.9,0
128,4266,499815,1425.0,560.0,1392.8,560.3,1408.9,560.15,0
129,4267,499816,1425.2,560.9,1393.0,560.2,1409.1,560.55,0
129,4268,499817,1425.3,561.7,1393.2,559.8,1409.25,560.75,0
129,4269,499818,1425.4,562.5,1393.3,559.4,1409.35,560.95,0
129,4270,499819,1425.7,563.1,1393.5,559.0,1409.6,561.05,0
129,4271,499820,1426.0,563.9,1393.5,558.7,1409.75,561.3,0
129,4272,499821,1426.2,564.2,1393.4,558.5,1409.8,561.35,0
129,4273,499822,1426.5,565.0,1393.2,558.3,1409.85,561.65,0
129,4274,499823,1426.9,565.8,1393.0,558.0,1409.95,561.9,0
129,4275,499824,1427.2,566.5,1392.8,558.0,1410.0,562.25,0
129,4276,499825,1427.6,567.3,1392.5,557.4,1410.05,562.35,0
129,4277,499826,1427.9,567.9,1392.3,556.8,1410.1,562.35,0
129,4278,499827,1428.0,568.4,1392.1,555.8,1410.05,562.1,0
129,4279,499828,1428.2,568.8,1392.0,554.8,1410.1,561.8,0
129,4280,499829,1428.2,568.8,1391.9,553.8,1410.05,561.3,0
129,4281,499830,1428.2,568.8,1391.9,552.7,1410.05,560.75,0
129,4282,499831,1427.7,568.8,1392.0,551.7,1409.85,560.25,0
129,4283,499832,1427.0,568.9,1392.0,550.8,1409.5,559.85,0
129,4284,499833,1426.4,569.4,1392.0,550.0,1409.2,559.7,0
129,4285,499834,1425.9,570.1,1391.9,549.3,1408.9,559.7,0
129,4286,499835,1425.4,570.7,1391.8,548.6,1408.6,559.65,0
129,4287,499836,1425.0,571.3,1391.6,547.8,1408.3,559.55,0
129,4288,499837,1424.5,571.9,1391.2,547.0,1407.85,559.45,0
129,4289,499838,1424.4,572.6,1390.3,545.5,1407.35,559.05,0
129,4290,499839,1424.3,573.3,1389.4,544.4,1406.85,558.85,0
129,4291,499840,1424.2,574.0,1388.6,543.3,1406.4,558.65,0
129,4292,499841,1423.8,574.6,1388.1,542.2,1405.95,558.4,0
129,4293,499842,1423.2,575.1,1388.1,541.3,1405.65,558.2,0
129,4294,499843,1422.5,575.0,1388.0,540.5,1405.25,557.75,0
129,4295,499844,1421.8,574.7,1387.9,539.7,1404.85,557.2,0
129,4296,499845,1421.2,574.3,1388.2,539.8,1404.7,557.05,0
129,4297,499846,1420.8,573.6,1388.5,540.0,1404.65,556.8,0
129,4298,499847,1420.4,572.1,1388.9,540.3,1404.65,556.2,0
129,4299,499848,1420.0,570.5,1388.9,540.6,1404.45,555.55,0
129,4300,499849,1420.0,568.3,1388.8,543.4,1404.4,555.85,0
130,4301,499850,1420.0,566.7,1388.8,546.1,1404.4,556.4,0
130,4302,499851,1420.5,565.1,1389.3,548.9,1404.9,557.0,0
130,4303,499852,1421.0,563.5,1390.3,552.4,1405.65,557.95,0
130,4304,499853,1422.5,562.1,1391.7,556.3,1407.1,559.2,0
130,4305,499854,1424.6,561.2,1393.5,561.3,1409.05,561.25,0
130,4306,499855,1427.9,560.4,1395.5,566.4,1411.7,563.4,0
130,4307,499856,1431.5,560.5,1397.8,569.8,1414.65,565.15,0
130,4308,499857,1435.5,561.0,1400.9,574.0,1418.2,567.5,0
130,4309,499858,1439.2,562.0,1404.1,578.2,1421.65,570.1,0
130,4310,499859,1443.6,563.6,1407.8,582.4,1425.7,573.0,0
130,4311,499860,1447.1,566.1,1411.1,586.5,1429.1,576.3,0
130,4312,499861,1450.0,569.7,1414.9,589.4,1432.45,579.55,0
130,4313,499862,1452.2,573.1,1419.3,592.1,1435.75,582.6,0
130,4314,499863,1455.6,576.8,1423.2,594.2,1439.4,585.5,0
130,4315,499864,1458.5,580.1,1426.7,595.5,1442.6,587.8,0
130,4316,499865,1461.8,583.4,1430.2,596.8,1446.0,590.1,0
130,4317,499866,1464.6,586.3,1433.0,597.0,1448.8,591.65,0
130,4318,499867,1467.3,588.4,1436.2,596.1,1451.75,592.25,0
130,4319,499868,1470.0,589.6,1438.6,594.9,1454.3,592.25,0
130,4320,499869,1472.2,590.8,1440.3,593.7,1456.25,592.25,0
130,4321,499870,1473.1,591.7,1442.1,592.5,1457.6,592.1,0
130,4322,499871,1474.1,594.2,1443.5,591.3,1458.8,592.75,0
130,4323,499872,1474.5,596.3,1444.4,590.3,1459.45,593.3,0
130,4324,499873,1474.7,599.1,1445.4,589.3,1460.05,594.2,0
130,4325,499874,1474.9,601.9,1445.9,589.1,1460.4,595.5,0
130,4326,499875,1475.2,604.5,1446.3,589.3,1460.75,596.9,0
130,4327,499876,1475.1,607.2,1446.7,589.5,1460.9,598.35,0
130,4328,499877,1474.9,610.0,1446.6,589.7,1460.75,599.85,0
130,4329,499878,1474.5,611.1,1446.5,590.0,1460.5,600.55,0
130,4330,499879,1473.2,612.5,1446.0,590.2,1459.6,601.35,0
130,4331,499880,1471.2,613.1,1445.3,590.4,1458.25,601.75,0
130,4332,499881,1468.9,613.5,1443.7,590.6,1456.3,602.05,0
130,4333,499882,1466.7,613.4,1442.1,590.8,1454.4,602.1,0
131,4334,499883,1463.9,613.3,1440.5,591.1,1452.2,602.2,0
131,4335,499884,1461.1,613.2,1439.0,591.3,1450.05,602.25,0
131,4336,499885,1458.4,612.9,1437.4,591.4,1447.9,602.15,0
131,4337,499886,1456.6,612.3,1436.3,590.9,1446.45,601.6,0
131,4338,499887,1455.6,611.7,1435.0,590.4,1445.3,601.05,0
131,4339,499888,1454.8,611.3,1434.7,589.8,1444.75,600.55,0
131,4340,499889,1454.5,611.3,1434.3,589.3,1444.4,600.3,0
131,4341,499890,1455.0,611.2,1434.1,588.8,1444.55,600.0,0
131,4342,499891,1456.3,611.0,1433.9,588.3,1445.1,599.65,0
131,4343,499892,1457.6,610.7,1434.0,587.8,1445.8,599.25,0
131,4344,499893,1459.0,610.5,1434.2,587.9,1446.6,599.2,0
131,4345,499894,1460.3,610.5,1434.4,588.1,1447.35,599.3,0
131,4346,499895,1461.4,610.5,1434.7,588.2,1448.05,599.35,0
131,4347,499896,1462.3,610.5,1435.3,588.2,1448.8,599.35,0
131,4348,499897,1463.7,610.7,1436.0,588.2,1449.85,599.45,0
131,4349,499898,1464.4,610.9,1436.6,588.1,1450.5,599.5,0
131,4350,499899,1464.9,611.5,1437.0,588.0,1450.95,599.75,0
131,4351,499900,1465.4,612.1,1437.4,587.5,1451.4,599.8,0
131,4352,499901,1465.9,612.6,1437.7,587.0,1451.8,599.8,0
131,4353,499902,1466.4,613.2,1438.0,586.3,1452.2,599.75,0
131,4354,499903,1466.8,613.8,1437.9,585.3,1452.35,599.55,0
131,4355,499904,1466.5,614.2,1437.8,584.3,1452.15,599.25,0
131,4356,499905,1466.1,614.4,1437.7,583.4,1451.9,598.9,0
131,4357,499906,1465.4,614.2,1437.6,582.5,1451.5,598.35,0
131,4358,499907,1464.7,613.8,1437.6,582.0,1451.15,597.9,0
131,4359,499908,1464.0,613.2,1437.3,581.5,1450.65,597.35,0
131,4360,499909,1463.4,612.4,1437.1,581.2,1450.25,596.8,0
131,4361,499910,1462.7,610.8,1436.8,581.2,1449.75,596.0,0
131,4362,499911,1462.1,609.3,1436.4,581.2,1449.25,595.25,0
131,4363,499912,1461.7,607.9,1436.0,581.1,1448.85,594.5,0
131,4364,499913,1461.7,606.7,1435.7,581.1,1448.7,593.9,0
131,4365,499914,1461.7,605.5,1435.6,581.0,1448.65,593.25,0
131,4366,499915,1461.8,604.4,1435.6,581.0,1448.7,592.7,0
132,4367,499916,1461.7,603.3,1435.7,580.9,1448.7,592.1,0
132,4368,499917,1461.6,603.0,1435.8,580.9,1448.7,591.95,0
132,4369,499918,1461.5,602.7,1435.9,580.8,1448.7,591.75,0
132,4370,499919,1461.3,602.4,1436.1,580.8,1448.7,591.6,0
132,4371,499920,1460.5,601.4,1436.1,580.8,1448.3,591.1,0
132,4372,499921,1459.8,600.1,1436.2,580.6,1448.0,590.35,0
132,4373,499922,1459.0,599.0,1436.2,580.3,1447.6,589.65,0
132,4374,499923,1458.4,597.9,1436.4,579.7,1447.4,588.8,0
132,4375,499924,1457.9,596.9,1436.6,579.2,1447.25,588.05,0
132,4376,499925,1457.4,596.0,1437.0,578.6,1447.2,587.3,0
132,4377,499926,1457.0,595.0,1437.4,578.0,1447.2,586.5,0
132,4378,499927,1457.2,594.8,1437.8,577.4,1447.5,586.1,0
132,4379,499928,1457.6,594.9,1438.1,576.9,1447.85,585.9,0
132,4380,499929,1457.9,594.9,1438.3,576.7,1448.1,585.8,0
132,4381,499930,1458.3,594.8,1438.4,577.0,1448.35,585.9,0
132,4382,499931,1458.7,594.6,1438.4,577.2,1448.55,585.9,0
132,4383,499932,1459.2,594.4,1438.1,577.5,1448.65,585.95,0
132,4384,499933,1459.7,594.2,1437.8,577.9,1448.75,586.05,0
132,4385,499934,1460.0,594.0,1437.6,578.6,1448.8,586.3,0
132,4386,499935,1460.2,593.9,1437.4,579.3,1448.8,586.6,0
132,4387,499936,1460.4,593.7,1437.3,579.8,1448.85,586.75,0
132,4388,499937,1460.5,593.7,1437.2,580.2,1448.85,586.95,0
132,4389,499938,1460.7,593.6,1437.1,580.5,1448.9,587.05,0
132,4390,499939,1460.7,593.1,1437.1,580.7,1448.9,586.9,0
132,4391,499940,1460.7,592.4,1437.1,580.9,1448.9,586.65,0
132,4392,499941,1460.7,591.8,1437.1,580.7,1448.9,586.25,0
132,4393,499942,1460.6,591.1,1437.1,580.6,1448.85,585.85,0
132,4394,499943,1460.0,590.5,1437.2,580.5,1448.6,585.5,0
132,4395,499944,1459.6,589.8,1437.2,580.5,1448.4,585.15,0
132,4396,499945,1459.2,589.3,1437.2,580.7,1448.2,585.0,0
132,4397,499946,1459.4,589.3,1437.3,580.9,1448.35,585.1,0
132,4398,499947,1459.5,589.4,1437.3,581.2,1448.4,585.3,0
132,4399,499948,1459.7,589.5,1437.3,581.6,1448.5,585.55,0
132,4400,499949,1460.0,589.5,1437.5,581.9,1448.75,585.7,0
133,4401,499950,1460.5,589.4,1437.7,582.0,1449.1,585.7,0
133,4402,499951,1460.9,589.4,1437.9,582.1,1449.4,585.75,0
133,4403,499952,1461.2,589.3,1438.2,582.2,1449.7,585.75,0
133,4404,499953,1461.0,589.2,1438.5,582.3,1449.75,585.75,0
133,4405,499954,1460.7,589.0,1438.7,582.3,1449.7,585.65,0
133,4406,499955,1460.4,589.0,1439.0,582.2,1449.7,585.6,0
133,4407,499956,1460.0,588.9,1439.1,582.3,1449.55,585.6,0
133,4408,499957,1459.8,588.6,1439.3,582.6,1449.55,585.6,0
133,4409,499958,1459.5,588.3,1439.4,582.7,1449.45,585.5,0
133,4410,499959,1459.3,588.0,1439.7,582.9,1449.5,585.45,0
133,4411,499960,1459.0,587.7,1440.1,583.0,1449.55,585.35,0
133,4412,499961,1458.7,587.6,1440.4,583.1,1449.55,585.35,0
133,4413,499962,1458.7,587.5,1440.7,583.1,1449.7,585.3,0
133,4414,499963,1458.8,587.8,1441.0,583.0,1449.9,585.4,0
133,4415,499964,1458.9,588.5,1441.2,582.7,1450.05,585.6,0
133,4416,499965,1459.1,589.2,1441.4,582.3,1450.25,585.75,0
133,4417,499966,1459.2,590.2,1441.4,581.9,1450.3,586.05,0
133,4418,499967,1459.4,591.2,1441.4,581.5,1450.4,586.35,0
133,4419,499968,1459.6,592.1,1441.3,581.1,1450.45,586.6,0
133,4420,499969,1459.6,592.9,1441.3,580.7,1450.45,586.8,0
133,4421,499970,1459.5,593.5,1441.3,580.3,1450.4,586.9,0
133,4422,499971,1459.5,594.1,1441.3,580.0,1450.4,587.05,0
133,4423,499972,1459.5,594.6,1441.3,579.5,1450.4,587.05,0
133,4424,499973,1459.5,594.8,1441.2,579.1,1450.35,586.95,0
133,4425,499974,1459.5,595.1,1441.1,578.2,1450.3,586.65,0
133,4426,499975,1459.5,595.5,1441.0,577.5,1450.25,586.5,0
133,4427,499976,1459.6,595.8,1441.1,576.8,1450.35,586.3,0
133,4428,499977,1459.8,596.4,1441.2,576.8,1450.5,586.6,0
133,4429,499978,1459.8,597.2,1441.4,577.0,1450.6,587.1,0
133,4430,499979,1459.8,597.9,1441.8,577.3,1450.8,587.6,0
133,4431,499980,1459.8,598.6,1442.1,577.6,1450.95,588.1,0
133,4432,499981,1459.8,599.3,1442.5,578.4,1451.15,588.85,0
133,4433,499982,1459.8,600.1,1442.9,579.1,1451.35,589.6,0
134,4434,499983,1459.9,600.9,1443.1,579.7,1451.5,590.3,0
134,4435,499984,1460.4,601.7,1443.3,579.9,1451.85,590.8,0
134,4436,499985,1461.1,602.2,1443.3,580.2,1452.2,591.2,0
134,4437,499986,1461.9,603.3,1443.3,580.8,1452.6,592.05,0
134,4438,499987,1462.6,604.4,1443.1,581.4,1452.85,592.9,0
134,4439,499988,1463.3,605.4,1442.7,582.2,1453.0,593.8,0
134,4440,499989,1463.8,606.6,1442.0,583.0,1452.9,594.8,0
134,4441,499990,1464.3,607.7,1441.2,583.9,1452.75,595.8,0
134,4442,499991,1464.4,608.7,1440.3,585.0,1452.35,596.85,0
134,4443,499992,1464.2,609.8,1439.5,586.2,1451.85,598.0,0
134,4444,499993,1464.1,610.8,1438.8,586.9,1451.45,598.85,0
134,4445,499994,1464.1,612.0,1438.2,587.7,1451.15,599.85,0
134,4446,499995,1464.1,613.4,1438.0,589.2,1451.05,601.3,0
134,4447,499996,1464.0,614.6,1437.9,590.5,1450.95,602.55,0
134,4448,499997,1463.9,615.8,1437.8,591.7,1450.85,603.75,0
134,4449,499998,1463.9,617.0,1437.8,592.6,1450.85,604.8,0
134,4450,499999,1463.8,618.2,1437.7,593.5,1450.75,605.85,0
134,4451,500000,1463.7,618.7,1437.6,594.1,1450.65,606.4,0
134,4452,500001,1463.6,618.9,1437.0,594.7,1450.3,606.8,0
134,4453,500002,1463.6,618.3,1436.4,594.5,1450.0,606.4,0
134,4454,500003,1463.7,617.7,1435.9,594.3,1449.8,606.0,0
134,4455,500004,1464.0,617.2,1435.3,594.1,1449.65,605.65,0
134,4456,500005,1464.3,616.8,1434.9,593.8,1449.6,605.3,0
134,4457,500006,1464.7,616.4,1434.4,593.5,1449.55,604.95,0
134,4458,500007,1465.1,616.2,1434.1,593.4,1449.6,604.8,0
134,4459,500008,1465.5,616.0,1434.1,593.3,1449.8,604.65,0
134,4460,500009,1465.9,616.4,1434.2,593.3,1450.05,604.85,0
134,4461,500010,1466.2,616.7,1434.3,593.3,1450.25,605.0,0
134,4462,500011,1466.4,616.8,1434.5,593.3,1450.45,605.05,0
134,4463,500012,1466.5,616.7,1434.7,593.3,1450.6,605.0,0
134,4464,500013,1466.5,616.6,1435.0,593.2,1450.75,604.9,0
134,4465,500014,1466.4,616.4,1435.1,593.0,1450.75,604.7,0
134,4466,500015,1466.2,616.1,1435.2,592.9,1450.7,604.5,0
135,4467,500016,1466.0,616.0,1435.2,592.3,1450.6,604.15,0
135,4468,500017,1465.9,615.8,1435.1,591.7,1450.5,603.75,0
135,4469,500018,1465.8,615.7,1434.9,591.2,1450.35,603.45,0
135,4470,500019,1465.8,615.5,1434.8,590.7,1450.3,603.1,0
135,4471,500020,1465.9,615.0,1434.7,590.5,1450.3,602.75,0
135,4472,500021,1466.0,614.5,1434.9,590.6,1450.45,602.55,0
135,4473,500022,1466.2,614.0,1435.2,590.9,1450.7,602.45,0
135,4474,500023,1466.3,613.5,1435.6,591.8,1450.95,602.65,0
135,4475,500024,1466.5,613.0,1436.0,592.7,1451.25,602.85,0
135,4476,500025,1466.6,612.6,1436.4,593.6,1451.5,603.1,0
135,4477,500026,1466.8,612.2,1436.6,594.4,1451.7,603.3,0
135,4478,500027,1466.9,612.0,1436.7,595.1,1451.8,603.55,0
135,4479,500028,1467.1,611.9,1436.5,595.6,1451.8,603.75,0
135,4480,500029,1467.3,611.7,1436.2,595.7,1451.75,603.7,0
135,4481,500030,1467.5,611.6,1436.0,595.7,1451.75,603.65,0
135,4482,500031,1467.6,611.5,1435.9,595.8,1451.75,603.65,0
135,4483,500032,1467.7,611.2,1435.7,595.8,1451.7,603.5,0
135,4484,500033,1467.7,610.7,1435.7,596.5,1451.7,603.6,0
135,4485,500034,1467.7,609.5,1435.7,597.4,1451.7,603.45,0
135,4486,500035,1467.7,608.4,1435.7,598.4,1451.7,603.4,0
135,4487,500036,1467.6,607.0,1435.8,599.3,1451.7,603.15,0
135,4488,500037,1467.5,605.2,1435.9,600.3,1451.7,602.75,0
135,4489,500038,1467.5,603.5,1435.9,601.9,1451.7,602.7,0
135,4490,500039,1467.4,602.0,1435.7,603.6,1451.55,602.8,0
135,4491,500040,1467.4,600.6,1435.2,604.8,1451.3,602.7,0
135,4492,500041,1467.5,599.9,1434.7,605.8,1451.1,602.85,0
135,4493,500042,1467.6,599.2,1434.3,606.7,1450.95,602.95,0
135,4494,500043,1467.8,598.8,1433.7,607.7,1450.75,603.25,0
135,4495,500044,1467.9,598.7,1433.1,608.7,1450.5,603.7,0
135,4496,500045,1468.0,598.5,1432.6,608.9,1450.3,603.7,0
135,4497,500046,1468.1,598.2,1432.1,608.7,1450.1,603.45,0
135,4498,500047,1468.2,598.0,1432.1,608.4,1450.15,603.2,0
135,4499,500048,1468.2,597.8,1432.0,608.0,1450.1,602.9,0
135,4500,500049,1468.2,597.5,1431.9,607.5,1450.05,602.5,0
136,4501,500050,1468.3,597.1,1431.8,606.9,1450.05,602.0,0
136,4502,500051,1468.4,595.6,1431.7,606.1,1450.05,600.85,0
136,4503,500052,1468.6,594.2,1431.6,605.2,1450.1,599.7,0
136,4504,500053,1468.8,592.9,1431.6,604.4,1450.2,598.65,0
136,4505,500054,1468.9,591.6,1431.6,603.6,1450.25,597.6,0
136,4506,500055,1469.0,590.4,1431.7,602.8,1450.35,596.6,0
136,4507,500056,1469.1,589.1,1431.8,602.1,1450.45,595.6,0
136,4508,500057,1469.2,588.1,1431.9,601.3,1450.55,594.7,0
136,4509,500058,1469.5,588.0,1432.1,600.9,1450.8,594.45,0
136,4510,500059,1470.0,587.9,1432.3,600.2,1451.15,594.05,0
136,4511,500060,1470.5,587.8,1432.5,599.7,1451.5,593.75,0
136,4512,500061,1470.9,587.6,1433.0,598.5,1451.95,593.05,0
136,4513,500062,1471.1,587.5,1433.5,596.7,1452.3,592.1,0
136,4514,500063,1470.7,587.4,1433.8,594.4,1452.25,590.9,0
136,4515,500064,1470.2,587.4,1434.1,592.1,1452.15,589.75,0
136,4516,500065,1468.8,587.4,1434.0,590.0,1451.4,588.7,0
136,4517,500066,1466.2,588.6,1433.4,587.6,1449.8,588.1,0
136,4518,500067,1461.1,589.9,1431.8,584.7,1446.45,587.3,0
136,4519,500068,1455.0,591.4,1428.2,582.7,1441.6,587.05,0
136,4520,500069,1447.1,593.0,1422.8,580.3,1434.95,586.65,0
136,4521,500070,1438.7,594.8,1415.7,578.5,1427.2,586.65,0
136,4522,500071,1428.8,596.8,1407.8,576.7,1418.3,586.75,0
136,4523,500072,1416.9,598.9,1398.1,574.9,1407.5,586.9,0
136,4524,500073,1405.5,599.7,1386.6,573.6,1396.05,586.65,0
136,4525,500074,1394.9,600.0,1374.7,572.9,1384.8,586.45,0
136,4526,500075,1384.2,598.7,1363.7,572.0,1373.95,585.35,0
136,4527,500076,1373.2,596.4,1352.7,572.1,1362.95,584.25,0
136,4528,500077,1362.7,593.5,1342.7,572.2,1352.7,582.85,0
136,4529,500078,1352.4,587.8,1332.0,572.2,1342.2,580.0,0
136,4530,500079,1343.6,581.0,1323.5,572.1,1333.55,576.55,0
136,4531,500080,1335.3,572.7,1316.2,571.3,1325.75,572.0,0
136,4532,500081,1327.8,562.5,1309.2,568.7,1318.5,565.6,0
136,4533,500082,1321.2,553.1,1302.8,565.5,1312.0,559.3,0
137,4534,500083,1316.6,542.3,1297.1,561.3,1306.85,551.8,0
137,4535,500084,1311.8,531.8,1291.7,555.0,1301.75,543.4,0
137,4536,500085,1308.4,523.6,1287.0,547.8,1297.7,535.7,0
137,4537,500086,1305.0,513.7,1282.5,539.1,1293.75,526.4,0
137,4538,500087,1301.6,505.8,1277.9,530.5,1289.75,518.15,0
137,4539,500088,1298.9,499.9,1273.4,522.4,1286.15,511.15,0
137,4540,500089,1296.3,494.7,1268.8,513.0,1282.55,503.85,0
137,4541,500090,1293.9,492.0,1265.0,503.2,1279.45,497.6,0
137,4542,500091,1291.3,489.7,1261.1,495.6,1276.2,492.65,0
137,4543,500092,1288.6,487.5,1257.8,487.3,1273.2,487.4,0
137,4544,500093,1286.3,488.1,1254.2,479.3,1270.25,483.7,0
137,4545,500094,1284.2,488.6,1251.7,471.1,1267.95,479.85,0
137,4546,500095,1281.3,489.2,1248.7,463.5,1265.0,476.35,0
137,4547,500096,1277.7,489.6,1245.0,457.6,1261.35,473.6,0
137,4548,500097,1273.7,489.7,1240.5,452.9,1257.1,471.3,0
137,4549,500098,1269.6,488.8,1235.9,448.1,1252.75,468.45,0
137,4550,500099,1265.3,486.4,1231.0,444.9,1248.15,465.65,0
137,4551,500100,1260.3,483.6,1226.3,443.1,1243.3,463.35,0
137,4552,500101,1255.4,480.7,1221.7,442.6,1238.55,461.65,0
137,4553,500102,1251.1,477.3,1217.4,443.9,1234.25,460.6,0
137,4554,500103,1246.2,472.3,1214.3,446.3,1230.25,459.3,0
137,4555,500104,1241.7,467.6,1211.6,449.7,1226.65,458.65,0
137,4556,500105,1238.1,463.4,1209.4,453.2,1223.75,458.3,0
137,4557,500106,1234.4,459.2,1207.4,456.8,1220.9,458.0,0
137,4558,500107,1231.9,455.4,1205.4,459.9,1218.65,457.65,0
137,4559,500108,1229.4,450.9,1203.4,462.7,1216.4,456.8,0
137,4560,500109,1227.1,447.0,1202.3,464.3,1214.7,455.65,0
137,4561,500110,1226.3,444.1,1201.2,465.1,1213.75,454.6,0
137,4562,500111,1226.0,441.2,1200.7,465.1,1213.35,453.15,0
137,4563,500112,1226.1,438.3,1200.4,465.1,1213.25,451.7,0
137,4564,500113,1227.2,437.0,1200.4,465.2,1213.8,451.1,0
137,4565,500114,1228.4,435.8,1200.5,465.5,1214.45,450.65,0
137,4566,500115,1229.7,435.3,1200.7,465.9,1215.2,450.6,0
138,4567,500116,1231.4,434.7,1200.9,466.2,1216.15,450.45,0
138,4568,500117,1233.2,434.7,1201.0,466.6,1217.1,450.65,0
138,4569,500118,1234.5,434.9,1201.3,466.9,1217.9,450.9,0
138,4570,500119,1235.6,435.1,1201.5,467.2,1218.55,451.15,0
138,4571,500120,1236.4,435.3,1201.8,467.5,1219.1,451.4,0
138,4572,500121,1237.2,435.7,1202.3,467.6,1219.75,451.65,0
138,4573,500122,1237.8,436.0,1202.8,467.7,1220.3,451.85,0
138,4574,500123,1238.1,436.5,1203.2,468.2,1220.65,452.35,0
138,4575,500124,1238.6,436.9,1203.6,468.5,1221.1,452.7,0
138,4576,500125,1239.0,437.2,1203.9,468.8,1221.45,453.0,0
138,4577,500126,1239.2,437.5,1204.2,469.0,1221.7,453.25,0
138,4578,500127,1239.3,437.7,1204.3,469.2,1221.8,453.45,0
138,4579,500128,1239.1,437.6,1204.2,469.4,1221.65,453.5,0
138,4580,500129,1238.9,437.0,1204.0,469.5,1221.45,453.25,0
138,4581,500130,1238.5,436.4,1203.9,469.3,1221.2,452.85,0
138,4582,500131,1238.1,435.8,1203.4,469.2,1220.75,452.5,0
138,4583,500132,1237.6,435.2,1203.0,469.0,1220.3,452.1,0
138,4584,500133,1237.1,434.4,1202.6,468.7,1219.85,451.55,0
138,4585,500134,1236.7,433.6,1202.5,468.0,1219.6,450.8,0
138,4586,500135,1236.5,432.8,1202.3,467.3,1219.4,450.05,0
138,4587,500136,1236.2,432.5,1202.2,466.7,1219.2,449.6,0
138,4588,500137,1236.1,432.2,1202.1,465.6,1219.1,448.9,0
138,4589,500138,1236.0,431.8,1202.2,464.5,1219.1,448.15,0
138,4590,500139,1235.9,431.5,1201.9,463.6,1218.9,447.55,0
138,4591,500140,1235.8,431.3,1201.6,462.8,1218.7,447.05,0
138,4592,500141,1235.7,431.3,1201.1,462.4,1218.4,446.85,0
138,4593,500142,1235.7,431.2,1200.6,462.0,1218.15,446.6,0
138,4594,500143,1235.6,431.2,1200.1,461.7,1217.85,446.45,0
138,4595,500144,1235.3,431.1,1199.7,461.7,1217.5,446.4,0
138,4596,500145,1235.1,431.0,1199.4,461.6,1217.25,446.3,0
138,4597,500146,1234.9,430.8,1199.5,461.1,1217.2,445.95,0
138,4598,500147,1234.9,430.6,1199.5,460.6,1217.2,445.6,0
138,4599,500148,1235.0,430.3,1199.4,460.1,1217.2,445.2,0
138,4600,500149,1235.1,430.0,1199.4,459.6,1217.25,444.8,0
139,4601,500150,1235.2,429.6,1199.1,459.2,1217.15,444.4,0
139,4602,500151,1235.5,429.0,1198.8,458.9,1217.15,443.95,0
139,4603,500152,1235.7,428.5,1198.2,458.9,1216.95,443.7,0
139,4604,500153,1235.9,428.0,1197.6,459.2,1216.75,443.6,0
139,4605,500154,1235.8,427.8,1197.1,459.5,1216.45,443.65,0
139,4606,500155,1235.9,427.5,1196.8,459.7,1216.35,443.6,0
139,4607,500156,1236.1,427.5,1196.6,459.1,1216.35,443.3,0
139,4608,500157,1236.2,427.7,1196.4,458.3,1216.3,443.0,0
139,4609,500158,1236.3,428.1,1196.3,457.8,1216.3,442.95,0
139,4610,500159,1236.4,428.5,1196.2,457.2,1216.3,442.85,0
139,4611,500160,1236.5,428.9,1196.1,457.3,1216.3,443.1,0
139,4612,500161,1236.6,429.2,1196.0,457.4,1216.3,443.3,0
139,4613,500162,1236.7,429.5,1195.7,457.7,1216.2,443.6,0
139,4614,500163,1236.6,429.9,1195.4,458.7,1216.0,444.3,0
139,4615,500164,1236.6,430.0,1195.0,459.6,1215.8,444.8,0
139,4616,500165,1236.6,430.2,1194.8,460.4,1215.7,445.3,0
139,4617,500166,1236.6,430.4,1194.7,461.0,1215.65,445.7,0
139,4618,500167,1236.6,430.8,1194.5,461.0,1215.55,445.9,0
139,4619,500168,1236.6,431.3,1194.4,460.8,1215.5,446.05,0
139,4620,500169,1236.5,432.0,1193.9,460.5,1215.2,446.25,0
139,4621,500170,1236.5,432.6,1193.5,460.3,1215.0,446.45,0
139,4622,500171,1236.3,433.2,1193.0,460.0,1214.65,446.6,0
139,4623,500172,1236.1,433.8,1192.7,459.7,1214.4,446.75,0
139,4624,500173,1235.7,434.3,1192.5,459.6,1214.1,446.95,0
139,4625,500174,1235.3,434.5,1192.5,459.4,1213.9,446.95,0
139,4626,500175,1235.0,434.7,1192.5,459.3,1213.75,447.0,0
139,4627,500176,1234.7,434.6,1192.8,458.9,1213.75,446.75,0
139,4628,500177,1234.4,434.6,1193.2,458.5,1213.8,446.55,0
139,4629,500178,1234.3,434.7,1193.6,458.2,1213.95,446.45,0
139,4630,500179,1234.2,434.9,1193.9,457.8,1214.05,446.35,0
139,4631,500180,1234.4,435.2,1194.1,457.4,1214.25,446.3,0
139,4632,500181,1234.5,435.4,1194.3,457.2,1214.4,446.3,0
139,4633,500182,1234.6,435.7,1194.4,457.2,1214.5,446.45,0
140,4634,500183,1234.7,436.0,1194.5,457.6,1214.6,446.8,0
140,4635,500184,1234.9,436.3,1194.7,458.1,1214.8,447.2,0
140,4636,500185,1234.9,436.4,1195.0,458.7,1214.95,447.55,0
140,4637,500186,1234.9,436.5,1195.1,459.4,1215.0,447.95,0
140,4638,500187,1234.9,436.7,1195.2,460.2,1215.05,448.45,0
140,4639,500188,1235.0,437.0,1195.3,460.9,1215.15,448.95,0
140,4640,500189,1235.0,437.2,1195.3,461.5,1215.15,449.35,0
140,4641,500190,1235.1,437.5,1195.2,462.1,1215.15,449.8,0
140,4642,500191,1235.0,437.8,1195.1,462.6,1215.05,450.2,0
140,4643,500192,1235.0,438.2,1194.9,463.0,1214.95,450.6,0
140,4644,500193,1235.0,438.5,1194.8,463.4,1214.9,450.95,0
140,4645,500194,1235.0,438.9,1194.8,463.7,1214.9,451.3,0
140,4646,500195,1234.9,439.2,1194.8,463.9,1214.85,451.55,0
140,4647,500196,1234.9,439.6,1194.9,464.0,1214.9,451.8,0
140,4648,500197,1234.9,440.0,1195.2,464.1,1215.05,452.05,0
140,4649,500198,1235.0,440.4,1195.5,464.2,1215.25,452.3,0
140,4650,500199,1235.0,440.9,1195.7,464.3,1215.35,452.6,0
140,4651,500200,1235.0,441.3,1195.9,464.3,1215.45,452.8,0
140,4652,500201,1235.0,441.8,1195.9,464.3,1215.45,453.05,0
140,4653,500202,1234.9,442.2,1195.8,464.3,1215.35,453.25,0
140,4654,500203,1234.8,442.5,1195.6,464.3,1215.2,453.4,0
140,4655,500204,1234.7,442.7,1195.5,464.3,1215.1,453.5,0
140,4656,500205,1234.4,442.9,1195.3,464.4,1214.85,453.65,0
140,4657,500206,1234.2,443.1,1195.0,464.4,1214.6,453.75,0
140,4658,500207,1233.9,443.3,1194.8,464.4,1214.35,453.85,0
140,4659,500208,1233.8,443.3,1194.8,464.7,1214.3,454.0,0
140,4660,500209,1233.6,443.4,1194.7,465.0,1214.15,454.2,0
140,4661,500210,1233.6,443.4,1194.7,465.3,1214.15,454.35,0
140,4662,500211,1233.6,443.5,1194.7,465.7,1214.15,454.6,0
140,4663,500212,1233.9,443.4,1194.9,465.9,1214.4,454.65,0
140,4664,500213,1234.2,443.4,1195.1,466.0,1214.65,454.7,0
140,4665,500214,1234.5,443.3,1195.3,466.1,1214.9,454.7,0
140,4666,500215,1234.8,443.2,1195.6,465.9,1215.2,454.55,0
141,4667,500216,1235.0,443.1,1196.0,465.5,1215.5,454.3,0
141,4668,500217,1235.2,442.9,1196.3,465.1,1215.75,454.0,0
141,4669,500218,1235.2,442.8,1196.7,464.6,1215.95,453.7,0
141,4670,500219,1235.0,443.1,1196.9,464.1,1215.95,453.6,0
141,4671,500220,1234.7,443.4,1196.9,463.8,1215.8,453.6,0
141,4672,500221,1234.5,443.7,1196.8,463.4,1215.65,453.55,0
141,4673,500222,1234.3,444.0,1196.5,463.1,1215.4,453.55,0
141,4674,500223,1234.2,444.3,1196.0,462.9,1215.1,453.6,0
141,4675,500224,1234.1,444.7,1195.4,462.7,1214.75,453.7,0
141,4676,500225,1234.2,445.1,1194.8,462.7,1214.5,453.9,0
141,4677,500226,1234.4,445.1,1194.5,462.7,1214.45,453.9,0
141,4678,500227,1234.6,445.3,1194.3,462.7,1214.45,454.0,0
141,4679,500228,1234.8,445.5,1194.1,462.7,1214.45,454.1,0
141,4680,500229,1235.1,445.8,1194.0,462.7,1214.55,454.25,0
141,4681,500230,1235.2,446.0,1194.2,462.8,1214.7,454.4,0
141,4682,500231,1235.3,446.8,1194.4,462.8,1214.85,454.8,0
141,4683,500232,1235.5,447.6,1194.7,462.8,1215.1,455.2,0
141,4684,500233,1235.6,448.5,1195.1,462.6,1215.35,455.55,0
141,4685,500234,1235.8,449.3,1195.6,462.4,1215.7,455.85,0
141,4686,500235,1235.9,450.0,1196.0,462.2,1215.95,456.1,0
141,4687,500236,1235.9,450.5,1196.5,462.2,1216.2,456.35,0
141,4688,500237,1235.9,450.5,1196.9,462.2,1216.4,456.35,0
141,4689,500238,1235.9,450.0,1197.3,462.1,1216.6,456.05,0
141,4690,500239,1235.9,449.5,1197.6,462.0,1216.75,455.75,0
141,4691,500240,1236.0,449.0,1197.6,462.1,1216.8,455.55,0
141,4692,500241,1236.1,448.6,1197.6,462.2,1216.85,455.4,0
141,4693,500242,1236.2,448.3,1197.8,462.1,1217.0,455.2,0
141,4694,500243,1236.3,448.2,1197.9,461.9,1217.1,455.05,0
141,4695,500244,1236.4,448.5,1198.1,461.7,1217.25,455.1,0
141,4696,500245,1236.5,448.7,1198.3,461.9,1217.4,455.3,0
141,4697,500246,1236.5,448.9,1198.4,462.5,1217.45,455.7,0
141,4698,500247,1236.4,448.9,1198.6,463.0,1217.5,455.95,0
141,4699,500248,1236.4,448.8,1198.8,463.6,1217.6,456.2,0
141,4700,500249,1236.6,448.6,1199.0,464.1,1217.8,456.35,0
142,4701,500250,1237.2,448.4,1199.7,464.0,1218.45,456.2,0
142,4702,500251,1238.4,447.7,1201.3,463.9,1219.85,455.8,0
142,4703,500252,1240.0,445.8,1203.1,463.0,1221.55,454.4,0
142,4704,500253,1242.8,443.4,1205.9,461.6,1224.35,452.5,0
142,4705,500254,1247.1,440.5,1208.9,458.5,1228.0,449.5,0
142,4706,500255,1251.3,435.6,1213.0,455.0,1232.15,445.3,0
142,4707,500256,1256.9,429.5,1218.2,450.7,1237.55,440.1,0
142,4708,500257,1263.0,421.9,1222.9,445.6,1242.95,433.75,0
142,4709,500258,1270.1,414.1,1228.9,439.3,1249.5,426.7,0
142,4710,500259,1278.1,406.0,1235.6,432.1,1256.85,419.05,0
142,4711,500260,1285.4,396.8,1242.6,424.1,1264.0,410.45,0
142,4712,500261,1292.6,387.6,1250.9,416.1,1271.75,401.85,0
142,4713,500262,1300.7,378.6,1258.5,407.8,1279.6,393.2,0
142,4714,500263,1307.9,370.6,1265.7,399.3,1286.8,384.95,0
142,4715,500264,1315.3,362.3,1275.2,390.9,1295.25,376.6,0
142,4716,500265,1322.1,354.3,1282.7,382.8,1302.4,368.55,0
142,4717,500266,1328.7,347.3,1290.2,375.8,1309.45,361.55,0
142,4718,500267,1335.7,341.2,1297.0,368.7,1316.35,354.95,0
142,4719,500268,1342.0,335.5,1303.0,362.4,1322.5,348.95,0
142,4720,500269,1347.8,331.5,1308.8,356.2,1328.3,343.85,0
142,4721,500270,1352.8,327.8,1314.2,350.4,1333.5,339.1,0
142,4722,500271,1357.1,325.9,1318.7,345.9,1337.9,335.9,0
142,4723,500272,1360.5,324.3,1322.9,342.2,1341.7,333.25,0
142,4724,500273,1362.8,323.3,1327.2,338.6,1345.0,330.95,0
142,4725,500274,1365.9,323.2,1331.1,336.2,1348.5,329.7,0
142,4726,500275,1368.7,323.2,1335.3,334.6,1352.0,328.9,0
142,4727,500276,1373.0,324.3,1339.9,333.7,1356.45,329.0,0
142,4728,500277,1378.5,325.4,1344.3,333.6,1361.4,329.5,0
142,4729,500278,1383.6,326.4,1348.4,332.4,1366.0,329.4,0
142,4730,500279,1388.8,327.3,1353.4,331.1,1371.1,329.2,0
142,4731,500280,1394.9,328.1,1357.9,329.9,1376.4,329.0,0
142,4732,500281,1399.6,328.9,1362.0,328.2,1380.8,328.55,0
142,4733,500282,1404.4,329.3,1367.4,326.3,1385.9,327.8,0
143,4734,500283,1408.8,328.7,1372.3,324.5,1390.55,326.6,0
143,4735,500284,1412.8,328.2,1378.4,322.7,1395.6,325.45,0
143,4736,500285,1417.5,327.6,1383.9,321.7,1400.7,324.65,0
143,4737,500286,1423.0,327.2,1389.7,320.9,1406.35,324.05,0
143,4738,500287,1427.5,326.9,1396.2,320.0,1411.85,323.45,0
143,4739,500288,1432.1,326.4,1402.8,319.7,1417.45,323.05,0
143,4740,500289,1436.2,326.2,1407.1,319.5,1421.65,322.85,0
143,4741,500290,1439.0,325.9,1411.6,319.3,1425.3,322.6,0
143,4742,500291,1440.8,325.7,1414.3,319.1,1427.55,322.4,0
143,4743,500292,1441.4,325.6,1416.7,319.1,1429.05,322.35,0
143,4744,500293,1440.8,325.5,1417.5,319.1,1429.15,322.3,0
143,4745,500294,1440.1,325.4,1416.7,319.1,1428.4,322.25,0
143,4746,500295,1438.6,325.5,1415.8,319.2,1427.2,322.35,0
143,4747,500296,1435.9,325.7,1414.2,319.3,1425.05,322.5,0
143,4748,500297,1432.9,325.8,1412.3,319.5,1422.6,322.65,0
143,4749,500298,1430.0,326.0,1410.4,319.8,1420.2,322.9,0
143,4750,500299,1427.3,326.1,1408.5,320.3,1417.9,323.2,0
143,4751,500300,1424.8,326.0,1406.9,321.0,1415.85,323.5,0
143,4752,500301,1422.5,325.4,1405.9,321.7,1414.2,323.55,0
143,4753,500302,1420.9,324.9,1404.6,322.3,1412.75,323.6,0
143,4754,500303,1420.3,324.3,1404.1,322.9,1412.2,323.6,0
143,4755,500304,1420.1,323.2,1403.7,323.5,1411.9,323.35,0
143,4756,500305,1420.9,322.1,1403.5,324.1,1412.2,323.1,0
143,4757,500306,1421.8,321.0,1404.0,324.5,1412.9,322.75,0
143,4758,500307,1423.0,319.9,1404.4,324.8,1413.7,322.35,0
143,4759,500308,1424.2,318.9,1405.0,325.2,1414.6,322.05,0
143,4760,500309,1425.3,317.6,1405.8,325.5,1415.55,321.55,0
143,4761,500310,1426.4,316.4,1406.7,325.7,1416.55,321.05,0
143,4762,500311,1427.5,315.7,1407.5,325.9,1417.5,320.8,0
143,4763,500312,1428.2,314.9,1408.2,326.1,1418.2,320.5,0
143,4764,500313,1429.0,314.2,1408.2,326.6,1418.6,320.4,0
143,4765,500314,1429.8,313.6,1408.2,327.0,1419.0,320.3,0
143,4766,500315,1430.6,313.4,1408.3,327.4,1419.45,320.4,0
144,4767,500316,1431.5,313.3,1408.3,328.0,1419.9,320.65,0
144,4768,500317,1432.2,312.9,1408.2,328.7,1420.2,320.8,0
144,4769,500318,1433.0,312.5,1408.0,329.3,1420.5,320.9,0
144,4770,500319,1433.0,312.0,1407.7,329.8,1420.35,320.9,0
144,4771,500320,1432.9,311.4,1407.5,329.8,1420.2,320.6,0
144,4772,500321,1432.6,310.7,1407.3,329.8,1419.95,320.25,0
144,4773,500322,1432.2,310.0,1407.0,329.6,1419.6,319.8,0
144,4774,500323,1431.8,309.2,1406.7,329.2,1419.25,319.2,0
144,4775,500324,1431.4,308.4,1406.5,328.9,1418.95,318.65,0
144,4776,500325,1431.3,307.5,1406.3,328.6,1418.8,318.05,0
144,4777,500326,1431.2,306.3,1406.7,328.8,1418.95,317.55,0
144,4778,500327,1431.3,305.1,1407.0,329.1,1419.15,317.1,0
144,4779,500328,1431.6,303.8,1407.4,329.5,1419.5,316.65,0
144,4780,500329,1431.8,302.7,1407.7,330.1,1419.75,316.4,0
144,4781,500330,1432.0,301.8,1408.0,330.9,1420.0,316.35,0
144,4782,500331,1432.2,301.3,1408.3,331.8,1420.25,316.55,0
144,4783,500332,1432.2,301.0,1408.5,332.6,1420.35,316.8,0
144,4784,500333,1432.2,301.0,1408.5,332.9,1420.35,316.95,0
144,4785,500334,1432.2,301.1,1408.4,333.2,1420.3,317.15,0
144,4786,500335,1432.2,301.3,1408.4,333.4,1420.3,317.35,0
144,4787,500336,1432.2,301.3,1408.4,333.6,1420.3,317.45,0
144,4788,500337,1432.1,301.3,1408.4,333.7,1420.25,317.5,0
144,4789,500338,1431.9,301.2,1408.4,334.0,1420.15,317.6,0
144,4790,500339,1431.7,300.7,1408.5,334.6,1420.1,317.65,0
144,4791,500340,1432.0,300.1,1408.5,335.1,1420.25,317.6,0
144,4792,500341,1432.3,299.5,1408.5,335.6,1420.4,317.55,0
144,4793,500342,1432.5,298.9,1408.4,336.0,1420.45,317.45,0
144,4794,500343,1432.7,298.3,1408.2,336.4,1420.45,317.35,0
144,4795,500344,1433.1,297.7,1407.9,336.8,1420.5,317.25,0
144,4796,500345,1433.2,297.0,1407.6,337.0,1420.4,317.0,0
144,4797,500346,1433.3,296.7,1407.3,336.8,1420.3,316.75,0
144,4798,500347,1433.0,296.5,1407.0,336.7,1420.0,316.6,0
144,4799,500348,1432.8,296.3,1406.7,336.7,1419.75,316.5,0
144,4800,500349,1432.7,296.2,1406.4,336.8,1419.55,316.5,0
145,4801,500350,1433.0,296.0,1406.3,337.1,1419.65,316.55,0
145,4802,500351,1433.4,296.0,1406.2,337.4,1419.8,316.7,0
145,4803,500352,1434.0,296.1,1406.2,337.7,1420.1,316.9,0
145,4804,500353,1434.5,296.2,1406.3,338.2,1420.4,317.2,0
145,4805,500354,1435.0,296.2,1406.4,338.8,1420.7,317.5,0
145,4806,500355,1435.4,296.2,1406.6,339.4,1421.0,317.8,0
145,4807,500356,1435.7,296.5,1406.7,339.8,1421.2,318.15,0
145,4808,500357,1435.7,296.8,1406.8,340.0,1421.25,318.4,0
145,4809,500358,1435.7,297.8,1407.0,340.0,1421.35,318.9,0
145,4810,500359,1435.7,298.6,1407.1,339.9,1421.4,319.25,0
145,4811,500360,1435.8,299.4,1407.1,339.8,1421.45,319.6,0
145,4812,500361,1436.0,300.3,1407.1,340.2,1421.55,320.25,0
145,4813,500362,1436.2,301.1,1407.2,340.6,1421.7,320.85,0
145,4814,500363,1436.4,301.9,1407.3,341.0,1421.85,321.45,0
145,4815,500364,1436.5,302.4,1407.3,341.3,1421.9,321.85,0
145,4816,500365,1436.6,302.4,1407.4,341.7,1422.0,322.05,0
145,4817,500366,1436.5,302.4,1407.3,342.0,1421.9,322.2,0
145,4818,500367,1436.4,302.4,1407.3,342.1,1421.85,322.25,0
145,4819,500368,1436.2,302.4,1407.1,341.5,1421.65,321.95,0
145,4820,500369,1436.0,302.5,1406.8,340.8,1421.4,321.65,0
145,4821,500370,1435.9,302.5,1406.5,339.8,1421.2,321.15,0
145,4822,500371,1435.7,302.6,1406.1,339.0,1420.9,320.8,0
145,4823,500372,1435.5,302.7,1405.8,338.2,1420.65,320.45,0
145,4824,500373,1435.5,302.8,1405.5,337.3,1420.5,320.05,0
145,4825,500374,1435.5,303.1,1405.0,336.6,1420.25,319.85,0
145,4826,500375,1435.7,303.3,1404.6,335.8,1420.15,319.55,0
145,4827,500376,1436.0,304.0,1404.1,334.9,1420.05,319.45,0
145,4828,500377,1436.3,304.7,1403.5,333.8,1419.9,319.25,0
145,4829,500378,1436.5,305.6,1403.0,332.7,1419.75,319.15,0
145,4830,500379,1436.6,306.4,1402.6,331.6,1419.6,319.0,0
145,4831,500380,1436.8,307.2,1402.1,330.5,1419.45,318.85,0
145,4832,500381,1436.6,308.0,1401.7,329.4,1419.15,318.7,0
145,4833,500382,1436.4,308.9,1401.4,328.5,1418.9,318.7,0
146,4834,500383,1436.0,309.3,1401.3,327.7,1418.65,318.5,0
146,4835,500384,1435.7,310.0,1401.2,327.5,1418.45,318.75,0
146,4836,500385,1435.6,310.5,1401.1,327.3,1418.35,318.9,0
146,4837,500386,1435.8,311.1,1401.0,327.1,1418.4,319.1,0
146,4838,500387,1436.0,311.6,1400.9,327.1,1418.45,319.35,0
146,4839,500388,1436.4,312.1,1400.8,327.2,1418.6,319.65,0
146,4840,500389,1436.9,312.4,1400.8,327.1,1418.85,319.75,0
146,4841,500390,1437.4,312.7,1400.8,327.0,1419.1,319.85,0
146,4842,500391,1437.8,312.7,1400.9,326.9,1419.35,319.8,0
146,4843,500392,1438.2,312.7,1401.0,326.9,1419.6,319.8,0
146,4844,500393,1438.3,312.6,1401.1,326.8,1419.7,319.7,0
146,4845,500394,1438.4,312.5,1401.1,326.7,1419.75,319.6,0
146,4846,500395,1438.6,312.5,1401.1,326.5,1419.85,319.5,0
146,4847,500396,1438.7,312.5,1401.0,326.3,1419.85,319.4,0
146,4848,500397,1438.9,312.6,1400.9,326.2,1419.9,319.4,0
146,4849,500398,1439.0,312.7,1400.7,326.1,1419.85,319.4,0
146,4850,500399,1439.1,312.9,1400.6,326.1,1419.85,319.5,0
146,4851,500400,1439.2,313.1,1400.4,326.1,1419.8,319.6,0
146,4852,500401,1439.3,313.5,1400.2,326.2,1419.75,319.85,0
146,4853,500402,1439.4,313.9,1400.1,326.5,1419.75,320.2,0
146,4854,500403,1439.4,314.2,1399.9,326.8,1419.65,320.5,0
146,4855,500404,1439.4,314.4,1399.9,327.1,1419.65,320.75,0
146,4856,500405,1439.2,314.6,1399.8,327.2,1419.5,320.9,0
146,4857,500406,1439.1,314.3,1399.8,327.3,1419.45,320.8,0
146,4858,500407,1438.9,314.0,1400.2,327.3,1419.55,320.65,0
146,4859,500408,1438.9,313.6,1400.8,327.2,1419.85,320.4,0
146,4860,500409,1438.8,313.1,1401.4,327.1,1420.1,320.1,0
146,4861,500410,1438.7,312.6,1402.0,327.1,1420.35,319.85,0
146,4862,500411,1438.7,312.2,1402.4,327.0,1420.55,319.6,0
146,4863,500412,1438.7,311.7,1402.4,326.9,1420.55,319.3,0
146,4864,500413,1438.6,311.4,1402.3,326.9,1420.45,319.15,0
146,4865,500414,1438.6,311.1,1402.0,326.9,1420.3,319.0,0
146,4866,500415,1438.5,310.7,1401.6,326.9,1420.05,318.8,0
147,4867,500416,1438.4,310.3,1401.2,326.9,1419.8,318.6,0
147,4868,500417,1438.3,309.9,1401.0,327.1,1419.65,318.5,0
147,4869,500418,1438.2,309.6,1400.9,327.3,1419.55,318.45,0
147,4870,500419,1438.2,309.6,1401.1,327.7,1419.65,318.65,0
147,4871,500420,1438.2,309.6,1401.7,328.2,1419.95,318.9,0
147,4872,500421,1438.2,309.6,1402.3,328.7,1420.25,319.15,0
147,4873,500422,1438.3,309.6,1402.9,329.2,1420.6,319.4,0
147,4874,500423,1438.4,309.5,1403.4,329.6,1420.9,319.55,0
147,4875,500424,1438.5,309.4,1403.8,329.9,1421.15,319.65,0
147,4876,500425,1438.6,309.3,1404.3,330.2,1421.45,319.75,0
147,4877,500426,1438.7,309.0,1405.0,330.4,1421.85,319.7,0
147,4878,500427,1438.7,308.6,1405.4,330.7,1422.05,319.65,0
147,4879,500428,1438.7,308.2,1405.7,331.1,1422.2,319.65,0
147,4880,500429,1438.7,307.9,1406.0,331.5,1422.35,319.7,0
147,4881,500430,1438.6,307.5,1406.3,331.9,1422.45,319.7,0
147,4882,500431,1438.4,307.2,1406.5,332.2,1422.45,319.7,0
147,4883,500432,1438.4,306.8,1406.6,332.4,1422.5,319.6,0
147,4884,500433,1438.3,306.4,1406.5,332.6,1422.4,319.5,0
147,4885,500434,1438.3,306.1,1406.4,332.5,1422.35,319.3,0
147,4886,500435,1438.3,305.8,1406.1,332.5,1422.2,319.15,0
147,4887,500436,1438.3,305.5,1405.9,332.7,1422.1,319.1,0
147,4888,500437,1438.4,305.4,1405.5,332.9,1421.95,319.15,0
147,4889,500438,1438.5,305.2,1405.0,333.1,1421.75,319.15,0
147,4890,500439,1438.6,305.0,1404.6,333.7,1421.6,319.35,0
147,4891,500440,1438.5,304.8,1404.2,334.2,1421.35,319.5,0
147,4892,500441,1438.4,304.7,1403.8,334.7,1421.1,319.7,0
147,4893,500442,1438.3,304.6,1403.4,335.3,1420.85,319.95,0
147,4894,500443,1438.1,304.5,1402.9,335.8,1420.5,320.15,0
147,4895,500444,1437.9,304.2,1402.7,336.3,1420.3,320.25,0
147,4896,500445,1437.6,303.8,1402.4,336.7,1420.0,320.25,0
147,4897,500446,1437.1,303.3,1402.1,336.9,1419.6,320.1,0
147,4898,500447,1436.8,302.7,1401.7,337.2,1419.25,319.95,0
147,4899,500448,1436.5,301.7,1401.6,337.7,1419.05,319.7,0
147,4900,500449,1436.1,300.7,1401.5,338.0,1418.8,319.35,0
148,4901,500450,1435.8,299.3,1401.4,338.3,1418.6,318.8,0
148,4902,500451,1435.4,298.1,1401.4,338.5,1418.4,318.3,0
148,4903,500452,1435.2,297.1,1401.3,338.8,1418.25,317.95,0
148,4904,500453,1435.1,296.2,1401.3,339.0,1418.2,317.6,0
148,4905,500454,1435.0,295.6,1401.3,339.3,1418.15,317.45,0
148,4906,500455,1434.9,295.4,1401.3,339.8,1418.1,317.6,0
148,4907,500456,1434.7,295.2,1401.3,340.3,1418.0,317.75,0
148,4908,500457,1434.6,295.3,1401.3,340.8,1417.95,318.05,0
148,4909,500458,1434.6,295.2,1401.3,341.2,1417.95,318.2,0
148,4910,500459,1434.5,294.5,1401.4,341.5,1417.95,318.0,0
148,4911,500460,1434.4,293.9,1401.6,341.3,1418.0,317.6,0
148,4912,500461,1434.4,293.2,1401.8,340.9,1418.1,317.05,0
148,4913,500462,1434.4,292.5,1402.1,340.1,1418.25,316.3,0
148,4914,500463,1434.4,292.2,1402.3,339.2,1418.35,315.7,0
148,4915,500464,1434.5,292.0,1402.6,338.4,1418.55,315.2,0
148,4916,500465,1434.6,291.9,1402.9,337.7,1418.75,314.8,0
148,4917,500466,1434.7,292.3,1403.2,337.0,1418.95,314.65,0
148,4918,500467,1434.8,292.8,1403.4,336.8,1419.1,314.8,0
148,4919,500468,1434.9,293.1,1403.5,336.7,1419.2,314.9,0
148,4920,500469,1435.0,293.3,1403.7,336.7,1419.35,315.0,0
148,4921,500470,1435.3,293.2,1403.9,336.7,1419.6,314.95,0
148,4922,500471,1435.5,293.1,1404.0,336.7,1419.75,314.9,0
148,4923,500472,1435.7,292.9,1404.6,336.7,1420.15,314.8,0
148,4924,500473,1436.0,292.7,1405.1,336.3,1420.55,314.5,0
148,4925,500474,1436.3,292.4,1405.7,335.9,1421.0,314.15,0
148,4926,500475,1436.8,291.9,1406.4,335.5,1421.6,313.7,0
148,4927,500476,1437.1,291.5,1407.0,335.1,1422.05,313.3,0
148,4928,500477,1437.5,291.1,1407.5,334.7,1422.5,312.9,0
148,4929,500478,1437.8,290.7,1408.0,334.3,1422.9,312.5,0
148,4930,500479,1438.0,290.4,1407.9,333.9,1422.95,312.15,0
148,4931,500480,1438.2,290.1,1407.8,333.9,1423.0,312.0,0
148,4932,500481,1438.2,289.9,1407.4,333.8,1422.8,311.85,0
148,4933,500482,1438.2,290.7,1406.8,333.8,1422.5,312.25,0
149,4934,500483,1438.1,291.4,1406.1,333.7,1422.1,312.55,0
149,4935,500484,1437.9,292.2,1405.5,333.5,1421.7,312.85,0
149,4936,500485,1437.8,292.9,1404.8,333.4,1421.3,313.15,0
149,4937,500486,1437.7,293.7,1404.2,333.2,1420.95,313.45,0
149,4938,500487,1437.6,294.5,1403.3,332.9,1420.45,313.7,0
149,4939,500488,1437.6,295.2,1402.6,332.7,1420.1,313.95,0
149,4940,500489,1437.6,295.2,1402.1,332.4,1419.85,313.8,0
149,4941,500490,1437.6,295.2,1401.6,332.2,1419.6,313.7,0
149,4942,500491,1437.5,295.1,1401.0,332.0,1419.25,313.55,0
149,4943,500492,1437.4,295.1,1400.6,331.8,1419.0,313.45,0
149,4944,500493,1437.3,294.8,1400.3,331.6,1418.8,313.2,0
149,4945,500494,1437.2,294.4,1400.4,331.6,1418.8,313.0,0
149,4946,500495,1436.9,294.1,1400.5,331.4,1418.7,312.75,0
149,4947,500496,1436.7,293.6,1400.6,331.3,1418.65,312.45,0
149,4948,500497,1436.5,293.1,1400.8,331.1,1418.65,312.1,0
149,4949,500498,1436.3,292.5,1401.2,330.9,1418.75,311.7,0
149,4950,500499,1436.0,291.9,1401.5,330.5,1418.75,311.2,0
149,4951,500500,1435.7,291.5,1401.8,330.2,1418.75,310.85,0
149,4952,500501,1435.5,291.0,1402.5,329.9,1419.0,310.45,0
149,4953,500502,1435.3,290.7,1403.3,329.7,1419.3,310.2,0
149,4954,500503,1435.2,290.5,1404.3,329.4,1419.75,309.95,0
149,4955,500504,1435.1,290.6,1405.4,329.1,1420.25,309.85,0
149,4956,500505,1435.0,290.9,1406.2,328.9,1420.6,309.9,0
149,4957,500506,1435.0,291.3,1407.0,328.7,1421.0,310.0,0
149,4958,500507,1435.1,291.7,1407.7,328.5,1421.4,310.1,0
149,4959,500508,1435.2,292.1,1407.8,328.1,1421.5,310.1,0
149,4960,500509,1435.2,292.5,1407.9,327.4,1421.55,309.95,0
149,4961,500510,1435.3,292.8,1407.6,326.7,1421.45,309.75,0
149,4962,500511,1435.4,293.0,1407.0,326.1,1421.2,309.55,0
149,4963,500512,1435.6,292.9,1406.4,325.6,1421.0,309.25,0
149,4964,500513,1435.9,292.8,1405.9,325.0,1420.9,308.9,0
149,4965,500514,1436.2,292.7,1405.0,324.5,1420.6,308.6,0
149,4966,500515,1436.5,292.6,1404.1,324.0,1420.3,308.3,0
150,4967,500516,1436.6,292.6,1403.2,323.9,1419.9,308.25,0
150,4968,500517,1436.8,292.5,1402.4,323.8,1419.6,308.15,0
150,4969,500518,1437.0,292.4,1401.6,323.7,1419.3,308.05,0
150,4970,500519,1437.4,292.3,1400.9,323.5,1419.15,307.9,0
150,4971,500520,1437.5,292.3,1400.3,323.4,1418.9,307.85,0
150,4972,500521,1437.7,292.2,1400.0,323.2,1418.85,307.7,0
150,4973,500522,1437.8,292.1,1400.0,322.9,1418.9,307.5,0
150,4974,500523,1438.1,292.0,1400.1,322.7,1419.1,307.35,0
150,4975,500524,1438.2,291.9,1400.2,322.4,1419.2,307.15,0
150,4976,500525,1438.3,291.7,1400.6,322.2,1419.45,306.95,0
150,4977,500526,1438.2,291.5,1401.1,321.9,1419.65,306.7,0
150,4978,500527,1437.9,291.5,1401.9,321.6,1419.9,306.55,0
150,4979,500528,1437.7,291.7,1402.6,321.3,1420.15,306.5,0
150,4980,500529,1437.5,291.9,1403.3,321.1,1420.4,306.5,0
150,4981,500530,1437.3,292.2,1403.8,320.9,1420.55,306.55,0
150,4982,500531,1437.1,292.6,1404.2,320.6,1420.65,306.6,0
150,4983,500532,1437.0,293.1,1404.5,320.3,1420.75,306.7,0
150,4984,500533,1436.8,293.7,1404.7,320.2,1420.75,306.95,0
150,4985,500534,1436.8,294.2,1404.6,320.0,1420.7,307.1,0
150,4986,500535,1436.7,294.4,1404.5,319.8,1420.6,307.1,0
150,4987,500536,1436.7,294.7,1404.5,319.7,1420.6,307.2,0
150,4988,500537,1436.5,294.8,1404.7,319.5,1420.6,307.15,0
150,4989,500538,1436.4,294.8,1404.9,319.3,1420.65,307.05,0
150,4990,500539,1436.3,294.8,1405.6,319.2,1420.95,307.0,0
150,4991,500540,1436.2,294.7,1406.2,319.1,1421.2,306.9,0
150,4992,500541,1436.1,294.6,1406.8,318.9,1421.45,306.75,0
150,4993,500542,1436.2,294.4,1407.8,318.8,1422.0,306.6,0
150,4994,500543,1436.7,294.4,1409.1,318.8,1422.9,306.6,0
150,4995,500544,1437.7,294.3,1410.9,318.7,1424.3,306.5,0
150,4996,500545,1440.0,294.4,1413.3,318.7,1426.65,306.55,0
150,4997,500546,1443.5,294.4,1415.9,318.7,1429.7,306.55,0
150,4998,500547,1448.5,294.5,1419.4,318.7,1433.95,306.6,0
150,4999,500548,1455.0,294.5,1424.8,318.8,1439.9,306.65,0
150,5000,500549,1463.5,294.3,1431.0,318.6,1447.25,306.45,0
151,5001,500550,1473.0,293.8,1438.0,317.9,1455.5,305.85,0
151,5002,500551,1484.0,292.8,1446.7,317.4,1465.35,305.1,0
151,5003,500552,1495.2,291.7,1456.6,316.7,1475.9,304.2,0
151,5004,500553,1506.9,290.4,1467.9,315.3,1487.4,302.85,0
151,5005,500554,1520.0,288.9,1480.1,313.8,1500.05,301.35,0
151,5006,500555,1531.9,287.2,1492.0,312.2,1511.95,299.7,0
151,5007,500556,1544.1,284.9,1505.3,310.4,1524.7,297.65,0
151,5008,500557,1556.0,282.1,1518.4,308.8,1537.2,295.45,0
151,5009,500558,1568.1,279.6,1530.5,306.1,1549.3,292.85,0
151,5010,500559,1580.2,276.8,1542.8,302.1,1561.5,289.45,0
151,5011,500560,1592.1,273.4,1554.9,299.0,1573.5,286.2,0
151,5012,500561,1602.7,270.0,1566.4,295.1,1584.55,282.55,0
151,5013,500562,1613.4,266.0,1578.5,291.0,1595.95,278.5,0
151,5014,500563,1624.1,262.6,1590.2,287.5,1607.15,275.05,0
151,5015,500564,1634.2,259.8,1602.2,283.6,1618.2,271.7,0
151,5016,500565,1644.5,257.0,1614.2,279.8,1629.35,268.4,0
151,5017,500566,1654.6,254.4,1626.2,277.5,1640.4,265.95,0
151,5018,500567,1664.8,252.4,1637.6,273.7,1651.2,263.05,0
151,5019,500568,1675.1,250.9,1649.2,270.3,1662.15,260.6,0
151,5020,500569,1686.9,250.0,1660.6,267.1,1673.75,258.55,0
151,5021,500570,1698.0,249.2,1672.3,263.8,1685.15,256.5,0
151,5022,500571,1709.7,249.3,1685.3,260.5,1697.5,254.9,0
151,5023,500572,1721.2,249.5,1699.9,258.2,1710.55,253.85,0
151,5024,500573,1733.4,249.7,1714.3,255.0,1723.85,252.35,0
151,5025,500574,1746.3,249.9,1730.0,253.0,1738.15,251.45,0
151,5026,500575,1759.8,249.8,1747.2,251.2,1753.5,250.5,0
151,5027,500576,1773.5,249.9,1764.5,249.0,1769.0,249.45,0
151,5028,500577,1787.7,250.0,1782.0,246.5,1784.85,248.25,0
151,5029,500578,1801.9,249.7,1799.1,244.2,1800.5,246.95,0
151,5030,500579,1816.1,249.4,1815.3,241.3,1815.7,245.35,0
151,5031,500580,1830.1,249.6,1831.9,238.4,1831.0,244.0,0
151,5032,500581,1843.6,250.4,1849.0,235.6,1846.3,243.0,0
151,5033,500582,1856.4,251.8,1866.1,232.2,1861.25,242.0,0
152,5034,500583,1869.3,253.1,1883.0,228.1,1876.15,240.6,0
152,5035,500584,1881.6,254.4,1899.7,223.0,1890.65,238.7,0
152,5036,500585,1894.1,255.2,1917.5,213.1,1905.8,234.15,0
152,5037,500586,1907.0,256.1,1934.8,203.9,1920.9,230.0,0
152,5038,500587,1920.8,256.3,2023.2,206.3,1972.0,231.3,0
152,5039,500588,1934.1,256.0,2131.0,222.4,2032.55,239.2,0
152,5040,500589,1947.9,255.2,2237.1,242.0,2092.5,248.6,0
152,5041,500590,1961.3,254.4,2342.2,265.2,2151.75,259.8,0
152,5042,500591,1975.2,253.5,2442.1,290.1,2208.65,271.8,0
152,5043,500592,1989.5,252.3,2537.1,319.2,2263.3,285.75,0
152,5044,500593,2004.1,249.8,2628.4,348.5,2316.25,299.15,0
152,5045,500594,2017.0,244.4,2639.3,355.3,2328.15,299.85,0
152,5046,500595,2031.3,236.0,2625.0,350.6,2328.15,293.3,0
152,5047,500596,2045.2,226.0,2612.2,348.1,2328.7,287.05,0
152,5048,500597,2060.7,215.9,2640.1,359.9,2350.4,287.9,0
152,5049,500598,2075.4,205.6,2692.2,381.5,2383.8,293.55,0
152,5050,500599,2089.9,195.2,2749.4,405.0,2419.65,300.1,0
152,5051,500600,2105.0,185.9,2810.6,429.9,2457.8,307.9,0
152,5052,500601,2120.7,179.4,3012.7,509.5,2566.7,344.45,0
152,5053,500602,2137.6,176.4,3223.9,591.8,2680.75,384.1,0
152,5054,500603,2155.4,175.6,3270.0,676.9,2712.7,426.25,0
152,5055,500604,2172.0,177.9,3270.0,755.9,2721.0,466.9,0
152,5056,500605,2191.7,188.3,NaN,NaN,2191.7,188.3,0
152,5057,500606,2213.0,202.5,NaN,NaN,2213.0,202.5,0
152,5058,500607,2234.9,224.9,NaN,NaN,2234.9,224.9,0
152,5059,500608,2259.1,255.3,NaN,NaN,2259.1,255.3,0
152,5060,500609,2282.2,287.4,NaN,NaN,2282.2,287.4,0
152,5061,500610,2305.4,330.6,NaN,NaN,2305.4,330.6,0
152,5062,500611,2329.7,384.4,NaN,NaN,2329.7,384.4,0
152,5063,500612,2352.7,439.7,NaN,NaN,2352.7,439.7,0
152,5064,500613,2374.4,493.1,NaN,NaN,2374.4,493.1,0
152,5065,500614,2395.2,556.3,NaN,NaN,2395.2,556.3,0
152,5066,500615,2431.7,615.4,NaN,NaN,2431.7,615.4,0
153,5067,500616,2470.8,684.4,NaN,NaN,2470.8,684.4,0
153,5068,500617,2513.2,748.3,NaN,NaN,2513.2,748.3,0
153,5069,500618,2553.2,803.8,NaN,NaN,2553.2,803.8,0
153,5070,500619,2594.8,855.0,NaN,NaN,2594.8,855.0,0
153,5071,500620,2636.5,907.1,NaN,NaN,2636.5,907.1,0
153,5072,500621,2676.2,947.0,NaN,NaN,2676.2,947.0,0
153,5073,500622,2705.6,985.8,NaN,NaN,2705.6,985.8,0
153,5074,500623,2729.6,1012.8,NaN,NaN,2729.6,1012.8,0
153,5075,500624,2747.6,1033.1,NaN,NaN,2747.6,1033.1,0
153,5076,500625,2759.2,1045.0,NaN,NaN,2759.2,1045.0,0
153,5077,500626,2769.0,1055.0,NaN,NaN,2769.0,1055.0,0
153,5078,500627,2781.4,1063.4,NaN,NaN,2781.4,1063.4,0
153,5079,500628,2798.2,1067.5,NaN,NaN,2798.2,1067.5,0
153,5080,500629,2798.2,1067.5,NaN,NaN,2798.2,1067.5,0
153,5081,500630,2798.3,1067.5,NaN,NaN,2798.3,1067.5,0
153,5082,500631,NaN,NaN,NaN,NaN,NaN,NaN,0
153,5083,500632,NaN,NaN,NaN,NaN,NaN,NaN,0
153,5084,500633,NaN,NaN,NaN,NaN,NaN,NaN,0
153,5085,500634,NaN,NaN,NaN,NaN,NaN,NaN,0
153,5086,500635,NaN,NaN,NaN,NaN,NaN,NaN,0
153,5087,500636,NaN,NaN,NaN,NaN,NaN,NaN,0
153,5088,500637,NaN,NaN,NaN,NaN,NaN,NaN,0
153,5089,500638,NaN,NaN,NaN,NaN,NaN,NaN,0
153,5090,500639,NaN,NaN,NaN,NaN,NaN,NaN,0
153,5091,500640,NaN,NaN,NaN,NaN,NaN,NaN,0
153,5092,500641,NaN,NaN,NaN,NaN,NaN,NaN,0
153,5093,500642,NaN,NaN,NaN,NaN,NaN,NaN,0
153,5094,500643,NaN,NaN,NaN,NaN,NaN,NaN,0
153,5095,500644,NaN,NaN,NaN,NaN,NaN,NaN,0
153,5096,500645,NaN,NaN,NaN,NaN,NaN,NaN,0
153,5097,500646,NaN,NaN,NaN,NaN,NaN,NaN,0
153,5098,500647,NaN,NaN,NaN,NaN,NaN,NaN,0
153,5099,500648,NaN,NaN,NaN,NaN,NaN,NaN,0
153,5100,500649,NaN,NaN,NaN,NaN,NaN,NaN,0
154,5101,500650,NaN,NaN,NaN,NaN,NaN,NaN,0
154,5102,500651,NaN,NaN,NaN,NaN,NaN,NaN,0
154,5103,500652,NaN,NaN,NaN,NaN,NaN,NaN,0
154,5104,500653,NaN,NaN,NaN,NaN,NaN,NaN,0
154,5105,500654,NaN,NaN,NaN,NaN,NaN,NaN,0
154,5106,500655,NaN,NaN,NaN,NaN,NaN,NaN,0
154,5107,500656,NaN,NaN,NaN,NaN,NaN,NaN,0
154,5108,500657,NaN,NaN,NaN,NaN,NaN,NaN,0
154,5109,500658,NaN,NaN,NaN,NaN,NaN,NaN,0
154,5110,500659,NaN,NaN,NaN,NaN,NaN,NaN,0
154,5111,500660,NaN,NaN,NaN,NaN,NaN,NaN,0
154,5112,500661,NaN,NaN,NaN,NaN,NaN,NaN,0
154,5113,500662,NaN,NaN,NaN,NaN,NaN,NaN,0
154,5114,500663,NaN,NaN,NaN,NaN,NaN,NaN,0
154,5115,500664,NaN,NaN,NaN,NaN,NaN,NaN,0
154,5116,500665,NaN,NaN,NaN,NaN,NaN,NaN,0
154,5117,500666,NaN,NaN,NaN,NaN,NaN,NaN,0
154,5118,500667,NaN,NaN,NaN,NaN,NaN,NaN,0
154,5119,500668,NaN,NaN,NaN,NaN,NaN,NaN,0
154,5120,500669,NaN,NaN,NaN,NaN,NaN,NaN,0
154,5121,500670,NaN,NaN,NaN,NaN,NaN,NaN,0
154,5122,500671,NaN,NaN,NaN,NaN,NaN,NaN,0
154,5123,500672,NaN,NaN,NaN,NaN,NaN,NaN,0
154,5124,500673,NaN,NaN,NaN,NaN,NaN,NaN,0
154,5125,500674,NaN,NaN,NaN,NaN,NaN,NaN,0
154,5126,500675,NaN,NaN,NaN,NaN,NaN,NaN,0
154,5127,500676,NaN,NaN,NaN,NaN,NaN,NaN,0
154,5128,500677,NaN,NaN,NaN,NaN,NaN,NaN,0
154,5129,500678,NaN,NaN,NaN,NaN,NaN,NaN,0
154,5130,500679,NaN,NaN,NaN,NaN,NaN,NaN,0
154,5131,500680,NaN,NaN,NaN,NaN,NaN,NaN,0
154,5132,500681,NaN,NaN,NaN,NaN,NaN,NaN,0
154,5133,500682,NaN,NaN,NaN,NaN,NaN,NaN,0
155,5134,500683,NaN,NaN,NaN,NaN,NaN,NaN,0
155,5135,500684,NaN,NaN,NaN,NaN,NaN,NaN,0
155,5136,500685,NaN,NaN,NaN,NaN,NaN,NaN,0
155,5137,500686,NaN,NaN,NaN,NaN,NaN,NaN,0
155,5138,500687,NaN,NaN,NaN,NaN,NaN,NaN,0
155,5139,500688,NaN,NaN,NaN,NaN,NaN,NaN,0
155,5140,500689,NaN,NaN,NaN,NaN,NaN,NaN,0
155,5141,500690,NaN,NaN,NaN,NaN,NaN,NaN,0
155,5142,500691,NaN,NaN,NaN,NaN,NaN,NaN,0
155,5143,500692,NaN,NaN,NaN,NaN,NaN,NaN,0
155,5144,500693,NaN,NaN,NaN,NaN,NaN,NaN,0
155,5145,500694,NaN,NaN,NaN,NaN,NaN,NaN,0
155,5146,500695,NaN,NaN,NaN,NaN,NaN,NaN,0
155,5147,500696,NaN,NaN,NaN,NaN,NaN,NaN,0
155,5148,500697,NaN,NaN,NaN,NaN,NaN,NaN,0
155,5149,500698,NaN,NaN,NaN,NaN,NaN,NaN,0
155,5150,500699,NaN,NaN,NaN,NaN,NaN,NaN,0
155,5151,500700,NaN,NaN,NaN,NaN,NaN,NaN,0
155,5152,500701,NaN,NaN,NaN,NaN,NaN,NaN,0
155,5153,500702,NaN,NaN,NaN,NaN,NaN,NaN,0
155,5154,500703,NaN,NaN,NaN,NaN,NaN,NaN,0
155,5155,500704,NaN,NaN,NaN,NaN,NaN,NaN,0
155,5156,500705,NaN,NaN,NaN,NaN,NaN,NaN,0
155,5157,500706,NaN,NaN,NaN,NaN,NaN,NaN,0
155,5158,500707,NaN,NaN,NaN,NaN,NaN,NaN,0
155,5159,500708,NaN,NaN,NaN,NaN,NaN,NaN,0
155,5160,500709,NaN,NaN,NaN,NaN,NaN,NaN,0
155,5161,500710,NaN,NaN,NaN,NaN,NaN,NaN,0
155,5162,500711,NaN,NaN,NaN,NaN,NaN,NaN,0
155,5163,500712,NaN,NaN,NaN,NaN,NaN,NaN,0
155,5164,500713,NaN,NaN,NaN,NaN,NaN,NaN,0
155,5165,500714,NaN,NaN,NaN,NaN,NaN,NaN,0
155,5166,500715,NaN,NaN,NaN,NaN,NaN,NaN,0
156,5167,500716,NaN,NaN,NaN,NaN,NaN,NaN,0
156,5168,500717,NaN,NaN,NaN,NaN,NaN,NaN,0
156,5169,500718,NaN,NaN,NaN,NaN,NaN,NaN,0
156,5170,500719,NaN,NaN,NaN,NaN,NaN,NaN,0
156,5171,500720,NaN,NaN,NaN,NaN,NaN,NaN,0
156,5172,500721,NaN,NaN,NaN,NaN,NaN,NaN,0
156,5173,500722,NaN,NaN,NaN,NaN,NaN,NaN,0
156,5174,500723,NaN,NaN,NaN,NaN,NaN,NaN,0
156,5175,500724,NaN,NaN,NaN,NaN,NaN,NaN,0
156,5176,500725,NaN,NaN,NaN,NaN,NaN,NaN,0
156,5177,500726,NaN,NaN,NaN,NaN,NaN,NaN,0
156,5178,500727,NaN,NaN,NaN,NaN,NaN,NaN,0
156,5179,500728,NaN,NaN,NaN,NaN,NaN,NaN,0
156,5180,500729,NaN,NaN,NaN,NaN,NaN,NaN,0
156,5181,500730,NaN,NaN,NaN,NaN,NaN,NaN,0
156,5182,500731,NaN,NaN,NaN,NaN,NaN,NaN,0
156,5183,500732,NaN,NaN,NaN,NaN,NaN,NaN,0
156,5184,500733,NaN,NaN,NaN,NaN,NaN,NaN,0
156,5185,500734,NaN,NaN,NaN,NaN,NaN,NaN,0
156,5186,500735,NaN,NaN,NaN,NaN,NaN,NaN,0
156,5187,500736,NaN,NaN,NaN,NaN,NaN,NaN,0
156,5188,500737,NaN,NaN,NaN,NaN,NaN,NaN,0
156,5189,500738,NaN,NaN,NaN,NaN,NaN,NaN,0
156,5190,500739,NaN,NaN,NaN,NaN,NaN,NaN,0
156,5191,500740,NaN,NaN,NaN,NaN,NaN,NaN,0
156,5192,500741,NaN,NaN,NaN,NaN,NaN,NaN,0
156,5193,500742,NaN,NaN,NaN,NaN,NaN,NaN,0
156,5194,500743,NaN,NaN,NaN,NaN,NaN,NaN,0
156,5195,500744,NaN,NaN,NaN,NaN,NaN,NaN,0
156,5196,500745,NaN,NaN,NaN,NaN,NaN,NaN,0
156,5197,500746,NaN,NaN,NaN,NaN,NaN,NaN,0
156,5198,500747,NaN,NaN,NaN,NaN,NaN,NaN,0
156,5199,500748,NaN,NaN,NaN,NaN,NaN,NaN,0
156,5200,500749,NaN,NaN,NaN,NaN,NaN,NaN,0
157,5201,500750,NaN,NaN,NaN,NaN,NaN,NaN,0
157,5202,500751,NaN,NaN,NaN,NaN,NaN,NaN,0
157,5203,500752,NaN,NaN,NaN,NaN,NaN,NaN,0
157,5204,500753,NaN,NaN,NaN,NaN,NaN,NaN,0
157,5205,500754,NaN,NaN,NaN,NaN,NaN,NaN,0
157,5206,500755,NaN,NaN,NaN,NaN,NaN,NaN,0
157,5207,500756,NaN,NaN,NaN,NaN,NaN,NaN,0
157,5208,500757,NaN,NaN,NaN,NaN,NaN,NaN,0
157,5209,500758,1966.2,1125.5,NaN,NaN,1966.2,1125.5,0
157,5210,500759,2067.3,1117.9,NaN,NaN,2067.3,1117.9,0
157,5211,500760,2169.8,1109.6,NaN,NaN,2169.8,1109.6,0
157,5212,500761,2169.8,1109.6,NaN,NaN,2169.8,1109.6,0
157,5213,500762,2162.8,1107.7,NaN,NaN,2162.8,1107.7,0
157,5214,500763,2157.1,1106.4,NaN,NaN,2157.1,1106.4,0
157,5215,500764,2151.5,1099.8,NaN,NaN,2151.5,1099.8,0
157,5216,500765,2139.3,1093.1,NaN,NaN,2139.3,1093.1,0
157,5217,500766,2126.6,1085.1,NaN,NaN,2126.6,1085.1,0
157,5218,500767,2111.9,1073.4,NaN,NaN,2111.9,1073.4,0
157,5219,500768,2093.0,1059.3,NaN,NaN,2093.0,1059.3,0
157,5220,500769,2076.9,1041.5,NaN,NaN,2076.9,1041.5,0
157,5221,500770,2002.3,1027.2,NaN,NaN,2002.3,1027.2,0
157,5222,500771,1926.8,1015.8,NaN,NaN,1926.8,1015.8,0
157,5223,500772,1856.2,1003.0,NaN,NaN,1856.2,1003.0,0
157,5224,500773,1782.6,989.1,NaN,NaN,1782.6,989.1,0
157,5225,500774,1706.9,978.0,NaN,NaN,1706.9,978.0,0
157,5226,500775,1629.4,966.7,NaN,NaN,1629.4,966.7,0
157,5227,500776,1547.9,958.0,NaN,NaN,1547.9,958.0,0
157,5228,500777,1520.1,945.2,NaN,NaN,1520.1,945.2,0
157,5229,500778,1490.4,933.1,NaN,NaN,1490.4,933.1,0
157,5230,500779,1459.9,918.3,NaN,NaN,1459.9,918.3,0
157,5231,500780,1425.5,904.4,NaN,NaN,1425.5,904.4,0
157,5232,500781,1395.1,888.9,NaN,NaN,1395.1,888.9,0
157,5233,500782,1368.1,873.8,NaN,NaN,1368.1,873.8,0
158,5234,500783,1343.7,859.0,NaN,NaN,1343.7,859.0,0
158,5235,500784,1318.9,841.6,NaN,NaN,1318.9,841.6,0
158,5236,500785,1297.5,824.3,NaN,NaN,1297.5,824.3,0
158,5237,500786,1275.5,806.8,NaN,NaN,1275.5,806.8,0
158,5238,500787,1260.6,789.8,NaN,NaN,1260.6,789.8,0
158,5239,500788,1245.9,771.6,NaN,NaN,1245.9,771.6,0
158,5240,500789,1233.7,753.6,NaN,NaN,1233.7,753.6,0
158,5241,500790,1224.0,736.3,NaN,NaN,1224.0,736.3,0
158,5242,500791,1217.0,707.4,NaN,NaN,1217.0,707.4,0
158,5243,500792,1207.2,672.7,NaN,NaN,1207.2,672.7,0
158,5244,500793,1199.4,641.2,NaN,NaN,1199.4,641.2,0
158,5245,500794,1192.6,610.2,NaN,NaN,1192.6,610.2,0
158,5246,500795,1180.9,575.6,NaN,NaN,1180.9,575.6,0
158,5247,500796,1164.3,531.5,NaN,NaN,1164.3,531.5,0
158,5248,500797,1148.9,488.7,NaN,NaN,1148.9,488.7,0
158,5249,500798,1132.4,461.8,NaN,NaN,1132.4,461.8,0
158,5250,500799,1119.9,440.6,NaN,NaN,1119.9,440.6,0
158,5251,500800,1107.4,419.4,2754.3,1326.2,1930.85,872.8,0
158,5252,500801,1094.8,396.3,2297.8,927.2,1696.3,661.75,0
158,5253,500802,1087.3,379.9,2297.9,927.2,1692.6,653.55,0
158,5254,500803,1084.8,372.8,2278.2,919.8,1681.5,646.3,0
158,5255,500804,1082.5,365.0,2254.6,910.0,1668.55,637.5,0
158,5256,500805,1081.6,357.6,2215.0,897.2,1648.3,627.4,0
158,5257,500806,1080.8,352.3,2168.2,878.6,1624.5,615.45,0
158,5258,500807,1080.2,346.9,2120.7,858.8,1600.45,602.85,0
158,5259,500808,1079.9,343.4,2060.4,833.4,1570.15,588.4,0
158,5260,500809,1080.2,339.8,1994.4,805.8,1537.3,572.8,0
158,5261,500810,1081.5,338.1,1937.5,780.5,1509.5,559.3,0
158,5262,500811,1083.1,338.1,1889.2,756.4,1486.15,547.25,0
158,5263,500812,1084.7,338.5,1850.3,736.2,1467.5,537.35,0
158,5264,500813,1086.5,339.0,1809.9,717.6,1448.2,528.3,0
158,5265,500814,1088.4,339.5,1770.2,698.2,1429.3,518.85,0
158,5266,500815,1090.3,340.3,1742.6,681.6,1416.45,510.95,0
159,5267,500816,1091.9,341.1,1708.5,665.1,1400.2,503.1,0
159,5268,500817,1092.4,342.0,1673.1,648.8,1382.75,495.4,0
159,5269,500818,1092.4,342.6,1635.1,633.5,1363.75,488.05,0
159,5270,500819,1092.3,342.9,1603.1,618.9,1347.7,480.9,0
159,5271,500820,1091.9,343.8,1565.4,604.5,1328.65,474.15,0
159,5272,500821,1091.3,344.8,1528.4,590.0,1309.85,467.4,0
159,5273,500822,1090.6,345.7,1445.2,564.1,1267.9,454.9,0
159,5274,500823,1088.5,346.9,1375.1,539.9,1231.8,443.4,0
159,5275,500824,1086.4,348.1,1311.1,513.1,1198.75,430.6,0
159,5276,500825,1084.7,351.0,1250.4,482.6,1167.55,416.8,0
159,5277,500826,1082.7,353.7,1194.6,452.6,1138.65,403.15,0
159,5278,500827,1080.9,355.7,1146.7,423.2,1113.8,389.45,0
159,5279,500828,1079.0,358.0,1098.9,390.8,1088.95,374.4,0
159,5280,500829,1077.2,360.4,1096.1,374.7,1086.65,367.55,0
159,5281,500830,1076.7,363.5,1093.1,358.6,1084.9,361.05,0
159,5282,500831,1076.2,366.7,1090.1,347.5,1083.15,357.1,0
159,5283,500832,1075.6,368.2,1086.3,341.3,1080.95,354.75,0
159,5284,500833,1075.2,369.9,1083.8,334.3,1079.5,352.1,0
159,5285,500834,1074.9,372.3,1081.2,325.1,1078.05,348.7,0
159,5286,500835,1074.6,374.6,1078.6,320.3,1076.6,347.45,0
159,5287,500836,1074.4,376.8,1076.4,315.7,1075.4,346.25,0
159,5288,500837,1074.2,378.3,1074.4,311.3,1074.3,344.8,0
159,5289,500838,1074.1,380.1,1072.3,307.2,1073.2,343.65,0
159,5290,500839,1074.2,382.2,1071.2,303.3,1072.7,342.75,0
159,5291,500840,1074.3,384.3,1069.9,300.7,1072.1,342.5,0
159,5292,500841,1074.4,385.7,1069.6,300.8,1072.0,343.25,0
159,5293,500842,1074.5,387.1,1069.4,300.9,1071.95,344.0,0
159,5294,500843,1074.7,388.4,1069.3,300.5,1072.0,344.45,0
159,5295,500844,1074.9,389.4,1069.1,299.8,1072.0,344.6,0
159,5296,500845,1075.0,390.3,1068.8,299.4,1071.9,344.85,0
159,5297,500846,1075.3,390.5,1068.3,299.3,1071.8,344.9,0
159,5298,500847,1075.5,390.5,1067.8,299.3,1071.65,344.9,0
159,5299,500848,1075.8,390.7,1067.4,301.0,1071.6,345.85,0
159,5300,500849,1076.0,391.0,1066.9,302.9,1071.45,346.95,0
160,5301,500850,1076.3,391.3,1066.4,305.2,1071.35,348.25,0
160,5302,500851,1076.6,391.6,1065.9,307.5,1071.25,349.55,0
160,5303,500852,1076.9,391.9,1065.4,309.9,1071.15,350.9,0
160,5304,500853,1077.0,392.3,1064.6,312.6,1070.8,352.45,0
160,5305,500854,1077.2,392.6,1063.9,315.3,1070.55,353.95,0
160,5306,500855,1077.3,392.8,1063.1,317.4,1070.2,355.1,0
160,5307,500856,1077.4,393.0,1062.2,319.8,1069.8,356.4,0
160,5308,500857,1077.3,393.0,1061.3,322.1,1069.3,357.55,0
160,5309,500858,1077.3,393.0,1060.4,324.3,1068.85,358.65,0
160,5310,500859,1077.3,393.0,1059.6,326.3,1068.45,359.65,0
160,5311,500860,1077.4,393.0,1059.2,328.2,1068.3,360.6,0
160,5312,500861,1077.5,393.0,1058.5,331.6,1068.0,362.3,0
160,5313,500862,1077.5,393.0,1057.7,335.3,1067.6,364.15,0
160,5314,500863,1077.5,392.9,1057.0,338.9,1067.25,365.9,0
160,5315,500864,1077.4,392.9,1056.3,342.5,1066.85,367.7,0
160,5316,500865,1077.3,392.9,1055.5,346.1,1066.4,369.5,0
160,5317,500866,1077.2,392.9,1054.7,349.7,1065.95,371.3,0
160,5318,500867,1077.1,392.8,1053.7,352.7,1065.4,372.75,0
160,5319,500868,1077.0,392.7,1053.0,353.9,1065.0,373.3,0
160,5320,500869,1076.9,392.6,1052.2,353.8,1064.55,373.2,0
160,5321,500870,1076.9,392.6,1051.5,353.5,1064.2,373.05,0
160,5322,500871,1076.8,392.5,1050.8,353.3,1063.8,372.9,0
160,5323,500872,1076.7,392.5,1049.8,354.1,1063.25,373.3,0
160,5324,500873,1076.7,392.5,1048.9,354.8,1062.8,373.65,0
160,5325,500874,1076.7,392.5,1048.3,355.8,1062.5,374.15,0
160,5326,500875,1076.7,392.6,1047.7,356.9,1062.2,374.75,0
160,5327,500876,1076.7,392.6,1047.3,358.1,1062.0,375.35,0
160,5328,500877,1076.8,392.6,1047.0,360.0,1061.9,376.3,0
160,5329,500878,1077.1,392.6,1046.2,362.2,1061.65,377.4,0
160,5330,500879,1077.3,392.7,1045.8,363.3,1061.55,378.0,0
160,5331,500880,1077.5,392.7,1045.4,364.4,1061.45,378.55,0
160,5332,500881,1077.7,392.8,1045.0,366.6,1061.35,379.7,0
160,5333,500882,1078.0,392.9,1044.5,368.8,1061.25,380.85,0
161,5334,500883,1078.2,393.0,1044.0,371.0,1061.1,382.0,0
161,5335,500884,1078.3,393.2,1043.6,372.7,1060.95,382.95,0
161,5336,500885,1078.3,393.3,1043.3,375.0,1060.8,384.15,0
161,5337,500886,1078.4,393.4,1043.0,377.6,1060.7,385.5,0
161,5338,500887,1078.6,393.4,1042.6,380.3,1060.6,386.85,0
161,5339,500888,1078.7,393.4,1042.2,382.2,1060.45,387.8,0
161,5340,500889,1078.6,393.3,1041.8,384.0,1060.2,388.65,0
161,5341,500890,1078.4,393.1,1041.4,386.0,1059.9,389.55,0
161,5342,500891,1078.2,392.9,1040.9,389.0,1059.55,390.95,0
161,5343,500892,1078.0,392.7,1040.7,391.2,1059.35,391.95,0
161,5344,500893,1077.8,392.5,1040.6,392.8,1059.2,392.65,0
161,5345,500894,1077.6,392.3,1040.4,394.5,1059.0,393.4,0
161,5346,500895,1077.4,392.1,1040.2,395.8,1058.8,393.95,0
161,5347,500896,1077.2,392.0,1040.0,397.3,1058.6,394.65,0
161,5348,500897,1077.2,392.0,1039.9,398.7,1058.55,395.35,0
161,5349,500898,1077.2,392.1,1039.7,399.9,1058.45,396.0,0
161,5350,500899,1077.1,392.2,1039.5,401.4,1058.3,396.8,0
161,5351,500900,1077.1,392.3,1039.4,402.9,1058.25,397.6,0
161,5352,500901,1077.1,392.4,1039.6,404.4,1058.35,398.4,0
161,5353,500902,1077.1,392.6,1039.9,405.9,1058.5,399.25,0
161,5354,500903,1077.2,393.1,1040.2,407.2,1058.7,400.15,0
161,5355,500904,1077.3,393.7,1040.8,408.5,1059.05,401.1,0
161,5356,500905,1077.1,394.2,1041.4,409.0,1059.25,401.6,0
161,5357,500906,1076.8,394.7,1042.0,409.3,1059.4,402.0,0
161,5358,500907,1076.6,395.0,1042.7,409.5,1059.65,402.25,0
161,5359,500908,1076.1,394.9,1043.0,409.7,1059.55,402.3,0
161,5360,500909,1075.8,394.9,1043.1,410.0,1059.45,402.45,0
161,5361,500910,1075.6,394.3,1043.1,410.1,1059.35,402.2,0
161,5362,500911,1075.9,393.7,1042.9,410.3,1059.4,402.0,0
161,5363,500912,1076.5,393.0,1042.7,410.3,1059.6,401.65,0
161,5364,500913,1077.1,392.5,1042.4,410.4,1059.75,401.45,0
161,5365,500914,1077.7,392.1,1042.2,410.5,1059.95,401.3,0
161,5366,500915,1078.3,391.9,1042.1,411.2,1060.2,401.55,0
162,5367,500916,1078.8,391.7,1042.1,411.9,1060.45,401.8,0
162,5368,500917,1079.1,391.6,1042.5,412.6,1060.8,402.1,0
162,5369,500918,1078.6,391.4,1043.0,413.4,1060.8,402.4,0
162,5370,500919,1078.2,391.3,1043.4,414.2,1060.8,402.75,0
162,5371,500920,1077.8,391.1,1043.9,415.0,1060.85,403.05,0
162,5372,500921,1077.4,391.0,1044.3,415.7,1060.85,403.35,0
162,5373,500922,1077.1,390.8,1044.5,415.9,1060.8,403.35,0
162,5374,500923,1076.9,390.6,1044.7,416.2,1060.8,403.4,0
162,5375,500924,1076.7,390.5,1044.6,416.4,1060.65,403.45,0
162,5376,500925,1076.7,390.3,1044.5,416.5,1060.6,403.4,0
162,5377,500926,1076.7,390.3,1044.4,416.6,1060.55,403.45,0
162,5378,500927,1076.6,390.2,1044.4,416.6,1060.5,403.4,0
162,5379,500928,1076.6,390.2,1044.3,416.8,1060.45,403.5,0
162,5380,500929,1076.7,390.3,1044.5,416.9,1060.6,403.6,0
162,5381,500930,1076.8,390.4,1044.8,417.0,1060.8,403.7,0
162,5382,500931,1076.9,390.5,1045.1,417.2,1061.0,403.85,0
162,5383,500932,1077.0,390.6,1045.3,417.3,1061.15,403.95,0
162,5384,500933,1077.0,390.6,1045.5,417.5,1061.25,404.05,0
162,5385,500934,1077.0,390.7,1045.8,417.7,1061.4,404.2,0
162,5386,500935,1077.1,390.8,1046.0,417.9,1061.55,404.35,0
162,5387,500936,1077.2,390.8,1046.1,418.1,1061.65,404.45,0
162,5388,500937,1077.3,390.9,1046.3,418.2,1061.8,404.55,0
162,5389,500938,1077.5,391.1,1046.5,418.3,1062.0,404.7,0
162,5390,500939,1077.6,391.3,1046.7,418.0,1062.15,404.65,0
162,5391,500940,1077.7,391.6,1046.9,417.7,1062.3,404.65,0
162,5392,500941,1077.7,392.1,1047.1,417.2,1062.4,404.65,0
162,5393,500942,1077.4,392.5,1047.3,416.7,1062.35,404.6,0
162,5394,500943,1077.1,393.0,1047.4,416.0,1062.25,404.5,0
162,5395,500944,1076.7,393.5,1047.5,415.3,1062.1,404.4,0
162,5396,500945,1076.2,394.0,1047.6,414.6,1061.9,404.3,0
162,5397,500946,1075.8,394.3,1047.6,414.0,1061.7,404.15,0
162,5398,500947,1075.3,394.3,1047.6,413.4,1061.45,403.85,0
162,5399,500948,1075.1,394.1,1047.6,412.0,1061.35,403.05,0
162,5400,500949,1075.2,393.7,1047.6,410.8,1061.4,402.25,0
163,5401,500950,1075.3,393.3,1047.6,409.6,1061.45,401.45,0
163,5402,500951,1075.3,392.8,1047.5,408.4,1061.4,400.6,0
163,5403,500952,1075.3,392.5,1047.4,407.1,1061.35,399.8,0
163,5404,500953,1075.3,392.2,1047.3,405.7,1061.3,398.95,0
163,5405,500954,1075.3,392.2,1047.3,404.2,1061.3,398.2,0
163,5406,500955,1075.3,392.3,1047.2,403.5,1061.25,397.9,0
163,5407,500956,1075.4,392.4,1047.0,402.8,1061.2,397.6,0
163,5408,500957,1076.0,393.0,1046.5,401.7,1061.25,397.35,0
163,5409,500958,1076.5,393.4,1046.1,400.6,1061.3,397.0,0
163,5410,500959,1077.0,393.4,1045.6,399.5,1061.3,396.45,0
163,5411,500960,1077.5,393.6,1045.1,398.7,1061.3,396.15,0
163,5412,500961,1077.9,393.8,1044.7,397.9,1061.3,395.85,0
163,5413,500962,1078.3,394.0,1044.8,397.1,1061.55,395.55,0
163,5414,500963,1078.5,394.2,1045.0,396.4,1061.75,395.3,0
163,5415,500964,1078.3,394.0,1045.5,396.1,1061.9,395.05,0
163,5416,500965,1078.0,393.8,1046.1,395.9,1062.05,394.85,0
163,5417,500966,1077.6,393.7,1046.7,395.7,1062.15,394.7,0
163,5418,500967,1077.3,393.5,1047.2,395.7,1062.25,394.6,0
163,5419,500968,1077.2,393.2,1047.7,395.7,1062.45,394.45,0
163,5420,500969,1077.1,392.9,1047.7,395.7,1062.4,394.3,0
163,5421,500970,1077.1,392.2,1047.6,395.5,1062.35,393.85,0
163,5422,500971,1077.0,391.5,1047.7,395.1,1062.35,393.3,0
163,5423,500972,1076.7,390.9,1047.7,394.5,1062.2,392.7,0
163,5424,500973,1076.6,390.3,1047.6,394.0,1062.1,392.15,0
163,5425,500974,1076.3,389.8,1047.5,392.6,1061.9,391.2,0
163,5426,500975,1075.9,389.1,1047.0,391.3,1061.45,390.2,0
163,5427,500976,1075.4,388.4,1046.5,389.9,1060.95,389.15,0
163,5428,500977,1074.8,388.0,1046.0,388.8,1060.4,388.4,0
163,5429,500978,1074.3,387.7,1045.5,387.9,1059.9,387.8,0
163,5430,500979,1074.1,387.3,1044.9,387.1,1059.5,387.2,0
163,5431,500980,1074.0,386.6,1044.7,386.5,1059.35,386.55,0
163,5432,500981,1074.1,386.0,1044.6,386.6,1059.35,386.3,0
163,5433,500982,1074.5,385.4,1044.9,386.1,1059.7,385.75,0
164,5434,500983,1075.0,384.9,1045.2,385.6,1060.1,385.25,0
164,5435,500984,1075.5,384.3,1045.5,384.9,1060.5,384.6,0
164,5436,500985,1076.0,383.7,1045.8,384.1,1060.9,383.9,0
164,5437,500986,1076.5,383.2,1046.1,383.0,1061.3,383.1,0
164,5438,500987,1076.9,382.9,1046.2,381.9,1061.55,382.4,0
164,5439,500988,1077.0,382.7,1046.3,381.0,1061.65,381.85,0
164,5440,500989,1077.0,382.6,1046.3,380.7,1061.65,381.65,0
164,5441,500990,1076.9,382.5,1046.4,380.4,1061.65,381.45,0
164,5442,500991,1076.7,382.5,1046.4,380.4,1061.55,381.45,0
164,5443,500992,1076.6,382.6,1046.4,380.3,1061.5,381.45,0
164,5444,500993,1076.5,382.7,1046.1,380.6,1061.3,381.65,0
164,5445,500994,1076.4,382.8,1045.7,380.8,1061.05,381.8,0
164,5446,500995,1076.3,382.9,1045.4,380.9,1060.85,381.9,0
164,5447,500996,1076.2,383.1,1045.0,380.9,1060.6,382.0,0
164,5448,500997,1076.2,383.4,1044.6,380.9,1060.4,382.15,0
164,5449,500998,1076.2,383.6,1044.2,380.8,1060.2,382.2,0
164,5450,500999,1076.1,383.8,1044.1,379.8,1060.1,381.8,0
164,5451,501000,1076.1,383.7,1044.2,378.6,1060.15,381.15,0
164,5452,501001,1076.2,383.5,1044.4,377.3,1060.3,380.4,0
164,5453,501002,1076.2,383.5,1044.5,376.1,1060.35,379.8,0
164,5454,501003,1076.1,383.4,1044.6,374.8,1060.35,379.1,0
164,5455,501004,1076.1,383.5,1044.8,373.5,1060.45,378.5,0
164,5456,501005,1076.1,383.7,1044.9,372.4,1060.5,378.05,0
164,5457,501006,1076.1,383.9,1044.9,372.1,1060.5,378.0,0
164,5458,501007,1076.1,384.5,1044.8,372.0,1060.45,378.25,0
164,5459,501008,1076.0,385.0,1044.7,372.0,1060.35,378.5,0
164,5460,501009,1075.8,385.3,1044.6,372.0,1060.2,378.65,0
164,5461,501010,1075.7,385.5,1044.4,371.9,1060.05,378.7,0
164,5462,501011,1075.6,385.4,1044.2,371.9,1059.9,378.65,0
164,5463,501012,1075.6,385.1,1043.8,371.6,1059.7,378.35,0
164,5464,501013,1075.7,384.9,1043.5,371.4,1059.6,378.15,0
164,5465,501014,1075.9,384.6,1043.2,371.1,1059.55,377.85,0
164,5466,501015,1076.1,384.3,1042.9,370.9,1059.5,377.6,0
165,5467,501016,1076.4,384.2,1042.6,370.6,1059.5,377.4,0
165,5468,501017,1076.8,384.2,1042.5,370.3,1059.65,377.25,0
165,5469,501018,1077.1,384.2,1042.6,370.0,1059.85,377.1,0
165,5470,501019,1077.4,384.5,1042.8,369.8,1060.1,377.15,0
165,5471,501020,1077.6,384.8,1043.0,369.6,1060.3,377.2,0
165,5472,501021,1077.8,385.1,1043.2,369.3,1060.5,377.2,0
165,5473,501022,1078.0,385.2,1043.2,369.0,1060.6,377.1,0
165,5474,501023,1078.0,385.1,1043.4,368.7,1060.7,376.9,0
165,5475,501024,1078.0,384.8,1043.5,368.4,1060.75,376.6,0
165,5476,501025,1078.1,384.7,1043.9,368.1,1061.0,376.4,0
165,5477,501026,1078.1,384.4,1044.3,367.9,1061.2,376.15,0
165,5478,501027,1078.1,384.4,1044.6,367.7,1061.35,376.05,0
165,5479,501028,1078.1,384.4,1044.8,367.5,1061.45,375.95,0
165,5480,501029,1078.1,384.7,1045.2,367.4,1061.65,376.05,0
165,5481,501030,1078.2,385.1,1045.4,367.5,1061.8,376.3,0
165,5482,501031,1078.3,385.5,1045.5,367.5,1061.9,376.5,0
165,5483,501032,1078.4,385.9,1045.1,367.6,1061.75,376.75,0
165,5484,501033,1078.4,386.2,1044.8,367.5,1061.6,376.85,0
165,5485,501034,1078.4,386.2,1044.4,367.2,1061.4,376.7,0
165,5486,501035,1078.7,386.1,1044.2,366.9,1061.45,376.5,0
165,5487,501036,1079.0,385.8,1043.9,366.6,1061.45,376.2,0
165,5488,501037,1079.3,385.6,1043.8,366.2,1061.55,375.9,0
165,5489,501038,1079.5,385.3,1043.7,365.8,1061.6,375.55,0
165,5490,501039,1079.6,384.8,1043.6,365.5,1061.6,375.15,0
165,5491,501040,1079.8,384.3,1043.4,365.3,1061.6,374.8,0
165,5492,501041,1079.9,383.7,1043.3,365.7,1061.6,374.7,0
165,5493,501042,1079.7,383.4,1043.0,366.2,1061.35,374.8,0
165,5494,501043,1079.6,383.1,1042.7,366.7,1061.15,374.9,0
165,5495,501044,1079.4,382.9,1042.5,367.1,1060.95,375.0,0
165,5496,501045,1079.4,382.8,1042.3,367.6,1060.85,375.2,0
165,5497,501046,1079.4,382.8,1042.1,368.1,1060.75,375.45,0
165,5498,501047,1079.3,382.8,1042.0,368.6,1060.65,375.7,0
165,5499,501048,1079.2,382.8,1041.9,368.6,1060.55,375.7,0
165,5500,501049,1079.1,382.9,1041.9,368.7,1060.5,375.8,0
166,5501,501050,1078.9,383.0,1041.9,368.6,1060.4,375.8,0
166,5502,501051,1078.8,383.2,1041.9,368.6,1060.35,375.9,0
166,5503,501052,1078.7,383.3,1041.8,368.5,1060.25,375.9,0
166,5504,501053,1078.6,383.5,1041.7,368.3,1060.15,375.9,0
166,5505,501054,1078.6,383.7,1041.6,368.1,1060.1,375.9,0
166,5506,501055,1078.7,384.0,1041.5,367.9,1060.1,375.95,0
166,5507,501056,1078.9,384.3,1041.4,367.7,1060.15,376.0,0
166,5508,501057,1079.1,384.6,1041.4,367.5,1060.25,376.05,0
166,5509,501058,1079.3,384.9,1041.7,367.4,1060.5,376.15,0
166,5510,501059,1079.5,385.2,1042.0,367.3,1060.75,376.25,0
166,5511,501060,1079.6,385.4,1042.3,367.3,1060.95,376.35,0
166,5512,501061,1079.5,385.5,1042.6,367.5,1061.05,376.5,0
166,5513,501062,1079.0,385.5,1042.8,367.8,1060.9,376.65,0
166,5514,501063,1077.7,385.5,1042.1,368.3,1059.9,376.9,0
166,5515,501064,1075.0,385.5,1040.9,369.7,1057.95,377.6,0
166,5516,501065,1072.1,386.3,1038.6,371.2,1055.35,378.75,0
166,5517,501066,1067.4,387.2,1034.3,372.8,1050.85,380.0,0
166,5518,501067,1062.1,388.8,1028.0,374.9,1045.05,381.85,0
166,5519,501068,1055.3,390.5,1020.2,376.9,1037.75,383.7,0
166,5520,501069,1046.7,392.6,1011.2,379.1,1028.95,385.85,0
166,5521,501070,1036.5,395.0,1001.9,381.2,1019.2,388.1,0
166,5522,501071,1025.2,397.8,990.8,382.7,1008.0,390.25,0
166,5523,501072,1012.5,399.9,979.3,384.3,995.9,392.1,0
166,5524,501073,1000.1,402.1,967.4,387.4,983.75,394.75,0
166,5525,501074,987.0,403.9,955.7,390.3,971.35,397.1,0
166,5526,501075,973.2,405.8,943.7,393.0,958.45,399.4,0
166,5527,501076,960.6,407.9,930.6,395.5,945.6,401.7,0
166,5528,501077,949.4,409.6,917.4,397.9,933.4,403.75,0
166,5529,501078,938.9,410.9,905.4,400.4,922.15,405.65,0
166,5530,501079,928.9,412.2,893.8,402.5,911.35,407.35,0
166,5531,501080,919.7,413.5,883.1,403.0,901.4,408.25,0
166,5532,501081,910.9,414.6,874.1,403.3,892.5,408.95,0
166,5533,501082,903.9,415.8,866.1,404.4,885.0,410.1,0
167,5534,501083,897.5,416.5,859.4,405.6,878.45,411.05,0
167,5535,501084,892.1,417.7,853.5,406.8,872.8,412.25,0
167,5536,501085,888.1,418.7,848.0,407.8,868.05,413.25,0
167,5537,501086,884.8,419.7,842.3,408.9,863.55,414.3,0
167,5538,501087,882.2,420.7,838.0,409.9,860.1,415.3,0
167,5539,501088,880.3,422.0,834.0,410.9,857.15,416.45,0
167,5540,501089,879.1,423.1,830.0,411.2,854.55,417.15,0
167,5541,501090,877.9,424.4,827.1,411.4,852.5,417.9,0
167,5542,501091,876.8,425.5,824.5,411.7,850.65,418.6,0
167,5543,501092,875.8,426.9,822.5,412.0,849.15,419.45,0
167,5544,501093,875.0,428.5,821.2,412.4,848.1,420.45,0
167,5545,501094,874.1,429.8,820.0,412.8,847.05,421.3,0
167,5546,501095,873.4,430.8,818.3,413.5,845.85,422.15,0
167,5547,501096,872.7,431.8,817.3,414.1,845.0,422.95,0
167,5548,501097,872.1,432.6,816.3,414.8,844.2,423.7,0
167,5549,501098,871.4,433.1,815.4,415.4,843.4,424.25,0
167,5550,501099,870.7,433.3,814.6,415.9,842.65,424.6,0
167,5551,501100,870.2,433.6,814.1,416.3,842.15,424.95,0
167,5552,501101,870.2,434.1,813.7,416.6,841.95,425.35,0
167,5553,501102,870.4,434.5,813.7,417.0,842.05,425.75,0
167,5554,501103,870.8,435.0,813.8,417.4,842.3,426.2,0
167,5555,501104,871.5,435.6,814.1,418.0,842.8,426.8,0
167,5556,501105,872.3,436.2,814.4,418.6,843.35,427.4,0
167,5557,501106,873.2,436.9,814.7,419.2,843.95,428.05,0
167,5558,501107,874.0,437.5,815.0,419.8,844.5,428.65,0
167,5559,501108,874.6,437.8,815.7,420.4,845.15,429.1,0
167,5560,501109,875.0,438.1,816.4,420.6,845.7,429.35,0
167,5561,501110,875.1,438.4,817.0,420.8,846.05,429.6,0
167,5562,501111,875.2,438.4,817.4,420.8,846.3,429.6,0
167,5563,501112,875.1,438.5,817.8,420.9,846.45,429.7,0
167,5564,501113,875.0,438.3,818.1,421.0,846.55,429.65,0
167,5565,501114,874.9,438.0,817.9,421.1,846.4,429.55,0
167,5566,501115,874.1,437.7,817.3,421.3,845.7,429.5,0
168,5567,501116,873.1,437.3,816.7,421.6,844.9,429.45,0
168,5568,501117,872.0,437.1,816.1,422.4,844.05,429.75,0
168,5569,501118,870.9,436.8,815.4,423.2,843.15,430.0,0
168,5570,501119,869.4,436.6,814.8,423.8,842.1,430.2,0
168,5571,501120,868.0,436.4,814.2,424.5,841.1,430.45,0
168,5572,501121,866.6,436.2,814.1,425.3,840.35,430.75,0
168,5573,501122,865.9,436.3,814.0,426.1,839.95,431.2,0
168,5574,501123,865.5,436.5,813.8,427.0,839.65,431.75,0
168,5575,501124,865.1,436.8,813.6,427.6,839.35,432.2,0
168,5576,501125,864.6,437.1,813.5,428.2,839.05,432.65,0
168,5577,501126,864.4,437.5,813.3,429.0,838.85,433.25,0
168,5578,501127,864.2,438.0,813.0,430.0,838.6,434.0,0
168,5579,501128,864.0,438.6,812.7,431.2,838.35,434.9,0
168,5580,501129,863.8,439.1,812.4,432.2,838.1,435.65,0
168,5581,501130,863.5,439.4,812.2,433.1,837.85,436.25,0
168,5582,501131,863.3,439.7,812.0,433.6,837.65,436.65,0
168,5583,501132,863.3,439.8,811.9,434.2,837.6,437.0,0
168,5584,501133,863.2,439.9,811.9,434.4,837.55,437.15,0
168,5585,501134,863.2,439.8,812.0,434.5,837.6,437.15,0
168,5586,501135,863.2,439.7,812.4,434.4,837.8,437.05,0
168,5587,501136,863.1,439.4,813.0,434.4,838.05,436.9,0
168,5588,501137,863.3,439.1,813.7,434.4,838.5,436.75,0
168,5589,501138,863.4,438.7,814.3,434.6,838.85,436.65,0
168,5590,501139,863.5,438.4,815.0,434.7,839.25,436.55,0
168,5591,501140,863.6,438.3,815.6,434.9,839.6,436.6,0
168,5592,501141,863.7,438.2,815.9,435.2,839.8,436.7,0
168,5593,501142,863.8,438.3,815.9,435.4,839.85,436.85,0
168,5594,501143,863.9,438.6,815.7,435.5,839.8,437.05,0
168,5595,501144,863.9,438.9,815.3,435.5,839.6,437.2,0
168,5596,501145,863.9,439.1,815.1,435.7,839.5,437.4,0
168,5597,501146,863.9,439.3,814.8,436.1,839.35,437.7,0
168,5598,501147,863.9,439.6,814.7,436.4,839.3,438.0,0
168,5599,501148,863.9,439.8,814.5,436.6,839.2,438.2,0
168,5600,501149,863.9,439.7,814.5,436.4,839.2,438.05,0
169,5601,501150,864.0,439.6,814.5,436.3,839.25,437.95,0
169,5602,501151,864.0,439.5,814.5,436.2,839.25,437.85,0
169,5603,501152,864.1,439.5,814.2,436.1,839.15,437.8,0
169,5604,501153,864.2,439.5,813.8,435.9,839.0,437.7,0
169,5605,501154,864.3,439.5,813.4,435.8,838.85,437.65,0
169,5606,501155,864.5,439.6,813.0,435.8,838.75,437.7,0
169,5607,501156,864.7,439.6,812.5,436.7,838.6,438.15,0
169,5608,501157,864.9,439.6,812.1,437.8,838.5,438.7,0
169,5609,501158,865.1,439.6,811.7,438.9,838.4,439.25,0
169,5610,501159,865.3,439.7,811.5,439.9,838.4,439.8,0
169,5611,501160,865.5,439.7,811.5,441.0,838.5,440.35,0
169,5612,501161,865.6,439.6,811.7,442.1,838.65,440.85,0
169,5613,501162,865.7,439.5,811.8,443.0,838.75,441.25,0
169,5614,501163,865.9,439.5,811.9,443.6,838.9,441.55,0
169,5615,501164,866.1,439.5,812.1,444.0,839.1,441.75,0
169,5616,501165,866.1,439.5,812.2,444.5,839.15,442.0,0
169,5617,501166,866.2,439.5,812.4,444.9,839.3,442.2,0
169,5618,501167,866.3,439.7,812.6,445.0,839.45,442.35,0
169,5619,501168,866.3,439.9,812.8,445.0,839.55,442.45,0
169,5620,501169,866.4,440.0,813.0,445.0,839.7,442.5,0
169,5621,501170,866.3,440.2,813.3,444.8,839.8,442.5,0
169,5622,501171,866.4,440.3,813.5,444.6,839.95,442.45,0
169,5623,501172,866.4,440.6,813.7,444.4,840.05,442.5,0
169,5624,501173,866.4,441.0,813.9,444.3,840.15,442.65,0
169,5625,501174,866.3,441.4,813.9,443.9,840.1,442.65,0
169,5626,501175,866.1,441.7,814.0,443.6,840.05,442.65,0
169,5627,501176,865.9,442.0,814.0,443.4,839.95,442.7,0
169,5628,501177,865.7,441.8,814.1,443.1,839.9,442.45,0
169,5629,501178,865.4,441.6,814.2,442.9,839.8,442.25,0
169,5630,501179,865.2,441.4,814.4,442.5,839.8,441.95,0
169,5631,501180,865.0,440.9,814.7,442.2,839.85,441.55,0
169,5632,501181,864.4,440.3,814.9,442.2,839.65,441.25,0
169,5633,501182,863.9,439.8,815.0,441.4,839.45,440.6,0
170,5634,501183,863.4,439.3,814.8,440.6,839.1,439.95,0
170,5635,501184,863.0,439.6,814.6,439.2,838.8,439.4,0
170,5636,501185,862.6,439.8,814.4,437.1,838.5,438.45,0
170,5637,501186,862.2,439.9,813.8,435.1,838.0,437.5,0
170,5638,501187,861.8,440.2,813.1,433.1,837.45,436.65,0
170,5639,501188,861.8,440.5,812.5,430.1,837.15,435.3,0
170,5640,501189,861.8,440.8,811.9,427.7,836.85,434.25,0
170,5641,501190,861.8,440.9,811.7,425.0,836.75,432.95,0
170,5642,501191,861.7,440.8,811.4,422.7,836.55,431.75,0
170,5643,501192,861.6,440.4,811.3,420.8,836.45,430.6,0
170,5644,501193,861.3,439.6,811.3,418.8,836.3,429.2,0
170,5645,501194,860.9,438.8,811.5,416.8,836.2,427.8,0
170,5646,501195,860.6,437.1,811.6,415.6,836.1,426.35,0
170,5647,501196,860.1,435.6,811.7,414.6,835.9,425.1,0
170,5648,501197,859.7,434.3,811.8,413.3,835.75,423.8,0
170,5649,501198,859.2,433.0,811.9,412.3,835.55,422.65,0
170,5650,501199,858.8,431.9,812.0,411.0,835.4,421.45,0
170,5651,501200,858.5,431.4,812.1,409.7,835.3,420.55,0
170,5652,501201,858.4,431.0,812.2,408.4,835.3,419.7,0
170,5653,501202,858.5,431.4,812.3,406.3,835.4,418.85,0
170,5654,501203,859.1,431.7,812.5,403.6,835.8,417.65,0
170,5655,501204,859.8,431.9,812.3,401.2,836.05,416.55,0
170,5656,501205,860.5,432.1,812.1,398.9,836.3,415.5,0
170,5657,501206,861.0,432.4,811.9,397.2,836.45,414.8,0
170,5658,501207,861.5,432.5,811.7,395.6,836.6,414.05,0
170,5659,501208,861.9,432.4,811.5,393.9,836.7,413.15,0
170,5660,501209,862.0,432.2,811.2,393.1,836.6,412.65,0
170,5661,501210,861.7,432.0,810.9,392.4,836.3,412.2,0
170,5662,501211,861.4,431.7,811.0,391.8,836.2,411.75,0
170,5663,501212,861.1,431.4,811.0,391.1,836.05,411.25,0
170,5664,501213,860.8,430.3,811.1,390.3,835.95,410.3,0
170,5665,501214,860.7,429.1,811.2,389.5,835.95,409.3,0
170,5666,501215,860.7,428.0,811.3,388.7,836.0,408.35,0
171,5667,501216,860.8,426.6,811.5,387.8,836.15,407.2,0
171,5668,501217,860.8,425.2,811.8,387.7,836.3,406.45,0
171,5669,501218,860.9,423.8,812.0,387.6,836.45,405.7,0
171,5670,501219,861.0,422.4,812.3,387.4,836.65,404.9,0
171,5671,501220,861.1,421.7,812.6,387.3,836.85,404.5,0
171,5672,501221,861.1,421.3,812.9,387.1,837.0,404.2,0
171,5673,501222,861.1,420.8,813.3,386.7,837.2,403.75,0
171,5674,501223,861.1,420.7,813.6,386.3,837.35,403.5,0
171,5675,501224,861.1,420.4,813.8,385.8,837.45,403.1,0
171,5676,501225,861.3,420.1,814.0,385.4,837.65,402.75,0
171,5677,501226,861.6,419.7,814.1,385.0,837.85,402.35,0
171,5678,501227,862.0,419.3,814.0,384.8,838.0,402.05,0
171,5679,501228,862.3,418.9,813.6,384.8,837.95,401.85,0
171,5680,501229,862.7,418.5,813.0,385.0,837.85,401.75,0
171,5681,501230,863.1,418.1,812.4,385.2,837.75,401.65,0
171,5682,501231,863.5,417.7,811.9,385.6,837.7,401.65,0
171,5683,501232,863.7,417.2,811.4,385.9,837.55,401.55,0
171,5684,501233,863.8,416.6,811.3,386.2,837.55,401.4,0
171,5685,501234,863.9,415.9,811.5,386.1,837.7,401.0,0
171,5686,501235,864.3,415.3,812.8,385.7,838.55,400.5,0
171,5687,501236,865.8,414.7,814.7,385.3,840.25,400.0,0
171,5688,501237,867.8,414.1,817.6,384.8,842.7,399.45,0
171,5689,501238,870.8,413.7,822.1,384.0,846.45,398.85,0
171,5690,501239,874.7,413.5,827.7,383.1,851.2,398.3,0
171,5691,501240,880.6,413.5,834.2,382.2,857.4,397.85,0
171,5692,501241,888.2,413.4,842.1,381.7,865.15,397.55,0
171,5693,501242,896.6,412.8,850.4,380.9,873.5,396.85,0
171,5694,501243,906.9,412.1,859.7,380.3,883.3,396.2,0
171,5695,501244,919.6,411.2,870.8,380.0,895.2,395.6,0
171,5696,501245,932.0,410.2,882.7,379.8,907.35,395.0,0
171,5697,501246,945.3,409.0,896.5,379.7,920.9,394.35,0
171,5698,501247,959.0,407.9,911.3,379.3,935.15,393.6,0
171,5699,501248,973.7,406.2,925.8,378.8,949.75,392.5,0
171,5700,501249,989.9,404.7,942.2,378.6,966.05,391.65,0
172,5701,501250,1005.5,403.2,959.7,378.2,982.6,390.7,0
172,5702,501251,1019.7,400.8,978.7,377.7,999.2,389.25,0
172,5703,501252,1035.3,398.3,997.5,377.2,1016.4,387.75,0
172,5704,501253,1051.5,395.3,1014.5,376.8,1033.0,386.05,0
172,5705,501254,1067.1,391.9,1031.0,376.5,1049.05,384.2,0
172,5706,501255,1082.1,389.1,1048.7,376.3,1065.4,382.7,0
172,5707,501256,1096.1,384.7,1066.3,376.2,1081.2,380.45,0
172,5708,501257,1110.0,380.3,1082.7,376.1,1096.35,378.2,0
172,5709,501258,1123.8,376.7,1097.2,376.1,1110.5,376.4,0
172,5710,501259,1137.7,372.1,1111.5,375.8,1124.6,373.95,0
172,5711,501260,1150.3,368.0,1127.3,375.3,1138.8,371.65,0
172,5712,501261,1163.3,363.0,1144.5,374.3,1153.9,368.65,0
172,5713,501262,1176.5,358.0,1162.2,373.2,1169.35,365.6,0
172,5714,501263,1190.1,354.5,1180.0,371.4,1185.05,362.95,0
172,5715,501264,1203.2,348.9,1197.4,368.8,1200.3,358.85,0
172,5716,501265,1216.7,343.5,1215.3,366.2,1216.0,354.85,0
172,5717,501266,1230.8,338.9,1234.0,362.5,1232.4,350.7,0
172,5718,501267,1245.7,334.3,1252.4,359.2,1249.05,346.75,0
172,5719,501268,1261.3,330.9,1270.3,355.2,1265.8,343.05,0
172,5720,501269,1276.5,327.3,1286.4,351.2,1281.45,339.25,0
172,5721,501270,1292.0,323.8,1301.7,347.9,1296.85,335.85,0
172,5722,501271,1308.6,322.2,1317.8,345.4,1313.2,333.8,0
172,5723,501272,1325.7,320.4,1332.9,340.3,1329.3,330.35,0
172,5724,501273,1342.9,318.8,1346.4,328.3,1344.65,323.55,0
172,5725,501274,1359.2,317.3,1361.4,315.9,1360.3,316.6,0
172,5726,501275,1374.7,316.0,1376.4,305.8,1375.55,310.9,0
172,5727,501276,1391.0,314.7,1393.3,296.9,1392.15,305.8,0
172,5728,501277,1406.6,313.4,1429.1,292.9,1417.85,303.15,0
172,5729,501278,1421.4,311.8,1477.7,296.0,1449.55,303.9,0
172,5730,501279,1435.7,310.5,1524.5,301.8,1480.1,306.15,0
172,5731,501280,1450.0,309.2,1570.7,315.3,1510.35,312.25,0
172,5732,501281,1466.1,308.2,1619.3,359.9,1542.7,334.05,0
172,5733,501282,1483.0,306.9,1669.7,407.2,1576.35,357.05,0
173,5734,501283,1499.5,307.8,1732.6,459.4,1616.05,383.6,0
173,5735,501284,1516.5,312.0,1775.5,517.9,1646.0,414.95,0
173,5736,501285,1535.1,324.1,1803.1,596.9,1669.1,460.5,0
173,5737,501286,1555.7,348.9,1829.2,677.9,1692.45,513.4,0
173,5738,501287,1581.6,386.2,1858.8,769.6,1720.2,577.9,0
173,5739,501288,1608.7,436.4,1885.5,844.1,1747.1,640.25,0
173,5740,501289,1642.6,513.9,1909.2,916.8,1775.9,715.35,0
173,5741,501290,1682.5,600.1,1936.6,1015.5,1809.55,807.8,0
173,5742,501291,1725.3,693.3,1978.5,1120.1,1851.9,906.7,0
173,5743,501292,1770.2,787.6,2344.1,1144.7,2057.15,966.15,0
173,5744,501293,1852.8,878.1,2729.2,1164.9,2291.0,1021.5,0
173,5745,501294,1936.4,960.6,3093.2,1162.4,2514.8,1061.5,0
173,5746,501295,2020.0,1035.5,3270.0,1157.9,2645.0,1096.7,0
173,5747,501296,2093.4,1083.6,NaN,NaN,2093.4,1083.6,0
173,5748,501297,2158.7,1120.8,NaN,NaN,2158.7,1120.8,0
173,5749,501298,2208.3,1141.1,NaN,NaN,2208.3,1141.1,0
173,5750,501299,2270.0,1158.0,NaN,NaN,2270.0,1158.0,0
173,5751,501300,2285.4,1172.5,NaN,NaN,2285.4,1172.5,0
173,5752,501301,2291.0,1184.1,NaN,NaN,2291.0,1184.1,0
173,5753,501302,2290.9,1184.1,NaN,NaN,2290.9,1184.1,0
173,5754,501303,2290.9,1184.1,NaN,NaN,2290.9,1184.1,0
173,5755,501304,NaN,NaN,NaN,NaN,NaN,NaN,0
173,5756,501305,NaN,NaN,NaN,NaN,NaN,NaN,0
173,5757,501306,NaN,NaN,NaN,NaN,NaN,NaN,0
173,5758,501307,NaN,NaN,NaN,NaN,NaN,NaN,0
173,5759,501308,NaN,NaN,NaN,NaN,NaN,NaN,0
173,5760,501309,NaN,NaN,NaN,NaN,NaN,NaN,0
173,5761,501310,NaN,NaN,NaN,NaN,NaN,NaN,0
173,5762,501311,NaN,NaN,NaN,NaN,NaN,NaN,0
173,5763,501312,NaN,NaN,NaN,NaN,NaN,NaN,0
173,5764,501313,NaN,NaN,NaN,NaN,NaN,NaN,0
173,5765,501314,NaN,NaN,NaN,NaN,NaN,NaN,0
173,5766,501315,NaN,NaN,NaN,NaN,NaN,NaN,0
174,5767,501316,NaN,NaN,NaN,NaN,NaN,NaN,0
174,5768,501317,NaN,NaN,NaN,NaN,NaN,NaN,0
174,5769,501318,NaN,NaN,NaN,NaN,NaN,NaN,0
174,5770,501319,NaN,NaN,NaN,NaN,NaN,NaN,0
174,5771,501320,NaN,NaN,NaN,NaN,NaN,NaN,0
174,5772,501321,NaN,NaN,NaN,NaN,NaN,NaN,0
174,5773,501322,NaN,NaN,NaN,NaN,NaN,NaN,0
174,5774,501323,NaN,NaN,NaN,NaN,NaN,NaN,0
174,5775,501324,NaN,NaN,NaN,NaN,NaN,NaN,0
174,5776,501325,NaN,NaN,NaN,NaN,NaN,NaN,0
174,5777,501326,NaN,NaN,NaN,NaN,NaN,NaN,0
174,5778,501327,NaN,NaN,NaN,NaN,NaN,NaN,0
174,5779,501328,NaN,NaN,NaN,NaN,NaN,NaN,0
174,5780,501329,NaN,NaN,NaN,NaN,NaN,NaN,0
174,5781,501330,NaN,NaN,NaN,NaN,NaN,NaN,0
174,5782,501331,NaN,NaN,NaN,NaN,NaN,NaN,0
174,5783,501332,NaN,NaN,NaN,NaN,NaN,NaN,0
174,5784,501333,NaN,NaN,NaN,NaN,NaN,NaN,0
174,5785,501334,NaN,NaN,NaN,NaN,NaN,NaN,0
174,5786,501335,NaN,NaN,NaN,NaN,NaN,NaN,0
174,5787,501336,NaN,NaN,NaN,NaN,NaN,NaN,0
174,5788,501337,NaN,NaN,NaN,NaN,NaN,NaN,0
174,5789,501338,NaN,NaN,NaN,NaN,NaN,NaN,0
174,5790,501339,NaN,NaN,NaN,NaN,NaN,NaN,0
174,5791,501340,NaN,NaN,NaN,NaN,NaN,NaN,0
174,5792,501341,NaN,NaN,NaN,NaN,NaN,NaN,0
174,5793,501342,NaN,NaN,NaN,NaN,NaN,NaN,0
174,5794,501343,NaN,NaN,NaN,NaN,NaN,NaN,0
174,5795,501344,NaN,NaN,NaN,NaN,NaN,NaN,0
174,5796,501345,NaN,NaN,NaN,NaN,NaN,NaN,0
174,5797,501346,NaN,NaN,NaN,NaN,NaN,NaN,0
174,5798,501347,NaN,NaN,NaN,NaN,NaN,NaN,0
174,5799,501348,NaN,NaN,NaN,NaN,NaN,NaN,0
174,5800,501349,NaN,NaN,NaN,NaN,NaN,NaN,0
175,5801,501350,NaN,NaN,NaN,NaN,NaN,NaN,0
175,5802,501351,NaN,NaN,NaN,NaN,NaN,NaN,0
175,5803,501352,NaN,NaN,NaN,NaN,NaN,NaN,0
175,5804,501353,NaN,NaN,NaN,NaN,NaN,NaN,0
175,5805,501354,NaN,NaN,NaN,NaN,NaN,NaN,0
175,5806,501355,NaN,NaN,NaN,NaN,NaN,NaN,0
175,5807,501356,NaN,NaN,NaN,NaN,NaN,NaN,0
175,5808,501357,NaN,NaN,NaN,NaN,NaN,NaN,0
175,5809,501358,NaN,NaN,NaN,NaN,NaN,NaN,0
175,5810,501359,NaN,NaN,NaN,NaN,NaN,NaN,0
175,5811,501360,NaN,NaN,NaN,NaN,NaN,NaN,0
175,5812,501361,NaN,NaN,NaN,NaN,NaN,NaN,0
175,5813,501362,NaN,NaN,NaN,NaN,NaN,NaN,0
175,5814,501363,NaN,NaN,NaN,NaN,NaN,NaN,0
175,5815,501364,NaN,NaN,NaN,NaN,NaN,NaN,0
175,5816,501365,NaN,NaN,NaN,NaN,NaN,NaN,0
175,5817,501366,NaN,NaN,NaN,NaN,NaN,NaN,0
175,5818,501367,NaN,NaN,NaN,NaN,NaN,NaN,0
175,5819,501368,NaN,NaN,NaN,NaN,NaN,NaN,0
175,5820,501369,NaN,NaN,NaN,NaN,NaN,NaN,0
175,5821,501370,NaN,NaN,NaN,NaN,NaN,NaN,0
175,5822,501371,NaN,NaN,NaN,NaN,NaN,NaN,0
175,5823,501372,NaN,NaN,NaN,NaN,NaN,NaN,0
175,5824,501373,NaN,NaN,NaN,NaN,NaN,NaN,0
175,5825,501374,NaN,NaN,NaN,NaN,NaN,NaN,0
175,5826,501375,NaN,NaN,NaN,NaN,NaN,NaN,0
175,5827,501376,NaN,NaN,NaN,NaN,NaN,NaN,0
175,5828,501377,NaN,NaN,NaN,NaN,NaN,NaN,0
175,5829,501378,NaN,NaN,NaN,NaN,NaN,NaN,0
175,5830,501379,NaN,NaN,NaN,NaN,NaN,NaN,0
175,5831,501380,NaN,NaN,NaN,NaN,NaN,NaN,0
175,5832,501381,NaN,NaN,NaN,NaN,NaN,NaN,0
175,5833,501382,NaN,NaN,NaN,NaN,NaN,NaN,0
176,5834,501383,NaN,NaN,NaN,NaN,NaN,NaN,0
176,5835,501384,NaN,NaN,NaN,NaN,NaN,NaN,0
176,5836,501385,NaN,NaN,NaN,NaN,NaN,NaN,0
176,5837,501386,NaN,NaN,NaN,NaN,NaN,NaN,0
176,5838,501387,NaN,NaN,NaN,NaN,NaN,NaN,0
176,5839,501388,NaN,NaN,NaN,NaN,NaN,NaN,0
176,5840,501389,NaN,NaN,NaN,NaN,NaN,NaN,0
176,5841,501390,NaN,NaN,NaN,NaN,NaN,NaN,0
176,5842,501391,NaN,NaN,NaN,NaN,NaN,NaN,0
176,5843,501392,NaN,NaN,NaN,NaN,NaN,NaN,0
176,5844,501393,NaN,NaN,NaN,NaN,NaN,NaN,0
176,5845,501394,NaN,NaN,NaN,NaN,NaN,NaN,0
176,5846,501395,NaN,NaN,NaN,NaN,NaN,NaN,0
176,5847,501396,NaN,NaN,NaN,NaN,NaN,NaN,0
176,5848,501397,NaN,NaN,NaN,NaN,NaN,NaN,0
176,5849,501398,NaN,NaN,NaN,NaN,NaN,NaN,0
176,5850,501399,NaN,NaN,NaN,NaN,NaN,NaN,0
176,5851,501400,NaN,NaN,NaN,NaN,NaN,NaN,0
176,5852,501401,NaN,NaN,NaN,NaN,NaN,NaN,0
176,5853,501402,NaN,NaN,NaN,NaN,NaN,NaN,0
176,5854,501403,NaN,NaN,NaN,NaN,NaN,NaN,0
176,5855,501404,NaN,NaN,NaN,NaN,NaN,NaN,0
176,5856,501405,NaN,NaN,NaN,NaN,NaN,NaN,0
176,5857,501406,NaN,NaN,NaN,NaN,NaN,NaN,0
176,5858,501407,NaN,NaN,NaN,NaN,NaN,NaN,0
176,5859,501408,NaN,NaN,NaN,NaN,NaN,NaN,0
176,5860,501409,NaN,NaN,NaN,NaN,NaN,NaN,0
176,5861,501410,NaN,NaN,NaN,NaN,NaN,NaN,0
176,5862,501411,NaN,NaN,NaN,NaN,NaN,NaN,0
176,5863,501412,NaN,NaN,NaN,NaN,NaN,NaN,0
176,5864,501413,NaN,NaN,NaN,NaN,NaN,NaN,0
176,5865,501414,NaN,NaN,NaN,NaN,NaN,NaN,0
176,5866,501415,NaN,NaN,NaN,NaN,NaN,NaN,0
177,5867,501416,NaN,NaN,NaN,NaN,NaN,NaN,0
177,5868,501417,NaN,NaN,NaN,NaN,NaN,NaN,0
177,5869,501418,NaN,NaN,NaN,NaN,NaN,NaN,0
177,5870,501419,NaN,NaN,NaN,NaN,NaN,NaN,0
177,5871,501420,NaN,NaN,NaN,NaN,NaN,NaN,0
177,5872,501421,NaN,NaN,NaN,NaN,NaN,NaN,0
177,5873,501422,NaN,NaN,NaN,NaN,NaN,NaN,0
177,5874,501423,NaN,NaN,NaN,NaN,NaN,NaN,0
177,5875,501424,NaN,NaN,NaN,NaN,NaN,NaN,0
177,5876,501425,NaN,NaN,NaN,NaN,NaN,NaN,0
177,5877,501426,NaN,NaN,NaN,NaN,NaN,NaN,0
177,5878,501427,NaN,NaN,NaN,NaN,NaN,NaN,0
177,5879,501428,NaN,NaN,NaN,NaN,NaN,NaN,0
177,5880,501429,NaN,NaN,NaN,NaN,NaN,NaN,0
177,5881,501430,NaN,NaN,NaN,NaN,NaN,NaN,0
177,5882,501431,NaN,NaN,NaN,NaN,NaN,NaN,0
177,5883,501432,NaN,NaN,NaN,NaN,NaN,NaN,0
177,5884,501433,NaN,NaN,NaN,NaN,NaN,NaN,0
177,5885,501434,NaN,NaN,NaN,NaN,NaN,NaN,0
177,5886,501435,NaN,NaN,NaN,NaN,NaN,NaN,0
177,5887,501436,NaN,NaN,NaN,NaN,NaN,NaN,0
177,5888,501437,NaN,NaN,NaN,NaN,NaN,NaN,0
177,5889,501438,NaN,NaN,NaN,NaN,NaN,NaN,0
177,5890,501439,NaN,NaN,NaN,NaN,NaN,NaN,0
177,5891,501440,NaN,NaN,NaN,NaN,NaN,NaN,0
177,5892,501441,NaN,NaN,NaN,NaN,NaN,NaN,0
177,5893,501442,NaN,NaN,NaN,NaN,NaN,NaN,0
177,5894,501443,NaN,NaN,NaN,NaN,NaN,NaN,0
177,5895,501444,NaN,NaN,NaN,NaN,NaN,NaN,0
177,5896,501445,NaN,NaN,NaN,NaN,NaN,NaN,0
177,5897,501446,NaN,NaN,NaN,NaN,NaN,NaN,0
177,5898,501447,NaN,NaN,NaN,NaN,NaN,NaN,0
177,5899,501448,NaN,NaN,NaN,NaN,NaN,NaN,0
177,5900,501449,NaN,NaN,NaN,NaN,NaN,NaN,0
178,5901,501450,NaN,NaN,NaN,NaN,NaN,NaN,0
178,5902,501451,NaN,NaN,NaN,NaN,NaN,NaN,0
178,5903,501452,NaN,NaN,NaN,NaN,NaN,NaN,0
178,5904,501453,NaN,NaN,NaN,NaN,NaN,NaN,0
178,5905,501454,NaN,NaN,NaN,NaN,NaN,NaN,0
178,5906,501455,1996.8,1271.8,NaN,NaN,1996.8,1271.8,0
178,5907,501456,2083.7,1234.3,NaN,NaN,2083.7,1234.3,0
178,5908,501457,2172.0,1195.9,NaN,NaN,2172.0,1195.9,0
178,5909,501458,2172.0,1195.9,NaN,NaN,2172.0,1195.9,0
178,5910,501459,2171.8,1194.8,NaN,NaN,2171.8,1194.8,0
178,5911,501460,2170.7,1191.2,NaN,NaN,2170.7,1191.2,0
178,5912,501461,2169.2,1186.7,NaN,NaN,2169.2,1186.7,0
178,5913,501462,2165.2,1181.3,NaN,NaN,2165.2,1181.3,0
178,5914,501463,2161.2,1175.4,NaN,NaN,2161.2,1175.4,0
178,5915,501464,2154.9,1169.3,NaN,NaN,2154.9,1169.3,0
178,5916,501465,2148.1,1161.6,NaN,NaN,2148.1,1161.6,0
178,5917,501466,2135.9,1155.2,NaN,NaN,2135.9,1155.2,0
178,5918,501467,2118.8,1151.7,NaN,NaN,2118.8,1151.7,0
178,5919,501468,2089.8,1151.4,NaN,NaN,2089.8,1151.4,0
178,5920,501469,2062.6,1149.3,NaN,NaN,2062.6,1149.3,0
178,5921,501470,2034.2,1140.8,NaN,NaN,2034.2,1140.8,0
178,5922,501471,2007.8,1130.9,NaN,NaN,2007.8,1130.9,0
178,5923,501472,1971.5,1122.0,NaN,NaN,1971.5,1122.0,0
178,5924,501473,1848.2,1119.2,NaN,NaN,1848.2,1119.2,0
178,5925,501474,1724.9,1114.2,NaN,NaN,1724.9,1114.2,0
178,5926,501475,1614.7,1105.0,NaN,NaN,1614.7,1105.0,0
178,5927,501476,1505.8,1095.6,NaN,NaN,1505.8,1095.6,0
178,5928,501477,1391.4,1093.0,NaN,NaN,1391.4,1093.0,0
178,5929,501478,1276.7,1087.2,NaN,NaN,1276.7,1087.2,0
178,5930,501479,1170.7,1080.9,NaN,NaN,1170.7,1080.9,0
178,5931,501480,1149.7,1072.6,NaN,NaN,1149.7,1072.6,0
178,5932,501481,1135.5,1064.5,NaN,NaN,1135.5,1064.5,0
178,5933,501482,1114.5,1054.1,NaN,NaN,1114.5,1054.1,0
179,5934,501483,1093.3,1044.6,NaN,NaN,1093.3,1044.6,0
179,5935,501484,1079.3,1032.8,NaN,NaN,1079.3,1032.8,0
179,5936,501485,1065.0,1021.9,NaN,NaN,1065.0,1021.9,0
179,5937,501486,1052.3,1011.3,2805.5,1400.6,1928.9,1205.95,0
179,5938,501487,1042.6,1001.3,2356.0,1069.7,1699.3,1035.5,0
179,5939,501488,1032.4,989.7,2356.1,1069.8,1694.25,1029.75,0
179,5940,501489,1026.3,962.1,2334.1,1067.7,1680.2,1014.9,0
179,5941,501490,1020.8,930.9,2307.7,1062.4,1664.25,996.65,0
179,5942,501491,1015.6,901.7,2286.0,1056.9,1650.8,979.3,0
179,5943,501492,1008.9,870.2,2250.3,1046.3,1629.6,958.25,0
179,5944,501493,1001.5,838.6,2195.0,1032.8,1598.25,935.7,0
179,5945,501494,994.6,806.7,2129.5,1013.1,1562.05,909.9,0
179,5946,501495,987.6,776.9,2064.9,993.4,1526.25,885.15,0
179,5947,501496,982.8,766.3,1997.9,970.6,1490.35,868.45,0
179,5948,501497,978.0,759.3,1938.2,949.9,1458.1,854.6,0
179,5949,501498,972.1,747.0,1881.7,929.4,1426.9,838.2,0
179,5950,501499,967.9,739.5,1817.6,909.7,1392.75,824.6,0
179,5951,501500,964.6,731.6,1771.0,891.8,1367.8,811.7,0
179,5952,501501,961.4,723.4,1730.3,878.0,1345.85,800.7,0
179,5953,501502,957.2,712.6,1683.3,861.5,1320.25,787.05,0
179,5954,501503,952.4,703.7,1652.7,848.1,1302.55,775.9,0
179,5955,501504,947.4,694.4,1619.0,834.2,1283.2,764.3,0
179,5956,501505,943.0,690.0,1582.7,820.2,1262.85,755.1,0
179,5957,501506,939.9,685.2,1558.6,807.6,1249.25,746.4,0
179,5958,501507,936.8,680.4,1532.8,794.9,1234.8,737.65,0
179,5959,501508,933.6,675.3,1506.9,783.1,1220.25,729.2,0
179,5960,501509,932.0,672.3,1483.3,773.8,1207.65,723.05,0
179,5961,501510,931.2,667.0,1458.5,762.5,1194.85,714.75,0
179,5962,501511,930.5,661.9,1437.6,752.2,1184.05,707.05,0
179,5963,501512,930.2,657.2,1412.6,742.1,1171.4,699.65,0
179,5964,501513,929.9,653.0,1388.1,732.0,1159.0,692.5,0
179,5965,501514,929.6,647.8,1361.9,722.7,1145.75,685.25,0
179,5966,501515,929.3,642.9,1338.9,713.4,1134.1,678.15,0
180,5967,501516,929.1,638.3,1318.1,704.1,1123.6,671.2,0
180,5968,501517,928.6,636.1,1297.6,696.1,1113.1,666.1,0
180,5969,501518,928.0,633.5,1276.6,687.5,1102.3,660.5,0
180,5970,501519,927.2,630.8,1261.9,680.1,1094.55,655.45,0
180,5971,501520,926.3,628.0,1248.1,674.0,1087.2,651.0,0
180,5972,501521,925.0,626.3,1237.0,668.0,1081.0,647.15,0
180,5973,501522,923.8,625.0,1224.4,662.4,1074.1,643.7,0
180,5974,501523,922.7,624.0,1203.8,654.7,1063.25,639.35,0
180,5975,501524,921.8,623.7,1185.0,649.3,1053.4,636.5,0
180,5976,501525,920.4,623.8,1139.5,630.1,1029.95,626.95,0
180,5977,501526,919.4,624.1,1094.6,608.4,1007.0,616.25,0
180,5978,501527,918.3,625.5,1050.7,586.6,984.5,606.05,0
180,5979,501528,917.6,627.0,1009.0,565.3,963.3,596.15,0
180,5980,501529,917.0,629.1,969.5,544.4,943.25,586.75,0
180,5981,501530,916.4,631.2,939.7,526.0,928.05,578.6,0
180,5982,501531,915.9,633.0,910.0,507.8,912.95,570.4,0
180,5983,501532,916.0,634.6,908.7,507.2,912.35,570.9,0
180,5984,501533,916.3,636.3,907.6,509.2,911.95,572.75,0
180,5985,501534,917.0,637.0,905.7,511.4,911.35,574.2,0
180,5986,501535,917.9,637.7,904.2,513.6,911.05,575.65,0
180,5987,501536,919.0,637.8,903.1,515.7,911.05,576.75,0
180,5988,501537,919.9,637.9,902.2,517.9,911.05,577.9,0
180,5989,501538,920.9,638.0,901.5,519.8,911.2,578.9,0
180,5990,501539,921.6,638.5,900.9,521.9,911.25,580.2,0
180,5991,501540,922.2,639.2,900.2,525.0,911.2,582.1,0
180,5992,501541,922.3,640.0,900.3,528.1,911.3,584.05,0
180,5993,501542,922.4,640.6,900.2,531.1,911.3,585.85,0
180,5994,501543,922.3,641.9,899.8,535.7,911.05,588.8,0
180,5995,501544,922.2,643.0,899.2,540.0,910.7,591.5,0
180,5996,501545,922.2,644.2,898.4,544.2,910.3,594.2,0
180,5997,501546,922.4,644.8,897.6,546.0,910.0,595.4,0
180,5998,501547,922.5,645.2,896.9,546.6,909.7,595.9,0
180,5999,501548,922.6,645.6,896.1,547.1,909.35,596.35,0
180,6000,501549,922.7,645.8,895.5,547.6,909.1,596.7,0
181,6001,501550,922.6,645.3,895.1,546.6,908.85,595.95,0
181,6002,501551,922.5,644.9,894.8,545.7,908.65,595.3,0
181,6003,501552,922.4,644.6,894.4,547.6,908.4,596.1,0
181,6004,501553,922.4,644.4,894.0,550.2,908.2,597.3,0
181,6005,501554,922.4,644.3,893.5,552.8,907.95,598.55,0
181,6006,501555,922.6,644.3,892.5,557.4,907.55,600.85,0
181,6007,501556,922.7,645.0,891.4,561.9,907.05,603.45,0
181,6008,501557,922.9,646.0,890.4,566.8,906.65,606.4,0
181,6009,501558,923.2,647.1,889.5,571.7,906.35,609.4,0
181,6010,501559,923.4,648.2,888.8,573.9,906.1,611.05,0
181,6011,501560,923.6,649.3,887.9,576.2,905.75,612.75,0
181,6012,501561,923.7,650.2,887.0,579.1,905.35,614.65,0
181,6013,501562,923.6,651.2,886.7,581.4,905.15,616.3,0
181,6014,501563,923.4,651.7,886.3,583.7,904.85,617.7,0
181,6015,501564,923.1,651.9,885.8,585.8,904.45,618.85,0
181,6016,501565,922.9,652.1,885.4,588.0,904.15,620.05,0
181,6017,501566,922.5,652.5,884.9,591.6,903.7,622.05,0
181,6018,501567,922.1,652.8,884.5,595.2,903.3,624.0,0
181,6019,501568,921.6,653.3,884.2,598.6,902.9,625.95,0
181,6020,501569,921.2,653.8,883.9,600.8,902.55,627.3,0
181,6021,501570,921.0,654.4,883.6,603.0,902.3,628.7,0
181,6022,501571,920.7,655.0,883.3,605.6,902.0,630.3,0
181,6023,501572,920.4,655.5,882.8,608.5,901.6,632.0,0
181,6024,501573,920.1,655.9,882.3,609.9,901.2,632.9,0
181,6025,501574,919.9,656.2,881.9,611.3,900.9,633.75,0
181,6026,501575,919.8,656.5,881.5,612.0,900.65,634.25,0
181,6027,501576,919.6,656.9,881.2,612.5,900.4,634.7,0
181,6028,501577,919.4,656.9,881.0,613.0,900.2,634.95,0
181,6029,501578,919.2,657.0,881.0,612.9,900.1,634.95,0
181,6030,501579,919.1,656.7,881.3,612.6,900.2,634.65,0
181,6031,501580,919.0,656.5,881.6,612.3,900.3,634.4,0
181,6032,501581,918.9,656.5,882.0,612.0,900.45,634.25,0
181,6033,501582,918.9,656.5,882.4,612.0,900.65,634.25,0
182,6034,501583,918.9,656.4,882.7,613.8,900.8,635.1,0
182,6035,501584,918.8,656.4,882.9,615.7,900.85,636.05,0
182,6036,501585,918.7,656.5,883.1,617.6,900.9,637.05,0
182,6037,501586,918.6,656.9,883.1,619.5,900.85,638.2,0
182,6038,501587,918.5,657.3,883.1,621.4,900.8,639.35,0
182,6039,501588,918.4,657.6,883.0,623.2,900.7,640.4,0
182,6040,501589,918.4,657.7,882.9,625.0,900.65,641.35,0
182,6041,501590,918.3,657.9,882.9,625.0,900.6,641.45,0
182,6042,501591,918.4,658.0,882.9,625.1,900.65,641.55,0
182,6043,501592,918.7,658.1,882.9,625.1,900.8,641.6,0
182,6044,501593,918.9,658.3,882.8,625.0,900.85,641.65,0
182,6045,501594,919.0,658.4,882.7,624.9,900.85,641.65,0
182,6046,501595,919.3,658.5,882.7,624.7,901.0,641.6,0
182,6047,501596,919.5,658.5,882.7,624.6,901.1,641.55,0
182,6048,501597,919.8,658.2,882.8,624.4,901.3,641.3,0
182,6049,501598,919.9,657.9,882.8,624.4,901.35,641.15,0
182,6050,501599,920.0,657.7,882.8,624.4,901.4,641.05,0
182,6051,501600,919.8,657.4,882.9,624.4,901.35,640.9,0
182,6052,501601,919.7,657.1,882.9,624.7,901.3,640.9,0
182,6053,501602,919.6,656.9,882.8,625.0,901.2,640.95,0
182,6054,501603,919.6,656.7,882.7,625.5,901.15,641.1,0
182,6055,501604,919.7,656.8,882.6,626.1,901.15,641.45,0
182,6056,501605,919.9,656.8,882.4,626.7,901.15,641.75,0
182,6057,501606,920.2,656.7,882.2,627.2,901.2,641.95,0
182,6058,501607,920.6,656.6,882.1,627.7,901.35,642.15,0
182,6059,501608,921.0,656.4,882.0,628.0,901.5,642.2,0
182,6060,501609,921.2,656.3,882.1,628.2,901.65,642.25,0
182,6061,501610,921.1,656.1,882.4,628.2,901.75,642.15,0
182,6062,501611,920.9,655.8,882.7,628.2,901.8,642.0,0
182,6063,501612,920.6,655.2,883.0,629.3,901.8,642.25,0
182,6064,501613,920.3,654.8,883.2,630.4,901.75,642.6,0
182,6065,501614,920.0,654.1,883.5,631.4,901.75,642.75,0
182,6066,501615,919.7,653.5,883.7,632.4,901.7,642.95,0
183,6067,501616,919.9,652.9,883.9,632.8,901.9,642.85,0
183,6068,501617,920.2,652.5,884.0,633.3,902.1,642.9,0
183,6069,501618,920.6,652.3,884.0,633.7,902.3,643.0,0
183,6070,501619,921.0,652.5,884.1,632.9,902.55,642.7,0
183,6071,501620,921.4,652.6,884.2,632.1,902.8,642.35,0
183,6072,501621,921.9,652.5,884.3,631.5,903.1,642.0,0
183,6073,501622,922.2,652.1,884.3,630.9,903.25,641.5,0
183,6074,501623,922.4,651.6,884.3,631.1,903.35,641.35,0
183,6075,501624,922.7,651.0,884.3,631.3,903.5,641.15,0
183,6076,501625,922.9,650.4,884.2,632.1,903.55,641.25,0
183,6077,501626,923.0,649.7,884.1,633.0,903.55,641.35,0
183,6078,501627,923.0,648.9,884.0,633.9,903.5,641.4,0
183,6079,501628,923.0,648.6,883.9,634.7,903.45,641.65,0
183,6080,501629,923.0,648.4,883.7,635.4,903.35,641.9,0
183,6081,501630,922.9,648.2,883.6,636.0,903.25,642.1,0
183,6082,501631,922.7,647.9,883.5,636.4,903.1,642.15,0
183,6083,501632,922.6,647.6,883.4,636.4,903.0,642.0,0
183,6084,501633,922.5,647.3,883.1,636.2,902.8,641.75,0
183,6085,501634,922.5,647.0,882.9,635.8,902.7,641.4,0
183,6086,501635,922.6,646.7,882.7,635.4,902.65,641.05,0
183,6087,501636,922.7,646.5,882.4,635.2,902.55,640.85,0
183,6088,501637,922.8,645.6,882.3,635.0,902.55,640.3,0
183,6089,501638,922.9,644.8,882.1,634.8,902.5,639.8,0
183,6090,501639,923.0,644.0,882.0,634.8,902.5,639.4,0
183,6091,501640,923.1,643.3,882.1,635.3,902.6,639.3,0
183,6092,501641,923.1,642.6,882.2,636.3,902.65,639.45,0
183,6093,501642,923.1,642.0,882.3,637.2,902.7,639.6,0
183,6094,501643,923.2,641.4,882.4,638.1,902.8,639.75,0
183,6095,501644,923.3,641.4,882.2,639.1,902.75,640.25,0
183,6096,501645,923.5,641.9,882.0,640.2,902.75,641.05,0
183,6097,501646,923.8,642.3,881.8,641.0,902.8,641.65,0
183,6098,501647,924.2,642.7,881.6,641.2,902.9,641.95,0
183,6099,501648,924.7,642.9,881.3,641.0,903.0,641.95,0
183,6100,501649,925.1,642.9,881.1,640.8,903.1,641.85,0
184,6101,501650,925.5,642.7,880.8,640.6,903.15,641.65,0
184,6102,501651,925.7,642.4,880.8,640.4,903.25,641.4,0
184,6103,501652,926.0,641.4,880.7,640.3,903.35,640.85,0
184,6104,501653,926.2,640.3,880.6,641.0,903.4,640.65,0
184,6105,501654,926.3,639.2,880.6,641.7,903.45,640.45,0
184,6106,501655,926.5,638.3,880.6,642.7,903.55,640.5,0
184,6107,501656,926.6,637.9,880.5,643.7,903.55,640.8,0
184,6108,501657,926.7,637.5,880.4,644.8,903.55,641.15,0
184,6109,501658,926.7,637.1,880.1,645.7,903.4,641.4,0
184,6110,501659,926.6,637.2,879.8,646.3,903.2,641.75,0
184,6111,501660,926.5,637.4,879.3,646.3,902.9,641.85,0
184,6112,501661,926.4,637.6,878.8,646.4,902.6,642.0,0
184,6113,501662,926.2,637.7,878.2,646.5,902.2,642.1,0
184,6114,501663,926.0,637.7,877.7,646.7,901.85,642.2,0
184,6115,501664,925.9,637.6,877.3,646.8,901.6,642.2,0
184,6116,501665,925.9,637.6,877.1,646.9,901.5,642.25,0
184,6117,501666,926.0,637.5,876.9,647.1,901.45,642.3,0
184,6118,501667,926.1,637.3,877.0,647.3,901.55,642.3,0
184,6119,501668,926.3,637.0,877.1,647.4,901.7,642.2,0
184,6120,501669,926.4,636.8,877.2,647.4,901.8,642.1,0
184,6121,501670,926.6,636.6,877.3,647.4,901.95,642.0,0
184,6122,501671,926.8,636.6,877.4,647.5,902.1,642.05,0
184,6123,501672,927.0,636.7,877.4,648.0,902.2,642.35,0
184,6124,501673,927.1,636.8,877.3,648.4,902.2,642.6,0
184,6125,501674,927.2,636.9,877.3,648.9,902.25,642.9,0
184,6126,501675,927.3,636.9,877.2,649.4,902.25,643.15,0
184,6127,501676,927.4,636.9,877.1,649.9,902.25,643.4,0
184,6128,501677,927.4,636.9,876.9,650.4,902.15,643.65,0
184,6129,501678,927.3,636.8,876.7,650.9,902.0,643.85,0
184,6130,501679,927.2,636.5,876.5,651.1,901.85,643.8,0
184,6131,501680,926.9,636.2,876.4,651.3,901.65,643.75,0
184,6132,501681,926.7,636.2,876.3,651.8,901.5,644.0,0
184,6133,501682,926.4,636.3,876.0,652.5,901.2,644.4,0
185,6134,501683,926.2,636.4,875.7,653.3,900.95,644.85,0
185,6135,501684,926.0,636.4,875.5,654.1,900.75,645.25,0
185,6136,501685,925.9,636.3,875.2,655.4,900.55,645.85,0
185,6137,501686,925.7,636.2,875.0,656.7,900.35,646.45,0
185,6138,501687,925.6,636.0,874.7,658.0,900.15,647.0,0
185,6139,501688,925.5,635.6,874.4,659.1,899.95,647.35,0
185,6140,501689,925.5,635.1,874.2,660.1,899.85,647.6,0
185,6141,501690,925.4,634.7,874.2,661.0,899.8,647.85,0
185,6142,501691,925.1,634.4,874.2,661.8,899.65,648.1,0
185,6143,501692,924.9,634.5,874.3,662.0,899.6,648.25,0
185,6144,501693,924.8,634.5,874.3,662.2,899.55,648.35,0
185,6145,501694,924.7,634.8,874.4,662.4,899.55,648.6,0
185,6146,501695,924.7,635.0,874.5,662.6,899.6,648.8,0
185,6147,501696,924.7,635.3,874.7,662.6,899.7,648.95,0
185,6148,501697,924.7,635.5,874.9,662.6,899.8,649.05,0
185,6149,501698,924.8,635.5,875.1,662.8,899.95,649.15,0
185,6150,501699,924.9,635.4,875.2,663.1,900.05,649.25,0
185,6151,501700,924.8,635.2,875.3,663.4,900.05,649.3,0
185,6152,501701,924.7,635.0,875.5,663.6,900.1,649.3,0
185,6153,501702,924.5,634.9,875.7,663.6,900.1,649.25,0
185,6154,501703,924.3,634.7,875.8,663.7,900.05,649.2,0
185,6155,501704,924.0,634.6,875.9,663.6,899.95,649.1,0
185,6156,501705,923.7,634.5,875.8,663.5,899.75,649.0,0
185,6157,501706,923.5,634.6,875.7,663.3,899.6,648.95,0
185,6158,501707,923.3,634.8,875.8,663.4,899.55,649.1,0
185,6159,501708,923.1,635.1,875.7,663.5,899.4,649.3,0
185,6160,501709,922.9,635.2,875.6,663.8,899.25,649.5,0
185,6161,501710,922.8,635.4,875.5,664.0,899.15,649.7,0
185,6162,501711,922.6,635.5,875.3,663.7,898.95,649.6,0
185,6163,501712,922.5,635.5,875.3,663.4,898.9,649.45,0
185,6164,501713,922.3,635.4,875.3,663.1,898.8,649.25,0
185,6165,501714,922.1,635.3,875.3,662.5,898.7,648.9,0
185,6166,501715,921.9,635.1,875.5,661.9,898.7,648.5,0
186,6167,501716,921.6,634.9,875.7,661.2,898.65,648.05,0
186,6168,501717,921.3,634.7,875.9,660.5,898.6,647.6,0
186,6169,501718,921.0,634.4,876.1,660.2,898.55,647.3,0
186,6170,501719,920.6,634.1,876.4,659.8,898.5,646.95,0
186,6171,501720,920.3,633.8,876.6,659.2,898.45,646.5,0
186,6172,501721,920.0,633.7,876.7,658.7,898.35,646.2,0
186,6173,501722,919.7,633.8,876.7,658.3,898.2,646.05,0
186,6174,501723,919.4,634.0,876.7,657.8,898.05,645.9,0
186,6175,501724,919.3,634.3,876.6,657.5,897.95,645.9,0
186,6176,501725,919.2,634.6,876.5,657.2,897.85,645.9,0
186,6177,501726,919.2,635.0,876.3,657.2,897.75,646.1,0
186,6178,501727,919.3,635.4,876.2,657.1,897.75,646.25,0
186,6179,501728,919.3,635.7,876.1,657.1,897.7,646.4,0
186,6180,501729,919.4,635.8,876.0,656.9,897.7,646.35,0
186,6181,501730,919.5,636.0,876.0,656.5,897.75,646.25,0
186,6182,501731,919.6,636.1,876.1,655.9,897.85,646.0,0
186,6183,501732,919.8,636.9,875.7,655.3,897.75,646.1,0
186,6184,501733,920.0,637.6,875.3,654.6,897.65,646.1,0
186,6185,501734,920.2,638.4,874.9,654.0,897.55,646.2,0
186,6186,501735,920.5,639.2,874.5,653.4,897.5,646.3,0
186,6187,501736,920.7,640.0,874.2,653.0,897.45,646.5,0
186,6188,501737,921.0,640.9,873.8,652.6,897.4,646.75,0
186,6189,501738,921.2,641.7,873.5,652.2,897.35,646.95,0
186,6190,501739,921.4,641.8,873.6,651.9,897.5,646.85,0
186,6191,501740,922.0,642.0,873.8,651.6,897.9,646.8,0
186,6192,501741,922.6,642.3,874.3,651.3,898.45,646.8,0
186,6193,501742,923.2,642.6,874.9,651.1,899.05,646.85,0
186,6194,501743,923.8,642.9,875.5,650.8,899.65,646.85,0
186,6195,501744,924.4,643.0,875.9,650.6,900.15,646.8,0
186,6196,501745,924.8,643.1,876.3,650.5,900.55,646.8,0
186,6197,501746,925.1,643.2,876.7,650.5,900.9,646.85,0
186,6198,501747,924.9,643.3,877.2,650.1,901.05,646.7,0
186,6199,501748,924.7,643.1,877.4,649.7,901.05,646.4,0
186,6200,501749,924.6,642.9,877.4,649.3,901.0,646.1,0
187,6201,501750,924.6,642.3,877.6,648.9,901.1,645.6,0
187,6202,501751,924.6,641.9,877.8,648.5,901.2,645.2,0
187,6203,501752,924.6,641.5,878.2,648.1,901.4,644.8,0
187,6204,501753,924.7,641.1,878.4,647.7,901.55,644.4,0
187,6205,501754,924.7,640.7,878.7,647.6,901.7,644.15,0
187,6206,501755,924.7,640.4,879.0,647.5,901.85,643.95,0
187,6207,501756,924.4,640.1,879.3,647.4,901.85,643.75,0
187,6208,501757,924.2,640.0,879.5,647.3,901.85,643.65,0
187,6209,501758,923.8,639.9,879.9,647.3,901.85,643.6,0
187,6210,501759,923.4,639.8,880.3,647.4,901.85,643.6,0
187,6211,501760,923.0,639.3,880.7,647.3,901.85,643.3,0
187,6212,501761,922.7,638.7,881.2,647.2,901.95,642.95,0
187,6213,501762,922.3,638.2,881.5,647.0,901.9,642.6,0
187,6214,501763,922.1,637.9,881.9,646.8,902.0,642.35,0
187,6215,501764,921.8,637.5,882.1,646.6,901.95,642.05,0
187,6216,501765,921.6,637.1,882.1,646.3,901.85,641.7,0
187,6217,501766,921.5,636.9,882.2,645.9,901.85,641.4,0
187,6218,501767,921.5,637.1,882.1,645.6,901.8,641.35,0
187,6219,501768,921.5,637.6,882.0,645.4,901.75,641.5,0
187,6220,501769,921.4,638.2,881.9,645.3,901.65,641.75,0
187,6221,501770,921.4,638.7,881.8,645.2,901.6,641.95,0
187,6222,501771,921.4,639.2,881.7,645.0,901.55,642.1,0
187,6223,501772,921.4,639.6,881.7,645.0,901.55,642.3,0
187,6224,501773,921.5,639.9,881.7,644.9,901.6,642.4,0
187,6225,501774,921.5,640.1,881.9,644.9,901.7,642.5,0
187,6226,501775,921.5,639.7,882.0,645.0,901.75,642.35,0
187,6227,501776,921.5,639.5,882.1,645.2,901.8,642.35,0
187,6228,501777,921.4,639.2,882.1,645.5,901.75,642.35,0
187,6229,501778,921.3,639.3,882.2,646.0,901.75,642.65,0
187,6230,501779,921.2,639.7,882.1,646.5,901.65,643.1,0
187,6231,501780,921.1,640.1,881.6,646.9,901.35,643.5,0
187,6232,501781,921.0,640.5,881.1,647.3,901.05,643.9,0
187,6233,501782,920.9,641.1,880.5,647.4,900.7,644.25,0
188,6234,501783,920.6,641.6,879.8,647.5,900.2,644.55,0
188,6235,501784,920.3,642.1,878.9,647.5,899.6,644.8,0
188,6236,501785,920.1,642.4,878.0,647.7,899.05,645.05,0
188,6237,501786,919.8,642.4,877.2,647.9,898.5,645.15,0
188,6238,501787,919.4,642.6,876.6,648.2,898.0,645.4,0
188,6239,501788,919.1,642.6,876.1,648.6,897.6,645.6,0
188,6240,501789,918.7,642.7,875.5,649.1,897.1,645.9,0
188,6241,501790,918.6,642.7,875.0,649.6,896.8,646.15,0
188,6242,501791,918.5,642.7,874.6,650.0,896.55,646.35,0
188,6243,501792,918.5,642.6,873.8,650.2,896.15,646.4,0
188,6244,501793,918.9,643.0,873.2,650.3,896.05,646.65,0
188,6245,501794,919.2,643.4,872.6,650.4,895.9,646.9,0
188,6246,501795,919.6,643.9,871.7,650.6,895.65,647.25,0
188,6247,501796,920.1,644.3,870.7,650.8,895.4,647.55,0
188,6248,501797,920.5,644.8,869.9,651.0,895.2,647.9,0
188,6249,501798,921.0,645.2,869.1,651.6,895.05,648.4,0
188,6250,501799,921.4,645.7,868.7,652.2,895.05,648.95,0
188,6251,501800,921.4,645.7,868.2,652.7,894.8,649.2,0
188,6252,501801,921.3,645.6,867.8,653.2,894.55,649.4,0
188,6253,501802,921.1,645.5,867.7,653.7,894.4,649.6,0
188,6254,501803,920.8,645.1,867.6,654.2,894.2,649.65,0
188,6255,501804,920.5,644.7,867.4,654.5,893.95,649.6,0
188,6256,501805,920.3,644.4,867.3,654.6,893.8,649.5,0
188,6257,501806,920.1,644.1,867.2,654.8,893.65,649.45,0
188,6258,501807,919.8,643.9,867.0,655.3,893.4,649.6,0
188,6259,501808,919.6,643.7,866.7,656.2,893.15,649.95,0
188,6260,501809,919.6,643.8,866.4,657.0,893.0,650.4,0
188,6261,501810,919.6,644.0,866.1,658.0,892.85,651.0,0
188,6262,501811,919.6,644.0,865.9,659.0,892.75,651.5,0
188,6263,501812,919.6,644.1,865.7,659.8,892.65,651.95,0
188,6264,501813,919.5,644.2,865.6,660.4,892.55,652.3,0
188,6265,501814,919.5,644.4,865.5,660.6,892.5,652.5,0
188,6266,501815,919.6,644.5,865.5,660.5,892.55,652.5,0
189,6267,501816,919.7,644.5,865.6,660.5,892.65,652.5,0
189,6268,501817,920.0,643.9,865.5,660.4,892.75,652.15,0
189,6269,501818,920.2,643.6,865.5,660.6,892.85,652.1,0
189,6270,501819,920.5,643.1,865.4,660.7,892.95,651.9,0
189,6271,501820,920.7,642.6,865.4,661.1,893.05,651.85,0
189,6272,501821,920.9,642.0,865.6,661.4,893.25,651.7,0
189,6273,501822,921.2,641.4,865.7,661.7,893.45,651.55,0
189,6274,501823,921.4,640.8,865.9,662.0,893.65,651.4,0
189,6275,501824,921.1,640.8,866.2,662.2,893.65,651.5,0
189,6276,501825,920.8,640.8,866.6,662.0,893.7,651.4,0
189,6277,501826,920.4,640.8,867.2,661.8,893.8,651.3,0
189,6278,501827,920.1,640.7,867.8,661.6,893.95,651.15,0
189,6279,501828,919.7,640.6,868.2,661.3,893.95,650.95,0
189,6280,501829,919.3,641.1,868.7,661.1,894.0,651.1,0
189,6281,501830,918.9,641.5,869.2,660.8,894.05,651.15,0
189,6282,501831,918.9,642.0,869.8,660.5,894.35,651.25,0
189,6283,501832,918.8,642.6,870.4,660.1,894.6,651.35,0
189,6284,501833,918.8,643.3,870.8,659.9,894.8,651.6,0
189,6285,501834,918.8,644.0,871.6,659.6,895.2,651.8,0
189,6286,501835,918.8,644.8,872.3,659.4,895.55,652.1,0
189,6287,501836,919.0,645.1,873.1,659.4,896.05,652.25,0
189,6288,501837,919.1,645.4,873.9,659.3,896.5,652.35,0
189,6289,501838,919.3,645.6,874.8,659.4,897.05,652.5,0
189,6290,501839,919.6,645.4,875.6,659.6,897.6,652.5,0
189,6291,501840,919.8,645.2,876.5,659.9,898.15,652.55,0
189,6292,501841,919.9,644.9,876.9,660.1,898.4,652.5,0
189,6293,501842,919.8,644.3,877.4,660.3,898.6,652.3,0
189,6294,501843,919.6,643.7,877.9,660.4,898.75,652.05,0
189,6295,501844,919.4,643.2,878.2,660.4,898.8,651.8,0
189,6296,501845,919.0,642.8,878.5,660.3,898.75,651.55,0
189,6297,501846,918.2,642.7,878.8,660.3,898.5,651.5,0
189,6298,501847,917.4,642.8,878.8,660.4,898.1,651.6,0
189,6299,501848,916.4,643.0,878.8,660.6,897.6,651.8,0
189,6300,501849,915.6,643.3,878.9,660.9,897.25,652.1,0
190,6301,501850,914.7,643.4,878.9,661.2,896.8,652.3,0
190,6302,501851,914.0,643.4,878.9,661.6,896.45,652.5,0
190,6303,501852,913.4,643.1,878.9,662.0,896.15,652.55,0
190,6304,501853,913.1,642.7,878.7,662.4,895.9,652.55,0
190,6305,501854,912.9,642.3,878.5,662.8,895.7,652.55,0
190,6306,501855,913.0,642.0,878.3,663.6,895.65,652.8,0
190,6307,501856,913.1,641.9,878.1,664.4,895.6,653.15,0
190,6308,501857,913.2,641.8,877.8,665.2,895.5,653.5,0
190,6309,501858,913.4,642.1,877.4,665.9,895.4,654.0,0
190,6310,501859,913.7,642.4,876.9,666.6,895.3,654.5,0
190,6311,501860,914.0,642.7,876.5,667.3,895.25,655.0,0
190,6312,501861,914.7,643.0,875.9,668.1,895.3,655.55,0
190,6313,501862,915.3,643.3,875.2,668.2,895.25,655.75,0
190,6314,501863,916.0,643.7,874.6,668.4,895.3,656.05,0
190,6315,501864,916.6,644.0,873.3,668.5,894.95,656.25,0
190,6316,501865,917.0,644.5,872.1,668.6,894.55,656.55,0
190,6317,501866,917.3,645.1,871.1,668.8,894.2,656.95,0
190,6318,501867,917.5,645.7,870.2,668.9,893.85,657.3,0
190,6319,501868,917.3,646.3,869.4,669.1,893.35,657.7,0
190,6320,501869,917.0,646.1,868.6,669.2,892.8,657.65,0
190,6321,501870,916.7,645.8,867.7,669.4,892.2,657.6,0
190,6322,501871,916.3,645.5,867.5,669.6,891.9,657.55,0
190,6323,501872,916.1,645.2,867.3,669.7,891.7,657.45,0
190,6324,501873,916.0,644.6,867.0,669.8,891.5,657.2,0
190,6325,501874,916.0,644.1,866.7,669.7,891.35,656.9,0
190,6326,501875,916.1,643.6,866.4,669.4,891.25,656.5,0
190,6327,501876,916.5,643.8,866.3,669.2,891.4,656.5,0
190,6328,501877,916.8,644.1,866.1,668.9,891.45,656.5,0
190,6329,501878,917.3,644.3,866.0,668.6,891.65,656.45,0
190,6330,501879,917.7,644.6,866.0,668.3,891.85,656.45,0
190,6331,501880,918.0,645.1,866.1,667.9,892.05,656.5,0
190,6332,501881,918.2,645.7,866.2,667.6,892.2,656.65,0
190,6333,501882,918.4,646.4,866.3,667.4,892.35,656.9,0
191,6334,501883,918.6,647.1,866.4,667.2,892.5,657.15,0
191,6335,501884,918.9,648.1,866.5,667.0,892.7,657.55,0
191,6336,501885,919.5,649.5,866.7,666.9,893.1,658.2,0
191,6337,501886,920.0,650.6,866.9,666.7,893.45,658.65,0
191,6338,501887,920.6,651.7,867.3,666.8,893.95,659.25,0
191,6339,501888,920.8,652.5,867.8,666.8,894.3,659.65,0
191,6340,501889,920.9,653.4,868.3,666.6,894.6,660.0,0
191,6341,501890,920.4,654.3,868.8,666.2,894.6,660.25,0
191,6342,501891,919.8,654.9,869.2,665.7,894.5,660.3,0
191,6343,501892,918.9,654.9,869.3,664.3,894.1,659.6,0
191,6344,501893,917.5,654.8,869.1,662.2,893.3,658.5,0
191,6345,501894,916.2,654.3,868.6,659.8,892.4,657.05,0
191,6346,501895,914.6,652.4,867.1,655.4,890.85,653.9,0
191,6347,501896,912.2,649.6,865.5,650.2,888.85,649.9,0
191,6348,501897,910.1,646.1,863.9,643.7,887.0,644.9,0
191,6349,501898,907.9,640.6,862.4,636.0,885.15,638.3,0
191,6350,501899,904.8,632.9,861.2,625.9,883.0,629.4,0
191,6351,501900,902.1,624.3,860.3,616.2,881.2,620.25,0
191,6352,501901,899.0,616.0,858.9,604.2,878.95,610.1,0
191,6353,501902,895.6,607.7,858.5,591.9,877.05,599.8,0
191,6354,501903,893.0,598.0,858.2,578.9,875.6,588.45,0
191,6355,501904,890.6,586.3,856.7,565.8,873.65,576.05,0
191,6356,501905,887.1,575.6,854.9,552.4,871.0,564.0,0
191,6357,501906,884.0,565.4,852.3,541.3,868.15,553.35,0
191,6358,501907,881.0,555.9,848.8,529.9,864.9,542.9,0
191,6359,501908,877.6,544.8,844.9,520.9,861.25,532.85,0
191,6360,501909,874.5,534.5,840.8,512.3,857.65,523.4,0
191,6361,501910,870.4,525.3,835.2,504.5,852.8,514.9,0
191,6362,501911,866.5,518.6,830.1,498.3,848.3,508.45,0
191,6363,501912,863.6,512.4,824.6,492.9,844.1,502.65,0
191,6364,501913,861.0,507.9,819.5,488.3,840.25,498.1,0
191,6365,501914,858.5,503.6,815.0,484.4,836.75,494.0,0
191,6366,501915,856.4,501.1,811.6,480.6,834.0,490.85,0
192,6367,501916,855.2,499.2,808.2,478.8,831.7,489.0,0
192,6368,501917,854.9,498.4,806.3,479.2,830.6,488.8,0
192,6369,501918,854.6,497.6,804.8,479.8,829.7,488.7,0
192,6370,501919,853.5,497.4,803.5,482.4,828.5,489.9,0
192,6371,501920,851.5,497.4,802.1,486.1,826.8,491.75,0
192,6372,501921,848.6,497.5,800.3,490.3,824.45,493.9,0
192,6373,501922,845.6,497.6,797.6,495.0,821.6,496.3,0
192,6374,501923,841.8,498.1,794.2,499.8,818.0,498.95,0
192,6375,501924,837.4,498.7,790.8,503.3,814.1,501.0,0
192,6376,501925,832.1,499.3,786.7,506.7,809.4,503.0,0
192,6377,501926,827.5,499.9,783.4,508.8,805.45,504.35,0
192,6378,501927,823.8,500.5,780.0,510.0,801.9,505.25,0
192,6379,501928,821.2,501.0,777.1,511.0,799.15,506.0,0
192,6380,501929,818.7,501.4,775.0,512.4,796.85,506.9,0
192,6381,501930,817.4,501.5,773.6,513.9,795.5,507.7,0
192,6382,501931,816.8,501.7,772.2,515.6,794.5,508.65,0
192,6383,501932,817.6,501.8,771.7,517.3,794.65,509.55,0
192,6384,501933,819.3,502.1,771.4,519.0,795.35,510.55,0
192,6385,501934,821.1,502.3,771.4,520.6,796.25,511.45,0
192,6386,501935,823.0,502.7,771.6,521.9,797.3,512.3,0
192,6387,501936,825.6,503.2,772.5,522.3,799.05,512.75,0
192,6388,501937,828.5,503.9,773.4,522.5,800.95,513.2,0
192,6389,501938,831.1,504.8,774.7,522.2,802.9,513.5,0
192,6390,501939,833.4,505.6,775.9,521.8,804.65,513.7,0
192,6391,501940,835.0,506.4,777.0,521.4,806.0,513.9,0
192,6392,501941,836.4,507.2,778.1,521.1,807.25,514.15,0
192,6393,501942,837.8,507.9,779.1,520.8,808.45,514.35,0
192,6394,501943,838.2,508.5,779.7,520.6,808.95,514.55,0
192,6395,501944,838.1,508.9,780.2,520.3,809.15,514.6,0
192,6396,501945,837.9,509.0,780.0,520.2,808.95,514.6,0
192,6397,501946,837.7,509.0,779.8,520.1,808.75,514.55,0
192,6398,501947,836.8,508.7,779.6,520.0,808.2,514.35,0
192,6399,501948,835.6,508.4,779.2,520.0,807.4,514.2,0
192,6400,501949,834.2,508.1,778.8,520.1,806.5,514.1,0
193,6401,501950,832.8,507.7,778.4,520.1,805.6,513.9,0
193,6402,501951,831.4,507.3,778.0,520.2,804.7,513.75,0
193,6403,501952,830.0,506.8,778.2,520.5,804.1,513.65,0
193,6404,501953,828.5,506.0,778.3,520.7,803.4,513.35,0
193,6405,501954,827.7,505.5,778.3,520.9,803.0,513.2,0
193,6406,501955,826.8,504.9,778.3,521.0,802.55,512.95,0
193,6407,501956,826.2,504.2,778.3,520.9,802.25,512.55,0
193,6408,501957,825.7,503.7,778.4,520.8,802.05,512.25,0
193,6409,501958,825.4,503.3,778.5,520.7,801.95,512.0,0
193,6410,501959,825.2,503.0,778.6,520.4,801.9,511.7,0
193,6411,501960,825.1,503.1,778.8,520.0,801.95,511.55,0
193,6412,501961,825.2,503.1,779.2,519.6,802.2,511.35,0
193,6413,501962,825.4,503.2,779.6,519.2,802.5,511.2,0
193,6414,501963,825.8,503.3,780.1,518.9,802.95,511.1,0
193,6415,501964,826.0,503.3,780.6,518.5,803.3,510.9,0
193,6416,501965,826.2,503.3,781.1,518.1,803.65,510.7,0
193,6417,501966,826.3,503.3,781.6,517.8,803.95,510.55,0
193,6418,501967,826.4,503.4,781.9,517.5,804.15,510.45,0
193,6419,501968,826.4,503.6,782.2,517.2,804.3,510.4,0
193,6420,501969,826.5,503.7,782.4,516.9,804.45,510.3,0
193,6421,501970,826.5,503.7,782.6,516.6,804.55,510.15,0
193,6422,501971,826.5,503.8,782.7,516.3,804.6,510.05,0
193,6423,501972,826.6,503.5,782.7,515.8,804.65,509.65,0
193,6424,501973,826.7,503.2,782.8,515.3,804.75,509.25,0
193,6425,501974,826.9,502.9,782.9,514.9,804.9,508.9,0
193,6426,501975,827.2,502.5,783.2,514.5,805.2,508.5,0
193,6427,501976,827.4,502.1,783.4,514.2,805.4,508.15,0
193,6428,501977,827.7,501.8,783.7,513.9,805.7,507.85,0
193,6429,501978,827.9,501.4,784.1,513.8,806.0,507.6,0
193,6430,501979,828.0,501.4,784.4,513.8,806.2,507.6,0
193,6431,501980,828.1,501.4,784.6,513.9,806.35,507.65,0
193,6432,501981,828.1,501.3,784.7,513.8,806.4,507.55,0
193,6433,501982,827.9,501.3,784.7,513.5,806.3,507.4,0
194,6434,501983,827.8,501.3,784.7,513.3,806.25,507.3,0
194,6435,501984,827.7,501.3,784.7,513.0,806.2,507.15,0
194,6436,501985,827.6,501.2,784.6,513.0,806.1,507.1,0
194,6437,501986,827.5,500.9,784.5,513.1,806.0,507.0,0
194,6438,501987,827.6,500.6,784.3,513.1,805.95,506.85,0
194,6439,501988,827.9,500.2,784.1,513.0,806.0,506.6,0
194,6440,501989,828.1,499.9,784.0,513.3,806.05,506.6,0
194,6441,501990,828.4,499.6,783.7,513.4,806.05,506.5,0
194,6442,501991,828.6,499.5,783.5,513.6,806.05,506.55,0
194,6443,501992,828.8,499.5,783.3,513.4,806.05,506.45,0
194,6444,501993,829.0,499.6,783.1,513.2,806.05,506.4,0
194,6445,501994,828.9,499.7,782.9,512.9,805.9,506.3,0
194,6446,501995,828.7,499.9,782.6,512.8,805.65,506.35,0
194,6447,501996,828.4,500.1,782.2,512.6,805.3,506.35,0
194,6448,501997,828.1,500.4,781.9,512.4,805.0,506.4,0
194,6449,501998,827.9,500.5,781.6,511.8,804.75,506.15,0
194,6450,501999,827.7,500.7,781.3,511.1,804.5,505.9,0
194,6451,502000,827.5,500.8,781.1,510.3,804.3,505.55,0
194,6452,502001,827.6,501.0,780.9,509.5,804.25,505.25,0
194,6453,502002,827.6,501.1,781.2,508.9,804.4,505.0,0
194,6454,502003,827.7,501.2,781.5,508.2,804.6,504.7,0
194,6455,502004,827.8,501.0,781.9,507.4,804.85,504.2,0
194,6456,502005,827.9,500.8,782.3,506.8,805.1,503.8,0
194,6457,502006,827.9,500.2,782.6,506.0,805.25,503.1,0
194,6458,502007,827.9,499.6,782.9,505.3,805.4,502.45,0
194,6459,502008,827.9,499.1,783.2,504.5,805.55,501.8,0
194,6460,502009,827.9,498.6,783.2,503.8,805.55,501.2,0
194,6461,502010,827.9,498.0,783.0,503.1,805.45,500.55,0
194,6462,502011,827.9,497.6,782.8,502.6,805.35,500.1,0
194,6463,502012,828.0,497.1,782.1,502.1,805.05,499.6,0
194,6464,502013,828.1,497.1,781.5,501.9,804.8,499.5,0
194,6465,502014,828.2,497.0,780.9,501.8,804.55,499.4,0
194,6466,502015,828.2,497.0,780.3,501.8,804.25,499.4,0
195,6467,502016,828.3,497.0,779.8,502.0,804.05,499.5,0
195,6468,502017,828.3,497.0,779.4,502.1,803.85,499.55,0
195,6469,502018,828.2,497.0,779.1,502.5,803.65,499.75,0
195,6470,502019,828.2,497.0,779.1,502.9,803.65,499.95,0
195,6471,502020,828.2,497.1,779.2,503.2,803.7,500.15,0
195,6472,502021,828.2,497.1,779.2,503.3,803.7,500.2,0
195,6473,502022,828.3,497.1,779.1,503.3,803.7,500.2,0
195,6474,502023,828.5,497.1,779.0,503.3,803.75,500.2,0
195,6475,502024,828.6,497.0,779.0,502.7,803.8,499.85,0
195,6476,502025,828.8,496.9,779.0,501.6,803.9,499.25,0
195,6477,502026,829.0,496.4,779.0,500.6,804.0,498.5,0
195,6478,502027,829.1,496.0,779.1,499.6,804.1,497.8,0
195,6479,502028,829.2,495.6,779.1,498.8,804.15,497.2,0
195,6480,502029,829.2,495.3,779.1,498.0,804.15,496.65,0
195,6481,502030,829.2,494.9,779.0,497.2,804.1,496.05,0
195,6482,502031,829.3,494.6,779.0,496.7,804.15,495.65,0
195,6483,502032,829.3,494.3,779.0,496.6,804.15,495.45,0
195,6484,502033,829.4,494.4,778.9,496.4,804.15,495.4,0
195,6485,502034,829.5,494.5,778.9,496.3,804.2,495.4,0
195,6486,502035,829.6,494.5,778.8,496.3,804.2,495.4,0
195,6487,502036,829.7,494.5,778.7,496.3,804.2,495.4,0
195,6488,502037,829.8,494.5,778.6,496.3,804.2,495.4,0
195,6489,502038,829.9,494.6,778.5,496.5,804.2,495.55,0
195,6490,502039,830.2,494.3,778.2,496.6,804.2,495.45,0
195,6491,502040,830.3,494.0,778.0,496.6,804.15,495.3,0
195,6492,502041,830.5,493.7,777.8,496.5,804.15,495.1,0
195,6493,502042,830.6,493.5,777.7,496.3,804.15,494.9,0
195,6494,502043,830.7,493.2,777.8,496.0,804.25,494.6,0
195,6495,502044,830.9,492.9,777.9,495.6,804.4,494.25,0
195,6496,502045,831.1,492.5,778.2,495.3,804.65,493.9,0
195,6497,502046,831.1,492.4,778.5,494.9,804.8,493.65,0
195,6498,502047,831.2,492.3,778.7,494.7,804.95,493.5,0
195,6499,502048,831.2,492.2,779.0,494.5,805.1,493.35,0
195,6500,502049,831.0,492.1,779.1,494.4,805.05,493.25,0
196,6501,502050,830.9,492.0,779.2,494.2,805.05,493.1,0
196,6502,502051,830.7,491.9,779.3,494.2,805.0,493.05,0
196,6503,502052,830.7,491.8,779.2,494.0,804.95,492.9,0
196,6504,502053,830.7,491.3,779.0,493.9,804.85,492.6,0
196,6505,502054,830.6,490.7,778.9,493.8,804.75,492.25,0
196,6506,502055,830.5,490.2,778.8,493.5,804.65,491.85,0
196,6507,502056,830.4,489.7,778.7,493.2,804.55,491.45,0
196,6508,502057,830.2,489.1,778.5,492.9,804.35,491.0,0
196,6509,502058,829.9,489.0,778.3,492.5,804.1,490.75,0
196,6510,502059,829.7,488.9,778.2,492.3,803.95,490.6,0
196,6511,502060,829.5,489.3,778.0,492.0,803.75,490.65,0
196,6512,502061,829.4,489.6,777.8,491.7,803.6,490.65,0
196,6513,502062,829.4,489.9,777.5,491.5,803.45,490.7,0
196,6514,502063,829.6,490.2,777.3,491.3,803.45,490.75,0
196,6515,502064,829.9,490.6,777.1,491.1,803.5,490.85,0
196,6516,502065,830.3,490.8,776.9,490.9,803.6,490.85,0
196,6517,502066,830.6,491.0,776.8,490.8,803.7,490.9,0
196,6518,502067,830.9,491.2,776.6,490.6,803.75,490.9,0
196,6519,502068,831.1,491.5,776.4,490.4,803.75,490.95,0
196,6520,502069,831.3,491.8,776.3,490.2,803.8,491.0,0
196,6521,502070,831.3,491.7,776.2,489.9,803.75,490.8,0
196,6522,502071,831.2,491.2,776.3,489.3,803.75,490.25,0
196,6523,502072,830.9,490.5,776.3,488.7,803.6,489.6,0
196,6524,502073,830.7,489.8,776.4,487.7,803.55,488.75,0
196,6525,502074,829.7,487.4,776.7,486.4,803.2,486.9,0
196,6526,502075,828.7,484.8,776.9,483.7,802.8,484.25,0
196,6527,502076,827.7,481.1,777.0,480.8,802.35,480.95,0
196,6528,502077,826.2,477.9,777.2,477.2,801.7,477.55,0
196,6529,502078,824.5,474.1,775.5,472.5,800.0,473.3,0
196,6530,502079,822.7,470.2,773.8,467.6,798.25,468.9,0
196,6531,502080,819.9,465.4,771.6,462.3,795.75,463.85,0
196,6532,502081,817.9,461.0,769.0,456.1,793.45,458.55,0
196,6533,502082,814.9,455.5,765.6,450.6,790.25,453.05,0
197,6534,502083,811.4,451.1,762.1,445.4,786.75,448.25,0
197,6535,502084,808.1,446.6,757.9,440.9,783.0,443.75,0
197,6536,502085,804.6,442.6,755.1,436.7,779.85,439.65,0
197,6537,502086,801.2,438.2,751.9,431.8,776.55,435.0,0
197,6538,502087,798.7,434.7,748.8,427.8,773.75,431.25,0
197,6539,502088,796.3,432.4,745.4,425.0,770.85,428.7,0
197,6540,502089,795.0,431.4,742.7,422.8,768.85,427.1,0
197,6541,502090,794.2,430.5,740.2,420.4,767.2,425.45,0
197,6542,502091,793.9,429.5,738.2,418.0,766.05,423.75,0
197,6543,502092,794.1,429.0,736.3,416.8,765.2,422.9,0
197,6544,502093,794.3,429.3,734.9,416.5,764.6,422.9,0
197,6545,502094,794.5,430.4,733.6,416.6,764.05,423.5,0
197,6546,502095,794.6,431.9,733.0,416.8,763.8,424.35,0
197,6547,502096,794.5,433.4,732.2,417.0,763.35,425.2,0
197,6548,502097,794.4,435.0,731.5,417.5,762.95,426.25,0
197,6549,502098,794.1,436.5,730.7,418.0,762.4,427.25,0
197,6550,502099,793.8,437.9,730.1,418.7,761.95,428.3,0
197,6551,502100,793.4,439.1,729.5,419.7,761.45,429.4,0
197,6552,502101,793.1,439.7,729.1,420.8,761.1,430.25,0
197,6553,502102,792.7,439.9,728.7,421.8,760.7,430.85,0
197,6554,502103,792.3,440.1,728.8,423.1,760.55,431.6,0
197,6555,502104,791.9,440.4,729.1,424.4,760.5,432.4,0
197,6556,502105,791.6,440.7,729.5,425.6,760.55,433.15,0
197,6557,502106,791.4,440.9,729.9,426.7,760.65,433.8,0
197,6558,502107,791.3,441.2,730.8,427.3,761.05,434.25,0
197,6559,502108,791.6,441.3,731.8,427.4,761.7,434.35,0
197,6560,502109,792.0,441.3,732.8,427.6,762.4,434.45,0
197,6561,502110,792.7,441.3,733.5,427.6,763.1,434.45,0
197,6562,502111,793.4,441.2,734.7,428.0,764.05,434.6,0
197,6563,502112,794.0,441.1,735.8,428.4,764.9,434.75,0
197,6564,502113,794.6,441.0,737.0,428.9,765.8,434.95,0
197,6565,502114,795.2,441.0,737.7,429.4,766.45,435.2,0
197,6566,502115,795.4,440.8,738.6,430.0,767.0,435.4,0
198,6567,502116,795.7,440.6,739.6,430.5,767.65,435.55,0
198,6568,502117,795.7,440.1,740.5,430.9,768.1,435.5,0
198,6569,502118,795.8,439.6,740.9,430.8,768.35,435.2,0
198,6570,502119,795.8,439.2,741.3,430.6,768.55,434.9,0
198,6571,502120,795.7,438.5,741.7,430.4,768.7,434.45,0
198,6572,502121,795.7,437.8,741.9,430.1,768.8,433.95,0
198,6573,502122,795.6,437.1,741.7,429.8,768.65,433.45,0
198,6574,502123,795.4,436.5,741.5,429.6,768.45,433.05,0
198,6575,502124,794.9,436.2,741.2,429.4,768.05,432.8,0
198,6576,502125,794.4,435.9,740.8,429.4,767.6,432.65,0
198,6577,502126,794.0,435.6,740.3,429.5,767.15,432.55,0
198,6578,502127,793.6,435.6,739.9,429.6,766.75,432.6,0
198,6579,502128,793.2,435.5,739.6,429.8,766.4,432.65,0
198,6580,502129,792.9,435.4,739.5,430.2,766.2,432.8,0
198,6581,502130,793.0,435.4,739.4,430.9,766.2,433.15,0
198,6582,502131,793.3,435.4,739.3,431.6,766.3,433.5,0
198,6583,502132,793.6,435.4,739.4,432.4,766.5,433.9,0
198,6584,502133,793.9,435.5,739.5,433.2,766.7,434.35,0
198,6585,502134,793.8,435.6,739.7,434.0,766.75,434.8,0
198,6586,502135,793.8,435.9,739.9,434.6,766.85,435.25,0
198,6587,502136,793.8,436.2,740.0,435.1,766.9,435.65,0
198,6588,502137,793.5,436.6,740.1,435.4,766.8,436.0,0
198,6589,502138,793.1,437.1,740.4,435.7,766.75,436.4,0
198,6590,502139,792.8,437.5,740.7,436.0,766.75,436.75,0
198,6591,502140,792.5,437.9,740.9,437.1,766.7,437.5,0
198,6592,502141,792.5,438.1,741.1,438.2,766.8,438.15,0
198,6593,502142,792.3,438.0,741.3,439.3,766.8,438.65,0
198,6594,502143,792.1,437.8,741.5,440.3,766.8,439.05,0
198,6595,502144,792.0,437.5,741.7,441.2,766.85,439.35,0
198,6596,502145,791.8,437.3,741.7,442.0,766.75,439.65,0
198,6597,502146,791.7,437.2,741.6,442.9,766.65,440.05,0
198,6598,502147,791.6,437.2,741.7,443.1,766.65,440.15,0
198,6599,502148,791.4,437.2,741.7,443.3,766.55,440.25,0
198,6600,502149,791.3,437.6,741.7,443.5,766.5,440.55,0
199,6601,502150,791.3,437.9,741.7,443.8,766.5,440.85,0
199,6602,502151,791.2,438.3,741.8,444.1,766.5,441.2,0
199,6603,502152,791.1,438.7,741.8,444.5,766.45,441.6,0
199,6604,502153,791.1,439.1,741.9,444.8,766.5,441.95,0
199,6605,502154,791.1,439.5,741.9,445.2,766.5,442.35,0
199,6606,502155,791.1,440.1,742.0,445.6,766.55,442.85,0
199,6607,502156,791.3,440.7,742.2,446.0,766.75,443.35,0
199,6608,502157,791.4,441.3,742.5,446.3,766.95,443.8,0
199,6609,502158,791.6,442.5,742.8,446.7,767.2,444.6,0
199,6610,502159,791.8,443.4,743.0,447.1,767.4,445.25,0
199,6611,502160,791.9,444.3,743.2,447.8,767.55,446.05,0
199,6612,502161,792.0,445.1,743.3,448.3,767.65,446.7,0
199,6613,502162,792.1,445.7,743.3,448.8,767.7,447.25,0
199,6614,502163,792.1,446.4,743.4,449.4,767.75,447.9,0
199,6615,502164,792.3,447.0,743.3,450.4,767.8,448.7,0
199,6616,502165,792.4,447.0,743.1,451.6,767.75,449.3,0
199,6617,502166,792.6,447.1,743.0,452.7,767.8,449.9,0
199,6618,502167,792.8,447.3,743.0,453.5,767.9,450.4,0
199,6619,502168,793.0,447.4,743.0,454.4,768.0,450.9,0
199,6620,502169,793.5,447.7,742.9,455.8,768.2,451.75,0
199,6621,502170,793.9,448.0,742.9,457.1,768.4,452.55,0
199,6622,502171,794.3,448.3,743.0,457.9,768.65,453.1,0
199,6623,502172,794.7,448.4,743.0,458.5,768.85,453.45,0
199,6624,502173,795.1,448.3,743.1,459.1,769.1,453.7,0
199,6625,502174,795.6,448.1,743.1,459.9,769.35,454.0,0
199,6626,502175,795.9,447.9,743.1,460.5,769.5,454.2,0
199,6627,502176,796.0,447.6,743.1,460.7,769.55,454.15,0
199,6628,502177,796.1,447.4,742.8,461.0,769.45,454.2,0
199,6629,502178,796.2,447.4,742.4,461.5,769.3,454.45,0
199,6630,502179,796.3,447.8,742.0,461.8,769.15,454.8,0
199,6631,502180,796.3,448.4,741.7,462.0,769.0,455.2,0
199,6632,502181,796.4,449.3,741.3,462.0,768.85,455.65,0
199,6633,502182,796.5,450.3,740.9,462.1,768.7,456.2,0
200,6634,502183,796.5,451.3,740.1,462.1,768.3,456.7,0
200,6635,502184,796.6,452.2,739.7,462.0,768.15,457.1,0
200,6636,502185,796.7,452.9,739.4,462.0,768.05,457.45,0
200,6637,502186,796.9,453.3,739.1,462.1,768.0,457.7,0
200,6638,502187,797.1,453.6,738.7,462.4,767.9,458.0,0
200,6639,502188,797.2,453.7,738.4,463.0,767.8,458.35,0
200,6640,502189,797.3,453.5,738.0,463.7,767.65,458.6,0
200,6641,502190,797.3,453.5,738.0,464.3,767.65,458.9,0
200,6642,502191,797.3,453.5,737.9,464.9,767.6,459.2,0
200,6643,502192,797.2,453.7,737.7,465.4,767.45,459.55,0
200,6644,502193,797.1,453.8,737.4,466.0,767.25,459.9,0
200,6645,502194,796.9,454.1,737.1,466.3,767.0,460.2,0
200,6646,502195,796.6,454.4,736.9,466.5,766.75,460.45,0
200,6647,502196,796.4,454.8,736.7,466.5,766.55,460.65,0
200,6648,502197,796.1,454.6,736.5,466.7,766.3,460.65,0
200,6649,502198,795.9,454.3,735.9,467.2,765.9,460.75,0
200,6650,502199,795.8,454.0,735.4,467.7,765.6,460.85,0
200,6651,502200,795.7,453.6,735.1,468.1,765.4,460.85,0
200,6652,502201,795.8,453.3,734.9,468.5,765.35,460.9,0
200,6653,502202,796.2,452.9,734.8,469.0,765.5,460.95,0
200,6654,502203,796.6,452.5,734.7,469.6,765.65,461.05,0
200,6655,502204,797.0,452.6,734.6,470.0,765.8,461.3,0
200,6656,502205,797.3,452.6,734.8,470.2,766.05,461.4,0
200,6657,502206,797.4,452.8,735.1,470.4,766.25,461.6,0
200,6658,502207,797.5,452.9,735.2,470.3,766.35,461.6,0
200,6659,502208,797.5,453.1,735.2,469.6,766.35,461.35,0
200,6660,502209,797.3,453.2,735.1,468.8,766.2,461.0,0
200,6661,502210,797.1,453.4,735.0,467.9,766.05,460.65,0
200,6662,502211,796.9,453.6,734.8,467.3,765.85,460.45,0
200,6663,502212,796.9,453.8,734.8,466.6,765.85,460.2,0
200,6664,502213,796.8,453.8,734.6,466.2,765.7,460.0,0
200,6665,502214,796.8,453.7,734.5,466.0,765.65,459.85,0
200,6666,502215,796.7,453.6,734.4,466.6,765.55,460.1,0
201,6667,502216,796.7,453.4,734.3,467.3,765.5,460.35,0
201,6668,502217,796.6,453.2,734.1,468.0,765.35,460.6,0
201,6669,502218,796.6,452.9,733.9,468.4,765.25,460.65,0
201,6670,502219,796.5,452.5,733.8,468.6,765.15,460.55,0
201,6671,502220,796.4,452.1,733.6,468.6,765.0,460.35,0
201,6672,502221,796.4,451.9,733.5,468.7,764.95,460.3,0
201,6673,502222,796.4,451.7,733.5,468.9,764.95,460.3,0
201,6674,502223,796.3,451.4,733.6,468.7,764.95,460.05,0
201,6675,502224,796.3,451.2,733.7,468.5,765.0,459.85,0
201,6676,502225,796.1,451.0,733.8,468.4,764.95,459.7,0
201,6677,502226,795.9,450.9,734.0,468.6,764.95,459.75,0
201,6678,502227,795.9,450.8,734.1,468.6,765.0,459.7,0
201,6679,502228,795.8,450.7,734.1,468.7,764.95,459.7,0
201,6680,502229,795.7,450.6,734.1,468.8,764.9,459.7,0
201,6681,502230,795.7,450.4,734.0,468.9,764.85,459.65,0
201,6682,502231,795.8,450.3,733.9,469.0,764.85,459.65,0
201,6683,502232,796.0,450.1,733.7,469.2,764.85,459.65,0
201,6684,502233,796.1,449.9,733.6,469.5,764.85,459.7,0
201,6685,502234,796.1,449.8,733.4,469.7,764.75,459.75,0
201,6686,502235,796.1,449.5,733.4,469.8,764.75,459.65,0
201,6687,502236,796.0,449.3,733.3,469.9,764.65,459.6,0
201,6688,502237,795.9,449.2,733.3,470.0,764.6,459.6,0
201,6689,502238,795.8,449.1,733.4,469.3,764.6,459.2,0
201,6690,502239,795.7,449.0,733.3,468.3,764.5,458.65,0
201,6691,502240,795.6,448.9,733.3,467.4,764.45,458.15,0
201,6692,502241,795.6,448.7,733.2,466.4,764.4,457.55,0
201,6693,502242,795.7,448.8,733.1,465.4,764.4,457.1,0
201,6694,502243,795.7,449.0,732.9,464.5,764.3,456.75,0
201,6695,502244,795.8,449.0,732.8,463.6,764.3,456.3,0
201,6696,502245,795.8,449.1,732.6,463.4,764.2,456.25,0
201,6697,502246,795.8,449.0,732.6,463.4,764.2,456.2,0
201,6698,502247,795.8,448.6,732.6,463.4,764.2,456.0,0
201,6699,502248,795.7,448.0,732.6,463.4,764.15,455.7,0
201,6700,502249,795.6,447.3,732.6,463.4,764.1,455.35,0
202,6701,502250,795.5,446.3,732.6,463.3,764.05,454.8,0
202,6702,502251,795.4,445.3,732.6,463.2,764.0,454.25,0
202,6703,502252,795.3,444.3,732.6,463.1,763.95,453.7,0
202,6704,502253,795.1,443.3,732.9,463.0,764.0,453.15,0
202,6705,502254,795.0,442.6,733.4,462.2,764.2,452.4,0
202,6706,502255,794.8,442.1,733.9,460.6,764.35,451.35,0
202,6707,502256,794.7,441.8,734.5,459.1,764.6,450.45,0
202,6708,502257,794.6,441.5,735.2,457.6,764.9,449.55,0
202,6709,502258,794.4,441.1,735.9,456.0,765.15,448.55,0
202,6710,502259,793.9,440.8,736.6,454.4,765.25,447.6,0
202,6711,502260,793.3,440.6,737.1,452.8,765.2,446.7,0
202,6712,502261,792.8,440.3,737.3,451.5,765.05,445.9,0
202,6713,502262,792.3,440.0,737.5,451.0,764.9,445.5,0
202,6714,502263,791.7,439.8,737.6,450.3,764.65,445.05,0
202,6715,502264,791.3,439.5,737.7,449.7,764.5,444.6,0
202,6716,502265,790.8,439.3,737.8,449.1,764.3,444.2,0
202,6717,502266,790.8,439.0,737.9,448.8,764.35,443.9,0
202,6718,502267,790.7,438.7,737.9,448.4,764.3,443.55,0
202,6719,502268,790.6,438.3,737.9,448.2,764.25,443.25,0
202,6720,502269,790.6,437.8,738.0,447.9,764.3,442.85,0
202,6721,502270,790.5,437.4,738.0,447.3,764.25,442.35,0
202,6722,502271,790.5,436.9,738.2,446.7,764.35,441.8,0
202,6723,502272,790.5,436.7,738.4,446.0,764.45,441.35,0
202,6724,502273,790.6,436.6,738.5,445.0,764.55,440.8,0
202,6725,502274,790.7,436.9,738.7,444.1,764.7,440.5,0
202,6726,502275,790.8,437.4,738.9,443.2,764.85,440.3,0
202,6727,502276,790.9,437.8,739.2,442.6,765.05,440.2,0
202,6728,502277,791.0,438.3,739.6,442.1,765.3,440.2,0
202,6729,502278,791.1,438.6,739.8,441.7,765.45,440.15,0
202,6730,502279,791.1,438.8,740.1,441.4,765.6,440.1,0
202,6731,502280,791.2,438.7,740.6,439.7,765.9,439.2,0
202,6732,502281,791.2,438.4,741.1,438.1,766.15,438.25,0
202,6733,502282,791.2,438.0,741.5,436.3,766.35,437.15,0
203,6734,502283,791.2,437.6,741.9,434.6,766.55,436.1,0
203,6735,502284,791.2,437.2,742.0,433.1,766.6,435.15,0
203,6736,502285,791.3,436.6,742.1,431.7,766.7,434.15,0
203,6737,502286,791.3,436.1,741.9,430.2,766.6,433.15,0
203,6738,502287,791.3,435.8,741.7,430.0,766.5,432.9,0
203,6739,502288,791.3,435.7,741.5,429.9,766.4,432.8,0
203,6740,502289,791.3,435.6,741.3,428.9,766.3,432.25,0
203,6741,502290,791.3,435.6,741.2,427.9,766.25,431.75,0
203,6742,502291,791.4,435.6,741.2,426.8,766.3,431.2,0
203,6743,502292,791.5,435.8,741.1,425.8,766.3,430.8,0
203,6744,502293,791.6,436.2,741.3,424.8,766.45,430.5,0
203,6745,502294,791.8,436.6,741.4,423.8,766.6,430.2,0
203,6746,502295,792.0,436.8,741.5,422.7,766.75,429.75,0
203,6747,502296,792.3,437.1,741.5,422.6,766.9,429.85,0
203,6748,502297,792.6,437.4,741.5,421.8,767.05,429.6,0
203,6749,502298,792.9,437.8,741.4,421.1,767.15,429.45,0
203,6750,502299,793.2,438.1,741.3,420.1,767.25,429.1,0
203,6751,502300,793.5,438.9,740.9,419.1,767.2,429.0,0
203,6752,502301,793.8,439.7,740.6,418.3,767.2,429.0,0
203,6753,502302,794.0,440.9,740.3,417.4,767.15,429.15,0
203,6754,502303,794.1,442.1,740.1,416.5,767.1,429.3,0
203,6755,502304,794.3,443.4,739.9,416.3,767.1,429.85,0
203,6756,502305,794.4,444.5,739.7,416.2,767.05,430.35,0
203,6757,502306,794.4,445.7,739.6,416.4,767.0,431.05,0
203,6758,502307,794.5,446.3,739.7,416.4,767.1,431.35,0
203,6759,502308,794.7,447.3,739.8,416.4,767.25,431.85,0
203,6760,502309,794.8,448.1,739.8,415.9,767.3,432.0,0
203,6761,502310,794.9,449.0,739.9,415.5,767.4,432.25,0
203,6762,502311,794.9,449.9,739.9,415.1,767.4,432.5,0
203,6763,502312,795.0,450.8,739.9,414.6,767.45,432.7,0
203,6764,502313,795.1,451.8,740.0,414.0,767.55,432.9,0
203,6765,502314,795.2,452.8,740.0,413.6,767.6,433.2,0
203,6766,502315,795.1,453.4,740.0,413.3,767.55,433.35,0
204,6767,502316,795.2,453.9,740.0,413.3,767.6,433.6,0
204,6768,502317,795.3,454.4,740.1,413.4,767.7,433.9,0
204,6769,502318,795.5,454.7,740.1,413.6,767.8,434.15,0
204,6770,502319,795.8,455.0,740.1,413.9,767.95,434.45,0
204,6771,502320,796.0,455.2,740.1,414.1,768.05,434.65,0
204,6772,502321,796.3,455.4,740.0,414.3,768.15,434.85,0
204,6773,502322,796.5,455.7,739.8,414.4,768.15,435.05,0
204,6774,502323,796.6,455.7,739.5,414.5,768.05,435.1,0
204,6775,502324,796.8,456.2,739.2,414.4,768.0,435.3,0
204,6776,502325,796.9,456.6,738.9,414.1,767.9,435.35,0
204,6777,502326,796.8,457.0,738.6,413.8,767.7,435.4,0
204,6778,502327,796.6,457.4,738.1,413.6,767.35,435.5,0
204,6779,502328,796.3,458.0,737.4,413.3,766.85,435.65,0
204,6780,502329,796.1,458.6,736.8,413.3,766.45,435.95,0
204,6781,502330,795.8,459.2,736.3,413.4,766.05,436.3,0
204,6782,502331,795.6,459.5,735.9,413.6,765.75,436.55,0
204,6783,502332,795.7,459.7,735.4,414.3,765.55,437.0,0
204,6784,502333,795.8,459.9,734.9,415.5,765.35,437.7,0
204,6785,502334,796.1,460.2,734.6,417.0,765.35,438.6,0
204,6786,502335,796.4,460.3,734.5,418.6,765.45,439.45,0
204,6787,502336,796.7,460.1,734.5,420.3,765.6,440.2,0
204,6788,502337,797.0,459.9,734.4,422.2,765.7,441.05,0
204,6789,502338,797.3,459.8,734.4,424.4,765.85,442.1,0
204,6790,502339,797.3,459.6,734.4,426.2,765.85,442.9,0
204,6791,502340,797.3,459.3,734.3,428.2,765.8,443.75,0
204,6792,502341,797.3,458.9,734.1,430.2,765.7,444.55,0
204,6793,502342,797.4,458.5,734.0,432.1,765.7,445.3,0
204,6794,502343,797.3,458.4,733.8,433.9,765.55,446.15,0
204,6795,502344,797.3,458.3,733.6,435.7,765.45,447.0,0
204,6796,502345,797.1,458.3,733.4,438.0,765.25,448.15,0
204,6797,502346,796.7,458.3,733.4,440.6,765.05,449.45,0
204,6798,502347,796.2,458.4,733.4,442.5,764.8,450.45,0
204,6799,502348,795.7,458.6,733.4,444.2,764.55,451.4,0
204,6800,502349,795.2,458.8,733.5,446.8,764.35,452.8,0
205,6801,502350,794.8,459.0,733.7,449.4,764.25,454.2,0
205,6802,502351,794.7,459.2,733.8,452.0,764.25,455.6,0
205,6803,502352,794.7,459.4,734.0,453.7,764.35,456.55,0
205,6804,502353,794.9,459.3,734.1,455.1,764.5,457.2,0
205,6805,502354,795.3,459.1,734.1,457.3,764.7,458.2,0
205,6806,502355,795.7,458.3,734.2,459.6,764.95,458.95,0
205,6807,502356,796.1,457.4,734.7,460.8,765.4,459.1,0
205,6808,502357,796.6,456.4,735.1,462.1,765.85,459.25,0
205,6809,502358,796.8,455.4,735.5,463.3,766.15,459.35,0
205,6810,502359,796.9,454.3,736.0,464.5,766.45,459.4,0
205,6811,502360,797.0,453.4,736.5,465.6,766.75,459.5,0
205,6812,502361,797.1,452.8,737.3,465.9,767.2,459.35,0
205,6813,502362,797.2,452.8,738.0,466.3,767.6,459.55,0
205,6814,502363,797.5,452.8,738.4,466.7,767.95,459.75,0
205,6815,502364,797.7,452.6,738.8,467.6,768.25,460.1,0
205,6816,502365,797.9,452.3,739.3,468.6,768.6,460.45,0
205,6817,502366,798.2,451.9,739.6,469.6,768.9,460.75,0
205,6818,502367,798.4,451.5,739.9,470.5,769.15,461.0,0
205,6819,502368,798.5,451.0,739.9,471.3,769.2,461.15,0
205,6820,502369,798.5,450.5,739.9,472.0,769.2,461.25,0
205,6821,502370,798.2,450.1,739.8,472.6,769.0,461.35,0
205,6822,502371,797.8,449.9,739.8,472.7,768.8,461.3,0
205,6823,502372,797.6,449.8,739.9,471.8,768.75,460.8,0
205,6824,502373,797.3,449.7,740.0,471.0,768.65,460.35,0
205,6825,502374,797.2,449.4,740.1,470.3,768.65,459.85,0
205,6826,502375,797.2,449.1,740.2,469.8,768.7,459.45,0
205,6827,502376,797.3,448.7,740.3,469.3,768.8,459.0,0
205,6828,502377,797.5,448.2,740.3,468.9,768.9,458.55,0
205,6829,502378,797.7,447.7,740.3,468.6,769.0,458.15,0
205,6830,502379,797.8,446.9,740.2,469.0,769.0,457.95,0
205,6831,502380,797.9,446.2,740.0,469.4,768.95,457.8,0
205,6832,502381,797.9,445.6,739.7,469.6,768.8,457.6,0
205,6833,502382,797.8,445.1,739.3,469.7,768.55,457.4,0
206,6834,502383,797.6,444.7,738.9,469.9,768.25,457.3,0
206,6835,502384,797.4,444.3,738.5,470.0,767.95,457.15,0
206,6836,502385,797.1,444.1,738.1,469.9,767.6,457.0,0
206,6837,502386,796.9,444.0,737.7,469.9,767.3,456.95,0
206,6838,502387,796.6,443.9,737.4,470.0,767.0,456.95,0
206,6839,502388,796.4,443.8,737.2,470.3,766.8,457.05,0
206,6840,502389,796.3,443.7,737.1,470.6,766.7,457.15,0
206,6841,502390,796.3,443.6,736.8,470.7,766.55,457.15,0
206,6842,502391,796.4,443.4,736.5,470.7,766.45,457.05,0
206,6843,502392,796.5,443.2,736.1,470.3,766.3,456.75,0
206,6844,502393,796.6,443.0,735.8,469.9,766.2,456.45,0
206,6845,502394,796.8,442.8,735.5,469.4,766.15,456.1,0
206,6846,502395,797.0,442.4,735.2,468.8,766.1,455.6,0
206,6847,502396,797.1,441.9,734.8,468.1,765.95,455.0,0
206,6848,502397,797.1,441.4,734.6,467.6,765.85,454.5,0
206,6849,502398,797.1,440.9,734.6,467.1,765.85,454.0,0
206,6850,502399,797.1,440.4,734.5,467.5,765.8,453.95,0
206,6851,502400,797.0,439.9,734.5,467.9,765.75,453.9,0
206,6852,502401,796.8,439.3,734.4,468.2,765.6,453.75,0
206,6853,502402,796.7,439.0,734.4,468.6,765.55,453.8,0
206,6854,502403,796.7,438.7,734.3,468.9,765.5,453.8,0
206,6855,502404,796.7,438.5,734.2,469.1,765.45,453.8,0
206,6856,502405,796.7,438.3,734.1,469.4,765.4,453.85,0
206,6857,502406,796.9,438.2,733.9,469.3,765.4,453.75,0
206,6858,502407,797.1,438.1,733.7,469.2,765.4,453.65,0
206,6859,502408,797.3,438.0,733.6,469.1,765.45,453.55,0
206,6860,502409,797.4,438.0,733.5,469.0,765.45,453.5,0
206,6861,502410,797.4,437.9,733.5,468.9,765.45,453.4,0
206,6862,502411,797.0,437.8,733.7,468.8,765.35,453.3,0
206,6863,502412,796.5,437.8,734.0,468.8,765.25,453.3,0
206,6864,502413,796.0,437.8,734.4,468.9,765.2,453.35,0
206,6865,502414,795.4,437.8,734.8,469.1,765.1,453.45,0
206,6866,502415,794.9,437.7,735.2,469.2,765.05,453.45,0
207,6867,502416,794.4,437.6,735.8,469.3,765.1,453.45,0
207,6868,502417,794.1,437.5,736.4,469.5,765.25,453.5,0
207,6869,502418,794.2,437.4,736.8,469.6,765.5,453.5,0
207,6870,502419,794.5,437.2,737.1,469.6,765.8,453.4,0
207,6871,502420,794.7,437.1,737.0,469.6,765.85,453.35,0
207,6872,502421,795.0,437.2,737.0,469.8,766.0,453.5,0
207,6873,502422,795.3,437.3,736.7,470.0,766.0,453.65,0
207,6874,502423,794.6,437.7,735.6,470.3,765.1,454.0,0
207,6875,502424,793.8,438.2,734.4,470.6,764.1,454.4,0
207,6876,502425,792.7,438.7,732.3,470.9,762.5,454.8,0
207,6877,502426,791.4,440.0,729.3,471.4,760.35,455.7,0
207,6878,502427,788.5,441.5,725.3,471.7,756.9,456.6,0
207,6879,502428,784.7,443.0,720.4,471.9,752.55,457.45,0
207,6880,502429,779.5,444.5,715.0,472.1,747.25,458.3,0
207,6881,502430,774.0,445.8,709.6,472.3,741.8,459.05,0
207,6882,502431,768.5,447.2,703.5,472.7,736.0,459.95,0
207,6883,502432,762.7,448.7,698.0,473.1,730.35,460.9,0
207,6884,502433,756.9,449.9,692.7,473.6,724.8,461.75,0
207,6885,502434,752.4,450.6,688.6,474.1,720.5,462.35,0
207,6886,502435,748.9,451.3,685.4,474.6,717.15,462.95,0
207,6887,502436,746.7,451.8,682.9,474.9,714.8,463.35,0
207,6888,502437,745.7,452.2,681.0,475.0,713.35,463.6,0
207,6889,502438,744.8,452.4,679.9,474.1,712.35,463.25,0
207,6890,502439,745.0,452.3,679.3,472.7,712.15,462.5,0
207,6891,502440,745.3,451.9,679.7,471.1,712.5,461.5,0
207,6892,502441,745.9,451.5,680.1,469.5,713.0,460.5,0
207,6893,502442,746.7,451.0,680.6,467.9,713.65,459.45,0
207,6894,502443,747.6,450.8,681.3,466.3,714.45,458.55,0
207,6895,502444,748.4,450.6,682.9,464.9,715.65,457.75,0
207,6896,502445,749.4,450.4,684.5,464.1,716.95,457.25,0
207,6897,502446,750.0,450.5,685.9,463.4,717.95,456.95,0
207,6898,502447,750.6,450.8,687.1,462.7,718.85,456.75,0
207,6899,502448,751.1,451.2,688.4,461.3,719.75,456.25,0
207,6900,502449,751.6,451.6,689.7,459.9,720.65,455.75,0
208,6901,502450,752.0,452.1,690.9,458.7,721.45,455.4,0
208,6902,502451,752.3,452.6,691.4,456.7,721.85,454.65,0
208,6903,502452,752.6,453.1,692.0,454.7,722.3,453.9,0
208,6904,502453,752.7,453.5,692.9,453.2,722.8,453.35,0
208,6905,502454,752.9,454.0,693.8,451.8,723.35,452.9,0
208,6906,502455,753.0,454.5,694.8,450.1,723.9,452.3,0
208,6907,502456,753.0,454.9,695.9,448.4,724.45,451.65,0
208,6908,502457,753.1,455.2,696.9,446.6,725.0,450.9,0
208,6909,502458,753.1,455.4,697.8,445.4,725.45,450.4,0
208,6910,502459,753.0,455.5,698.6,444.1,725.8,449.8,0
208,6911,502460,753.0,455.7,699.0,442.0,726.0,448.85,0
208,6912,502461,752.9,455.5,699.2,439.9,726.05,447.7,0
208,6913,502462,752.9,455.3,699.2,438.5,726.05,446.9,0
208,6914,502463,752.9,455.1,698.9,436.9,725.9,446.0,0
208,6915,502464,752.9,455.0,698.4,434.4,725.65,444.7,0
208,6916,502465,753.0,454.9,697.9,432.1,725.45,443.5,0
208,6917,502466,753.0,454.9,697.4,430.0,725.2,442.45,0
208,6918,502467,752.8,454.8,697.0,428.2,724.9,441.5,0
208,6919,502468,752.6,454.8,696.7,426.4,724.65,440.6,0
208,6920,502469,752.4,454.7,696.5,424.8,724.45,439.75,0
208,6921,502470,752.0,454.8,696.2,423.5,724.1,439.15,0
208,6922,502471,751.8,455.3,696.1,423.1,723.95,439.2,0
208,6923,502472,751.5,455.9,695.8,422.9,723.65,439.4,0
208,6924,502473,751.2,456.4,695.4,422.7,723.3,439.55,0
208,6925,502474,751.2,456.9,694.9,423.0,723.05,439.95,0
208,6926,502475,751.3,457.2,694.4,423.3,722.85,440.25,0
208,6927,502476,751.3,457.4,693.9,423.6,722.6,440.5,0
208,6928,502477,751.3,457.6,693.3,424.0,722.3,440.8,0
208,6929,502478,751.1,457.4,692.7,424.4,721.9,440.9,0
208,6930,502479,750.8,457.1,691.9,424.5,721.35,440.8,0
208,6931,502480,750.4,456.9,691.1,424.6,720.75,440.75,0
208,6932,502481,750.0,456.8,690.5,424.6,720.25,440.7,0
208,6933,502482,749.7,456.9,690.2,424.6,719.95,440.75,0
209,6934,502483,749.4,457.2,689.9,424.4,719.65,440.8,0
209,6935,502484,749.3,457.4,689.8,424.0,719.55,440.7,0
209,6936,502485,749.4,457.7,689.7,423.8,719.55,440.75,0
209,6937,502486,749.5,457.9,690.1,423.6,719.8,440.75,0
209,6938,502487,749.6,458.0,690.4,423.5,720.0,440.75,0
209,6939,502488,749.7,458.2,690.6,423.5,720.15,440.85,0
209,6940,502489,750.0,458.2,690.7,423.5,720.35,440.85,0
209,6941,502490,750.2,458.1,690.7,423.4,720.45,440.75,0
209,6942,502491,750.7,458.2,690.8,423.4,720.75,440.8,0
209,6943,502492,751.3,458.5,690.8,423.3,721.05,440.9,0
209,6944,502493,751.8,458.8,691.0,422.9,721.4,440.85,0
209,6945,502494,752.2,459.2,691.1,422.6,721.65,440.9,0
209,6946,502495,752.3,459.5,691.2,422.2,721.75,440.85,0
209,6947,502496,752.4,459.9,691.3,422.0,721.85,440.95,0
209,6948,502497,752.4,460.2,691.4,422.2,721.9,441.2,0
209,6949,502498,752.0,460.4,691.5,422.4,721.75,441.4,0
209,6950,502499,751.7,460.5,691.6,422.7,721.65,441.6,0
209,6951,502500,751.5,460.6,691.6,423.2,721.55,441.9,0
209,6952,502501,751.3,460.6,691.5,423.7,721.4,442.15,0
209,6953,502502,751.5,461.1,691.4,424.1,721.45,442.6,0
209,6954,502503,751.7,461.5,691.3,424.2,721.5,442.85,0
209,6955,502504,751.8,461.9,691.1,424.1,721.45,443.0,0
209,6956,502505,752.0,462.5,691.3,424.0,721.65,443.25,0
209,6957,502506,752.1,463.1,691.5,423.8,721.8,443.45,0
209,6958,502507,752.3,463.8,691.6,423.6,721.95,443.7,0
209,6959,502508,752.5,464.3,691.9,423.4,722.2,443.85,0
209,6960,502509,752.8,464.6,692.3,423.3,722.55,443.95,0
209,6961,502510,753.2,464.9,692.7,423.5,722.95,444.2,0
209,6962,502511,753.7,465.3,693.4,423.7,723.55,444.5,0
209,6963,502512,754.1,465.5,694.0,424.1,724.05,444.8,0
209,6964,502513,754.4,465.9,694.7,424.6,724.55,445.25,0
209,6965,502514,754.7,466.1,695.2,425.3,724.95,445.7,0
209,6966,502515,754.9,466.5,695.7,426.2,725.3,446.35,0
210,6967,502516,755.0,466.7,696.0,426.9,725.5,446.8,0
210,6968,502517,755.1,467.5,696.1,427.8,725.6,447.65,0
210,6969,502518,755.0,468.3,695.9,428.5,725.45,448.4,0
210,6970,502519,755.0,469.1,695.5,429.2,725.25,449.15,0
210,6971,502520,755.1,469.8,695.1,429.5,725.1,449.65,0
210,6972,502521,755.1,470.7,694.7,429.5,724.9,450.1,0
210,6973,502522,755.4,471.5,694.3,429.4,724.85,450.45,0
210,6974,502523,755.8,472.4,694.1,429.5,724.95,450.95,0
210,6975,502524,756.2,472.7,693.5,429.4,724.85,451.05,0
210,6976,502525,756.6,473.0,692.9,429.3,724.75,451.15,0
210,6977,502526,756.9,473.4,692.2,429.5,724.55,451.45,0
210,6978,502527,757.1,473.8,691.4,429.8,724.25,451.8,0
210,6979,502528,756.9,474.0,690.6,430.1,723.75,452.05,0
210,6980,502529,756.3,474.2,689.9,430.6,723.1,452.4,0
210,6981,502530,755.8,474.3,689.2,431.2,722.5,452.75,0
210,6982,502531,755.1,474.5,689.4,432.0,722.25,453.25,0
210,6983,502532,754.5,474.8,689.6,433.2,722.05,454.0,0
210,6984,502533,753.9,475.2,690.0,434.2,721.95,454.7,0
210,6985,502534,753.5,475.6,690.4,435.3,721.95,455.45,0
210,6986,502535,753.4,476.1,690.6,436.3,722.0,456.2,0
210,6987,502536,753.4,476.7,690.4,437.2,721.9,456.95,0
210,6988,502537,753.5,477.3,690.3,437.7,721.9,457.5,0
210,6989,502538,753.6,477.9,689.8,438.1,721.7,458.0,0
210,6990,502539,753.7,478.3,689.4,438.2,721.55,458.25,0
210,6991,502540,753.6,478.4,689.0,438.8,721.3,458.6,0
210,6992,502541,753.5,478.4,688.8,439.4,721.15,458.9,0
210,6993,502542,753.5,478.5,688.7,440.0,721.1,459.25,0
210,6994,502543,753.5,478.7,688.9,440.8,721.2,459.75,0
210,6995,502544,753.5,478.9,689.1,441.7,721.3,460.3,0
210,6996,502545,753.5,479.0,689.1,442.8,721.3,460.9,0
210,6997,502546,753.4,479.2,689.0,443.9,721.2,461.55,0
210,6998,502547,753.4,479.6,688.8,444.9,721.1,462.25,0
210,6999,502548,753.4,480.0,688.6,445.7,721.0,462.85,0
210,7000,502549,753.4,480.3,688.3,446.6,720.85,463.45,0
211,7001,502550,753.3,480.5,688.0,447.3,720.65,463.9,0
211,7002,502551,753.3,480.7,687.8,448.1,720.55,464.4,0
211,7003,502552,753.3,481.0,687.5,448.7,720.4,464.85,0
211,7004,502553,753.3,481.2,687.3,449.0,720.3,465.1,0
211,7005,502554,753.3,481.3,686.9,449.4,720.1,465.35,0
211,7006,502555,753.4,481.1,686.4,450.5,719.9,465.8,0
211,7007,502556,753.3,480.8,685.9,451.6,719.6,466.2,0
211,7008,502557,753.0,480.5,685.4,452.8,719.2,466.65,0
211,7009,502558,752.5,480.2,685.3,453.8,718.9,467.0,0
211,7010,502559,752.1,479.9,685.3,454.8,718.7,467.35,0
211,7011,502560,751.7,479.7,685.4,455.8,718.55,467.75,0
211,7012,502561,751.4,479.9,685.6,456.6,718.5,468.25,0
211,7013,502562,751.2,480.5,685.8,456.6,718.5,468.55,0
211,7014,502563,751.2,481.1,686.2,456.7,718.7,468.9,0
211,7015,502564,751.5,481.4,686.5,456.7,719.0,469.05,0
211,7016,502565,752.1,481.7,686.5,456.6,719.3,469.15,0
211,7017,502566,752.8,482.0,686.4,457.1,719.6,469.55,0
211,7018,502567,753.3,481.8,686.3,457.7,719.8,469.75,0
211,7019,502568,753.8,481.3,686.4,458.3,720.1,469.8,0
211,7020,502569,754.2,480.7,686.5,458.9,720.35,469.8,0
211,7021,502570,754.4,480.1,686.6,459.5,720.5,469.8,0
211,7022,502571,754.4,479.7,686.7,460.1,720.55,469.9,0
211,7023,502572,754.1,479.4,686.8,460.6,720.45,470.0,0
211,7024,502573,753.8,479.1,687.0,460.4,720.4,469.75,0
211,7025,502574,753.5,479.0,687.2,460.1,720.35,469.55,0
211,7026,502575,753.2,478.8,687.5,459.7,720.35,469.25,0
211,7027,502576,753.1,478.5,687.7,459.4,720.4,468.95,0
211,7028,502577,753.1,478.4,688.0,459.1,720.55,468.75,0
211,7029,502578,753.0,478.1,688.2,458.8,720.6,468.45,0
211,7030,502579,753.1,477.8,688.4,458.9,720.75,468.35,0
211,7031,502580,753.2,477.4,688.6,459.1,720.9,468.25,0
211,7032,502581,753.3,476.5,688.8,459.4,721.05,467.95,0
211,7033,502582,753.3,475.8,689.0,460.3,721.15,468.05,0
212,7034,502583,753.4,474.8,689.0,461.7,721.2,468.25,0
212,7035,502584,753.6,473.8,689.0,463.0,721.3,468.4,0
212,7036,502585,753.8,472.6,688.8,464.2,721.3,468.4,0
212,7037,502586,753.9,471.6,688.6,465.0,721.25,468.3,0
212,7038,502587,754.0,470.7,688.4,465.9,721.2,468.3,0
212,7039,502588,754.2,470.2,688.1,466.7,721.15,468.45,0
212,7040,502589,754.4,469.7,687.9,466.9,721.15,468.3,0
212,7041,502590,754.6,469.6,687.7,466.7,721.15,468.15,0
212,7042,502591,754.8,469.4,687.5,466.3,721.15,467.85,0
212,7043,502592,755.0,469.3,687.2,465.9,721.1,467.6,0
212,7044,502593,755.2,469.0,686.9,465.7,721.05,467.35,0
212,7045,502594,755.3,468.6,686.6,465.5,720.95,467.05,0
212,7046,502595,755.4,468.2,686.3,465.3,720.85,466.75,0
212,7047,502596,755.3,467.8,686.1,465.3,720.7,466.55,0
212,7048,502597,755.2,467.4,685.9,465.4,720.55,466.4,0
212,7049,502598,755.2,467.2,685.8,465.7,720.5,466.45,0
212,7050,502599,755.2,466.9,686.0,466.1,720.6,466.5,0
212,7051,502600,755.1,466.7,686.2,466.7,720.65,466.7,0
212,7052,502601,755.2,466.8,686.4,467.3,720.8,467.05,0
212,7053,502602,755.5,466.8,686.5,467.9,721.0,467.35,0
212,7054,502603,755.8,466.9,686.6,468.5,721.2,467.7,0
212,7055,502604,756.2,466.9,686.6,469.1,721.4,468.0,0
212,7056,502605,756.4,466.7,686.5,470.1,721.45,468.4,0
212,7057,502606,756.7,466.5,686.3,471.1,721.5,468.8,0
212,7058,502607,756.6,466.1,686.1,471.7,721.35,468.9,0
212,7059,502608,756.5,465.7,685.9,472.3,721.2,469.0,0
212,7060,502609,756.2,465.4,685.7,472.6,720.95,469.0,0
212,7061,502610,755.7,465.0,685.6,472.7,720.65,468.85,0
212,7062,502611,755.3,464.5,685.7,472.5,720.5,468.5,0
212,7063,502612,754.9,463.8,685.9,471.7,720.4,467.75,0
212,7064,502613,754.9,463.3,686.0,470.9,720.45,467.1,0
212,7065,502614,755.2,463.0,686.2,470.2,720.7,466.6,0
212,7066,502615,755.6,462.7,686.2,469.7,720.9,466.2,0
213,7067,502616,756.0,462.4,686.2,469.4,721.1,465.9,0
213,7068,502617,756.4,462.3,686.1,469.7,721.25,466.0,0
213,7069,502618,756.9,462.2,685.7,470.2,721.3,466.2,0
213,7070,502619,757.4,462.4,685.4,470.8,721.4,466.6,0
213,7071,502620,757.4,462.5,685.1,471.4,721.25,466.95,0
213,7072,502621,757.3,462.6,684.8,471.9,721.05,467.25,0
213,7073,502622,757.0,462.7,684.7,472.5,720.85,467.6,0
213,7074,502623,756.8,462.7,684.5,473.0,720.65,467.85,0
213,7075,502624,756.6,462.5,684.4,473.0,720.5,467.75,0
213,7076,502625,756.3,462.0,684.2,473.2,720.25,467.6,0
213,7077,502626,755.9,461.5,684.1,473.6,720.0,467.55,0
213,7078,502627,755.6,461.1,684.0,473.9,719.8,467.5,0
213,7079,502628,755.4,460.6,683.8,474.3,719.6,467.45,0
213,7080,502629,755.2,460.2,683.5,474.6,719.35,467.4,0
213,7081,502630,755.1,459.9,683.3,474.9,719.2,467.4,0
213,7082,502631,754.9,459.6,683.2,475.2,719.05,467.4,0
213,7083,502632,754.8,459.9,683.3,475.3,719.05,467.6,0
213,7084,502633,754.7,460.2,683.4,475.0,719.05,467.6,0
213,7085,502634,754.7,460.6,683.5,474.7,719.1,467.65,0
213,7086,502635,754.6,461.0,683.7,474.3,719.15,467.65,0
213,7087,502636,754.6,461.3,683.9,474.0,719.25,467.65,0
213,7088,502637,754.6,461.7,683.8,473.7,719.2,467.7,0
213,7089,502638,754.6,462.3,683.8,473.4,719.2,467.85,0
213,7090,502639,754.5,462.7,683.8,473.2,719.15,467.95,0
213,7091,502640,754.6,463.0,684.3,473.3,719.45,468.15,0
213,7092,502641,754.6,463.1,684.7,473.5,719.65,468.3,0
213,7093,502642,754.5,463.2,685.1,473.7,719.8,468.45,0
213,7094,502643,754.4,463.2,685.6,473.9,720.0,468.55,0
213,7095,502644,754.3,463.2,686.2,473.9,720.25,468.55,0
213,7096,502645,754.2,463.3,686.8,473.8,720.5,468.55,0
213,7097,502646,754.1,463.3,687.1,473.7,720.6,468.5,0
213,7098,502647,754.0,463.4,687.0,473.4,720.5,468.4,0
213,7099,502648,754.0,463.5,686.8,473.1,720.4,468.3,0
213,7100,502649,754.0,463.5,686.5,472.9,720.25,468.2,0
214,7101,502650,754.1,463.2,686.1,472.5,720.1,467.85,0
214,7102,502651,754.2,463.0,685.7,472.2,719.95,467.6,0
214,7103,502652,754.2,462.5,685.2,472.0,719.7,467.25,0
214,7104,502653,754.3,462.2,684.9,472.0,719.6,467.1,0
214,7105,502654,754.2,461.9,684.5,472.1,719.35,467.0,0
214,7106,502655,754.0,461.9,684.1,472.3,719.05,467.1,0
214,7107,502656,753.8,461.9,683.8,472.3,718.8,467.1,0
214,7108,502657,753.2,462.2,683.5,472.5,718.35,467.35,0
214,7109,502658,752.6,462.5,683.1,472.9,717.85,467.7,0
214,7110,502659,752.0,462.8,682.8,473.1,717.4,467.95,0
214,7111,502660,751.4,463.1,682.5,473.4,716.95,468.25,0
214,7112,502661,750.9,463.4,682.6,473.5,716.75,468.45,0
214,7113,502662,750.5,463.5,682.9,473.6,716.7,468.55,0
214,7114,502663,750.0,463.7,683.3,473.7,716.65,468.7,0
214,7115,502664,749.7,463.9,683.7,473.9,716.7,468.9,0
214,7116,502665,749.1,464.0,684.3,474.1,716.7,469.05,0
214,7117,502666,748.6,464.3,684.6,474.4,716.6,469.35,0
214,7118,502667,748.1,464.6,684.8,474.6,716.45,469.6,0
214,7119,502668,747.7,464.9,684.7,474.6,716.2,469.75,0
214,7120,502669,747.5,465.1,684.4,474.7,715.95,469.9,0
214,7121,502670,747.2,465.2,684.3,474.8,715.75,470.0,0
214,7122,502671,747.2,465.3,684.2,474.9,715.7,470.1,0
214,7123,502672,747.5,465.2,684.1,474.9,715.8,470.05,0
214,7124,502673,747.8,465.1,684.3,474.7,716.05,469.9,0
214,7125,502674,748.0,464.8,684.6,474.1,716.3,469.45,0
214,7126,502675,748.2,464.7,685.0,473.6,716.6,469.15,0
214,7127,502676,748.2,464.8,685.3,473.0,716.75,468.9,0
214,7128,502677,748.1,464.9,685.5,472.4,716.8,468.65,0
214,7129,502678,748.0,465.2,685.7,471.3,716.85,468.25,0
214,7130,502679,748.0,465.5,685.8,470.1,716.9,467.8,0
214,7131,502680,748.0,465.9,685.8,469.1,716.9,467.5,0
214,7132,502681,748.1,466.5,685.8,468.6,716.95,467.55,0
214,7133,502682,748.2,466.9,685.7,468.2,716.95,467.55,0
215,7134,502683,748.3,467.6,685.5,467.7,716.9,467.65,0
215,7135,502684,748.5,468.2,685.4,467.3,716.95,467.75,0
215,7136,502685,748.8,468.8,685.1,467.2,716.95,468.0,0
215,7137,502686,749.2,469.4,685.0,467.1,717.1,468.25,0
215,7138,502687,749.5,470.1,684.8,466.9,717.15,468.5,0
215,7139,502688,749.8,470.6,684.7,466.6,717.25,468.6,0
215,7140,502689,750.2,471.2,684.7,466.1,717.45,468.65,0
215,7141,502690,750.4,471.2,684.8,465.6,717.6,468.4,0
215,7142,502691,750.7,471.1,684.8,464.6,717.75,467.85,0
215,7143,502692,751.0,471.1,685.0,463.7,718.0,467.4,0
215,7144,502693,751.5,471.0,685.1,462.4,718.3,466.7,0
215,7145,502694,751.9,470.8,685.4,461.2,718.65,466.0,0
215,7146,502695,752.4,470.7,685.8,460.3,719.1,465.5,0
215,7147,502696,752.9,471.1,686.3,459.6,719.6,465.35,0
215,7148,502697,753.4,471.7,686.8,458.9,720.1,465.3,0
215,7149,502698,753.9,472.7,687.2,458.7,720.55,465.7,0
215,7150,502699,754.2,473.6,687.6,458.5,720.9,466.05,0
215,7151,502700,754.3,474.6,688.0,458.7,721.15,466.65,0
215,7152,502701,754.3,475.6,688.3,458.8,721.3,467.2,0
215,7153,502702,754.4,476.5,688.4,458.9,721.4,467.7,0
215,7154,502703,754.5,477.0,688.6,458.9,721.55,467.95,0
215,7155,502704,754.6,477.5,688.7,458.6,721.65,468.05,0
215,7156,502705,754.6,477.8,689.2,457.8,721.9,467.8,0
215,7157,502706,754.6,478.1,689.6,456.8,722.1,467.45,0
215,7158,502707,754.5,478.5,690.0,455.8,722.25,467.15,0
215,7159,502708,754.4,478.7,690.4,454.7,722.4,466.7,0
215,7160,502709,754.2,478.9,690.7,453.4,722.45,466.15,0
215,7161,502710,753.9,479.0,691.1,452.0,722.5,465.5,0
215,7162,502711,753.6,479.1,691.5,450.9,722.55,465.0,0
215,7163,502712,753.2,479.0,691.9,450.2,722.55,464.6,0
215,7164,502713,753.0,479.0,692.3,449.7,722.65,464.35,0
215,7165,502714,752.8,479.0,692.8,449.1,722.8,464.05,0
215,7166,502715,752.6,479.4,693.3,448.4,722.95,463.9,0
216,7167,502716,752.3,479.9,693.8,447.4,723.05,463.65,0
216,7168,502717,752.2,480.4,694.3,446.4,723.25,463.4,0
216,7169,502718,752.0,480.9,694.6,445.5,723.3,463.2,0
216,7170,502719,751.8,481.4,694.5,444.6,723.15,463.0,0
216,7171,502720,751.6,481.9,694.5,443.7,723.05,462.8,0
216,7172,502721,751.4,482.1,694.4,443.0,722.9,462.55,0
216,7173,502722,751.3,482.0,694.2,442.5,722.75,462.25,0
216,7174,502723,751.3,481.8,694.0,442.6,722.65,462.2,0
216,7175,502724,751.0,481.7,693.6,442.7,722.3,462.2,0
216,7176,502725,750.7,481.6,693.3,442.8,722.0,462.2,0
216,7177,502726,750.3,481.5,692.7,442.8,721.5,462.15,0
216,7178,502727,750.1,481.5,692.1,442.8,721.1,462.15,0
216,7179,502728,749.8,481.6,691.4,442.6,720.6,462.1,0
216,7180,502729,749.6,481.9,690.8,442.3,720.2,462.1,0
216,7181,502730,749.3,482.1,690.3,442.1,719.8,462.1,0
216,7182,502731,749.2,482.3,689.7,441.8,719.45,462.05,0
216,7183,502732,749.2,482.5,689.3,441.4,719.25,461.95,0
216,7184,502733,749.0,482.7,689.3,440.8,719.15,461.75,0
216,7185,502734,748.8,483.0,689.3,440.3,719.05,461.65,0
216,7186,502735,748.5,483.1,689.5,439.8,719.0,461.45,0
216,7187,502736,748.3,483.4,689.6,439.3,718.95,461.35,0
216,7188,502737,748.1,483.6,689.8,438.7,718.95,461.15,0
216,7189,502738,748.0,483.8,690.1,438.0,719.05,460.9,0
216,7190,502739,747.9,484.0,690.5,437.5,719.2,460.75,0
216,7191,502740,747.9,484.2,690.9,437.0,719.4,460.6,0
216,7192,502741,748.0,484.3,691.4,436.6,719.7,460.45,0
216,7193,502742,748.0,484.4,691.8,436.2,719.9,460.3,0
216,7194,502743,748.1,484.4,692.3,435.9,720.2,460.15,0
216,7195,502744,748.2,484.6,692.7,435.6,720.45,460.1,0
216,7196,502745,748.3,485.0,693.0,435.4,720.65,460.2,0
216,7197,502746,748.4,485.5,693.2,435.0,720.8,460.25,0
216,7198,502747,748.5,486.0,693.4,434.6,720.95,460.3,0
216,7199,502748,748.5,486.5,693.3,434.3,720.9,460.4,0
216,7200,502749,748.6,486.8,693.1,434.3,720.85,460.55,0
217,7201,502750,748.9,486.8,692.9,434.4,720.9,460.6,0
217,7202,502751,749.1,486.6,692.7,434.4,720.9,460.5,0
217,7203,502752,749.3,486.1,692.5,434.4,720.9,460.25,0
217,7204,502753,749.4,485.6,692.3,434.8,720.85,460.2,0
217,7205,502754,749.5,484.9,692.2,435.1,720.85,460.0,0
217,7206,502755,749.7,484.4,692.1,435.4,720.9,459.9,0
217,7207,502756,749.7,484.0,692.1,435.4,720.9,459.7,0
217,7208,502757,749.7,484.1,692.0,435.6,720.85,459.85,0
217,7209,502758,749.7,484.1,691.8,435.7,720.75,459.9,0
217,7210,502759,749.7,484.3,691.7,435.7,720.7,460.0,0
217,7211,502760,749.8,484.5,691.6,435.7,720.7,460.1,0
217,7212,502761,750.0,484.6,691.6,435.6,720.8,460.1,0
217,7213,502762,750.1,484.8,691.5,435.5,720.8,460.15,0
217,7214,502763,750.1,484.9,691.5,435.2,720.8,460.05,0
217,7215,502764,750.1,485.0,691.6,434.7,720.85,459.85,0
217,7216,502765,750.1,485.2,691.8,434.3,720.95,459.75,0
217,7217,502766,749.8,485.5,691.9,434.0,720.85,459.75,0
217,7218,502767,749.5,485.8,692.0,433.7,720.75,459.75,0
217,7219,502768,749.2,486.2,692.0,433.5,720.6,459.85,0
217,7220,502769,748.9,486.2,692.0,433.3,720.45,459.75,0
217,7221,502770,748.6,486.2,692.0,433.3,720.3,459.75,0
217,7222,502771,748.6,486.2,692.0,433.2,720.3,459.7,0
217,7223,502772,748.7,486.1,692.0,433.3,720.35,459.7,0
217,7224,502773,748.9,485.8,692.0,433.3,720.45,459.55,0
217,7225,502774,749.1,485.6,692.0,433.8,720.55,459.7,0
217,7226,502775,749.4,485.4,692.0,434.3,720.7,459.85,0
217,7227,502776,749.6,485.6,691.7,434.8,720.65,460.2,0
217,7228,502777,749.8,485.9,691.5,435.3,720.65,460.6,0
217,7229,502778,749.7,486.2,691.3,435.6,720.5,460.9,0
217,7230,502779,749.6,486.4,690.8,436.0,720.2,461.2,0
217,7231,502780,749.6,486.6,690.3,436.2,719.95,461.4,0
217,7232,502781,749.6,486.8,690.0,435.8,719.8,461.3,0
217,7233,502782,749.7,486.9,689.7,435.5,719.7,461.2,0
218,7234,502783,749.8,487.1,689.6,435.1,719.7,461.1,0
218,7235,502784,750.3,487.1,689.4,434.8,719.85,460.95,0
218,7236,502785,750.6,487.1,689.4,434.6,720.0,460.85,0
218,7237,502786,750.9,486.9,689.4,434.4,720.15,460.65,0
218,7238,502787,751.1,486.7,689.3,434.3,720.2,460.5,0
218,7239,502788,751.3,486.4,689.3,434.4,720.3,460.4,0
218,7240,502789,751.3,486.2,689.3,434.4,720.3,460.3,0
218,7241,502790,751.3,485.8,689.2,434.3,720.25,460.05,0
218,7242,502791,751.0,485.5,689.1,434.3,720.05,459.9,0
218,7243,502792,750.8,485.3,689.0,434.1,719.9,459.7,0
218,7244,502793,750.7,485.4,688.9,434.0,719.8,459.7,0
218,7245,502794,750.7,485.7,688.8,433.7,719.75,459.7,0
218,7246,502795,750.6,486.0,688.8,433.5,719.7,459.75,0
218,7247,502796,750.6,486.2,688.8,433.3,719.7,459.75,0
218,7248,502797,750.7,486.3,688.9,433.5,719.8,459.9,0
218,7249,502798,750.7,486.1,689.0,433.8,719.85,459.95,0
218,7250,502799,750.7,485.8,689.3,434.2,720.0,460.0,0
218,7251,502800,750.7,485.4,689.5,434.5,720.1,459.95,0
218,7252,502801,750.6,484.9,689.8,434.9,720.2,459.9,0
218,7253,502802,750.6,484.6,689.9,435.1,720.25,459.85,0
218,7254,502803,750.5,484.4,690.0,435.4,720.25,459.9,0
218,7255,502804,750.3,484.2,690.0,435.4,720.15,459.8,0
218,7256,502805,749.9,484.7,690.1,435.2,720.0,459.95,0
218,7257,502806,749.6,485.2,690.1,435.0,719.85,460.1,0
218,7258,502807,749.3,485.7,690.1,435.4,719.7,460.55,0
218,7259,502808,749.0,486.1,690.0,436.1,719.5,461.1,0
218,7260,502809,748.6,486.4,689.9,436.9,719.25,461.65,0
218,7261,502810,748.2,486.6,689.9,437.6,719.05,462.1,0
218,7262,502811,748.0,486.9,689.8,438.3,718.9,462.6,0
218,7263,502812,747.8,487.0,689.8,438.9,718.8,462.95,0
218,7264,502813,747.7,487.1,689.8,439.5,718.75,463.3,0
218,7265,502814,747.8,487.2,690.0,439.6,718.9,463.4,0
218,7266,502815,748.0,487.3,690.2,439.4,719.1,463.35,0
219,7267,502816,748.2,487.1,690.4,439.2,719.3,463.15,0
219,7268,502817,748.5,487.0,690.6,439.1,719.55,463.05,0
219,7269,502818,748.8,486.9,690.9,439.1,719.85,463.0,0
219,7270,502819,749.0,487.0,691.3,439.2,720.15,463.1,0
219,7271,502820,749.3,487.3,691.7,439.3,720.5,463.3,0
219,7272,502821,749.2,487.7,691.9,439.4,720.55,463.55,0
219,7273,502822,749.0,488.2,692.2,439.7,720.6,463.95,0
219,7274,502823,748.9,488.9,692.4,440.1,720.65,464.5,0
219,7275,502824,748.8,489.5,692.5,441.3,720.65,465.4,0
219,7276,502825,748.6,490.0,692.6,442.4,720.6,466.2,0
219,7277,502826,748.5,490.3,692.6,443.7,720.55,467.0,0
219,7278,502827,748.3,490.4,692.5,445.1,720.4,467.75,0
219,7279,502828,748.1,490.3,692.4,446.7,720.25,468.5,0
219,7280,502829,747.8,490.0,692.4,448.3,720.1,469.15,0
219,7281,502830,747.6,489.2,692.5,450.0,720.05,469.6,0
219,7282,502831,747.4,488.5,692.6,451.1,720.0,469.8,0
219,7283,502832,747.4,487.9,692.8,452.1,720.1,470.0,0
219,7284,502833,747.5,487.3,693.0,452.8,720.25,470.05,0
219,7285,502834,747.7,486.7,693.2,453.6,720.45,470.15,0
219,7286,502835,748.0,486.2,693.4,454.1,720.7,470.15,0
219,7287,502836,748.4,485.8,693.6,454.3,721.0,470.05,0
219,7288,502837,748.7,485.8,693.6,454.3,721.15,470.05,0
219,7289,502838,748.9,485.8,693.6,454.3,721.25,470.05,0
219,7290,502839,749.0,485.8,693.5,454.2,721.25,470.0,0
219,7291,502840,748.9,485.7,693.3,454.2,721.1,469.95,0
219,7292,502841,748.9,485.6,693.2,454.3,721.05,469.95,0
219,7293,502842,748.9,485.4,692.9,454.4,720.9,469.9,0
219,7294,502843,748.9,485.3,692.6,455.1,720.75,470.2,0
219,7295,502844,749.0,485.0,692.4,456.0,720.7,470.5,0
219,7296,502845,749.0,484.7,692.2,456.9,720.6,470.8,0
219,7297,502846,749.1,484.5,691.9,457.8,720.5,471.15,0
219,7298,502847,749.1,483.9,691.6,459.4,720.35,471.65,0
219,7299,502848,749.2,483.3,691.3,460.9,720.25,472.1,0
219,7300,502849,749.3,482.9,691.1,462.3,720.2,472.6,0
220,7301,502850,749.4,482.5,691.0,463.2,720.2,472.85,0
220,7302,502851,749.5,482.2,690.9,463.8,720.2,473.0,0
220,7303,502852,749.5,482.0,690.7,464.2,720.1,473.1,0
220,7304,502853,749.7,481.0,690.6,464.8,720.15,472.9,0
220,7305,502854,749.8,480.3,690.7,464.8,720.25,472.55,0
220,7306,502855,749.9,479.6,690.6,465.1,720.25,472.35,0
220,7307,502856,749.9,478.6,690.6,465.5,720.25,472.05,0
220,7308,502857,749.9,477.0,690.5,466.2,720.2,471.6,0
220,7309,502858,750.0,475.3,690.4,467.0,720.2,471.15,0
220,7310,502859,750.0,473.6,690.4,468.0,720.2,470.8,0
220,7311,502860,750.2,472.8,690.3,469.1,720.25,470.95,0
220,7312,502861,750.4,471.8,690.2,470.3,720.3,471.05,0
220,7313,502862,750.5,470.8,690.1,471.1,720.3,470.95,0
220,7314,502863,750.7,469.9,690.1,471.9,720.4,470.9,0
220,7315,502864,751.1,469.7,690.1,472.5,720.6,471.1,0
220,7316,502865,752.0,469.2,690.0,473.2,721.0,471.2,0
220,7317,502866,752.9,468.8,689.9,473.8,721.4,471.3,0
220,7318,502867,753.7,468.0,689.8,474.2,721.75,471.1,0
220,7319,502868,754.5,467.4,689.7,474.5,722.1,470.95,0
220,7320,502869,755.2,466.8,689.6,474.6,722.4,470.7,0
220,7321,502870,755.9,466.3,689.4,474.6,722.65,470.45,0
220,7322,502871,756.3,465.8,689.2,474.7,722.75,470.25,0
220,7323,502872,756.1,465.5,689.0,474.8,722.55,470.15,0
220,7324,502873,755.7,465.1,688.8,474.8,722.25,469.95,0
220,7325,502874,755.1,464.5,688.6,474.7,721.85,469.6,0
220,7326,502875,754.5,463.9,688.2,474.7,721.35,469.3,0
220,7327,502876,754.0,463.3,687.8,474.9,720.9,469.1,0
220,7328,502877,753.3,462.8,687.5,475.2,720.4,469.0,0
220,7329,502878,752.6,462.3,687.1,475.6,719.85,468.95,0
220,7330,502879,751.9,462.0,686.9,475.8,719.4,468.9,0
220,7331,502880,751.5,461.6,686.7,475.9,719.1,468.75,0
220,7332,502881,751.4,461.7,686.5,476.4,718.95,469.05,0
220,7333,502882,751.3,461.8,686.5,476.9,718.9,469.35,0
221,7334,502883,751.1,461.7,686.6,477.9,718.85,469.8,0
221,7335,502884,751.0,461.7,686.6,478.7,718.8,470.2,0
221,7336,502885,750.8,461.6,686.7,479.5,718.75,470.55,0
221,7337,502886,750.7,461.5,686.8,480.2,718.75,470.85,0
221,7338,502887,750.5,461.4,686.9,480.9,718.7,471.15,0
221,7339,502888,750.2,461.3,687.1,481.1,718.65,471.2,0
221,7340,502889,749.9,461.2,687.2,481.3,718.55,471.25,0
221,7341,502890,749.6,461.2,687.4,480.9,718.5,471.05,0
221,7342,502891,749.3,461.2,687.6,480.7,718.45,470.95,0
221,7343,502892,749.3,461.2,687.8,480.6,718.55,470.9,0
221,7344,502893,749.2,461.2,688.0,480.5,718.6,470.85,0
221,7345,502894,749.2,461.2,688.1,480.4,718.65,470.8,0
221,7346,502895,749.2,461.2,688.2,480.6,718.7,470.9,0
221,7347,502896,749.2,461.0,688.3,480.6,718.75,470.8,0
221,7348,502897,749.2,460.9,688.5,480.6,718.85,470.75,0
221,7349,502898,749.2,460.9,688.6,480.2,718.9,470.55,0
221,7350,502899,749.2,460.9,688.7,479.9,718.95,470.4,0
221,7351,502900,748.9,460.9,688.7,479.4,718.8,470.15,0
221,7352,502901,748.7,460.9,688.4,479.0,718.55,469.95,0
221,7353,502902,748.5,460.8,688.0,478.8,718.25,469.8,0
221,7354,502903,748.2,460.8,687.7,478.8,717.95,469.8,0
221,7355,502904,747.9,460.6,687.3,478.8,717.6,469.7,0
221,7356,502905,747.6,460.4,686.8,478.7,717.2,469.55,0
221,7357,502906,747.1,460.3,686.4,478.7,716.75,469.5,0
221,7358,502907,746.8,460.1,686.0,478.6,716.4,469.35,0
221,7359,502908,746.5,460.0,685.8,478.4,716.15,469.2,0
221,7360,502909,746.2,460.1,685.5,478.3,715.85,469.2,0
221,7361,502910,745.9,460.2,685.2,477.9,715.55,469.05,0
221,7362,502911,745.4,460.4,684.8,477.6,715.1,469.0,0
221,7363,502912,744.9,460.6,684.6,477.2,714.75,468.9,0
221,7364,502913,744.7,460.8,684.3,476.8,714.5,468.8,0
221,7365,502914,744.6,461.0,684.0,476.6,714.3,468.8,0
221,7366,502915,744.5,461.1,683.5,476.4,714.0,468.75,0
222,7367,502916,744.5,461.6,683.1,476.1,713.8,468.85,0
222,7368,502917,744.6,462.2,682.8,475.8,713.7,469.0,0
222,7369,502918,744.9,462.9,682.5,475.0,713.7,468.95,0
222,7370,502919,745.1,463.5,682.3,474.3,713.7,468.9,0
222,7371,502920,745.4,464.0,682.2,473.7,713.8,468.85,0
222,7372,502921,745.6,464.5,682.2,473.0,713.9,468.75,0
222,7373,502922,745.5,465.0,682.6,472.3,714.05,468.65,0
222,7374,502923,745.4,465.2,683.0,471.6,714.2,468.4,0
222,7375,502924,745.3,465.3,683.5,470.6,714.4,467.95,0
222,7376,502925,745.1,465.3,683.9,470.0,714.5,467.65,0
222,7377,502926,744.9,465.7,684.2,469.3,714.55,467.5,0
222,7378,502927,744.6,466.1,684.5,468.3,714.55,467.2,0
222,7379,502928,744.4,466.4,684.8,467.2,714.6,466.8,0
222,7380,502929,744.3,466.8,685.0,466.3,714.65,466.55,0
222,7381,502930,744.1,467.1,685.1,465.3,714.6,466.2,0
222,7382,502931,744.0,467.6,685.2,464.6,714.6,466.1,0
222,7383,502932,744.0,468.1,685.3,463.3,714.65,465.7,0
222,7384,502933,743.9,468.8,685.6,462.0,714.75,465.4,0
222,7385,502934,743.8,469.6,685.9,460.9,714.85,465.25,0
222,7386,502935,743.8,470.2,686.2,460.0,715.0,465.1,0
222,7387,502936,743.9,471.0,686.4,459.0,715.15,465.0,0
222,7388,502937,744.0,471.8,686.6,458.1,715.3,464.95,0
222,7389,502938,744.2,472.5,686.9,457.3,715.55,464.9,0
222,7390,502939,744.4,473.1,687.3,456.8,715.85,464.95,0
222,7391,502940,744.7,473.2,687.5,456.4,716.1,464.8,0
222,7392,502941,744.9,473.3,687.7,456.1,716.3,464.7,0
222,7393,502942,745.1,473.5,687.9,455.7,716.5,464.6,0
222,7394,502943,745.3,473.6,688.2,455.3,716.75,464.45,0
222,7395,502944,745.3,473.6,688.7,455.0,717.0,464.3,0
222,7396,502945,745.5,473.7,689.0,454.7,717.25,464.2,0
222,7397,502946,745.7,473.6,689.3,454.6,717.5,464.1,0
222,7398,502947,745.8,473.7,689.5,454.6,717.65,464.15,0
222,7399,502948,746.0,473.8,689.7,454.6,717.85,464.2,0
222,7400,502949,746.1,474.0,689.9,454.6,718.0,464.3,0
223,7401,502950,746.1,474.3,690.0,454.5,718.05,464.4,0
223,7402,502951,746.1,474.6,690.0,454.3,718.05,464.45,0
223,7403,502952,745.9,475.1,690.1,453.8,718.0,464.45,0
223,7404,502953,745.8,475.5,690.1,453.3,717.95,464.4,0
223,7405,502954,745.7,476.3,690.2,452.9,717.95,464.6,0
223,7406,502955,745.6,476.9,690.2,452.6,717.9,464.75,0
223,7407,502956,745.6,477.4,690.2,452.3,717.9,464.85,0
223,7408,502957,745.6,478.0,690.2,452.2,717.9,465.1,0
223,7409,502958,745.6,478.5,690.1,452.3,717.85,465.4,0
223,7410,502959,745.6,478.8,690.1,452.7,717.85,465.75,0
223,7411,502960,745.6,479.3,690.2,453.0,717.9,466.15,0
223,7412,502961,745.4,479.6,690.2,453.3,717.8,466.45,0
223,7413,502962,743.7,479.9,690.1,453.5,716.9,466.7,0
223,7414,502963,741.9,480.2,690.0,453.6,715.95,466.9,0
223,7415,502964,740.0,480.4,688.7,453.6,714.35,467.0,0
223,7416,502965,737.5,480.9,686.7,453.5,712.1,467.2,0
223,7417,502966,734.0,481.5,683.6,453.4,708.8,467.45,0
223,7418,502967,728.5,482.5,679.7,453.5,704.1,468.0,0
223,7419,502968,722.4,483.5,674.2,453.5,698.3,468.5,0
223,7420,502969,715.6,484.4,668.1,453.6,691.85,469.0,0
223,7421,502970,706.7,485.3,659.0,453.7,682.85,469.5,0
223,7422,502971,697.2,486.3,650.5,454.2,673.85,470.25,0
223,7423,502972,686.3,487.1,640.8,455.0,663.55,471.05,0
223,7424,502973,674.9,487.7,630.3,455.7,652.6,471.7,0
223,7425,502974,663.3,488.0,618.7,456.3,641.0,472.15,0
223,7426,502975,651.0,488.1,607.2,456.7,629.1,472.4,0
223,7427,502976,639.2,488.1,595.5,457.0,617.35,472.55,0
223,7428,502977,627.1,488.1,584.5,457.3,605.8,472.7,0
223,7429,502978,615.2,488.1,573.3,457.1,594.25,472.6,0
223,7430,502979,604.5,487.4,563.9,456.7,584.2,472.05,0
223,7431,502980,594.7,486.2,555.3,456.4,575.0,471.3,0
223,7432,502981,586.2,485.0,547.7,456.4,566.95,470.7,0
223,7433,502982,579.0,483.9,541.1,456.4,560.05,470.15,0
224,7434,502983,573.6,482.8,534.6,456.5,554.1,469.65,0
224,7435,502984,570.4,481.8,530.4,457.1,550.4,469.45,0
224,7436,502985,568.0,480.8,526.6,457.7,547.3,469.25,0
224,7437,502986,566.3,480.7,522.4,458.4,544.35,469.55,0
224,7438,502987,565.3,481.2,519.1,459.1,542.2,470.15,0
224,7439,502988,565.1,481.7,516.0,460.2,540.55,470.95,0
224,7440,502989,564.9,482.6,513.6,461.7,539.25,472.15,0
224,7441,502990,564.6,483.4,511.9,463.2,538.25,473.3,0
224,7442,502991,564.3,484.3,510.2,464.6,537.25,474.45,0
224,7443,502992,564.0,485.4,509.0,466.0,536.5,475.7,0
224,7444,502993,562.9,486.1,508.3,467.4,535.6,476.75,0
224,7445,502994,561.8,486.6,507.7,468.6,534.75,477.6,0
224,7446,502995,560.6,488.0,507.5,469.3,534.05,478.65,0
224,7447,502996,559.5,489.0,507.3,469.6,533.4,479.3,0
224,7448,502997,558.6,490.0,507.0,470.0,532.8,480.0,0
224,7449,502998,557.7,491.0,506.7,470.2,532.2,480.6,0
224,7450,502999,556.8,491.9,506.5,470.4,531.65,481.15,0
224,7451,503000,556.8,492.9,506.4,470.7,531.6,481.8,0
224,7452,503001,556.7,493.8,506.8,471.0,531.75,482.4,0
224,7453,503002,556.8,493.9,507.1,471.2,531.95,482.55,0
224,7454,503003,557.1,494.0,507.4,471.5,532.25,482.75,0
224,7455,503004,557.6,494.0,508.5,471.6,533.05,482.8,0
224,7456,503005,558.2,493.8,509.7,471.6,533.95,482.7,0
224,7457,503006,559.3,493.6,511.0,471.5,535.15,482.55,0
224,7458,503007,560.3,493.4,512.2,471.3,536.25,482.35,0
224,7459,503008,561.4,493.1,513.1,471.0,537.25,482.05,0
224,7460,503009,562.3,492.8,513.9,470.6,538.1,481.7,0
224,7461,503010,563.3,492.5,514.7,470.3,539.0,481.4,0
224,7462,503011,563.8,492.3,514.8,470.0,539.3,481.15,0
224,7463,503012,564.3,492.2,514.8,469.9,539.55,481.05,0
224,7464,503013,564.0,492.1,514.6,469.7,539.3,480.9,0
224,7465,503014,563.6,491.9,514.3,469.5,538.95,480.7,0
224,7466,503015,563.1,491.9,513.8,469.4,538.45,480.65,0
225,7467,503016,562.3,491.8,513.3,469.3,537.8,480.55,0
225,7468,503017,561.5,491.9,512.8,469.2,537.15,480.55,0
225,7469,503018,560.8,492.0,512.3,469.0,536.55,480.5,0
225,7470,503019,560.1,492.2,511.8,468.8,535.95,480.5,0
225,7471,503020,559.5,492.4,511.3,468.8,535.4,480.6,0
225,7472,503021,559.1,492.6,510.8,468.7,534.95,480.65,0
225,7473,503022,558.5,492.8,510.4,468.7,534.45,480.75,0
225,7474,503023,558.2,493.0,509.9,468.7,534.05,480.85,0
225,7475,503024,557.9,493.0,509.6,468.7,533.75,480.85,0
225,7476,503025,557.5,493.0,508.9,468.8,533.2,480.9,0
225,7477,503026,557.0,492.9,508.3,469.0,532.65,480.95,0
225,7478,503027,556.7,492.8,507.6,469.2,532.15,481.0,0
225,7479,503028,556.4,492.6,507.3,469.6,531.85,481.1,0
225,7480,503029,556.3,492.4,507.1,470.1,531.7,481.25,0
225,7481,503030,556.2,492.2,507.0,470.7,531.6,481.45,0
225,7482,503031,556.0,491.9,507.1,471.3,531.55,481.6,0
225,7483,503032,555.9,491.7,507.6,471.9,531.75,481.8,0
225,7484,503033,555.8,491.7,508.1,472.4,531.95,482.05,0
225,7485,503034,555.7,491.6,508.5,472.8,532.1,482.2,0
225,7486,503035,555.6,491.5,508.9,473.3,532.25,482.4,0
225,7487,503036,555.6,491.6,509.3,473.7,532.45,482.65,0
225,7488,503037,555.6,491.6,509.5,474.5,532.55,483.05,0
225,7489,503038,555.8,491.5,509.5,475.4,532.65,483.45,0
225,7490,503039,556.1,491.4,509.5,476.3,532.8,483.85,0
225,7491,503040,556.6,491.2,509.3,477.2,532.95,484.2,0
225,7492,503041,557.2,491.0,509.2,478.2,533.2,484.6,0
225,7493,503042,557.7,490.8,509.1,479.0,533.4,484.9,0
225,7494,503043,558.2,490.6,508.9,479.7,533.55,485.15,0
225,7495,503044,558.6,490.4,508.7,479.9,533.65,485.15,0
225,7496,503045,558.9,490.3,508.5,480.2,533.7,485.25,0
225,7497,503046,559.1,490.2,508.3,480.2,533.7,485.2,0
225,7498,503047,558.9,490.1,508.0,480.3,533.45,485.2,0
225,7499,503048,558.7,489.8,507.8,480.4,533.25,485.1,0
225,7500,503049,558.5,489.6,507.6,480.5,533.05,485.05,0
226,7501,503050,558.2,489.3,507.4,480.5,532.8,484.9,0
226,7502,503051,558.0,489.0,507.2,480.6,532.6,484.8,0
226,7503,503052,557.8,488.7,506.9,480.7,532.35,484.7,0
226,7504,503053,557.6,488.3,506.7,480.8,532.15,484.55,0
226,7505,503054,557.6,488.0,506.5,481.0,532.05,484.5,0
226,7506,503055,557.7,487.8,506.2,481.2,531.95,484.5,0
226,7507,503056,557.7,487.7,505.9,481.3,531.8,484.5,0
226,7508,503057,557.8,487.5,505.7,481.6,531.75,484.55,0
226,7509,503058,557.9,487.4,505.5,481.9,531.7,484.65,0
226,7510,503059,557.9,487.3,505.4,482.2,531.65,484.75,0
226,7511,503060,558.0,487.2,505.5,482.5,531.75,484.85,0
226,7512,503061,558.1,487.2,505.6,482.8,531.85,485.0,0
226,7513,503062,558.1,487.1,505.8,483.1,531.95,485.1,0
226,7514,503063,558.0,487.1,506.1,483.3,532.05,485.2,0
226,7515,503064,557.5,487.0,506.4,483.4,531.95,485.2,0
226,7516,503065,557.1,487.2,506.7,483.5,531.9,485.35,0
226,7517,503066,556.8,487.3,507.0,483.5,531.9,485.4,0
226,7518,503067,556.5,487.5,507.2,483.6,531.85,485.55,0
226,7519,503068,556.0,487.6,507.4,483.7,531.7,485.65,0
226,7520,503069,555.6,487.8,507.7,483.7,531.65,485.75,0
226,7521,503070,555.4,487.8,507.7,483.8,531.55,485.8,0
226,7522,503071,555.4,487.9,507.8,483.9,531.6,485.9,0
226,7523,503072,555.3,487.8,507.9,483.8,531.6,485.8,0
226,7524,503073,555.0,487.7,507.9,483.6,531.45,485.65,0
226,7525,503074,554.7,487.6,508.0,483.0,531.35,485.3,0
226,7526,503075,554.4,487.5,508.3,482.3,531.35,484.9,0
226,7527,503076,554.1,487.5,508.6,481.7,531.35,484.6,0
226,7528,503077,553.8,487.5,508.8,481.0,531.3,484.25,0
226,7529,503078,553.6,487.5,509.1,480.4,531.35,483.95,0
226,7530,503079,553.5,487.6,509.1,479.8,531.3,483.7,0
226,7531,503080,553.7,487.7,509.1,479.3,531.4,483.5,0
226,7532,503081,553.8,487.9,509.1,479.1,531.45,483.5,0
226,7533,503082,553.9,488.1,508.9,479.0,531.4,483.55,0
227,7534,503083,553.9,488.2,508.7,478.4,531.3,483.3,0
227,7535,503084,553.8,488.4,508.5,477.6,531.15,483.0,0
227,7536,503085,553.6,488.5,508.4,476.8,531.0,482.65,0
227,7537,503086,553.5,488.7,508.5,476.0,531.0,482.35,0
227,7538,503087,553.4,488.9,508.6,475.2,531.0,482.05,0
227,7539,503088,553.4,489.4,508.8,474.4,531.1,481.9,0
227,7540,503089,553.6,490.0,508.9,473.4,531.25,481.7,0
227,7541,503090,553.9,490.5,509.1,472.3,531.5,481.4,0
227,7542,503091,554.3,491.1,509.1,471.2,531.7,481.15,0
227,7543,503092,554.7,491.6,509.2,470.2,531.95,480.9,0
227,7544,503093,555.0,492.1,509.3,468.9,532.15,480.5,0
227,7545,503094,555.2,492.5,509.5,467.5,532.35,480.0,0
227,7546,503095,555.2,492.5,509.7,466.3,532.45,479.4,0
227,7547,503096,555.1,492.6,509.9,465.5,532.5,479.05,0
227,7548,503097,555.0,493.0,510.2,465.5,532.6,479.25,0
227,7549,503098,554.9,493.5,510.5,465.7,532.7,479.6,0
227,7550,503099,554.7,493.9,510.8,465.6,532.75,479.75,0
227,7551,503100,554.5,494.4,511.1,466.0,532.8,480.2,0
227,7552,503101,554.4,494.9,511.5,466.2,532.95,480.55,0
227,7553,503102,554.3,495.3,511.7,466.2,533.0,480.75,0
227,7554,503103,554.2,495.6,511.9,465.8,533.05,480.7,0
227,7555,503104,554.0,495.4,512.1,465.0,533.05,480.2,0
227,7556,503105,553.7,495.3,512.2,463.9,532.95,479.6,0
227,7557,503106,553.2,495.2,512.4,462.7,532.8,478.95,0
227,7558,503107,552.8,495.3,512.4,461.4,532.6,478.35,0
227,7559,503108,552.4,495.3,512.4,459.7,532.4,477.5,0
227,7560,503109,552.0,495.3,512.4,458.0,532.2,476.65,0
227,7561,503110,551.8,495.4,512.4,456.6,532.1,476.0,0
227,7562,503111,551.7,495.6,512.4,455.1,532.05,475.35,0
227,7563,503112,551.9,495.9,512.5,454.0,532.2,474.95,0
227,7564,503113,552.1,496.4,512.5,453.0,532.3,474.7,0
227,7565,503114,552.3,496.8,512.5,452.0,532.4,474.4,0
227,7566,503115,552.5,497.4,512.6,451.5,532.55,474.45,0
228,7567,503116,552.6,497.9,512.7,450.9,532.65,474.4,0
228,7568,503117,552.5,498.5,512.8,450.0,532.65,474.25,0
228,7569,503118,552.4,499.2,513.1,448.6,532.75,473.9,0
228,7570,503119,552.4,499.7,513.3,447.2,532.85,473.45,0
228,7571,503120,552.3,500.1,513.5,445.9,532.9,473.0,0
228,7572,503121,552.3,500.4,513.6,444.8,532.95,472.6,0
228,7573,503122,552.2,500.5,513.7,443.7,532.95,472.1,0
228,7574,503123,552.2,500.4,513.8,442.8,533.0,471.6,0
228,7575,503124,552.3,500.3,513.7,442.3,533.0,471.3,0
228,7576,503125,552.4,500.2,513.6,442.3,533.0,471.25,0
228,7577,503126,552.5,500.0,513.5,442.4,533.0,471.2,0
228,7578,503127,552.6,499.8,513.4,442.5,533.0,471.15,0
228,7579,503128,552.6,499.5,513.3,442.7,532.95,471.1,0
228,7580,503129,552.5,499.2,513.3,442.9,532.9,471.05,0
228,7581,503130,552.5,499.0,513.2,442.9,532.85,470.95,0
228,7582,503131,552.3,498.8,513.1,442.7,532.7,470.75,0
228,7583,503132,552.1,498.6,512.9,442.4,532.5,470.5,0
228,7584,503133,551.8,498.4,512.7,442.0,532.25,470.2,0
228,7585,503134,551.4,498.3,512.3,441.5,531.85,469.9,0
228,7586,503135,550.9,498.2,511.8,441.1,531.35,469.65,0
228,7587,503136,550.5,498.3,511.3,440.9,530.9,469.6,0
228,7588,503137,550.0,498.4,510.8,440.7,530.4,469.55,0
228,7589,503138,549.6,498.5,510.3,440.8,529.95,469.65,0
228,7590,503139,549.3,498.6,509.8,441.0,529.55,469.8,0
228,7591,503140,549.1,498.8,509.5,441.3,529.3,470.05,0
228,7592,503141,549.0,498.9,509.5,441.4,529.25,470.15,0
228,7593,503142,549.1,498.9,509.5,441.4,529.3,470.15,0
228,7594,503143,549.1,498.9,509.6,441.1,529.35,470.0,0
228,7595,503144,549.2,498.8,509.7,440.9,529.45,469.85,0
228,7596,503145,549.2,498.8,509.9,440.7,529.55,469.75,0
228,7597,503146,549.2,498.8,510.0,440.4,529.6,469.6,0
228,7598,503147,549.2,498.7,510.1,440.3,529.65,469.5,0
228,7599,503148,549.2,498.7,510.0,440.5,529.6,469.6,0
228,7600,503149,549.3,498.7,509.6,440.9,529.45,469.8,0
229,7601,503150,549.3,498.7,509.2,441.2,529.25,469.95,0
229,7602,503151,549.3,498.7,508.8,441.8,529.05,470.25,0
229,7603,503152,549.2,498.8,508.4,442.4,528.8,470.6,0
229,7604,503153,549.2,498.8,508.1,442.9,528.65,470.85,0
229,7605,503154,549.2,498.9,507.8,443.3,528.5,471.1,0
229,7606,503155,549.2,499.0,507.6,443.6,528.4,471.3,0
229,7607,503156,549.2,499.2,507.7,443.9,528.45,471.55,0
229,7608,503157,549.2,499.4,507.8,444.1,528.5,471.75,0
229,7609,503158,549.1,499.5,507.9,444.1,528.5,471.8,0
229,7610,503159,549.1,499.7,507.9,444.1,528.5,471.9,0
229,7611,503160,549.1,499.8,507.8,444.2,528.45,472.0,0
229,7612,503161,549.1,499.8,507.8,444.4,528.45,472.1,0
229,7613,503162,549.2,499.8,507.6,444.7,528.4,472.25,0
229,7614,503163,549.4,499.7,507.3,444.8,528.35,472.25,0
229,7615,503164,549.5,499.6,507.1,444.9,528.3,472.25,0
229,7616,503165,549.7,499.5,506.8,445.1,528.25,472.3,0
229,7617,503166,549.8,499.4,506.5,445.0,528.15,472.2,0
229,7618,503167,549.9,499.3,506.0,444.9,527.95,472.1,0
229,7619,503168,550.0,499.4,505.6,444.7,527.8,472.05,0
229,7620,503169,549.9,499.5,505.3,444.4,527.6,471.95,0
229,7621,503170,549.7,499.8,504.9,444.2,527.3,472.0,0
229,7622,503171,549.3,500.2,504.6,444.1,526.95,472.15,0
229,7623,503172,549.0,500.5,504.2,444.0,526.6,472.25,0
229,7624,503173,548.6,500.8,503.9,444.1,526.25,472.45,0
229,7625,503174,548.1,501.0,503.9,444.5,526.0,472.75,0
229,7626,503175,547.7,500.8,503.8,444.9,525.75,472.85,0
229,7627,503176,547.3,500.7,503.7,445.3,525.5,473.0,0
229,7628,503177,547.0,500.4,503.7,445.9,525.35,473.15,0
229,7629,503178,547.0,500.5,503.8,446.5,525.4,473.5,0
229,7630,503179,547.0,500.4,503.9,447.4,525.45,473.9,0
229,7631,503180,547.0,500.2,504.0,448.3,525.5,474.25,0
229,7632,503181,547.1,500.0,504.1,449.0,525.6,474.5,0
229,7633,503182,547.2,499.9,504.2,449.8,525.7,474.85,0
230,7634,503183,547.2,499.9,504.2,450.5,525.7,475.2,0
230,7635,503184,547.3,500.0,504.0,451.2,525.65,475.6,0
230,7636,503185,547.4,499.6,503.7,451.8,525.55,475.7,0
230,7637,503186,547.5,499.3,503.4,451.9,525.45,475.6,0
230,7638,503187,547.6,499.1,503.0,452.1,525.3,475.6,0
230,7639,503188,547.7,498.9,502.7,452.2,525.2,475.55,0
230,7640,503189,548.0,498.9,502.3,452.3,525.15,475.6,0
230,7641,503190,548.3,498.9,502.1,452.2,525.2,475.55,0
230,7642,503191,548.5,498.8,502.0,452.0,525.25,475.4,0
230,7643,503192,548.7,499.0,502.1,451.8,525.4,475.4,0
230,7644,503193,548.8,499.3,502.1,451.6,525.45,475.45,0
230,7645,503194,548.9,499.7,502.3,451.5,525.6,475.6,0
230,7646,503195,548.9,500.3,502.4,451.4,525.65,475.85,0
230,7647,503196,549.0,500.7,502.6,451.2,525.8,475.95,0
230,7648,503197,549.2,500.9,502.7,451.0,525.95,475.95,0
230,7649,503198,549.3,500.9,502.9,450.2,526.1,475.55,0
230,7650,503199,549.5,500.8,503.0,449.3,526.25,475.05,0
230,7651,503200,549.7,500.3,503.1,448.1,526.4,474.2,0
230,7652,503201,550.0,499.9,503.2,446.9,526.6,473.4,0
230,7653,503202,550.2,499.2,503.3,446.0,526.75,472.6,0
230,7654,503203,550.3,498.6,503.3,445.3,526.8,471.95,0
230,7655,503204,550.4,498.2,503.4,444.8,526.9,471.5,0
230,7656,503205,550.4,497.9,503.4,445.2,526.9,471.55,0
230,7657,503206,550.4,497.6,503.8,446.2,527.1,471.9,0
230,7658,503207,550.2,497.9,504.1,447.3,527.15,472.6,0
230,7659,503208,550.1,498.3,504.4,448.3,527.25,473.3,0
230,7660,503209,550.0,498.8,504.7,448.7,527.35,473.75,0
230,7661,503210,549.9,499.3,504.8,448.9,527.35,474.1,0
230,7662,503211,550.2,499.8,504.9,448.9,527.55,474.35,0
230,7663,503212,550.5,500.3,504.9,448.7,527.7,474.5,0
230,7664,503213,551.0,500.8,504.6,447.6,527.8,474.2,0
230,7665,503214,551.6,500.9,504.4,446.7,528.0,473.8,0
230,7666,503215,552.0,500.9,504.2,445.8,528.1,473.35,0
231,7667,503216,552.0,500.8,504.1,445.3,528.05,473.05,0
231,7668,503217,552.0,500.5,504.2,444.8,528.1,472.65,0
231,7669,503218,551.7,500.1,504.6,444.3,528.15,472.2,0
231,7670,503219,551.5,499.7,504.9,443.8,528.2,471.75,0
231,7671,503220,551.3,499.1,505.2,443.7,528.25,471.4,0
231,7672,503221,551.2,498.6,505.6,443.5,528.4,471.05,0
231,7673,503222,551.2,498.1,505.8,443.5,528.5,470.8,0
231,7674,503223,551.6,497.8,506.1,442.7,528.85,470.25,0
231,7675,503224,552.0,497.7,506.3,441.9,529.15,469.8,0
231,7676,503225,552.3,497.5,506.3,441.1,529.3,469.3,0
231,7677,503226,552.6,497.4,506.1,440.1,529.35,468.75,0
231,7678,503227,552.6,497.4,506.0,439.0,529.3,468.2,0
231,7679,503228,552.7,497.4,505.9,437.8,529.3,467.6,0
231,7680,503229,552.7,497.4,505.8,436.6,529.25,467.0,0
231,7681,503230,552.7,497.5,505.7,436.2,529.2,466.85,0
231,7682,503231,552.6,497.7,505.5,435.9,529.05,466.8,0
231,7683,503232,552.5,498.0,505.4,435.7,528.95,466.85,0
231,7684,503233,552.4,498.4,505.4,435.6,528.9,467.0,0
231,7685,503234,552.4,498.8,505.4,435.5,528.9,467.15,0
231,7686,503235,552.3,499.3,505.6,435.4,528.95,467.35,0
231,7687,503236,552.4,499.7,505.8,435.3,529.1,467.5,0
231,7688,503237,552.6,500.1,506.1,435.0,529.35,467.55,0
231,7689,503238,552.8,500.3,506.3,434.5,529.55,467.4,0
231,7690,503239,553.0,500.6,506.4,434.0,529.7,467.3,0
231,7691,503240,553.1,500.6,506.5,433.5,529.8,467.05,0
231,7692,503241,553.0,500.5,506.6,433.1,529.8,466.8,0
231,7693,503242,552.8,500.3,506.5,432.8,529.65,466.55,0
231,7694,503243,552.4,500.1,506.5,432.6,529.45,466.35,0
231,7695,503244,552.0,499.9,506.5,432.3,529.25,466.1,0
231,7696,503245,551.2,499.6,506.7,431.5,528.95,465.55,0
231,7697,503246,550.4,499.4,506.9,430.6,528.65,465.0,0
231,7698,503247,549.8,499.2,507.2,429.4,528.5,464.3,0
231,7699,503248,549.4,499.1,507.5,428.2,528.45,463.65,0
231,7700,503249,549.1,499.2,507.8,426.7,528.45,462.95,0
232,7701,503250,548.9,499.2,508.1,425.3,528.5,462.25,0
232,7702,503251,549.1,499.3,508.3,423.9,528.7,461.6,0
232,7703,503252,549.7,499.3,508.5,423.1,529.1,461.2,0
232,7704,503253,550.3,499.4,508.6,422.6,529.45,461.0,0
232,7705,503254,550.9,499.5,508.7,422.4,529.8,460.95,0
232,7706,503255,551.4,499.6,508.7,422.2,530.05,460.9,0
232,7707,503256,551.9,499.6,508.8,422.3,530.35,460.95,0
232,7708,503257,552.3,499.5,508.8,422.6,530.55,461.05,0
232,7709,503258,552.4,499.5,508.7,423.0,530.55,461.25,0
232,7710,503259,552.4,499.4,508.7,423.3,530.55,461.35,0
232,7711,503260,552.4,499.1,508.7,423.6,530.55,461.35,0
232,7712,503261,552.4,498.6,508.8,423.8,530.6,461.2,0
232,7713,503262,552.4,498.3,509.1,424.1,530.75,461.2,0
232,7714,503263,552.3,498.0,509.4,424.3,530.85,461.15,0
232,7715,503264,552.2,497.9,509.7,424.3,530.95,461.1,0
232,7716,503265,552.1,497.8,510.0,424.4,531.05,461.1,0
232,7717,503266,551.9,497.7,510.3,424.4,531.1,461.05,0
232,7718,503267,551.8,497.6,510.6,424.3,531.2,460.95,0
232,7719,503268,551.7,497.6,510.7,424.2,531.2,460.9,0
232,7720,503269,551.6,497.6,510.6,424.1,531.1,460.85,0
232,7721,503270,551.6,497.4,510.5,424.1,531.05,460.75,0
232,7722,503271,551.6,497.1,510.4,424.0,531.0,460.55,0
232,7723,503272,551.6,496.8,510.5,424.7,531.05,460.75,0
232,7724,503273,551.5,496.5,510.7,425.4,531.1,460.95,0
232,7725,503274,551.5,496.4,510.9,426.2,531.2,461.3,0
232,7726,503275,551.3,496.2,511.1,426.7,531.2,461.45,0
232,7727,503276,551.2,496.0,511.5,427.2,531.35,461.6,0
232,7728,503277,551.2,495.7,511.7,427.7,531.45,461.7,0
232,7729,503278,551.0,495.3,512.0,428.0,531.5,461.65,0
232,7730,503279,550.8,494.8,512.0,427.1,531.4,460.95,0
232,7731,503280,550.3,494.3,512.1,426.3,531.2,460.3,0
232,7732,503281,549.7,493.7,512.2,425.6,530.95,459.65,0
232,7733,503282,549.2,493.0,512.2,425.1,530.7,459.05,0
233,7734,503283,548.8,492.5,512.3,424.6,530.55,458.55,0
233,7735,503284,548.4,492.2,512.3,424.0,530.35,458.1,0
233,7736,503285,548.2,491.9,512.4,423.7,530.3,457.8,0
233,7737,503286,548.0,491.9,512.4,424.0,530.2,457.95,0
233,7738,503287,548.3,492.1,512.3,424.5,530.3,458.3,0
233,7739,503288,548.6,492.3,512.3,425.0,530.45,458.65,0
233,7740,503289,548.8,492.4,512.3,425.4,530.55,458.9,0
233,7741,503290,548.8,492.5,512.5,425.9,530.65,459.2,0
233,7742,503291,548.9,492.5,512.7,426.4,530.8,459.45,0
233,7743,503292,548.9,492.4,513.0,426.7,530.95,459.55,0
233,7744,503293,548.9,492.2,513.5,426.3,531.2,459.25,0
233,7745,503294,548.8,491.9,513.9,425.7,531.35,458.8,0
233,7746,503295,548.6,491.6,514.3,425.0,531.45,458.3,0
233,7747,503296,548.5,491.4,514.7,424.0,531.6,457.7,0
233,7748,503297,548.3,491.2,514.9,423.0,531.6,457.1,0
233,7749,503298,548.2,491.0,514.7,421.8,531.45,456.4,0
233,7750,503299,548.1,490.7,514.3,420.8,531.2,455.75,0
233,7751,503300,548.2,490.4,513.8,420.4,531.0,455.4,0
233,7752,503301,548.4,490.1,513.2,420.7,530.8,455.4,0
233,7753,503302,548.4,489.8,512.6,421.0,530.5,455.4,0
233,7754,503303,548.4,489.5,511.8,422.1,530.1,455.8,0
233,7755,503304,548.1,489.3,511.2,423.2,529.65,456.25,0
233,7756,503305,547.7,489.3,510.9,424.7,529.3,457.0,0
233,7757,503306,547.3,489.3,510.7,426.0,529.0,457.65,0
233,7758,503307,546.7,489.4,510.5,427.0,528.6,458.2,0
233,7759,503308,546.2,489.5,510.6,427.2,528.4,458.35,0
233,7760,503309,545.6,489.6,510.8,427.3,528.2,458.45,0
233,7761,503310,545.1,489.7,511.0,426.8,528.05,458.25,0
233,7762,503311,544.9,489.8,511.2,426.4,528.05,458.1,0
233,7763,503312,544.8,489.8,511.3,426.0,528.05,457.9,0
233,7764,503313,544.7,489.9,511.4,425.9,528.05,457.9,0
233,7765,503314,544.6,489.8,511.4,425.9,528.0,457.85,0
233,7766,503315,544.6,489.8,511.3,426.3,527.95,458.05,0
234,7767,503316,544.7,489.8,511.1,426.7,527.9,458.25,0
234,7768,503317,544.6,489.8,510.9,427.3,527.75,458.55,0
234,7769,503318,544.5,489.8,510.8,427.9,527.65,458.85,0
234,7770,503319,544.3,489.8,510.7,428.4,527.5,459.1,0
234,7771,503320,543.9,489.9,510.6,428.7,527.25,459.3,0
234,7772,503321,543.7,489.9,510.6,428.7,527.15,459.3,0
234,7773,503322,543.5,489.9,510.6,428.5,527.05,459.2,0
234,7774,503323,543.6,489.9,510.4,428.4,527.0,459.15,0
234,7775,503324,544.1,489.9,510.3,427.9,527.2,458.9,0
234,7776,503325,544.6,489.9,510.1,427.5,527.35,458.7,0
234,7777,503326,545.3,489.8,509.7,427.3,527.5,458.55,0
234,7778,503327,546.1,489.7,509.3,427.1,527.7,458.4,0
234,7779,503328,546.7,489.6,509.0,427.1,527.85,458.35,0
234,7780,503329,547.0,489.5,508.6,427.2,527.8,458.35,0
234,7781,503330,546.6,489.1,508.4,427.3,527.5,458.2,0
234,7782,503331,545.6,488.7,508.0,427.5,526.8,458.1,0
234,7783,503332,544.7,488.3,507.8,427.3,526.25,457.8,0
234,7784,503333,543.7,487.9,507.8,427.0,525.75,457.45,0
234,7785,503334,542.9,487.6,507.7,426.8,525.3,457.2,0
234,7786,503335,542.5,487.2,507.7,426.6,525.1,456.9,0
234,7787,503336,542.3,486.9,507.6,426.5,524.95,456.7,0
234,7788,503337,543.0,486.9,507.6,426.4,525.3,456.65,0
234,7789,503338,543.8,487.0,507.5,426.6,525.65,456.8,0
234,7790,503339,544.6,487.4,507.3,427.0,525.95,457.2,0
234,7791,503340,545.4,488.0,507.1,427.5,526.25,457.75,0
234,7792,503341,546.1,488.5,506.9,427.5,526.5,458.0,0
234,7793,503342,546.5,489.1,506.6,427.4,526.55,458.25,0
234,7794,503343,547.0,489.4,506.3,427.3,526.65,458.35,0
234,7795,503344,547.2,489.6,506.0,427.1,526.6,458.35,0
234,7796,503345,547.5,489.8,505.8,426.7,526.65,458.25,0
234,7797,503346,547.7,489.6,505.6,426.3,526.65,457.95,0
234,7798,503347,548.0,489.3,505.4,425.8,526.7,457.55,0
234,7799,503348,548.4,489.4,505.1,425.6,526.75,457.5,0
234,7800,503349,548.8,489.5,504.9,425.4,526.85,457.45,0
235,7801,503350,549.1,490.0,504.7,425.2,526.9,457.6,0
235,7802,503351,549.4,490.4,504.5,425.0,526.95,457.7,0
235,7803,503352,549.7,490.9,504.2,424.8,526.95,457.85,0
235,7804,503353,550.0,491.4,504.0,424.8,527.0,458.1,0
235,7805,503354,550.2,491.8,503.9,424.9,527.05,458.35,0
235,7806,503355,550.2,491.9,503.9,425.2,527.05,458.55,0
235,7807,503356,550.3,491.9,504.0,425.6,527.15,458.75,0
235,7808,503357,550.3,491.9,504.2,426.0,527.25,458.95,0
235,7809,503358,550.4,491.9,504.4,426.4,527.4,459.15,0
235,7810,503359,550.6,491.7,504.7,426.9,527.65,459.3,0
235,7811,503360,550.8,491.5,505.0,427.3,527.9,459.4,0
235,7812,503361,551.1,491.4,505.2,427.5,528.15,459.45,0
235,7813,503362,551.4,491.2,505.4,427.6,528.4,459.4,0
235,7814,503363,551.7,490.9,505.5,427.6,528.6,459.25,0
235,7815,503364,552.1,490.8,505.6,427.5,528.85,459.15,0
235,7816,503365,552.6,490.6,505.8,427.4,529.2,459.0,0
235,7817,503366,552.9,490.8,505.8,427.2,529.35,459.0,0
235,7818,503367,553.0,491.0,505.9,426.9,529.45,458.95,0
235,7819,503368,552.8,491.2,506.1,426.5,529.45,458.85,0
235,7820,503369,552.5,491.4,506.2,426.2,529.35,458.8,0
235,7821,503370,552.2,491.5,506.5,425.9,529.35,458.7,0
235,7822,503371,551.6,491.7,507.0,425.7,529.3,458.7,0
235,7823,503372,551.0,491.8,507.6,425.4,529.3,458.6,0
235,7824,503373,550.4,491.7,508.2,425.0,529.3,458.35,0
235,7825,503374,549.9,491.6,508.7,424.8,529.3,458.2,0
235,7826,503375,549.7,491.4,509.2,424.6,529.45,458.0,0
235,7827,503376,549.6,491.3,509.6,424.5,529.6,457.9,0
235,7828,503377,549.5,491.2,509.8,424.3,529.65,457.75,0
235,7829,503378,549.5,491.1,509.5,424.1,529.5,457.6,0
235,7830,503379,549.6,491.0,509.3,424.0,529.45,457.5,0
235,7831,503380,549.7,490.9,509.0,424.0,529.35,457.45,0
235,7832,503381,549.9,490.8,508.7,424.0,529.3,457.4,0
235,7833,503382,550.2,490.7,508.4,424.6,529.3,457.65,0
236,7834,503383,550.5,490.7,508.2,425.2,529.35,457.95,0
236,7835,503384,550.9,490.7,508.2,425.9,529.55,458.3,0
236,7836,503385,551.1,490.7,508.1,426.6,529.6,458.65,0
236,7837,503386,551.1,490.7,508.1,427.3,529.6,459.0,0
236,7838,503387,550.7,490.7,508.1,427.9,529.4,459.3,0
236,7839,503388,550.2,490.8,508.2,428.6,529.2,459.7,0
236,7840,503389,549.3,491.1,508.5,428.9,528.9,460.0,0
236,7841,503390,548.5,491.3,509.0,429.1,528.75,460.2,0
236,7842,503391,547.7,491.6,509.6,429.3,528.65,460.45,0
236,7843,503392,546.9,491.9,510.1,429.4,528.5,460.65,0
236,7844,503393,546.3,492.2,510.6,429.4,528.45,460.8,0
236,7845,503394,546.1,492.4,511.1,429.4,528.6,460.9,0
236,7846,503395,546.0,492.5,511.4,429.3,528.7,460.9,0
236,7847,503396,546.1,492.4,511.6,429.3,528.85,460.85,0
236,7848,503397,545.9,492.4,511.3,429.3,528.6,460.85,0
236,7849,503398,545.8,492.3,511.0,429.4,528.4,460.85,0
236,7850,503399,545.6,492.2,510.7,429.4,528.15,460.8,0
236,7851,503400,545.1,492.3,510.4,429.5,527.75,460.9,0
236,7852,503401,544.5,492.5,510.2,429.7,527.35,461.1,0
236,7853,503402,543.7,492.8,510.0,429.7,526.85,461.25,0
236,7854,503403,542.8,492.9,509.9,429.6,526.35,461.25,0
236,7855,503404,542.3,493.0,510.0,429.4,526.15,461.2,0
236,7856,503405,541.9,493.1,510.0,429.2,525.95,461.15,0
236,7857,503406,541.7,493.6,510.1,428.9,525.9,461.25,0
236,7858,503407,541.8,493.9,510.2,428.6,526.0,461.25,0
236,7859,503408,542.0,494.2,509.8,428.0,525.9,461.1,0
236,7860,503409,542.3,494.4,509.4,427.3,525.85,460.85,0
236,7861,503410,542.3,494.8,508.9,426.8,525.6,460.8,0
236,7862,503411,542.3,495.2,508.5,426.3,525.4,460.75,0
236,7863,503412,542.3,495.6,507.9,425.7,525.1,460.65,0
236,7864,503413,542.1,495.5,507.2,425.3,524.65,460.4,0
236,7865,503414,541.8,495.5,506.4,424.9,524.1,460.2,0
236,7866,503415,541.5,495.2,506.2,425.0,523.85,460.1,0
237,7867,503416,541.4,494.9,505.9,425.2,523.65,460.05,0
237,7868,503417,541.4,494.6,505.7,425.3,523.55,459.95,0
237,7869,503418,541.3,494.1,505.5,425.5,523.4,459.8,0
237,7870,503419,541.0,493.5,505.3,425.9,523.15,459.7,0
237,7871,503420,540.7,492.9,505.2,426.4,522.95,459.65,0
237,7872,503421,540.3,492.4,505.1,426.8,522.7,459.6,0
237,7873,503422,540.0,492.1,504.9,427.1,522.45,459.6,0
237,7874,503423,539.7,492.0,504.8,427.5,522.25,459.75,0
237,7875,503424,539.5,491.9,504.7,427.8,522.1,459.85,0
237,7876,503425,539.4,492.1,504.0,428.0,521.7,460.05,0
237,7877,503426,539.3,492.5,503.4,427.8,521.35,460.15,0
237,7878,503427,539.3,492.9,502.7,427.6,521.0,460.25,0
237,7879,503428,539.2,493.4,502.1,427.5,520.65,460.45,0
237,7880,503429,539.1,493.8,501.4,427.3,520.25,460.55,0
237,7881,503430,538.9,494.3,500.7,427.1,519.8,460.7,0
237,7882,503431,538.8,494.7,500.3,427.0,519.55,460.85,0
237,7883,503432,538.9,495.1,500.3,427.1,519.6,461.1,0
237,7884,503433,539.2,495.4,500.4,427.3,519.8,461.35,0
237,7885,503434,539.6,495.5,500.5,427.5,520.05,461.5,0
237,7886,503435,540.1,495.4,500.7,427.8,520.4,461.6,0
237,7887,503436,540.5,495.2,500.8,428.0,520.65,461.6,0
237,7888,503437,540.9,494.8,500.4,428.1,520.65,461.45,0
237,7889,503438,541.2,494.3,499.8,428.3,520.5,461.3,0
237,7890,503439,541.3,493.8,499.1,428.2,520.2,461.0,0
237,7891,503440,541.3,493.5,498.4,428.0,519.85,460.75,0
237,7892,503441,541.1,493.3,497.7,427.7,519.4,460.5,0
237,7893,503442,540.8,493.3,497.1,427.4,518.95,460.35,0
237,7894,503443,540.6,493.2,496.5,427.2,518.55,460.2,0
237,7895,503444,540.5,493.1,496.5,427.0,518.5,460.05,0
237,7896,503445,540.5,493.1,496.6,426.9,518.55,460.0,0
237,7897,503446,540.6,493.1,496.9,426.9,518.75,460.0,0
237,7898,503447,540.7,492.9,497.3,426.8,519.0,459.85,0
237,7899,503448,541.0,492.9,497.6,427.0,519.3,459.95,0
237,7900,503449,541.3,492.9,497.9,427.1,519.6,460.0,0
238,7901,503450,541.9,493.1,498.2,427.3,520.05,460.2,0
238,7902,503451,542.5,493.5,498.4,427.5,520.45,460.5,0
238,7903,503452,543.0,493.8,498.6,427.7,520.8,460.75,0
238,7904,503453,543.6,494.0,498.9,427.7,521.25,460.85,0
238,7905,503454,544.2,494.2,499.1,427.8,521.65,461.0,0
238,7906,503455,544.9,494.3,499.4,427.8,522.15,461.05,0
238,7907,503456,545.5,494.2,499.8,427.9,522.65,461.05,0
238,7908,503457,546.0,494.1,500.2,428.0,523.1,461.05,0
238,7909,503458,546.4,493.9,500.6,428.3,523.5,461.1,0
238,7910,503459,547.0,493.7,501.0,428.6,524.0,461.15,0
238,7911,503460,547.4,493.4,501.3,429.0,524.35,461.2,0
238,7912,503461,547.8,493.1,501.7,429.3,524.75,461.2,0
238,7913,503462,547.9,493.0,501.9,429.6,524.9,461.3,0
238,7914,503463,548.1,492.8,502.2,430.0,525.15,461.4,0
238,7915,503464,548.2,492.6,502.4,430.5,525.3,461.55,0
238,7916,503465,548.3,492.5,502.6,430.7,525.45,461.6,0
238,7917,503466,548.3,492.4,502.8,430.9,525.55,461.65,0
238,7918,503467,548.4,492.2,502.9,431.1,525.65,461.65,0
238,7919,503468,548.4,492.0,502.9,431.3,525.65,461.65,0
238,7920,503469,548.5,491.8,502.9,431.4,525.7,461.6,0
238,7921,503470,548.3,491.2,502.9,431.4,525.6,461.3,0
238,7922,503471,548.0,490.6,502.8,431.4,525.4,461.0,0
238,7923,503472,547.8,490.1,502.7,431.3,525.25,460.7,0
238,7924,503473,547.4,489.5,502.7,431.5,525.05,460.5,0
238,7925,503474,547.1,488.8,502.6,431.7,524.85,460.25,0
238,7926,503475,546.6,488.1,502.6,431.9,524.6,460.0,0
238,7927,503476,546.2,486.8,502.4,432.2,524.3,459.5,0
238,7928,503477,546.1,485.9,502.3,432.4,524.2,459.15,0
238,7929,503478,545.9,485.0,502.1,432.5,524.0,458.75,0
238,7930,503479,545.8,484.1,501.9,432.6,523.85,458.35,0
238,7931,503480,545.7,483.3,501.8,432.3,523.75,457.8,0
238,7932,503481,545.6,482.9,501.8,431.9,523.7,457.4,0
238,7933,503482,545.6,482.3,501.8,431.2,523.7,456.75,0
239,7934,503483,545.5,482.2,502.0,430.5,523.75,456.35,0
239,7935,503484,545.3,481.8,502.2,429.9,523.75,455.85,0
239,7936,503485,545.0,481.3,502.4,429.6,523.7,455.45,0
239,7937,503486,544.7,480.9,502.4,429.3,523.55,455.1,0
239,7938,503487,544.4,480.3,502.4,429.1,523.4,454.7,0
239,7939,503488,544.2,479.7,502.3,428.8,523.25,454.25,0
239,7940,503489,543.8,479.0,502.2,428.9,523.0,453.95,0
239,7941,503490,543.5,478.5,502.0,429.1,522.75,453.8,0
239,7942,503491,543.4,478.3,501.8,429.5,522.6,453.9,0
239,7943,503492,543.3,478.1,501.6,429.5,522.45,453.8,0
239,7944,503493,543.3,477.8,501.5,429.7,522.4,453.75,0
239,7945,503494,543.3,477.4,501.4,429.9,522.35,453.65,0
239,7946,503495,543.2,476.9,501.3,430.2,522.25,453.55,0
239,7947,503496,543.2,476.6,501.1,430.7,522.15,453.65,0
239,7948,503497,543.3,476.3,500.9,431.2,522.1,453.75,0
239,7949,503498,543.3,475.9,500.8,431.5,522.05,453.7,0
239,7950,503499,543.2,475.3,500.7,431.9,521.95,453.6,0
239,7951,503500,543.2,474.7,500.6,432.3,521.9,453.5,0
239,7952,503501,543.3,474.5,500.6,432.4,521.95,453.45,0
239,7953,503502,543.2,474.4,500.7,432.5,521.95,453.45,0
239,7954,503503,543.1,474.4,500.8,432.5,521.95,453.45,0
239,7955,503504,542.7,474.3,500.8,432.4,521.75,453.35,0
239,7956,503505,542.2,473.6,500.7,432.5,521.45,453.05,0
239,7957,503506,541.7,473.0,500.5,433.2,521.1,453.1,0
239,7958,503507,541.1,472.5,500.3,433.9,520.7,453.2,0
239,7959,503508,540.5,471.9,499.7,434.8,520.1,453.35,0
239,7960,503509,540.1,471.2,499.1,435.8,519.6,453.5,0
239,7961,503510,539.9,470.7,498.5,436.7,519.2,453.7,0
239,7962,503511,540.0,470.7,498.2,437.6,519.1,454.15,0
239,7963,503512,540.5,471.3,497.9,438.3,519.2,454.8,0
239,7964,503513,541.0,472.0,497.6,438.6,519.3,455.3,0
239,7965,503514,542.2,472.6,497.9,438.9,520.05,455.75,0
239,7966,503515,544.6,473.1,499.3,439.3,521.95,456.2,0
240,7967,503516,547.1,473.6,500.9,439.8,524.0,456.7,0
240,7968,503517,550.9,473.9,503.4,440.4,527.15,457.15,0
240,7969,503518,555.8,473.6,507.2,440.9,531.5,457.25,0
240,7970,503519,562.6,473.2,512.6,441.6,537.6,457.4,0
240,7971,503520,570.1,472.4,519.3,442.0,544.7,457.2,0
240,7972,503521,578.6,471.6,527.4,442.5,553.0,457.05,0
240,7973,503522,587.0,470.7,535.5,442.8,561.25,456.75,0
240,7974,503523,596.2,469.7,544.5,442.8,570.35,456.25,0
240,7975,503524,606.6,468.4,554.4,443.0,580.5,455.7,0
240,7976,503525,617.1,467.0,564.3,443.0,590.7,455.0,0
240,7977,503526,627.5,465.3,573.7,443.0,600.6,454.15,0
240,7978,503527,638.1,463.8,582.0,443.1,610.05,453.45,0
240,7979,503528,648.0,462.3,589.4,442.9,618.7,452.6,0
240,7980,503529,656.9,461.1,596.6,442.7,626.75,451.9,0
240,7981,503530,664.7,459.8,603.0,442.5,633.85,451.15,0
240,7982,503531,670.3,458.7,607.5,442.1,638.9,450.4,0
240,7983,503532,674.9,457.8,610.8,441.7,642.85,449.75,0
240,7984,503533,677.4,457.5,613.5,441.2,645.45,449.35,0
240,7985,503534,679.1,457.3,616.1,441.0,647.6,449.15,0
240,7986,503535,679.5,457.3,617.6,440.8,648.55,449.05,0
240,7987,503536,679.8,457.2,618.6,441.1,649.2,449.15,0
240,7988,503537,679.7,457.2,619.6,441.5,649.65,449.35,0
240,7989,503538,679.5,457.3,620.6,442.3,650.05,449.8,0
240,7990,503539,678.0,457.5,621.6,443.4,649.8,450.45,0
240,7991,503540,676.5,457.8,621.8,444.9,649.15,451.35,0
240,7992,503541,675.0,458.1,621.6,446.3,648.3,452.2,0
240,7993,503542,673.8,458.8,621.3,447.7,647.55,453.25,0
240,7994,503543,672.4,459.5,621.0,449.7,646.7,454.6,0
240,7995,503544,671.1,460.2,620.4,452.1,645.75,456.15,0
240,7996,503545,669.4,460.9,619.6,454.8,644.5,457.85,0
240,7997,503546,668.7,461.7,618.8,457.3,643.75,459.5,0
240,7998,503547,668.0,462.7,618.1,459.4,643.05,461.05,0
240,7999,503548,667.4,463.7,617.6,461.5,642.5,462.6,0
240,8000,503549,666.9,464.4,617.0,463.6,641.95,464.0,0
241,8001,503550,666.5,465.1,616.4,464.7,641.45,464.9,0
241,8002,503551,666.3,466.0,615.9,465.5,641.1,465.75,0
241,8003,503552,666.5,466.9,615.5,465.6,641.0,466.25,0
241,8004,503553,666.7,468.3,615.2,465.7,640.95,467.0,0
241,8005,503554,667.2,469.5,615.0,465.9,641.1,467.7,0
241,8006,503555,667.5,470.7,614.8,466.1,641.15,468.4,0
241,8007,503556,667.8,472.0,614.8,466.3,641.3,469.15,0
241,8008,503557,668.1,473.1,614.7,466.9,641.4,470.0,0
241,8009,503558,668.4,474.1,614.6,467.4,641.5,470.75,0
241,8010,503559,668.9,475.2,614.5,468.0,641.7,471.6,0
241,8011,503560,669.5,475.8,614.5,468.5,642.0,472.15,0
241,8012,503561,669.8,476.5,614.4,469.1,642.1,472.8,0
241,8013,503562,670.3,477.6,614.3,469.7,642.3,473.65,0
241,8014,503563,670.9,478.6,614.2,470.5,642.55,474.55,0
241,8015,503564,671.4,479.6,614.2,470.9,642.8,475.25,0
241,8016,503565,672.3,480.6,614.3,471.3,643.3,475.95,0
241,8017,503566,673.1,481.4,614.4,471.8,643.75,476.6,0
241,8018,503567,673.8,482.0,614.4,472.4,644.1,477.2,0
241,8019,503568,674.4,482.4,614.6,472.8,644.5,477.6,0
241,8020,503569,674.9,482.4,614.9,473.1,644.9,477.75,0
241,8021,503570,675.3,482.4,615.2,473.2,645.25,477.8,0
241,8022,503571,675.7,482.5,615.6,473.3,645.65,477.9,0
241,8023,503572,675.7,482.7,615.9,473.6,645.8,478.15,0
241,8024,503573,675.8,483.0,616.2,473.9,646.0,478.45,0
241,8025,503574,675.8,483.4,616.5,474.0,646.15,478.7,0
241,8026,503575,676.1,484.0,616.8,474.2,646.45,479.1,0
241,8027,503576,676.3,484.6,617.0,474.6,646.65,479.6,0
241,8028,503577,676.6,485.2,617.2,475.0,646.9,480.1,0
241,8029,503578,676.8,485.7,617.3,475.3,647.05,480.5,0
241,8030,503579,677.1,486.0,617.4,475.3,647.25,480.65,0
241,8031,503580,677.3,486.3,617.5,475.4,647.4,480.85,0
241,8032,503581,677.5,486.6,617.7,475.4,647.6,481.0,0
241,8033,503582,677.5,486.7,617.7,475.1,647.6,480.9,0
242,8034,503583,677.5,486.9,617.8,474.6,647.65,480.75,0
242,8035,503584,677.5,487.1,617.8,474.0,647.65,480.55,0
242,8036,503585,677.5,487.3,617.9,473.4,647.7,480.35,0
242,8037,503586,677.5,487.5,617.5,472.9,647.5,480.2,0
242,8038,503587,677.5,487.6,617.2,472.0,647.35,479.8,0
242,8039,503588,677.5,487.7,616.9,471.1,647.2,479.4,0
242,8040,503589,677.4,487.7,616.6,470.4,647.0,479.05,0
242,8041,503590,677.3,487.6,616.3,469.9,646.8,478.75,0
242,8042,503591,677.3,487.9,616.1,469.5,646.7,478.7,0
242,8043,503592,677.2,488.1,615.8,469.1,646.5,478.6,0
242,8044,503593,677.1,488.2,615.9,468.7,646.5,478.45,0
242,8045,503594,677.1,488.1,616.1,468.6,646.6,478.35,0
242,8046,503595,677.0,487.9,616.2,468.4,646.6,478.15,0
242,8047,503596,677.0,487.7,616.3,467.9,646.65,477.8,0
242,8048,503597,677.0,487.6,616.5,467.4,646.75,477.5,0
242,8049,503598,677.0,488.0,616.6,466.8,646.8,477.4,0
242,8050,503599,676.9,488.4,616.7,466.2,646.8,477.3,0
242,8051,503600,677.0,488.8,616.6,465.4,646.8,477.1,0
242,8052,503601,677.0,489.3,616.5,464.6,646.75,476.95,0
242,8053,503602,677.2,489.9,616.4,463.9,646.8,476.9,0
242,8054,503603,677.3,490.4,616.3,463.4,646.8,476.9,0
242,8055,503604,677.5,491.1,616.2,462.9,646.85,477.0,0
242,8056,503605,677.7,490.9,616.2,462.5,646.95,476.7,0
242,8057,503606,677.9,490.7,616.3,462.3,647.1,476.5,0
242,8058,503607,678.1,490.8,616.5,462.2,647.3,476.5,0
242,8059,503608,678.3,491.0,616.7,462.2,647.5,476.6,0
242,8060,503609,678.5,491.3,616.9,462.3,647.7,476.8,0
242,8061,503610,678.6,491.5,617.1,462.4,647.85,476.95,0
242,8062,503611,678.7,491.6,617.3,462.5,648.0,477.05,0
242,8063,503612,678.8,491.6,617.4,462.7,648.1,477.15,0
242,8064,503613,678.8,491.6,617.4,462.9,648.1,477.25,0
242,8065,503614,678.8,491.0,617.1,463.0,647.95,477.0,0
242,8066,503615,678.8,490.5,616.9,463.1,647.85,476.8,0
243,8067,503616,678.8,489.7,616.6,463.1,647.7,476.4,0
243,8068,503617,678.8,488.9,616.2,462.9,647.5,475.9,0
243,8069,503618,678.8,488.2,615.9,462.7,647.35,475.45,0
243,8070,503619,678.9,487.6,615.5,462.4,647.2,475.0,0
243,8071,503620,679.1,487.1,615.2,462.0,647.15,474.55,0
243,8072,503621,679.3,487.6,615.2,461.5,647.25,474.55,0
243,8073,503622,679.4,488.2,615.3,461.2,647.35,474.7,0
243,8074,503623,679.5,488.9,615.6,461.1,647.55,475.0,0
243,8075,503624,679.5,489.7,615.8,461.2,647.65,475.45,0
243,8076,503625,679.5,490.6,615.9,461.4,647.7,476.0,0
243,8077,503626,679.4,491.4,616.1,461.6,647.75,476.5,0
243,8078,503627,679.2,492.2,616.3,461.9,647.75,477.05,0
243,8079,503628,679.0,492.3,616.5,462.2,647.75,477.25,0
243,8080,503629,678.7,492.4,616.6,462.4,647.65,477.4,0
243,8081,503630,678.6,492.6,616.5,462.5,647.55,477.55,0
243,8082,503631,678.6,492.7,616.4,462.6,647.5,477.65,0
243,8083,503632,678.7,492.8,616.5,462.5,647.6,477.65,0
243,8084,503633,678.7,492.9,616.5,462.2,647.6,477.55,0
243,8085,503634,678.6,492.8,616.4,461.8,647.5,477.3,0
243,8086,503635,678.5,492.8,616.4,461.5,647.45,477.15,0
243,8087,503636,678.4,492.7,616.2,461.4,647.3,477.05,0
243,8088,503637,678.3,492.7,616.0,461.3,647.15,477.0,0
243,8089,503638,678.0,492.6,615.9,461.2,646.95,476.9,0
243,8090,503639,677.8,492.5,615.7,461.3,646.75,476.9,0
243,8091,503640,677.6,492.5,615.5,461.7,646.55,477.1,0
243,8092,503641,677.6,492.5,615.4,462.4,646.5,477.45,0
243,8093,503642,677.7,492.6,615.3,463.1,646.5,477.85,0
243,8094,503643,677.8,492.6,615.2,463.6,646.5,478.1,0
243,8095,503644,678.0,492.7,615.0,464.3,646.5,478.5,0
243,8096,503645,678.1,492.7,614.7,464.8,646.4,478.75,0
243,8097,503646,678.3,492.7,614.3,465.4,646.3,479.05,0
243,8098,503647,678.5,492.6,614.0,466.2,646.25,479.4,0
243,8099,503648,678.7,492.6,613.7,466.7,646.2,479.65,0
243,8100,503649,678.9,492.0,613.5,467.2,646.2,479.6,0
244,8101,503650,679.1,491.4,613.3,467.7,646.2,479.55,0
244,8102,503651,679.1,490.7,613.2,468.0,646.15,479.35,0
244,8103,503652,679.1,489.9,613.2,468.4,646.15,479.15,0
244,8104,503653,679.0,489.2,613.2,468.7,646.1,478.95,0
244,8105,503654,678.9,488.5,613.2,468.8,646.05,478.65,0
244,8106,503655,679.0,487.9,613.1,468.8,646.05,478.35,0
244,8107,503656,679.0,487.9,612.9,469.3,645.95,478.6,0
244,8108,503657,679.0,487.8,612.7,469.7,645.85,478.75,0
244,8109,503658,679.2,487.9,612.4,470.1,645.8,479.0,0
244,8110,503659,679.4,487.9,612.2,470.8,645.8,479.35,0
244,8111,503660,679.4,487.9,611.9,472.0,645.65,479.95,0
244,8112,503661,679.3,487.9,611.6,474.0,645.45,480.95,0
244,8113,503662,679.2,487.9,611.4,476.0,645.3,481.95,0
244,8114,503663,679.0,487.8,611.3,477.5,645.15,482.65,0
244,8115,503664,678.7,487.7,611.4,478.7,645.05,483.2,0
244,8116,503665,678.4,487.6,611.5,479.6,644.95,483.6,0
244,8117,503666,677.8,487.6,611.5,480.2,644.65,483.9,0
244,8118,503667,677.4,487.7,611.6,480.3,644.5,484.0,0
244,8119,503668,677.0,487.7,611.8,479.7,644.4,483.7,0
244,8120,503669,676.5,487.7,611.8,479.3,644.15,483.5,0
244,8121,503670,676.1,487.7,611.8,478.9,643.95,483.3,0
244,8122,503671,675.9,487.7,611.9,478.8,643.9,483.25,0
244,8123,503672,675.8,487.6,611.9,479.1,643.85,483.35,0
244,8124,503673,676.1,487.6,611.9,479.4,644.0,483.5,0
244,8125,503674,676.4,487.5,612.0,479.5,644.2,483.5,0
244,8126,503675,676.7,487.3,612.1,479.5,644.4,483.4,0
244,8127,503676,677.0,487.1,612.2,479.0,644.6,483.05,0
244,8128,503677,677.2,487.0,612.4,478.6,644.8,482.8,0
244,8129,503678,677.3,486.7,612.7,478.2,645.0,482.45,0
244,8130,503679,677.1,486.5,613.0,478.0,645.05,482.25,0
244,8131,503680,677.0,486.3,613.3,477.8,645.15,482.05,0
244,8132,503681,676.8,486.1,613.7,477.8,645.25,481.95,0
244,8133,503682,676.6,486.0,614.1,477.9,645.35,481.95,0
245,8134,503683,676.4,486.0,614.6,478.3,645.5,482.15,0
245,8135,503684,676.3,485.9,615.0,478.6,645.65,482.25,0
245,8136,503685,676.3,485.6,615.2,478.7,645.75,482.15,0
245,8137,503686,676.3,484.7,615.5,478.7,645.9,481.7,0
245,8138,503687,676.2,483.8,615.6,478.6,645.9,481.2,0
245,8139,503688,676.2,482.9,616.0,478.4,646.1,480.65,0
245,8140,503689,676.1,482.0,616.3,478.2,646.2,480.1,0
245,8141,503690,676.0,481.1,616.5,478.1,646.25,479.6,0
245,8142,503691,676.0,480.3,616.7,477.9,646.35,479.1,0
245,8143,503692,675.9,479.7,616.7,477.8,646.3,478.75,0
245,8144,503693,675.9,479.6,616.7,477.4,646.3,478.5,0
245,8145,503694,676.0,479.4,616.7,476.9,646.35,478.15,0
245,8146,503695,676.1,478.7,616.4,475.8,646.25,477.25,0
245,8147,503696,676.1,477.9,616.2,474.6,646.15,476.25,0
245,8148,503697,676.1,477.1,616.0,473.5,646.05,475.3,0
245,8149,503698,676.0,476.2,616.0,472.4,646.0,474.3,0
245,8150,503699,676.0,475.2,616.0,471.3,646.0,473.25,0
245,8151,503700,676.0,473.9,616.1,470.4,646.05,472.15,0
245,8152,503701,676.2,472.9,616.2,469.8,646.2,471.35,0
245,8153,503702,676.2,471.9,616.2,469.5,646.2,470.7,0
245,8154,503703,676.2,471.1,616.2,469.2,646.2,470.15,0
245,8155,503704,675.9,470.3,616.3,469.0,646.1,469.65,0
245,8156,503705,675.4,469.5,616.3,468.8,645.85,469.15,0
245,8157,503706,674.9,468.9,616.2,468.4,645.55,468.65,0
245,8158,503707,674.3,468.7,616.1,467.7,645.2,468.2,0
245,8159,503708,673.8,468.5,616.1,466.9,644.95,467.7,0
245,8160,503709,673.4,468.5,616.0,466.3,644.7,467.4,0
245,8161,503710,673.1,468.4,616.0,465.2,644.55,466.8,0
245,8162,503711,673.3,468.3,616.1,464.0,644.7,466.15,0
245,8163,503712,673.5,468.1,616.1,462.8,644.8,465.45,0
245,8164,503713,673.8,467.9,616.3,461.6,645.05,464.75,0
245,8165,503714,674.1,467.7,616.5,460.7,645.3,464.2,0
245,8166,503715,674.0,467.5,616.7,459.9,645.35,463.7,0
246,8167,503716,674.0,467.4,616.9,459.1,645.45,463.25,0
246,8168,503717,674.0,467.2,616.9,458.8,645.45,463.0,0
246,8169,503718,674.0,467.2,617.1,458.1,645.55,462.65,0
246,8170,503719,674.1,467.2,617.2,457.2,645.65,462.2,0
246,8171,503720,674.1,467.1,617.3,456.2,645.7,461.65,0
246,8172,503721,674.2,467.0,617.4,454.8,645.8,460.9,0
246,8173,503722,674.3,466.9,617.6,453.5,645.95,460.2,0
246,8174,503723,674.5,466.7,617.7,452.0,646.1,459.35,0
246,8175,503724,674.7,466.6,617.8,450.6,646.25,458.6,0
246,8176,503725,674.9,466.5,617.8,449.5,646.35,458.0,0
246,8177,503726,674.9,466.3,617.7,448.7,646.3,457.5,0
246,8178,503727,675.0,466.2,617.7,448.1,646.35,457.15,0
246,8179,503728,675.0,466.0,617.5,447.9,646.25,456.95,0
246,8180,503729,675.1,465.9,616.9,447.7,646.0,456.8,0
246,8181,503730,675.0,465.9,616.3,447.7,645.65,456.8,0
246,8182,503731,674.8,466.1,615.7,447.6,645.25,456.85,0
246,8183,503732,674.6,466.2,615.3,447.6,644.95,456.9,0
246,8184,503733,674.3,466.4,614.8,447.5,644.55,456.95,0
246,8185,503734,674.0,466.6,614.6,447.3,644.3,456.95,0
246,8186,503735,673.7,466.7,614.4,446.7,644.05,456.7,0
246,8187,503736,673.4,466.9,614.8,445.6,644.1,456.25,0
246,8188,503737,673.1,466.9,615.1,444.5,644.1,455.7,0
246,8189,503738,673.1,467.0,615.4,443.4,644.25,455.2,0
246,8190,503739,673.1,467.3,615.6,442.2,644.35,454.75,0
246,8191,503740,673.0,467.7,615.5,441.3,644.25,454.5,0
246,8192,503741,672.9,468.2,615.3,440.5,644.1,454.35,0
246,8193,503742,672.9,469.1,615.1,440.1,644.0,454.6,0
246,8194,503743,672.8,470.2,614.9,440.3,643.85,455.25,0
246,8195,503744,672.7,471.8,614.7,440.4,643.7,456.1,0
246,8196,503745,672.5,473.2,614.6,440.4,643.55,456.8,0
246,8197,503746,672.4,474.4,614.5,440.1,643.45,457.25,0
246,8198,503747,672.2,475.5,614.6,439.6,643.4,457.55,0
246,8199,503748,672.0,476.7,614.7,438.9,643.35,457.8,0
246,8200,503749,671.8,477.8,614.9,438.2,643.35,458.0,0
247,8201,503750,671.7,479.3,615.0,437.4,643.35,458.35,0
247,8202,503751,671.9,480.4,615.0,436.7,643.45,458.55,0
247,8203,503752,672.3,481.5,615.1,436.1,643.7,458.8,0
247,8204,503753,672.8,482.6,615.0,435.9,643.9,459.25,0
247,8205,503754,673.3,483.6,614.9,435.8,644.1,459.7,0
247,8206,503755,673.7,484.6,614.7,436.0,644.2,460.3,0
247,8207,503756,674.1,485.3,614.4,436.2,644.25,460.75,0
247,8208,503757,674.2,485.9,614.0,436.4,644.1,461.15,0
247,8209,503758,674.0,486.5,613.5,436.6,643.75,461.55,0
247,8210,503759,673.7,487.1,613.1,436.9,643.4,462.0,0
247,8211,503760,673.4,487.7,613.1,437.1,643.25,462.4,0
247,8212,503761,673.1,488.3,613.2,437.2,643.15,462.75,0
247,8213,503762,672.9,488.8,613.3,437.4,643.1,463.1,0
247,8214,503763,672.7,489.3,613.3,437.8,643.0,463.55,0
247,8215,503764,672.7,489.3,613.6,438.0,643.15,463.65,0
247,8216,503765,672.6,489.3,613.8,438.2,643.2,463.75,0
247,8217,503766,672.6,489.4,613.9,438.6,643.25,464.0,0
247,8218,503767,672.4,489.6,613.6,439.2,643.0,464.4,0
247,8219,503768,672.3,489.7,613.1,440.5,642.7,465.1,0
247,8220,503769,672.1,489.8,612.8,441.7,642.45,465.75,0
247,8221,503770,671.9,489.9,612.6,442.7,642.25,466.3,0
247,8222,503771,671.7,490.0,612.3,443.8,642.0,466.9,0
247,8223,503772,671.5,490.1,612.0,445.0,641.75,467.55,0
247,8224,503773,671.3,490.1,611.8,446.0,641.55,468.05,0
247,8225,503774,671.3,490.1,611.7,446.8,641.5,468.45,0
247,8226,503775,671.3,490.2,611.7,446.7,641.5,468.45,0
247,8227,503776,671.4,490.5,611.6,446.8,641.5,468.65,0
247,8228,503777,671.5,490.8,611.6,447.0,641.55,468.9,0
247,8229,503778,671.8,491.2,611.5,447.6,641.65,469.4,0
247,8230,503779,672.3,491.6,611.5,448.2,641.9,469.9,0
247,8231,503780,672.8,492.0,611.5,448.8,642.15,470.4,0
247,8232,503781,673.3,492.3,611.5,449.3,642.4,470.8,0
247,8233,503782,673.7,492.6,611.4,449.7,642.55,471.15,0
248,8234,503783,674.0,492.6,611.3,450.1,642.65,471.35,0
248,8235,503784,674.2,492.2,611.1,450.2,642.65,471.2,0
248,8236,503785,674.2,491.6,611.0,449.8,642.6,470.7,0
248,8237,503786,674.1,491.1,610.9,449.3,642.5,470.2,0
248,8238,503787,674.0,490.6,610.8,448.8,642.4,469.7,0
248,8239,503788,673.9,490.2,610.8,448.5,642.35,469.35,0
248,8240,503789,674.0,490.0,610.8,448.5,642.4,469.25,0
248,8241,503790,674.2,489.8,610.6,448.5,642.4,469.15,0
248,8242,503791,674.5,490.0,610.4,448.6,642.45,469.3,0
248,8243,503792,674.9,490.3,610.2,448.8,642.55,469.55,0
248,8244,503793,675.1,490.5,610.0,449.1,642.55,469.8,0
248,8245,503794,675.4,490.8,609.7,449.3,642.55,470.05,0
248,8246,503795,675.7,491.0,609.3,449.6,642.5,470.3,0
248,8247,503796,675.6,491.2,609.1,449.5,642.35,470.35,0
248,8248,503797,675.5,491.2,609.1,449.4,642.3,470.3,0
248,8249,503798,675.4,491.2,609.1,449.5,642.25,470.35,0
248,8250,503799,675.5,491.2,609.1,449.5,642.3,470.35,0
248,8251,503800,675.5,491.2,609.2,449.6,642.35,470.4,0
248,8252,503801,675.5,491.3,609.2,449.7,642.35,470.5,0
248,8253,503802,675.5,491.5,609.3,449.7,642.4,470.6,0
248,8254,503803,675.5,491.6,609.4,449.9,642.45,470.75,0
248,8255,503804,675.7,491.6,609.3,450.0,642.5,470.8,0
248,8256,503805,675.8,491.6,609.3,450.1,642.55,470.85,0
248,8257,503806,675.8,491.8,609.3,450.2,642.55,471.0,0
248,8258,503807,675.9,492.0,609.3,450.4,642.6,471.2,0
248,8259,503808,675.9,492.0,609.3,450.5,642.6,471.25,0
248,8260,503809,676.1,492.1,609.2,450.4,642.65,471.25,0
248,8261,503810,676.2,492.3,609.2,450.0,642.7,471.15,0
248,8262,503811,676.2,492.7,609.3,449.4,642.75,471.05,0
248,8263,503812,676.3,493.0,609.3,448.8,642.8,470.9,0
248,8264,503813,676.4,493.4,609.2,448.1,642.8,470.75,0
248,8265,503814,676.5,493.7,609.1,447.1,642.8,470.4,0
248,8266,503815,676.7,493.9,608.9,446.0,642.8,469.95,0
249,8267,503816,676.8,493.9,608.8,445.1,642.8,469.5,0
249,8268,503817,676.8,493.5,608.8,444.8,642.8,469.15,0
249,8269,503818,676.7,493.2,608.7,444.7,642.7,468.95,0
249,8270,503819,676.6,492.8,608.7,444.6,642.65,468.7,0
249,8271,503820,676.5,492.5,608.7,444.6,642.6,468.55,0
249,8272,503821,676.3,492.2,608.9,444.9,642.6,468.55,0
249,8273,503822,676.2,492.0,609.2,445.3,642.7,468.65,0
249,8274,503823,676.0,492.1,609.4,445.5,642.7,468.8,0
249,8275,503824,676.0,492.4,609.6,445.2,642.8,468.8,0
249,8276,503825,676.0,492.7,609.7,444.9,642.85,468.8,0
249,8277,503826,676.1,493.1,609.8,444.6,642.95,468.85,0
249,8278,503827,676.2,493.2,609.8,444.4,643.0,468.8,0
249,8279,503828,676.2,493.2,609.8,444.2,643.0,468.7,0
249,8280,503829,676.3,493.3,609.7,444.1,643.0,468.7,0
249,8281,503830,676.3,493.3,609.7,444.0,643.0,468.65,0
249,8282,503831,676.3,493.3,609.8,444.2,643.05,468.75,0
249,8283,503832,676.4,493.3,609.9,444.4,643.15,468.85,0
249,8284,503833,676.6,493.3,610.2,444.6,643.4,468.95,0
249,8285,503834,676.7,493.2,610.5,444.6,643.6,468.9,0
249,8286,503835,676.9,493.1,610.9,444.7,643.9,468.9,0
249,8287,503836,677.3,492.9,611.8,444.8,644.55,468.85,0
249,8288,503837,678.6,492.6,612.8,445.0,645.7,468.8,0
249,8289,503838,680.6,492.3,614.0,445.1,647.3,468.7,0
249,8290,503839,682.8,492.1,616.0,445.3,649.4,468.7,0
249,8291,503840,685.2,491.8,618.8,445.4,652.0,468.6,0
249,8292,503841,688.0,491.5,621.5,445.2,654.75,468.35,0
249,8293,503842,691.5,491.3,624.4,444.2,657.95,467.75,0
249,8294,503843,695.5,491.2,627.3,443.2,661.4,467.2,0
249,8295,503844,698.8,490.7,630.1,442.0,664.45,466.35,0
249,8296,503845,701.7,490.1,633.6,440.8,667.65,465.45,0
249,8297,503846,704.2,489.2,636.2,439.6,670.2,464.4,0
249,8298,503847,706.2,488.4,638.1,438.3,672.15,463.35,0
249,8299,503848,707.2,487.6,639.9,437.2,673.55,462.4,0
249,8300,503849,707.3,486.9,641.5,436.9,674.4,461.9,0
250,8301,503850,706.5,486.1,642.3,436.6,674.4,461.35,0
250,8302,503851,705.6,485.8,642.8,436.3,674.2,461.05,0
250,8303,503852,704.4,485.5,642.2,436.0,673.3,460.75,0
250,8304,503853,702.7,485.5,641.5,435.5,672.1,460.5,0
250,8305,503854,701.1,485.5,640.3,435.0,670.7,460.25,0
250,8306,503855,699.5,485.4,639.1,434.5,669.3,459.95,0
250,8307,503856,698.1,485.3,638.0,434.0,668.05,459.65,0
250,8308,503857,696.7,485.2,637.1,433.5,666.9,459.35,0
250,8309,503858,695.2,485.1,636.2,433.0,665.7,459.05,0
250,8310,503859,693.6,485.0,635.6,432.8,664.6,458.9,0
250,8311,503860,692.7,484.9,635.0,432.8,663.85,458.85,0
250,8312,503861,691.9,485.0,635.4,433.1,663.65,459.05,0
250,8313,503862,692.1,485.4,635.7,433.5,663.9,459.45,0
250,8314,503863,693.0,485.9,636.3,434.0,664.65,459.95,0
250,8315,503864,694.1,486.3,636.9,434.5,665.5,460.4,0
250,8316,503865,695.4,486.7,637.6,434.9,666.5,460.8,0
250,8317,503866,696.7,487.2,638.3,435.0,667.5,461.1,0
250,8318,503867,697.9,487.5,639.1,435.0,668.5,461.25,0
250,8319,503868,699.1,487.7,639.7,434.9,669.4,461.3,0
250,8320,503869,700.5,487.7,640.4,434.8,670.45,461.25,0
250,8321,503870,701.3,487.6,640.8,434.5,671.05,461.05,0
250,8322,503871,701.8,487.5,641.3,434.2,671.55,460.85,0
250,8323,503872,702.3,487.3,641.9,434.0,672.1,460.65,0
250,8324,503873,702.6,487.1,642.3,433.8,672.45,460.45,0
250,8325,503874,703.0,487.0,642.5,433.6,672.75,460.3,0
250,8326,503875,703.4,486.0,642.7,433.4,673.05,459.7,0
250,8327,503876,703.3,485.0,642.9,433.3,673.1,459.15,0
250,8328,503877,703.3,484.0,642.7,433.2,673.0,458.6,0
250,8329,503878,703.1,483.0,642.4,433.0,672.75,458.0,0
250,8330,503879,703.0,482.2,642.0,432.9,672.5,457.55,0
250,8331,503880,702.7,481.1,641.6,432.8,672.15,456.95,0
250,8332,503881,702.4,480.0,641.2,432.6,671.8,456.3,0
250,8333,503882,702.1,479.8,640.6,432.4,671.35,456.1,0
251,8334,503883,701.8,479.4,639.9,432.3,670.85,455.85,0
251,8335,503884,701.4,479.0,639.6,432.2,670.5,455.6,0
251,8336,503885,701.1,478.6,639.2,432.5,670.15,455.55,0
251,8337,503886,700.7,478.3,638.9,432.8,669.8,455.55,0
251,8338,503887,700.7,478.0,638.6,433.3,669.65,455.65,0
251,8339,503888,700.6,477.8,638.4,433.9,669.5,455.85,0
251,8340,503889,700.6,477.1,638.6,434.5,669.6,455.8,0
251,8341,503890,700.7,476.6,638.8,435.0,669.75,455.8,0
251,8342,503891,700.7,476.1,639.0,435.4,669.85,455.75,0
251,8343,503892,700.8,475.6,639.3,435.6,670.05,455.6,0
251,8344,503893,700.9,475.1,639.5,435.8,670.2,455.45,0
251,8345,503894,701.0,474.7,639.8,435.7,670.4,455.2,0
251,8346,503895,701.0,474.2,640.1,435.6,670.55,454.9,0
251,8347,503896,701.0,474.2,640.2,435.5,670.6,454.85,0
251,8348,503897,701.1,474.2,640.3,435.4,670.7,454.8,0
251,8349,503898,701.2,474.4,640.2,435.3,670.7,454.85,0
251,8350,503899,701.7,474.6,640.1,435.4,670.9,455.0,0
251,8351,503900,702.2,474.7,640.1,435.6,671.15,455.15,0
251,8352,503901,702.6,474.9,640.0,435.8,671.3,455.35,0
251,8353,503902,703.0,475.0,640.1,436.2,671.55,455.6,0
251,8354,503903,703.3,474.9,640.1,436.9,671.7,455.9,0
251,8355,503904,703.5,474.5,640.2,437.5,671.85,456.0,0
251,8356,503905,703.6,474.0,640.3,438.2,671.95,456.1,0
251,8357,503906,703.5,473.5,640.5,438.7,672.0,456.1,0
251,8358,503907,703.4,473.1,640.7,439.2,672.05,456.15,0
251,8359,503908,703.3,472.6,640.8,439.6,672.05,456.1,0
251,8360,503909,703.2,472.1,640.7,440.3,671.95,456.2,0
251,8361,503910,703.3,471.8,640.6,441.3,671.95,456.55,0
251,8362,503911,703.4,471.5,640.5,442.2,671.95,456.85,0
251,8363,503912,703.4,471.3,640.4,443.1,671.9,457.2,0
251,8364,503913,703.3,471.0,640.4,443.7,671.85,457.35,0
251,8365,503914,703.2,470.7,640.3,444.4,671.75,457.55,0
251,8366,503915,703.1,470.5,640.3,445.0,671.7,457.75,0
252,8367,503916,703.0,470.3,640.0,445.3,671.5,457.8,0
252,8368,503917,702.8,470.2,639.7,445.6,671.25,457.9,0
252,8369,503918,702.7,470.3,639.5,445.9,671.1,458.1,0
252,8370,503919,702.7,470.4,638.8,446.2,670.75,458.3,0
252,8371,503920,702.5,470.5,638.0,446.7,670.25,458.6,0
252,8372,503921,702.5,470.6,637.3,447.0,669.9,458.8,0
252,8373,503922,702.5,470.7,636.6,447.0,669.55,458.85,0
252,8374,503923,702.6,470.8,636.2,447.0,669.4,458.9,0
252,8375,503924,702.6,470.9,635.9,446.5,669.25,458.7,0
252,8376,503925,702.7,470.9,635.4,446.2,669.05,458.55,0
252,8377,503926,702.7,471.0,635.4,446.2,669.05,458.6,0
252,8378,503927,702.8,471.0,635.2,446.8,669.0,458.9,0
252,8379,503928,702.9,471.0,635.1,447.4,669.0,459.2,0
252,8380,503929,702.8,471.2,635.0,448.4,668.9,459.8,0
252,8381,503930,702.8,471.2,635.0,449.4,668.9,460.3,0
252,8382,503931,702.8,471.1,635.1,450.3,668.95,460.7,0
252,8383,503932,702.8,470.9,635.3,451.1,669.05,461.0,0
252,8384,503933,702.8,470.7,635.6,451.6,669.2,461.15,0
252,8385,503934,702.7,470.5,635.9,451.7,669.3,461.1,0
252,8386,503935,702.7,470.3,636.3,452.0,669.5,461.15,0
252,8387,503936,702.8,470.0,636.6,452.2,669.7,461.1,0
252,8388,503937,703.0,469.7,636.6,452.5,669.8,461.1,0
252,8389,503938,703.3,469.9,636.6,452.8,669.95,461.35,0
252,8390,503939,703.6,470.2,636.6,453.0,670.1,461.6,0
252,8391,503940,703.9,470.4,636.5,453.2,670.2,461.8,0
252,8392,503941,704.3,470.7,636.5,453.4,670.4,462.05,0
252,8393,503942,704.6,470.9,636.4,453.6,670.5,462.25,0
252,8394,503943,704.7,471.0,636.4,453.7,670.55,462.35,0
252,8395,503944,704.6,471.1,636.4,454.6,670.5,462.85,0
252,8396,503945,704.5,471.1,636.5,455.4,670.5,463.25,0
252,8397,503946,704.3,471.3,636.6,456.2,670.45,463.75,0
252,8398,503947,704.2,471.4,636.6,457.1,670.4,464.25,0
252,8399,503948,704.2,471.6,636.7,457.9,670.45,464.75,0
252,8400,503949,704.2,471.8,636.9,459.1,670.55,465.45,0
253,8401,503950,704.4,472.2,637.0,460.4,670.7,466.3,0
253,8402,503951,704.5,472.4,637.3,460.9,670.9,466.65,0
253,8403,503952,704.7,472.5,637.5,461.4,671.1,466.95,0
253,8404,503953,704.8,472.5,637.6,462.2,671.2,467.35,0
253,8405,503954,704.8,472.4,637.9,462.9,671.35,467.65,0
253,8406,503955,704.8,472.3,638.1,463.6,671.45,467.95,0
253,8407,503956,704.7,472.2,638.3,464.1,671.5,468.15,0
253,8408,503957,704.6,472.2,638.4,464.5,671.5,468.35,0
253,8409,503958,704.6,472.4,638.6,465.1,671.6,468.75,0
253,8410,503959,704.5,472.6,638.7,465.8,671.6,469.2,0
253,8411,503960,704.5,472.8,638.9,466.2,671.7,469.5,0
253,8412,503961,704.5,473.0,639.0,466.6,671.75,469.8,0
253,8413,503962,704.5,473.2,639.1,467.1,671.8,470.15,0
253,8414,503963,704.2,473.4,639.2,467.6,671.7,470.5,0
253,8415,503964,704.1,473.6,639.4,468.1,671.75,470.85,0
253,8416,503965,704.0,473.7,639.7,468.6,671.85,471.15,0
253,8417,503966,704.1,473.8,640.0,469.4,672.05,471.6,0
253,8418,503967,704.2,473.9,640.3,470.3,672.25,472.1,0
253,8419,503968,704.3,474.0,640.5,471.2,672.4,472.6,0
253,8420,503969,704.4,474.0,640.7,472.4,672.55,473.2,0
253,8421,503970,704.7,474.0,640.7,473.6,672.7,473.8,0
253,8422,503971,704.9,474.0,640.5,474.8,672.7,474.4,0
253,8423,503972,704.9,473.9,640.3,475.6,672.6,474.75,0
253,8424,503973,704.7,474.1,640.2,476.0,672.45,475.05,0
253,8425,503974,704.4,474.2,640.0,476.3,672.2,475.25,0
253,8426,503975,704.1,474.4,639.9,476.4,672.0,475.4,0
253,8427,503976,703.6,474.6,639.9,476.1,671.75,475.35,0
253,8428,503977,703.3,475.2,640.0,475.9,671.65,475.55,0
253,8429,503978,702.9,475.7,640.1,475.6,671.5,475.65,0
253,8430,503979,702.6,476.2,639.7,475.5,671.15,475.85,0
253,8431,503980,702.3,476.4,639.2,475.8,670.75,476.1,0
253,8432,503981,702.1,476.6,638.7,476.1,670.4,476.35,0
253,8433,503982,701.8,476.6,638.2,476.4,670.0,476.5,0
254,8434,503983,701.7,476.8,637.7,476.8,669.7,476.8,0
254,8435,503984,701.6,476.9,637.3,477.1,669.45,477.0,0
254,8436,503985,701.7,476.9,636.7,477.4,669.2,477.15,0
254,8437,503986,701.8,477.1,636.5,477.7,669.15,477.4,0
254,8438,503987,701.9,477.3,636.4,477.8,669.15,477.55,0
254,8439,503988,702.0,477.6,636.2,477.9,669.1,477.75,0
254,8440,503989,702.2,478.1,636.1,477.9,669.15,478.0,0
254,8441,503990,702.1,478.4,636.0,478.0,669.05,478.2,0
254,8442,503991,702.0,478.7,635.9,478.4,668.95,478.55,0
254,8443,503992,701.8,479.0,635.9,478.8,668.85,478.9,0
254,8444,503993,701.5,479.3,635.9,479.5,668.7,479.4,0
254,8445,503994,701.3,479.6,635.9,480.1,668.6,479.85,0
254,8446,503995,701.0,480.0,635.9,480.8,668.45,480.4,0
254,8447,503996,700.8,480.3,635.8,481.3,668.3,480.8,0
254,8448,503997,700.7,480.5,635.7,481.8,668.2,481.15,0
254,8449,503998,700.7,480.7,635.6,482.0,668.15,481.35,0
254,8450,503999,700.4,480.8,635.6,482.2,668.0,481.5,0
254,8451,504000,700.1,481.0,636.1,482.0,668.1,481.5,0
254,8452,504001,699.8,481.2,636.7,481.8,668.25,481.5,0
254,8453,504002,699.6,481.4,637.1,481.6,668.35,481.5,0
254,8454,504003,699.6,482.0,637.6,481.6,668.6,481.8,0
254,8455,504004,699.5,482.7,637.9,481.6,668.7,482.15,0
254,8456,504005,699.6,483.3,638.1,481.6,668.85,482.45,0
254,8457,504006,700.0,484.4,638.2,481.7,669.1,483.05,0
254,8458,504007,700.3,485.4,637.9,481.7,669.1,483.55,0
254,8459,504008,700.5,486.4,637.7,481.6,669.1,484.0,0
254,8460,504009,700.6,487.2,637.2,481.3,668.9,484.25,0
254,8461,504010,700.6,487.5,636.8,481.0,668.7,484.25,0
254,8462,504011,700.5,487.9,636.6,480.7,668.55,484.3,0
254,8463,504012,700.2,488.3,636.6,480.4,668.4,484.35,0
254,8464,504013,699.9,488.1,637.0,480.2,668.45,484.15,0
254,8465,504014,699.7,487.7,637.3,480.0,668.5,483.85,0
254,8466,504015,699.5,487.2,637.6,479.8,668.55,483.5,0
255,8467,504016,699.3,486.8,638.2,479.5,668.75,483.15,0
255,8468,504017,698.9,486.2,638.8,479.1,668.85,482.65,0
255,8469,504018,698.7,485.7,639.4,478.7,669.05,482.2,0
255,8470,504019,698.6,485.2,639.8,478.3,669.2,481.75,0
255,8471,504020,698.4,485.0,639.9,477.7,669.15,481.35,0
255,8472,504021,698.2,485.2,639.9,477.2,669.05,481.2,0
255,8473,504022,698.0,485.3,639.9,476.9,668.95,481.1,0
255,8474,504023,697.9,485.7,639.8,476.8,668.85,481.25,0
255,8475,504024,697.8,486.1,639.7,476.7,668.75,481.4,0
255,8476,504025,697.8,486.5,639.6,476.1,668.7,481.3,0
255,8477,504026,697.9,486.9,639.5,475.6,668.7,481.25,0
255,8478,504027,698.3,487.4,639.5,475.1,668.9,481.25,0
255,8479,504028,698.9,487.6,639.7,474.6,669.3,481.1,0
255,8480,504029,699.4,488.0,640.0,474.1,669.7,481.05,0
255,8481,504030,700.0,488.2,640.4,473.6,670.2,480.9,0
255,8482,504031,700.6,488.4,640.8,473.2,670.7,480.8,0
255,8483,504032,701.2,488.6,641.1,473.2,671.15,480.9,0
255,8484,504033,701.7,488.7,641.4,473.2,671.55,480.95,0
255,8485,504034,701.9,489.2,641.6,473.2,671.75,481.2,0
255,8486,504035,702.0,489.7,641.7,473.2,671.85,481.45,0
255,8487,504036,702.1,490.2,641.6,473.0,671.85,481.6,0
255,8488,504037,702.1,490.7,641.5,472.8,671.8,481.75,0
255,8489,504038,702.1,491.2,641.3,472.6,671.7,481.9,0
255,8490,504039,702.0,491.7,641.3,472.4,671.65,482.05,0
255,8491,504040,701.6,492.2,641.4,472.3,671.5,482.25,0
255,8492,504041,701.3,492.4,641.4,472.1,671.35,482.25,0
255,8493,504042,700.9,492.6,641.6,472.0,671.25,482.3,0
255,8494,504043,700.5,492.7,641.7,472.0,671.1,482.35,0
255,8495,504044,700.2,492.8,641.8,471.9,671.0,482.35,0
255,8496,504045,700.0,492.9,641.9,471.6,670.95,482.25,0
255,8497,504046,699.9,493.0,641.9,471.1,670.9,482.05,0
255,8498,504047,700.0,493.1,641.8,470.6,670.9,481.85,0
255,8499,504048,700.3,493.1,641.7,469.9,671.0,481.5,0
255,8500,504049,700.5,493.1,641.7,469.1,671.1,481.1,0
256,8501,504050,700.7,493.2,641.8,468.5,671.25,480.85,0
256,8502,504051,700.8,493.3,641.9,468.1,671.35,480.7,0
256,8503,504052,700.8,493.4,642.0,468.0,671.4,480.7,0
256,8504,504053,700.8,493.5,642.2,468.1,671.5,480.8,0
256,8505,504054,700.9,493.5,642.3,468.3,671.6,480.9,0
256,8506,504055,700.9,493.5,642.5,468.6,671.7,481.05,0
256,8507,504056,701.0,493.2,642.6,469.1,671.8,481.15,0
256,8508,504057,701.1,492.7,642.6,469.4,671.85,481.05,0
256,8509,504058,701.4,492.2,642.6,469.6,672.0,480.9,0
256,8510,504059,701.5,491.6,642.5,469.6,672.0,480.6,0
256,8511,504060,701.7,491.1,642.4,469.5,672.05,480.3,0
256,8512,504061,701.8,490.6,642.0,469.5,671.9,480.05,0
256,8513,504062,701.9,490.2,641.6,469.5,671.75,479.85,0
256,8514,504063,702.0,490.2,641.2,469.5,671.6,479.85,0
256,8515,504064,702.1,490.1,640.8,469.5,671.45,479.8,0
256,8516,504065,702.1,490.1,640.5,469.4,671.3,479.75,0
256,8517,504066,701.9,490.2,639.9,469.4,670.9,479.8,0
256,8518,504067,701.6,490.2,639.4,469.4,670.5,479.8,0
256,8519,504068,701.3,490.2,639.2,469.3,670.25,479.75,0
256,8520,504069,700.9,490.3,639.0,469.1,669.95,479.7,0
256,8521,504070,700.6,490.4,638.7,469.1,669.65,479.75,0
256,8522,504071,700.4,490.5,638.4,469.1,669.4,479.8,0
256,8523,504072,700.3,490.7,638.0,469.6,669.15,480.15,0
256,8524,504073,700.5,490.9,637.9,470.7,669.2,480.8,0
256,8525,504074,700.8,491.0,638.0,471.7,669.4,481.35,0
256,8526,504075,701.1,491.1,638.2,472.8,669.65,481.95,0
256,8527,504076,701.4,491.2,638.6,473.9,670.0,482.55,0
256,8528,504077,701.7,491.2,639.0,474.9,670.35,483.05,0
256,8529,504078,701.9,491.3,639.5,475.9,670.7,483.6,0
256,8530,504079,702.0,491.2,640.1,476.4,671.05,483.8,0
256,8531,504080,702.2,491.0,640.6,476.8,671.4,483.9,0
256,8532,504081,702.3,490.9,640.8,477.3,671.55,484.1,0
256,8533,504082,702.4,490.7,640.7,477.9,671.55,484.3,0
257,8534,504083,702.5,490.5,640.3,478.5,671.4,484.5,0
257,8535,504084,702.6,490.2,640.0,479.0,671.3,484.6,0
257,8536,504085,702.7,489.9,639.5,479.5,671.1,484.7,0
257,8537,504086,702.8,489.7,639.0,479.9,670.9,484.8,0
257,8538,504087,702.9,489.5,638.5,480.1,670.7,484.8,0
257,8539,504088,703.0,489.3,638.2,480.6,670.6,484.95,0
257,8540,504089,703.1,489.3,637.9,481.1,670.5,485.2,0
257,8541,504090,703.3,489.3,637.9,481.7,670.6,485.5,0
257,8542,504091,703.4,489.3,638.2,482.3,670.8,485.8,0
257,8543,504092,703.5,489.1,638.6,483.0,671.05,486.05,0
257,8544,504093,703.6,488.9,639.0,483.6,671.3,486.25,0
257,8545,504094,703.7,488.5,639.4,484.1,671.55,486.3,0
257,8546,504095,703.6,488.0,639.9,483.8,671.75,485.9,0
257,8547,504096,703.5,487.5,640.3,483.4,671.9,485.45,0
257,8548,504097,703.3,487.0,640.8,482.9,672.05,484.95,0
257,8549,504098,703.0,486.4,640.9,482.4,671.95,484.4,0
257,8550,504099,702.5,485.9,640.8,481.8,671.65,483.85,0
257,8551,504100,701.9,485.3,640.8,481.2,671.35,483.25,0
257,8552,504101,701.4,484.3,640.7,480.8,671.05,482.55,0
257,8553,504102,700.9,483.4,640.5,480.7,670.7,482.05,0
257,8554,504103,700.5,482.4,640.4,480.7,670.45,481.55,0
257,8555,504104,700.2,481.6,640.2,480.7,670.2,481.15,0
257,8556,504105,699.9,480.7,640.0,480.7,669.95,480.7,0
257,8557,504106,699.9,480.0,639.8,480.7,669.85,480.35,0
257,8558,504107,699.9,479.3,639.6,480.7,669.75,480.0,0
257,8559,504108,700.0,479.3,639.2,480.6,669.6,479.95,0
257,8560,504109,700.2,479.3,638.9,480.5,669.55,479.9,0
257,8561,504110,700.4,479.3,638.5,480.4,669.45,479.85,0
257,8562,504111,700.6,479.4,638.3,480.4,669.45,479.9,0
257,8563,504112,700.8,479.3,638.1,480.3,669.45,479.8,0
257,8564,504113,700.7,479.2,638.2,480.2,669.45,479.7,0
257,8565,504114,700.7,479.0,638.3,480.0,669.5,479.5,0
257,8566,504115,700.7,478.6,638.6,480.0,669.65,479.3,0
258,8567,504116,700.7,478.3,638.8,479.9,669.75,479.1,0
258,8568,504117,700.7,477.9,639.1,479.8,669.9,478.85,0
258,8569,504118,700.8,477.6,639.2,479.7,670.0,478.65,0
258,8570,504119,701.0,477.5,639.3,479.1,670.15,478.3,0
258,8571,504120,701.3,477.4,639.2,478.4,670.25,477.9,0
258,8572,504121,701.6,477.4,639.2,477.7,670.4,477.55,0
258,8573,504122,701.9,477.5,639.1,476.8,670.5,477.15,0
258,8574,504123,702.2,477.6,639.0,475.8,670.6,476.7,0
258,8575,504124,702.3,477.7,638.9,474.8,670.6,476.25,0
258,8576,504125,702.4,477.7,639.0,473.3,670.7,475.5,0
258,8577,504126,702.5,477.8,639.2,472.4,670.85,475.1,0
258,8578,504127,702.6,477.8,639.8,471.6,671.2,474.7,0
258,8579,504128,702.9,478.0,640.4,470.7,671.65,474.35,0
258,8580,504129,703.1,478.1,640.9,470.1,672.0,474.1,0
258,8581,504130,703.4,478.3,641.5,469.7,672.45,474.0,0
258,8582,504131,703.9,478.4,642.0,469.3,672.95,473.85,0
258,8583,504132,704.5,478.4,642.5,469.4,673.5,473.9,0
258,8584,504133,705.0,478.5,642.8,469.4,673.9,473.95,0
258,8585,504134,705.5,478.5,642.9,469.5,674.2,474.0,0
258,8586,504135,705.9,478.4,642.9,469.4,674.4,473.9,0
258,8587,504136,706.2,478.3,642.9,469.1,674.55,473.7,0
258,8588,504137,706.4,478.2,642.9,468.9,674.65,473.55,0
258,8589,504138,706.4,478.2,643.0,468.6,674.7,473.4,0
258,8590,504139,706.3,477.6,642.9,468.3,674.6,472.95,0
258,8591,504140,706.2,477.0,642.9,468.2,674.55,472.6,0
258,8592,504141,706.1,476.4,642.9,468.0,674.5,472.2,0
258,8593,504142,706.1,475.9,642.9,467.4,674.5,471.65,0
258,8594,504143,706.0,475.5,643.0,466.8,674.5,471.15,0
258,8595,504144,706.0,475.1,643.2,466.1,674.6,470.6,0
258,8596,504145,706.0,474.8,643.5,465.4,674.75,470.1,0
258,8597,504146,706.0,475.2,643.8,464.7,674.9,469.95,0
258,8598,504147,705.9,475.7,644.2,464.0,675.05,469.85,0
258,8599,504148,705.9,476.1,644.5,463.2,675.2,469.65,0
258,8600,504149,706.0,476.4,644.7,463.0,675.35,469.7,0
259,8601,504150,706.1,476.7,644.9,462.9,675.5,469.8,0
259,8602,504151,706.2,476.9,644.8,462.8,675.5,469.85,0
259,8603,504152,707.0,477.1,644.4,462.6,675.7,469.85,0
259,8604,504153,707.7,477.1,644.0,462.0,675.85,469.55,0
259,8605,504154,708.5,477.2,643.6,461.5,676.05,469.35,0
259,8606,504155,709.2,477.3,643.2,460.9,676.2,469.1,0
259,8607,504156,709.8,477.5,642.8,460.3,676.3,468.9,0
259,8608,504157,710.3,477.8,642.5,459.7,676.4,468.75,0
259,8609,504158,710.7,478.0,642.3,459.3,676.5,468.65,0
259,8610,504159,710.0,478.3,642.4,459.1,676.2,468.7,0
259,8611,504160,709.2,478.6,642.3,459.3,675.75,468.95,0
259,8612,504161,708.6,478.7,642.2,459.5,675.4,469.1,0
259,8613,504162,708.0,478.8,642.0,460.1,675.0,469.45,0
259,8614,504163,707.8,478.8,641.8,460.6,674.8,469.7,0
259,8615,504164,707.7,478.7,641.6,461.0,674.65,469.85,0
259,8616,504165,707.6,478.7,641.3,461.3,674.45,470.0,0
259,8617,504166,708.0,478.7,641.0,461.3,674.5,470.0,0
259,8618,504167,708.3,478.7,640.8,461.2,674.55,469.95,0
259,8619,504168,708.4,478.8,640.7,461.0,674.55,469.9,0
259,8620,504169,708.4,478.7,640.7,460.7,674.55,469.7,0
259,8621,504170,708.1,478.8,640.6,460.2,674.35,469.5,0
259,8622,504171,707.9,478.8,640.6,459.3,674.25,469.05,0
259,8623,504172,707.8,479.0,640.7,458.4,674.25,468.7,0
259,8624,504173,707.7,479.1,640.7,457.9,674.2,468.5,0
259,8625,504174,707.7,479.2,640.6,457.5,674.15,468.35,0
259,8626,504175,707.9,479.3,640.3,457.2,674.1,468.25,0
259,8627,504176,708.0,479.5,640.0,457.0,674.0,468.25,0
259,8628,504177,708.1,479.8,639.6,457.1,673.85,468.45,0
259,8629,504178,707.5,480.4,639.1,457.6,673.3,469.0,0
259,8630,504179,706.9,480.9,638.6,458.1,672.75,469.5,0
259,8631,504180,706.3,481.3,638.2,458.3,672.25,469.8,0
259,8632,504181,705.7,481.7,637.9,458.4,671.8,470.05,0
259,8633,504182,705.1,482.1,637.7,458.3,671.4,470.2,0
260,8634,504183,704.6,482.4,637.5,458.3,671.05,470.35,0
260,8635,504184,704.1,482.6,637.1,458.0,670.6,470.3,0
260,8636,504185,704.2,482.5,636.8,457.6,670.5,470.05,0
260,8637,504186,704.2,482.3,636.5,457.0,670.35,469.65,0
260,8638,504187,704.3,481.9,636.2,456.6,670.25,469.25,0
260,8639,504188,704.5,481.5,635.9,455.9,670.2,468.7,0
260,8640,504189,704.7,481.0,635.7,455.3,670.2,468.15,0
260,8641,504190,704.9,480.6,635.6,454.7,670.25,467.65,0
260,8642,504191,705.1,480.1,635.7,454.1,670.4,467.1,0
260,8643,504192,705.3,480.3,635.9,453.6,670.6,466.95,0
260,8644,504193,705.3,480.6,636.1,453.4,670.7,467.0,0
260,8645,504194,705.3,481.3,636.2,453.2,670.75,467.25,0
260,8646,504195,705.3,482.0,636.5,453.3,670.9,467.65,0
260,8647,504196,705.2,482.8,636.8,453.4,671.0,468.1,0
260,8648,504197,705.3,483.5,637.0,453.4,671.15,468.45,0
260,8649,504198,705.5,484.0,637.2,453.6,671.35,468.8,0
260,8650,504199,705.6,483.7,637.3,453.8,671.45,468.75,0
260,8651,504200,705.8,483.3,637.3,454.2,671.55,468.75,0
260,8652,504201,706.0,482.7,637.3,455.2,671.65,468.95,0
260,8653,504202,705.6,482.1,637.1,456.0,671.35,469.05,0
260,8654,504203,705.1,481.5,637.0,456.6,671.05,469.05,0
260,8655,504204,704.4,481.0,636.8,457.4,670.6,469.2,0
260,8656,504205,703.8,480.8,636.6,458.2,670.2,469.5,0
260,8657,504206,703.1,480.8,636.5,459.0,669.8,469.9,0
260,8658,504207,702.5,481.2,636.3,459.7,669.4,470.45,0
260,8659,504208,701.8,481.5,636.3,459.9,669.05,470.7,0
260,8660,504209,701.7,481.8,636.2,460.2,668.95,471.0,0
260,8661,504210,701.5,482.0,636.2,460.6,668.85,471.3,0
260,8662,504211,701.3,482.2,636.3,460.8,668.8,471.5,0
260,8663,504212,701.1,482.4,636.4,461.0,668.75,471.7,0
260,8664,504213,701.0,482.4,636.5,461.0,668.75,471.7,0
260,8665,504214,700.7,482.2,636.6,461.0,668.65,471.6,0
260,8666,504215,700.6,482.0,636.7,460.9,668.65,471.45,0
261,8667,504216,700.5,481.8,636.8,461.0,668.65,471.4,0
261,8668,504217,700.5,481.9,636.9,461.0,668.7,471.45,0
261,8669,504218,700.7,481.9,637.0,461.1,668.85,471.5,0
261,8670,504219,700.9,481.9,637.0,461.3,668.95,471.6,0
261,8671,504220,701.1,482.0,636.9,461.6,669.0,471.8,0
261,8672,504221,701.3,482.1,636.9,462.5,669.1,472.3,0
261,8673,504222,701.3,482.2,636.8,463.4,669.05,472.8,0
261,8674,504223,701.3,482.3,636.7,464.1,669.0,473.2,0
261,8675,504224,701.2,482.5,636.4,464.9,668.8,473.7,0
261,8676,504225,700.9,482.6,636.2,466.1,668.55,474.35,0
261,8677,504226,700.6,482.6,636.0,467.2,668.3,474.9,0
261,8678,504227,700.5,482.4,635.7,468.2,668.1,475.3,0
261,8679,504228,700.5,482.1,635.5,469.0,668.0,475.55,0
261,8680,504229,700.7,481.9,635.3,469.7,668.0,475.8,0
261,8681,504230,700.8,481.7,635.0,471.0,667.9,476.35,0
261,8682,504231,700.9,481.5,634.9,472.2,667.9,476.85,0
261,8683,504232,701.1,481.4,634.8,472.8,667.95,477.1,0
261,8684,504233,701.2,481.4,634.7,473.4,667.95,477.4,0
261,8685,504234,701.2,481.6,634.7,473.8,667.95,477.7,0
261,8686,504235,701.3,481.8,634.7,474.0,668.0,477.9,0
261,8687,504236,701.3,482.0,634.6,474.9,667.95,478.45,0
261,8688,504237,701.3,482.3,634.5,475.2,667.9,478.75,0
261,8689,504238,701.4,482.5,634.3,475.6,667.85,479.05,0
261,8690,504239,701.5,482.7,634.1,476.1,667.8,479.4,0
261,8691,504240,701.5,482.8,633.9,476.7,667.7,479.75,0
261,8692,504241,701.7,483.0,633.8,477.3,667.75,480.15,0
261,8693,504242,701.9,483.2,633.7,478.0,667.8,480.6,0
261,8694,504243,702.1,483.4,633.8,478.1,667.95,480.75,0
261,8695,504244,702.3,483.7,633.8,478.7,668.05,481.2,0
261,8696,504245,702.5,484.1,633.9,479.3,668.2,481.7,0
261,8697,504246,702.6,484.6,634.0,480.3,668.3,482.45,0
261,8698,504247,702.6,485.1,634.0,481.4,668.3,483.25,0
261,8699,504248,702.4,485.6,634.1,482.5,668.25,484.05,0
261,8700,504249,702.2,485.8,634.2,483.8,668.2,484.8,0
262,8701,504250,702.0,485.8,634.2,485.1,668.1,485.45,0
262,8702,504251,701.8,485.8,634.3,486.0,668.05,485.9,0
262,8703,504252,701.5,486.2,634.5,487.3,668.0,486.75,0
262,8704,504253,701.4,486.9,634.7,488.1,668.05,487.5,0
262,8705,504254,701.6,487.9,635.2,489.0,668.4,488.45,0
262,8706,504255,701.9,489.0,635.8,489.8,668.85,489.4,0
262,8707,504256,702.2,490.3,636.3,490.4,669.25,490.35,0
262,8708,504257,702.6,491.6,636.8,490.8,669.7,491.2,0
262,8709,504258,702.8,492.9,637.4,491.1,670.1,492.0,0
262,8710,504259,703.1,493.7,638.0,491.2,670.55,492.45,0
262,8711,504260,703.3,494.0,638.6,491.3,670.95,492.65,0
262,8712,504261,703.4,494.0,638.9,491.4,671.15,492.7,0
262,8713,504262,703.4,494.1,639.1,491.4,671.25,492.75,0
262,8714,504263,703.4,494.5,639.3,491.5,671.35,493.0,0
262,8715,504264,703.4,495.0,639.4,491.5,671.4,493.25,0
262,8716,504265,703.5,495.5,639.5,491.5,671.5,493.5,0
262,8717,504266,703.4,496.0,639.4,491.4,671.4,493.7,0
262,8718,504267,703.3,496.5,639.1,490.9,671.2,493.7,0
262,8719,504268,703.2,497.1,638.7,490.5,670.95,493.8,0
262,8720,504269,703.1,497.6,638.5,490.1,670.8,493.85,0
262,8721,504270,702.9,497.8,638.2,489.6,670.55,493.7,0
262,8722,504271,703.2,498.2,638.0,489.1,670.6,493.65,0
262,8723,504272,703.5,498.5,637.8,488.6,670.65,493.55,0
262,8724,504273,703.9,498.8,637.6,488.2,670.75,493.5,0
262,8725,504274,704.2,499.2,637.6,488.0,670.9,493.6,0
262,8726,504275,704.5,499.4,637.5,487.6,671.0,493.5,0
262,8727,504276,704.7,499.6,637.2,487.2,670.95,493.4,0
262,8728,504277,705.0,499.8,636.8,486.8,670.9,493.3,0
262,8729,504278,704.8,500.0,636.5,486.2,670.65,493.1,0
262,8730,504279,704.8,500.2,636.2,484.8,670.5,492.5,0
262,8731,504280,704.9,500.3,635.9,483.6,670.4,491.95,0
262,8732,504281,704.9,500.7,635.5,482.5,670.2,491.6,0
262,8733,504282,704.8,501.1,635.3,482.2,670.05,491.65,0
263,8734,504283,704.6,501.5,635.2,481.8,669.9,491.65,0
263,8735,504284,704.4,502.0,635.2,481.4,669.8,491.7,0
263,8736,504285,704.1,502.3,635.1,481.0,669.6,491.65,0
263,8737,504286,703.7,502.7,635.1,480.4,669.4,491.55,0
263,8738,504287,703.3,502.9,635.2,479.7,669.25,491.3,0
263,8739,504288,702.9,503.0,635.3,478.9,669.1,490.95,0
263,8740,504289,702.6,503.3,635.4,477.5,669.0,490.4,0
263,8741,504290,702.5,503.6,635.5,476.1,669.0,489.85,0
263,8742,504291,702.3,504.1,635.6,474.9,668.95,489.5,0
263,8743,504292,701.9,504.6,635.6,474.1,668.75,489.35,0
263,8744,504293,701.5,505.1,635.5,474.1,668.5,489.6,0
263,8745,504294,701.1,505.6,635.4,474.1,668.25,489.85,0
263,8746,504295,700.9,506.1,635.3,474.2,668.1,490.15,0
263,8747,504296,700.9,506.6,635.2,474.3,668.05,490.45,0
263,8748,504297,700.9,507.0,635.2,474.3,668.05,490.65,0
263,8749,504298,701.1,507.4,635.5,474.2,668.3,490.8,0
263,8750,504299,701.2,507.8,635.8,474.0,668.5,490.9,0
263,8751,504300,701.3,508.1,636.0,473.9,668.65,491.0,0
263,8752,504301,701.2,508.4,636.4,473.7,668.8,491.05,0
263,8753,504302,701.1,508.7,636.7,473.4,668.9,491.05,0
263,8754,504303,700.8,508.9,637.1,473.2,668.95,491.05,0
263,8755,504304,700.4,509.0,637.6,472.9,669.0,490.95,0
263,8756,504305,700.0,509.0,637.8,472.6,668.9,490.8,0
263,8757,504306,699.7,508.4,638.1,472.1,668.9,490.25,0
263,8758,504307,699.3,507.8,638.3,471.6,668.8,489.7,0
263,8759,504308,699.1,507.3,638.4,471.1,668.75,489.2,0
263,8760,504309,698.8,506.9,638.4,470.6,668.6,488.75,0
263,8761,504310,698.5,506.7,638.5,470.1,668.5,488.4,0
263,8762,504311,698.2,506.6,638.4,469.6,668.3,488.1,0
263,8763,504312,698.0,506.5,638.4,469.4,668.2,487.95,0
263,8764,504313,698.1,506.9,638.2,469.3,668.15,488.1,0
263,8765,504314,698.2,507.3,638.1,469.1,668.15,488.2,0
263,8766,504315,698.2,507.6,638.0,469.0,668.1,488.3,0
264,8767,504316,698.3,508.0,637.9,468.7,668.1,488.35,0
264,8768,504317,698.4,508.0,637.8,468.5,668.1,488.25,0
264,8769,504318,698.6,508.1,637.7,468.3,668.15,488.2,0
264,8770,504319,698.7,508.2,637.6,468.1,668.15,488.15,0
264,8771,504320,698.8,508.3,637.5,468.0,668.15,488.15,0
264,8772,504321,698.9,508.3,637.6,467.5,668.25,487.9,0
264,8773,504322,699.0,508.4,637.7,467.1,668.35,487.75,0
264,8774,504323,699.0,508.5,637.8,466.7,668.4,487.6,0
264,8775,504324,699.1,508.7,637.9,466.3,668.5,487.5,0
264,8776,504325,699.0,508.8,637.9,465.7,668.45,487.25,0
264,8777,504326,699.0,508.9,638.0,465.1,668.5,487.0,0
264,8778,504327,699.0,508.9,638.1,464.5,668.55,486.7,0
264,8779,504328,699.0,509.0,638.2,464.3,668.6,486.65,0
264,8780,504329,699.0,509.0,638.3,464.2,668.65,486.6,0
264,8781,504330,699.1,509.0,638.3,464.1,668.7,486.55,0
264,8782,504331,699.2,509.4,638.3,464.0,668.75,486.7,0
264,8783,504332,699.2,509.8,638.3,464.2,668.75,487.0,0
264,8784,504333,699.2,510.2,638.2,464.3,668.7,487.25,0
264,8785,504334,699.1,510.6,638.1,464.3,668.6,487.45,0
264,8786,504335,699.0,511.1,637.9,464.3,668.45,487.7,0
264,8787,504336,698.9,511.5,637.7,464.2,668.3,487.85,0
264,8788,504337,698.7,511.8,637.5,464.3,668.1,488.05,0
264,8789,504338,698.6,511.6,637.4,464.4,668.0,488.0,0
264,8790,504339,698.3,511.3,637.2,464.4,667.75,487.85,0
264,8791,504340,698.0,511.0,637.1,464.6,667.55,487.8,0
264,8792,504341,697.9,510.6,637.0,464.8,667.45,487.7,0
264,8793,504342,697.8,510.3,636.8,464.8,667.3,487.55,0
264,8794,504343,697.7,510.2,636.7,464.8,667.2,487.5,0
264,8795,504344,697.6,510.2,636.6,464.6,667.1,487.4,0
264,8796,504345,697.5,510.3,636.5,464.4,667.0,487.35,0
264,8797,504346,697.6,510.4,636.4,463.5,667.0,486.95,0
264,8798,504347,697.7,510.6,636.4,462.7,667.05,486.65,0
264,8799,504348,697.7,510.7,636.6,462.0,667.15,486.35,0
264,8800,504349,697.7,510.8,636.8,461.5,667.25,486.15,0
265,8801,504350,697.7,510.7,637.0,461.5,667.35,486.1,0
265,8802,504351,697.7,510.4,637.1,461.9,667.4,486.15,0
265,8803,504352,697.7,510.1,637.2,462.4,667.45,486.25,0
265,8804,504353,697.7,509.7,637.3,463.3,667.5,486.5,0
265,8805,504354,697.7,509.3,637.2,464.1,667.45,486.7,0
265,8806,504355,697.6,508.9,637.1,464.7,667.35,486.8,0
265,8807,504356,697.6,508.6,636.9,465.0,667.25,486.8,0
265,8808,504357,697.5,508.2,636.7,465.0,667.1,486.6,0
265,8809,504358,697.4,507.9,636.5,464.7,666.95,486.3,0
265,8810,504359,697.3,507.8,636.4,464.4,666.85,486.1,0
265,8811,504360,697.2,507.7,636.3,464.4,666.75,486.05,0
265,8812,504361,697.2,507.6,636.3,464.5,666.75,486.05,0
265,8813,504362,697.3,507.4,636.5,464.6,666.9,486.0,0
265,8814,504363,697.4,507.3,636.7,464.7,667.05,486.0,0
265,8815,504364,697.5,507.2,637.0,464.6,667.25,485.9,0
265,8816,504365,697.6,507.3,637.3,464.5,667.45,485.9,0
265,8817,504366,697.6,507.6,637.6,464.5,667.6,486.05,0
265,8818,504367,697.6,507.8,637.9,464.6,667.75,486.2,0
265,8819,504368,697.6,508.1,638.1,465.4,667.85,486.75,0
265,8820,504369,697.4,508.4,638.0,466.2,667.7,487.3,0
265,8821,504370,697.1,508.6,637.8,467.1,667.45,487.85,0
265,8822,504371,696.9,508.8,637.7,468.0,667.3,488.4,0
265,8823,504372,697.0,508.9,637.6,468.9,667.3,488.9,0
265,8824,504373,697.1,508.8,637.5,469.6,667.3,489.2,0
265,8825,504374,697.2,508.8,637.5,470.1,667.35,489.45,0
265,8826,504375,697.3,508.9,637.7,470.0,667.5,489.45,0
265,8827,504376,697.4,509.0,637.9,469.9,667.65,489.45,0
265,8828,504377,697.5,509.2,638.0,469.8,667.75,489.5,0
265,8829,504378,697.6,509.3,638.1,469.8,667.85,489.55,0
265,8830,504379,697.5,509.4,638.2,469.8,667.85,489.6,0
265,8831,504380,697.4,509.4,638.3,469.9,667.85,489.65,0
265,8832,504381,697.4,509.4,638.2,469.9,667.8,489.65,0
265,8833,504382,697.5,509.3,638.1,469.9,667.8,489.6,0
266,8834,504383,697.5,509.1,637.5,469.9,667.5,489.5,0
266,8835,504384,697.5,509.0,637.0,470.0,667.25,489.5,0
266,8836,504385,697.2,508.9,636.6,470.7,666.9,489.8,0
266,8837,504386,696.8,508.9,636.2,471.3,666.5,490.1,0
266,8838,504387,696.5,508.9,636.1,471.8,666.3,490.35,0
266,8839,504388,696.1,508.9,636.0,472.4,666.05,490.65,0
266,8840,504389,695.8,508.8,636.0,473.1,665.9,490.95,0
266,8841,504390,695.5,508.7,636.2,473.8,665.85,491.25,0
266,8842,504391,695.3,508.6,636.5,474.5,665.9,491.55,0
266,8843,504392,695.3,508.3,636.8,474.5,666.05,491.4,0
266,8844,504393,695.5,508.1,637.0,474.7,666.25,491.4,0
266,8845,504394,695.6,507.8,637.0,474.8,666.3,491.3,0
266,8846,504395,695.7,507.6,637.0,474.9,666.35,491.25,0
266,8847,504396,695.7,507.4,637.0,474.7,666.35,491.05,0
266,8848,504397,695.8,507.3,637.0,474.5,666.4,490.9,0
266,8849,504398,695.9,507.2,637.1,474.4,666.5,490.8,0
266,8850,504399,696.0,507.3,637.1,474.7,666.55,491.0,0
266,8851,504400,696.1,507.3,637.1,475.0,666.6,491.15,0
266,8852,504401,696.3,507.4,637.1,475.5,666.7,491.45,0
266,8853,504402,696.6,507.4,637.1,476.1,666.85,491.75,0
266,8854,504403,696.9,507.4,637.2,477.0,667.05,492.2,0
266,8855,504404,697.3,507.3,637.3,477.8,667.3,492.55,0
266,8856,504405,697.6,507.3,637.7,478.5,667.65,492.9,0
266,8857,504406,697.9,507.2,638.1,478.7,668.0,492.95,0
266,8858,504407,698.4,507.1,638.5,479.0,668.45,493.05,0
266,8859,504408,698.6,507.0,638.9,479.2,668.75,493.1,0
266,8860,504409,698.7,506.7,639.1,479.4,668.9,493.05,0
266,8861,504410,698.8,506.6,639.0,479.6,668.9,493.1,0
266,8862,504411,698.8,506.4,638.8,479.6,668.8,493.0,0
266,8863,504412,698.9,506.2,638.2,479.7,668.55,492.95,0
266,8864,504413,698.8,506.0,637.6,479.8,668.2,492.9,0
266,8865,504414,698.7,505.8,637.0,480.0,667.85,492.9,0
266,8866,504415,698.7,505.6,636.5,480.6,667.6,493.1,0
267,8867,504416,698.6,505.5,636.1,481.2,667.35,493.35,0
267,8868,504417,698.6,505.4,635.9,481.9,667.25,493.65,0
267,8869,504418,698.4,505.4,635.8,482.9,667.1,494.15,0
267,8870,504419,698.2,505.3,635.8,484.1,667.0,494.7,0
267,8871,504420,698.0,505.3,635.7,485.4,666.85,495.35,0
267,8872,504421,697.9,505.3,635.7,486.6,666.8,495.95,0
267,8873,504422,697.8,505.3,635.7,487.6,666.75,496.45,0
267,8874,504423,697.8,505.4,635.7,488.6,666.75,497.0,0
267,8875,504424,697.7,505.4,635.6,489.8,666.65,497.6,0
267,8876,504425,697.8,505.3,635.4,491.1,666.6,498.2,0
267,8877,504426,697.9,505.2,635.1,492.2,666.5,498.7,0
267,8878,504427,697.9,505.1,634.8,493.2,666.35,499.15,0
267,8879,504428,697.9,505.0,634.5,494.1,666.2,499.55,0
267,8880,504429,697.8,504.8,634.2,494.9,666.0,499.85,0
267,8881,504430,697.8,504.5,634.0,495.6,665.9,500.05,0
267,8882,504431,697.8,504.2,633.8,495.9,665.8,500.05,0
267,8883,504432,697.7,504.0,633.8,496.0,665.75,500.0,0
267,8884,504433,697.7,503.7,634.2,496.3,665.95,500.0,0
267,8885,504434,697.7,503.4,634.5,496.5,666.1,499.95,0
267,8886,504435,697.8,503.1,634.9,496.6,666.35,499.85,0
267,8887,504436,698.1,502.7,635.3,496.8,666.7,499.75,0
267,8888,504437,698.3,502.0,635.7,497.0,667.0,499.5,0
267,8889,504438,698.6,501.3,636.2,497.3,667.4,499.3,0
267,8890,504439,698.9,500.7,636.6,497.5,667.75,499.1,0
267,8891,504440,699.1,500.1,636.7,497.7,667.9,498.9,0
267,8892,504441,699.3,499.9,636.8,497.8,668.05,498.85,0
267,8893,504442,699.2,499.7,636.8,497.9,668.0,498.8,0
267,8894,504443,699.1,499.6,636.7,498.0,667.9,498.8,0
267,8895,504444,698.9,499.7,636.7,498.1,667.8,498.9,0
267,8896,504445,698.8,499.8,636.4,498.0,667.6,498.9,0
267,8897,504446,698.7,499.8,636.2,497.9,667.45,498.85,0
267,8898,504447,698.7,499.8,636.1,497.7,667.4,498.75,0
267,8899,504448,698.8,499.3,635.9,497.6,667.35,498.45,0
267,8900,504449,699.0,498.9,635.7,497.6,667.35,498.25,0
268,8901,504450,699.1,498.6,635.7,497.9,667.4,498.25,0
268,8902,504451,699.0,498.5,635.5,498.1,667.25,498.3,0
268,8903,504452,698.8,498.4,635.4,498.4,667.1,498.4,0
268,8904,504453,698.6,498.2,635.1,498.8,666.85,498.5,0
268,8905,504454,698.3,497.6,634.8,499.2,666.55,498.4,0
268,8906,504455,698.0,497.0,634.6,499.6,666.3,498.3,0
268,8907,504456,697.7,496.4,634.3,499.8,666.0,498.1,0
268,8908,504457,697.5,495.7,634.0,499.9,665.75,497.8,0
268,8909,504458,697.6,495.1,633.8,499.8,665.7,497.45,0
268,8910,504459,697.6,494.5,633.7,499.3,665.65,496.9,0
268,8911,504460,697.7,493.7,633.7,498.8,665.7,496.25,0
268,8912,504461,697.4,493.4,633.7,498.3,665.55,495.85,0
268,8913,504462,697.2,493.1,633.7,497.7,665.45,495.4,0
268,8914,504463,696.9,492.8,633.7,497.2,665.3,495.0,0
268,8915,504464,696.5,492.5,633.7,496.8,665.1,494.65,0
268,8916,504465,696.2,492.2,633.3,496.4,664.75,494.3,0
268,8917,504466,695.9,491.8,632.9,496.4,664.4,494.1,0
268,8918,504467,695.6,491.6,632.4,496.3,664.0,493.95,0
268,8919,504468,695.7,491.1,632.0,496.1,663.85,493.6,0
268,8920,504469,695.7,490.2,631.6,495.9,663.65,493.05,0
268,8921,504470,695.9,489.3,631.2,495.7,663.55,492.5,0
268,8922,504471,696.0,488.5,631.0,495.4,663.5,491.95,0
268,8923,504472,696.4,487.7,631.1,495.1,663.75,491.4,0
268,8924,504473,696.9,487.3,631.3,494.8,664.1,491.05,0
268,8925,504474,697.4,486.8,631.5,494.5,664.45,490.65,0
268,8926,504475,697.8,486.7,631.7,494.3,664.75,490.5,0
268,8927,504476,698.2,487.0,631.8,494.0,665.0,490.5,0
268,8928,504477,698.6,487.3,631.9,493.6,665.25,490.45,0
268,8929,504478,699.1,487.5,631.8,493.3,665.45,490.4,0
268,8930,504479,699.2,487.5,631.6,493.0,665.4,490.25,0
268,8931,504480,699.3,487.4,631.3,492.8,665.3,490.1,0
268,8932,504481,699.4,487.4,631.1,492.8,665.25,490.1,0
268,8933,504482,699.5,487.5,630.8,492.8,665.15,490.15,0
269,8934,504483,698.9,487.6,630.5,493.0,664.7,490.3,0
269,8935,504484,698.3,487.7,630.3,493.2,664.3,490.45,0
269,8936,504485,697.7,487.8,630.2,493.5,663.95,490.65,0
269,8937,504486,697.0,488.1,630.3,493.8,663.65,490.95,0
269,8938,504487,696.4,488.2,630.3,494.0,663.35,491.1,0
269,8939,504488,695.8,488.3,630.3,494.2,663.05,491.25,0
269,8940,504489,695.2,488.1,630.4,494.4,662.8,491.25,0
269,8941,504490,695.1,487.8,630.5,494.6,662.8,491.2,0
269,8942,504491,695.0,487.2,630.5,494.5,662.75,490.85,0
269,8943,504492,694.9,486.6,630.6,494.3,662.75,490.45,0
269,8944,504493,694.8,486.1,630.7,494.0,662.75,490.05,0
269,8945,504494,694.6,485.6,630.8,493.7,662.7,489.65,0
269,8946,504495,694.5,485.2,630.9,493.4,662.7,489.3,0
269,8947,504496,694.3,484.8,631.0,493.0,662.65,488.9,0
269,8948,504497,694.2,484.4,631.0,492.5,662.6,488.45,0
269,8949,504498,694.2,484.4,631.0,492.2,662.6,488.3,0
269,8950,504499,694.2,484.4,631.0,491.8,662.6,488.1,0
269,8951,504500,694.1,484.3,630.9,491.5,662.5,487.9,0
269,8952,504501,694.0,484.2,630.9,490.5,662.45,487.35,0
269,8953,504502,694.0,484.1,631.0,489.7,662.5,486.9,0
269,8954,504503,693.9,484.2,631.0,488.8,662.45,486.5,0
269,8955,504504,693.7,484.3,630.9,488.6,662.3,486.45,0
269,8956,504505,693.6,484.5,630.9,488.5,662.25,486.5,0
269,8957,504506,693.5,484.6,630.9,488.6,662.2,486.6,0
269,8958,504507,693.7,484.8,630.9,488.7,662.3,486.75,0
269,8959,504508,693.8,485.2,630.7,489.3,662.25,487.25,0
269,8960,504509,693.9,485.5,630.5,489.9,662.2,487.7,0
269,8961,504510,693.9,485.6,630.4,490.4,662.15,488.0,0
269,8962,504511,694.0,485.7,630.3,490.1,662.15,487.9,0
269,8963,504512,694.2,485.8,630.2,489.6,662.2,487.7,0
269,8964,504513,694.3,485.9,630.0,489.2,662.15,487.55,0
269,8965,504514,694.3,485.9,629.9,488.6,662.1,487.25,0
269,8966,504515,694.3,485.7,629.7,488.1,662.0,486.9,0
270,8967,504516,694.2,485.6,629.5,487.6,661.85,486.6,0
270,8968,504517,694.1,485.6,629.3,487.3,661.7,486.45,0
270,8969,504518,693.9,485.5,629.2,487.1,661.55,486.3,0
270,8970,504519,693.6,485.4,629.0,487.0,661.3,486.2,0
270,8971,504520,693.4,485.3,628.8,487.1,661.1,486.2,0
270,8972,504521,693.2,485.1,628.7,487.3,660.95,486.2,0
270,8973,504522,693.0,485.0,628.7,487.5,660.85,486.25,0
270,8974,504523,692.9,484.8,628.6,487.8,660.75,486.3,0
270,8975,504524,693.0,484.6,628.6,488.4,660.8,486.5,0
270,8976,504525,693.3,484.4,628.6,489.0,660.95,486.7,0
270,8977,504526,693.9,484.3,628.6,489.5,661.25,486.9,0
270,8978,504527,694.4,484.2,628.6,490.0,661.5,487.1,0
270,8979,504528,694.9,484.3,628.7,490.5,661.8,487.4,0
270,8980,504529,695.3,484.6,628.9,490.9,662.1,487.75,0
270,8981,504530,695.5,485.0,629.1,491.2,662.3,488.1,0
270,8982,504531,695.7,485.3,629.2,491.1,662.45,488.2,0
270,8983,504532,695.6,485.7,629.4,491.0,662.5,488.35,0
270,8984,504533,695.2,486.1,629.6,490.9,662.4,488.5,0
270,8985,504534,695.0,486.4,629.7,490.8,662.35,488.6,0
270,8986,504535,694.8,486.5,629.8,490.7,662.3,488.6,0
270,8987,504536,694.7,486.4,629.6,490.6,662.15,488.5,0
270,8988,504537,694.6,486.2,629.4,490.7,662.0,488.45,0
270,8989,504538,694.5,486.0,629.1,491.1,661.8,488.55,0
270,8990,504539,694.5,485.8,628.7,491.5,661.6,488.65,0
270,8991,504540,694.4,485.6,628.3,492.0,661.35,488.8,0
270,8992,504541,694.3,485.4,627.9,492.6,661.1,489.0,0
270,8993,504542,694.1,485.2,627.7,493.5,660.9,489.35,0
270,8994,504543,694.1,485.0,627.8,494.3,660.95,489.65,0
270,8995,504544,694.2,484.6,627.9,495.1,661.05,489.85,0
270,8996,504545,694.3,484.3,628.1,495.4,661.2,489.85,0
270,8997,504546,694.7,484.1,628.3,495.8,661.5,489.95,0
270,8998,504547,695.0,483.8,628.6,496.2,661.8,490.0,0
270,8999,504548,695.3,483.6,629.1,496.5,662.2,490.05,0
270,9000,504549,695.6,483.8,629.6,496.9,662.6,490.35,0
271,9001,504550,695.9,483.9,630.0,497.3,662.95,490.6,0
271,9002,504551,696.0,484.1,630.5,497.8,663.25,490.95,0
271,9003,504552,696.1,484.4,631.0,498.3,663.55,491.35,0
271,9004,504553,696.1,484.6,631.5,498.9,663.8,491.75,0
271,9005,504554,696.1,484.7,631.8,499.4,663.95,492.05,0
271,9006,504555,696.1,484.8,632.1,499.8,664.1,492.3,0
271,9007,504556,696.1,484.6,632.1,499.8,664.1,492.2,0
271,9008,504557,696.2,484.4,631.9,499.9,664.05,492.15,0
271,9009,504558,696.2,484.3,631.8,500.0,664.0,492.15,0
271,9010,504559,696.3,484.1,631.7,500.1,664.0,492.1,0
271,9011,504560,696.1,484.0,631.5,500.1,663.8,492.05,0
271,9012,504561,696.0,483.9,631.3,499.9,663.65,491.9,0
271,9013,504562,695.8,483.8,631.1,499.8,663.45,491.8,0
271,9014,504563,695.6,483.6,630.9,499.6,663.25,491.6,0
271,9015,504564,695.5,483.4,630.8,499.5,663.15,491.45,0
271,9016,504565,695.5,483.2,630.6,499.3,663.05,491.25,0
271,9017,504566,695.5,482.9,630.5,499.2,663.0,491.05,0
271,9018,504567,695.7,482.6,630.4,499.1,663.05,490.85,0
271,9019,504568,695.9,482.3,630.4,499.3,663.15,490.8,0
271,9020,504569,696.1,482.0,630.4,499.3,663.25,490.65,0
271,9021,504570,696.4,481.9,630.5,499.4,663.45,490.65,0
271,9022,504571,696.6,481.9,630.4,499.4,663.5,490.65,0
271,9023,504572,697.0,481.8,630.4,499.4,663.7,490.6,0
271,9024,504573,697.2,481.8,630.3,499.4,663.75,490.6,0
271,9025,504574,697.4,481.8,630.1,499.6,663.75,490.7,0
271,9026,504575,697.6,481.8,629.8,499.8,663.7,490.8,0
271,9027,504576,697.8,481.8,629.6,499.9,663.7,490.85,0
271,9028,504577,697.7,481.8,629.4,499.6,663.55,490.7,0
271,9029,504578,697.5,481.9,629.3,499.4,663.4,490.65,0
271,9030,504579,697.2,481.9,629.4,499.1,663.3,490.5,0
271,9031,504580,696.9,482.0,629.4,499.1,663.15,490.55,0
271,9032,504581,696.3,482.1,629.5,498.9,662.9,490.5,0
271,9033,504582,695.7,482.1,629.2,498.9,662.45,490.5,0
272,9034,504583,695.2,482.1,628.8,499.0,662.0,490.55,0
272,9035,504584,694.7,482.0,628.4,499.5,661.55,490.75,0
272,9036,504585,694.4,481.8,627.9,500.0,661.15,490.9,0
272,9037,504586,694.1,481.6,627.4,500.4,660.75,491.0,0
272,9038,504587,693.8,481.4,627.0,500.6,660.4,491.0,0
272,9039,504588,693.9,481.5,626.7,501.0,660.3,491.25,0
272,9040,504589,693.9,481.7,626.8,501.3,660.35,491.5,0
272,9041,504590,693.9,481.8,626.9,501.7,660.4,491.75,0
272,9042,504591,693.7,481.9,627.1,502.1,660.4,492.0,0
272,9043,504592,693.6,482.1,627.2,502.5,660.4,492.3,0
272,9044,504593,693.5,482.2,627.4,502.9,660.45,492.55,0
272,9045,504594,693.4,482.3,627.6,502.9,660.5,492.6,0
272,9046,504595,693.3,482.2,627.7,502.6,660.5,492.4,0
272,9047,504596,693.2,482.1,627.8,502.4,660.5,492.25,0
272,9048,504597,693.2,482.1,627.8,501.9,660.5,492.0,0
272,9049,504598,693.2,482.1,627.7,501.3,660.45,491.7,0
272,9050,504599,693.2,482.2,627.6,500.7,660.4,491.45,0
272,9051,504600,693.2,482.2,627.6,500.2,660.4,491.2,0
272,9052,504601,693.1,482.2,627.4,499.9,660.25,491.05,0
272,9053,504602,692.9,482.3,627.3,499.7,660.1,491.0,0
272,9054,504603,692.7,482.3,627.2,499.7,659.95,491.0,0
272,9055,504604,692.5,482.4,627.2,500.0,659.85,491.2,0
272,9056,504605,692.4,482.3,627.2,500.9,659.8,491.6,0
272,9057,504606,692.3,482.2,627.2,501.9,659.75,492.05,0
272,9058,504607,692.2,482.2,627.3,502.8,659.75,492.5,0
272,9059,504608,692.2,482.2,627.3,503.8,659.75,493.0,0
272,9060,504609,692.3,482.2,627.3,504.8,659.8,493.5,0
272,9061,504610,692.4,482.1,627.3,505.7,659.85,493.9,0
272,9062,504611,692.4,482.1,627.2,506.4,659.8,494.25,0
272,9063,504612,692.3,482.2,627.2,506.4,659.75,494.3,0
272,9064,504613,692.2,482.1,627.2,506.4,659.7,494.25,0
272,9065,504614,692.0,482.1,627.3,506.0,659.65,494.05,0
272,9066,504615,691.7,482.1,627.3,505.5,659.5,493.8,0
273,9067,504616,691.5,482.1,627.3,504.9,659.4,493.5,0
273,9068,504617,691.2,482.0,627.3,504.3,659.25,493.15,0
273,9069,504618,691.1,482.1,627.3,503.7,659.2,492.9,0
273,9070,504619,690.9,482.3,627.3,503.1,659.1,492.7,0
273,9071,504620,690.9,482.5,627.3,502.6,659.1,492.55,0
273,9072,504621,690.9,482.7,627.2,502.5,659.05,492.6,0
273,9073,504622,690.9,482.9,627.1,502.4,659.0,492.65,0
273,9074,504623,690.8,483.1,627.0,502.4,658.9,492.75,0
273,9075,504624,690.5,483.3,626.7,502.4,658.6,492.85,0
273,9076,504625,690.2,483.3,626.4,502.4,658.3,492.85,0
273,9077,504626,690.0,483.7,626.0,502.5,658.0,493.1,0
273,9078,504627,689.8,484.1,625.6,501.9,657.7,493.0,0
273,9079,504628,689.6,484.5,625.2,501.2,657.4,492.85,0
273,9080,504629,689.5,484.8,625.0,500.6,657.25,492.7,0
273,9081,504630,689.5,485.0,624.8,499.9,657.15,492.45,0
273,9082,504631,689.6,485.3,624.7,499.1,657.15,492.2,0
273,9083,504632,689.8,485.8,624.8,497.8,657.3,491.8,0
273,9084,504633,689.9,486.3,624.9,496.5,657.4,491.4,0
273,9085,504634,690.1,486.9,625.1,496.0,657.6,491.45,0
273,9086,504635,690.3,487.4,625.3,495.4,657.8,491.4,0
273,9087,504636,690.5,488.6,625.6,494.8,658.05,491.7,0
273,9088,504637,690.8,489.8,625.8,493.9,658.3,491.85,0
273,9089,504638,691.1,490.9,626.1,492.6,658.6,491.75,0
273,9090,504639,691.5,491.7,626.3,491.9,658.9,491.8,0
273,9091,504640,691.7,492.2,626.4,491.2,659.05,491.7,0
273,9092,504641,691.9,492.7,626.5,489.9,659.2,491.3,0
273,9093,504642,692.1,493.3,626.6,488.6,659.35,490.95,0
273,9094,504643,692.1,493.7,626.4,487.5,659.25,490.6,0
273,9095,504644,692.0,494.0,626.2,486.6,659.1,490.3,0
273,9096,504645,692.0,494.4,626.0,486.2,659.0,490.3,0
273,9097,504646,691.9,494.8,625.8,485.8,658.85,490.3,0
273,9098,504647,691.8,495.3,625.7,485.4,658.75,490.35,0
273,9099,504648,691.8,495.8,625.7,484.8,658.75,490.3,0
273,9100,504649,691.8,496.4,625.7,484.2,658.75,490.3,0
274,9101,504650,691.8,496.9,625.8,483.5,658.8,490.2,0
274,9102,504651,691.9,497.4,625.8,482.9,658.85,490.15,0
274,9103,504652,691.9,497.8,625.8,482.1,658.85,489.95,0
274,9104,504653,692.0,498.3,625.8,481.3,658.9,489.8,0
274,9105,504654,692.0,498.7,625.8,480.4,658.9,489.55,0
274,9106,504655,692.1,499.0,625.8,479.9,658.95,489.45,0
274,9107,504656,692.1,499.2,625.8,479.5,658.95,489.35,0
274,9108,504657,692.1,499.3,625.8,479.1,658.95,489.2,0
274,9109,504658,692.1,499.4,625.8,478.7,658.95,489.05,0
274,9110,504659,692.0,499.6,626.0,478.4,659.0,489.0,0
274,9111,504660,691.8,499.8,626.2,478.0,659.0,488.9,0
274,9112,504661,691.7,500.5,626.4,477.8,659.05,489.15,0
274,9113,504662,691.5,501.1,626.6,477.9,659.05,489.5,0
274,9114,504663,691.4,501.6,626.8,477.8,659.1,489.7,0
274,9115,504664,691.3,502.2,626.8,477.8,659.05,490.0,0
274,9116,504665,691.1,502.7,626.9,477.7,659.0,490.2,0
274,9117,504666,690.9,503.0,626.9,477.5,658.9,490.25,0
274,9118,504667,690.6,503.3,626.9,477.4,658.75,490.35,0
274,9119,504668,690.4,503.1,626.7,477.3,658.55,490.2,0
274,9120,504669,690.2,503.1,626.6,477.3,658.4,490.2,0
274,9121,504670,690.0,503.0,626.6,477.2,658.3,490.1,0
274,9122,504671,689.7,503.0,626.8,477.1,658.25,490.05,0
274,9123,504672,689.5,503.2,627.0,476.9,658.25,490.05,0
274,9124,504673,689.4,503.4,627.2,476.7,658.3,490.05,0
274,9125,504674,689.3,503.6,627.3,476.5,658.3,490.05,0
274,9126,504675,689.2,503.8,627.5,476.2,658.35,490.0,0
274,9127,504676,689.3,504.0,627.6,476.0,658.45,490.0,0
274,9128,504677,689.3,504.2,627.7,475.9,658.5,490.05,0
274,9129,504678,689.4,504.4,627.7,475.8,658.55,490.1,0
274,9130,504679,689.6,504.8,627.7,475.5,658.65,490.15,0
274,9131,504680,689.7,505.2,627.7,475.1,658.7,490.15,0
274,9132,504681,689.9,505.7,627.9,474.9,658.9,490.3,0
274,9133,504682,689.9,506.1,628.1,474.4,659.0,490.25,0
275,9134,504683,689.9,506.6,628.3,474.0,659.1,490.3,0
275,9135,504684,689.8,507.0,628.5,473.5,659.15,490.25,0
275,9136,504685,689.6,507.3,628.6,473.1,659.1,490.2,0
275,9137,504686,689.5,507.3,628.8,472.8,659.15,490.05,0
275,9138,504687,689.4,507.3,628.9,472.9,659.15,490.1,0
275,9139,504688,689.4,506.9,628.8,473.0,659.1,489.95,0
275,9140,504689,689.4,506.3,628.7,473.4,659.05,489.85,0
275,9141,504690,689.4,505.6,628.7,473.8,659.05,489.7,0
275,9142,504691,689.4,504.9,628.6,474.3,659.0,489.6,0
275,9143,504692,689.5,504.2,628.5,474.6,659.0,489.4,0
275,9144,504693,689.5,503.9,628.6,474.8,659.05,489.35,0
275,9145,504694,689.5,503.6,628.6,474.9,659.05,489.25,0
275,9146,504695,689.5,503.6,628.7,474.8,659.1,489.2,0
275,9147,504696,689.4,503.9,628.8,474.5,659.1,489.2,0
275,9148,504697,689.3,504.1,628.8,474.3,659.05,489.2,0
275,9149,504698,689.2,504.5,628.9,474.0,659.05,489.25,0
275,9150,504699,689.1,504.9,629.1,473.7,659.1,489.3,0
275,9151,504700,689.0,505.1,629.1,473.5,659.05,489.3,0
275,9152,504701,689.0,505.4,629.1,473.4,659.05,489.4,0
275,9153,504702,689.1,505.7,629.1,473.4,659.1,489.55,0
275,9154,504703,689.2,505.9,629.0,473.5,659.1,489.7,0
275,9155,504704,689.4,505.9,628.8,473.7,659.1,489.8,0
275,9156,504705,689.5,505.9,628.7,473.9,659.1,489.9,0
275,9157,504706,689.7,505.9,628.5,474.5,659.1,490.2,0
275,9158,504707,689.8,505.6,628.3,475.0,659.05,490.3,0
275,9159,504708,689.9,505.4,628.1,475.5,659.0,490.45,0
275,9160,504709,690.0,505.3,627.9,476.1,658.95,490.7,0
275,9161,504710,690.0,505.3,627.9,476.6,658.95,490.95,0
275,9162,504711,690.0,505.6,627.9,476.9,658.95,491.25,0
275,9163,504712,690.0,505.8,628.0,477.2,659.0,491.5,0
275,9164,504713,690.3,506.0,628.1,477.2,659.2,491.6,0
275,9165,504714,690.5,506.3,628.1,477.1,659.3,491.7,0
275,9166,504715,690.7,506.3,628.2,476.7,659.45,491.5,0
276,9167,504716,690.9,506.3,628.2,475.8,659.55,491.05,0
276,9168,504717,691.0,506.1,628.3,475.0,659.65,490.55,0
276,9169,504718,691.2,505.8,628.2,474.2,659.7,490.0,0
276,9170,504719,691.4,505.6,628.0,473.5,659.7,489.55,0
276,9171,504720,691.4,506.0,627.9,473.0,659.65,489.5,0
276,9172,504721,691.3,506.3,627.7,472.9,659.5,489.6,0
276,9173,504722,691.2,506.8,627.5,472.8,659.35,489.8,0
276,9174,504723,690.9,507.4,627.4,473.4,659.15,490.4,0
276,9175,504724,690.7,507.9,627.3,474.0,659.0,490.95,0
276,9176,504725,690.4,508.3,627.4,474.6,658.9,491.45,0
276,9177,504726,690.0,508.7,627.6,475.1,658.8,491.9,0
276,9178,504727,689.7,508.4,627.5,476.4,658.6,492.4,0
276,9179,504728,689.5,508.1,627.4,477.5,658.45,492.8,0
276,9180,504729,689.3,507.8,626.9,478.7,658.1,493.25,0
276,9181,504730,689.4,507.5,626.4,479.8,657.9,493.65,0
276,9182,504731,689.4,507.3,625.7,480.9,657.55,494.1,0
276,9183,504732,689.5,507.1,624.9,481.8,657.2,494.45,0
276,9184,504733,689.6,507.0,624.1,482.7,656.85,494.85,0
276,9185,504734,689.7,506.7,623.6,482.7,656.65,494.7,0
276,9186,504735,689.8,506.6,623.5,482.9,656.65,494.75,0
276,9187,504736,689.9,506.5,623.8,483.1,656.85,494.8,0
276,9188,504737,690.0,506.7,624.2,483.3,657.1,495.0,0
276,9189,504738,690.1,506.9,624.7,483.4,657.4,495.15,0
276,9190,504739,690.2,507.3,625.3,483.4,657.75,495.35,0
276,9191,504740,690.4,507.7,625.7,483.5,658.05,495.6,0
276,9192,504741,690.5,508.0,625.9,483.5,658.2,495.75,0
276,9193,504742,690.6,507.7,625.6,483.2,658.1,495.45,0
276,9194,504743,690.7,507.5,625.4,482.8,658.05,495.15,0
276,9195,504744,690.8,507.0,625.2,482.2,658.0,494.6,0
276,9196,504745,690.9,506.6,624.9,481.8,657.9,494.2,0
276,9197,504746,691.1,506.2,624.6,481.5,657.85,493.85,0
276,9198,504747,691.2,505.8,624.6,481.1,657.9,493.45,0
276,9199,504748,691.4,505.6,624.8,480.7,658.1,493.15,0
276,9200,504749,691.5,505.7,625.0,481.2,658.25,493.45,0
277,9201,504750,691.6,505.8,625.1,481.8,658.35,493.8,0
277,9202,504751,691.8,505.8,625.3,482.5,658.55,494.15,0
277,9203,504752,692.0,505.6,625.5,483.2,658.75,494.4,0
277,9204,504753,691.9,505.4,625.6,483.8,658.75,494.6,0
277,9205,504754,691.9,505.1,625.7,484.3,658.8,494.7,0
277,9206,504755,691.8,504.9,625.6,484.8,658.7,494.85,0
277,9207,504756,691.7,504.8,625.5,484.5,658.6,494.65,0
277,9208,504757,691.5,504.9,625.4,484.2,658.45,494.55,0
277,9209,504758,691.4,505.0,625.3,484.0,658.35,494.5,0
277,9210,504759,691.3,505.1,625.2,483.8,658.25,494.45,0
277,9211,504760,691.3,505.3,625.2,483.7,658.25,494.5,0
277,9212,504761,691.2,505.5,625.2,483.7,658.2,494.6,0
277,9213,504762,691.2,505.6,625.2,483.9,658.2,494.75,0
277,9214,504763,691.2,505.8,625.2,484.2,658.2,495.0,0
277,9215,504764,691.2,505.7,625.3,484.5,658.25,495.1,0
277,9216,504765,691.2,505.6,625.4,484.8,658.3,495.2,0
277,9217,504766,691.1,505.4,625.4,485.0,658.25,495.2,0
277,9218,504767,691.0,505.2,625.4,485.2,658.2,495.2,0
277,9219,504768,691.0,505.0,625.4,485.3,658.2,495.15,0
277,9220,504769,690.9,504.7,625.3,485.3,658.1,495.0,0
277,9221,504770,690.8,504.5,625.3,485.3,658.05,494.9,0
277,9222,504771,690.8,504.5,625.2,485.3,658.0,494.9,0
277,9223,504772,690.9,504.6,625.1,485.5,658.0,495.05,0
277,9224,504773,691.0,504.6,625.0,485.7,658.0,495.15,0
277,9225,504774,691.1,504.8,624.7,486.1,657.9,495.45,0
277,9226,504775,691.2,504.6,624.5,486.4,657.85,495.5,0
277,9227,504776,691.2,504.5,624.2,486.9,657.7,495.7,0
277,9228,504777,691.3,504.3,623.8,487.2,657.55,495.75,0
277,9229,504778,691.3,504.0,623.4,487.9,657.35,495.95,0
277,9230,504779,691.2,503.8,623.0,488.6,657.1,496.2,0
277,9231,504780,691.1,503.7,622.7,489.1,656.9,496.4,0
277,9232,504781,690.9,503.5,622.4,489.5,656.65,496.5,0
277,9233,504782,690.8,503.5,622.3,489.2,656.55,496.35,0
278,9234,504783,690.5,503.5,622.2,488.8,656.35,496.15,0
278,9235,504784,690.3,503.4,622.3,488.7,656.3,496.05,0
278,9236,504785,690.0,503.1,622.5,488.4,656.25,495.75,0
278,9237,504786,689.9,502.8,622.6,488.9,656.25,495.85,0
278,9238,504787,689.9,502.5,622.8,489.5,656.35,496.0,0
278,9239,504788,689.9,502.3,622.9,490.0,656.4,496.15,0
278,9240,504789,690.0,502.2,623.0,490.8,656.5,496.5,0
278,9241,504790,690.1,502.1,623.0,491.7,656.55,496.9,0
278,9242,504791,690.1,502.3,622.9,492.2,656.5,497.25,0
278,9243,504792,690.1,502.7,622.7,492.5,656.4,497.6,0
278,9244,504793,689.8,503.0,622.7,491.8,656.25,497.4,0
278,9245,504794,689.5,503.3,622.8,491.2,656.15,497.25,0
278,9246,504795,689.2,503.5,622.9,490.7,656.05,497.1,0
278,9247,504796,688.8,503.6,623.0,490.4,655.9,497.0,0
278,9248,504797,688.5,503.4,623.2,490.1,655.85,496.75,0
278,9249,504798,688.2,503.0,623.3,490.3,655.75,496.65,0
278,9250,504799,688.0,502.6,623.3,490.6,655.65,496.6,0
278,9251,504800,687.9,502.3,623.0,491.0,655.45,496.65,0
278,9252,504801,687.7,501.9,622.7,491.4,655.2,496.65,0
278,9253,504802,687.6,501.6,622.2,491.8,654.9,496.7,0
278,9254,504803,687.6,501.3,621.7,492.3,654.65,496.8,0
278,9255,504804,687.5,501.3,621.3,492.3,654.4,496.8,0
278,9256,504805,687.5,501.3,621.0,492.0,654.25,496.65,0
278,9257,504806,687.4,501.3,620.8,491.6,654.1,496.45,0
278,9258,504807,687.4,501.3,620.8,491.1,654.1,496.2,0
278,9259,504808,687.5,501.3,620.8,490.5,654.15,495.9,0
278,9260,504809,687.6,501.4,621.1,490.0,654.35,495.7,0
278,9261,504810,687.7,501.7,621.6,489.6,654.65,495.65,0
278,9262,504811,687.8,502.0,622.0,489.6,654.9,495.8,0
278,9263,504812,688.1,502.4,622.4,489.9,655.25,496.15,0
278,9264,504813,688.5,502.7,622.8,490.2,655.65,496.45,0
278,9265,504814,688.9,503.0,622.9,490.7,655.9,496.85,0
278,9266,504815,689.2,503.3,623.0,491.2,656.1,497.25,0
279,9267,504816,689.4,503.5,623.0,491.6,656.2,497.55,0
279,9268,504817,689.6,503.5,622.8,492.2,656.2,497.85,0
279,9269,504818,689.7,503.5,622.6,492.9,656.15,498.2,0
279,9270,504819,689.8,503.3,622.4,493.2,656.1,498.25,0
279,9271,504820,689.7,503.2,622.4,493.6,656.05,498.4,0
279,9272,504821,689.7,503.1,622.7,493.9,656.2,498.5,0
279,9273,504822,689.9,502.9,622.9,494.3,656.4,498.6,0
279,9274,504823,690.1,502.6,623.1,494.6,656.6,498.6,0
279,9275,504824,690.3,502.3,623.4,494.7,656.85,498.5,0
279,9276,504825,690.5,502.0,623.5,494.4,657.0,498.2,0
279,9277,504826,690.7,501.7,623.6,494.0,657.15,497.85,0
279,9278,504827,690.7,501.6,623.4,493.7,657.05,497.65,0
279,9279,504828,690.6,501.6,623.1,493.5,656.85,497.55,0
279,9280,504829,690.3,501.6,622.6,493.3,656.45,497.45,0
279,9281,504830,690.1,502.0,622.1,493.2,656.1,497.6,0
279,9282,504831,689.8,502.5,621.7,493.1,655.75,497.8,0
279,9283,504832,689.6,503.2,621.4,493.3,655.5,498.25,0
279,9284,504833,689.4,503.9,621.1,493.5,655.25,498.7,0
279,9285,504834,689.4,504.5,621.2,493.6,655.3,499.05,0
279,9286,504835,689.4,504.9,621.2,493.8,655.3,499.35,0
279,9287,504836,689.3,505.1,621.5,493.8,655.4,499.45,0
279,9288,504837,689.2,504.6,621.6,494.1,655.4,499.35,0
279,9289,504838,689.1,504.0,621.7,494.4,655.4,499.2,0
279,9290,504839,688.8,503.2,621.6,494.8,655.2,499.0,0
279,9291,504840,688.3,502.2,621.6,495.4,654.95,498.8,0
279,9292,504841,687.8,501.3,621.3,495.9,654.55,498.6,0
279,9293,504842,687.3,500.4,621.1,496.4,654.2,498.4,0
279,9294,504843,686.9,500.2,621.0,497.0,653.95,498.6,0
279,9295,504844,686.5,500.4,621.0,497.2,653.75,498.8,0
279,9296,504845,686.2,500.6,621.0,497.4,653.6,499.0,0
279,9297,504846,686.0,500.9,621.0,497.6,653.5,499.25,0
279,9298,504847,686.3,501.4,621.0,497.5,653.65,499.45,0
279,9299,504848,686.6,502.0,620.8,497.5,653.7,499.75,0
279,9300,504849,686.9,502.5,620.7,497.4,653.8,499.95,0
280,9301,504850,687.2,502.6,620.5,497.3,653.85,499.95,0
280,9302,504851,687.6,502.7,620.3,497.3,653.95,500.0,0
280,9303,504852,687.9,502.7,620.1,497.3,654.0,500.0,0
280,9304,504853,688.1,502.8,619.9,497.5,654.0,500.15,0
280,9305,504854,688.2,502.7,619.8,497.6,654.0,500.15,0
280,9306,504855,688.3,502.6,619.9,497.9,654.1,500.25,0
280,9307,504856,688.3,502.5,620.2,498.3,654.25,500.4,0
280,9308,504857,688.2,502.4,620.4,498.8,654.3,500.6,0
280,9309,504858,688.2,502.3,620.7,499.1,654.45,500.7,0
280,9310,504859,688.1,502.2,620.9,499.6,654.5,500.9,0
280,9311,504860,688.1,502.1,621.2,500.0,654.65,501.05,0
280,9312,504861,688.1,502.1,621.4,500.5,654.75,501.3,0
280,9313,504862,688.0,502.3,621.4,501.0,654.7,501.65,0
280,9314,504863,688.0,502.4,621.1,501.5,654.55,501.95,0
280,9315,504864,687.9,502.5,620.8,502.1,654.35,502.3,0
280,9316,504865,687.7,502.5,620.5,502.7,654.1,502.6,0
280,9317,504866,687.4,502.2,620.2,503.3,653.8,502.75,0
280,9318,504867,687.2,501.7,619.8,503.9,653.5,502.8,0
280,9319,504868,686.9,501.2,619.5,504.6,653.2,502.9,0
280,9320,504869,686.7,500.6,619.3,505.2,653.0,502.9,0
280,9321,504870,686.5,500.1,619.3,505.8,652.9,502.95,0
280,9322,504871,686.3,499.6,619.5,506.4,652.9,503.0,0
280,9323,504872,686.2,499.2,619.7,507.2,652.95,503.2,0
280,9324,504873,686.0,499.1,619.9,507.8,652.95,503.45,0
280,9325,504874,685.9,499.0,620.1,508.2,653.0,503.6,0
280,9326,504875,685.7,498.9,620.4,508.4,653.05,503.65,0
280,9327,504876,685.6,498.8,620.5,508.1,653.05,503.45,0
280,9328,504877,685.5,498.7,620.6,507.7,653.05,503.2,0
280,9329,504878,685.3,498.6,620.5,507.2,652.9,502.9,0
280,9330,504879,685.1,498.6,620.4,506.7,652.75,502.65,0
280,9331,504880,684.9,498.6,620.2,506.3,652.55,502.45,0
280,9332,504881,684.7,498.8,620.0,506.3,652.35,502.55,0
280,9333,504882,684.4,498.9,619.8,506.4,652.1,502.65,0
281,9334,504883,684.1,499.0,619.7,507.1,651.9,503.05,0
281,9335,504884,683.6,499.0,619.6,507.7,651.6,503.35,0
281,9336,504885,683.2,498.7,619.5,508.3,651.35,503.5,0
281,9337,504886,682.9,498.2,619.5,508.7,651.2,503.45,0
281,9338,504887,682.7,497.8,619.5,508.9,651.1,503.35,0
281,9339,504888,682.5,497.2,619.4,508.6,650.95,502.9,0
281,9340,504889,682.4,496.7,619.4,508.3,650.9,502.5,0
281,9341,504890,682.4,496.1,619.3,508.0,650.85,502.05,0
281,9342,504891,682.5,495.5,619.3,507.6,650.9,501.55,0
281,9343,504892,682.7,494.7,619.2,507.2,650.95,500.95,0
281,9344,504893,682.9,493.9,619.1,506.9,651.0,500.4,0
281,9345,504894,683.1,493.2,619.1,506.7,651.1,499.95,0
281,9346,504895,683.2,492.4,619.1,506.2,651.15,499.3,0
281,9347,504896,683.3,491.6,619.1,505.8,651.2,498.7,0
281,9348,504897,683.4,491.0,619.1,505.3,651.25,498.15,0
281,9349,504898,683.5,490.2,619.3,504.8,651.4,497.5,0
281,9350,504899,683.7,490.0,619.4,504.4,651.55,497.2,0
281,9351,504900,683.8,489.7,619.5,503.8,651.65,496.75,0
281,9352,504901,684.0,489.3,619.5,503.2,651.75,496.25,0
281,9353,504902,684.2,489.0,619.6,502.8,651.9,495.9,0
281,9354,504903,684.4,488.7,619.6,502.4,652.0,495.55,0
281,9355,504904,684.7,488.4,619.5,502.1,652.1,495.25,0
281,9356,504905,685.0,487.8,619.4,501.8,652.2,494.8,0
281,9357,504906,685.5,487.3,619.2,501.5,652.35,494.4,0
281,9358,504907,686.0,486.8,618.9,501.5,652.45,494.15,0
281,9359,504908,686.3,486.4,618.8,501.5,652.55,493.95,0
281,9360,504909,686.7,486.4,619.2,501.5,652.95,493.95,0
281,9361,504910,687.3,486.3,619.7,500.6,653.5,493.45,0
281,9362,504911,687.8,486.3,620.2,499.8,654.0,493.05,0
281,9363,504912,688.3,486.4,620.8,498.9,654.55,492.65,0
281,9364,504913,688.6,486.2,621.4,497.9,655.0,492.05,0
281,9365,504914,688.6,486.0,621.9,496.8,655.25,491.4,0
281,9366,504915,688.9,485.9,622.5,495.7,655.7,490.8,0
282,9367,504916,689.2,485.4,622.6,494.7,655.9,490.05,0
282,9368,504917,689.2,485.0,622.6,494.5,655.9,489.75,0
282,9369,504918,689.4,484.5,622.6,494.5,656.0,489.5,0
282,9370,504919,689.6,484.4,622.6,494.6,656.1,489.5,0
282,9371,504920,689.9,484.5,622.6,494.6,656.25,489.55,0
282,9372,504921,690.3,484.5,622.7,494.7,656.5,489.6,0
282,9373,504922,690.5,484.5,622.8,494.7,656.65,489.6,0
282,9374,504923,690.6,484.4,623.0,494.0,656.8,489.2,0
282,9375,504924,690.6,484.3,623.3,493.3,656.95,488.8,0
282,9376,504925,690.4,484.2,623.6,492.4,657.0,488.3,0
282,9377,504926,690.2,484.1,623.8,491.5,657.0,487.8,0
282,9378,504927,689.8,484.0,624.1,490.2,656.95,487.1,0
282,9379,504928,689.5,483.8,624.3,488.8,656.9,486.3,0
282,9380,504929,689.1,483.6,624.6,487.5,656.85,485.55,0
282,9381,504930,688.8,483.5,624.8,486.7,656.8,485.1,0
282,9382,504931,688.5,483.3,624.9,485.9,656.7,484.6,0
282,9383,504932,688.2,483.1,625.0,485.1,656.6,484.1,0
282,9384,504933,688.0,483.1,625.1,484.4,656.55,483.75,0
282,9385,504934,687.8,483.0,625.2,484.0,656.5,483.5,0
282,9386,504935,687.7,483.1,625.4,482.8,656.55,482.95,0
282,9387,504936,687.6,483.2,625.4,481.7,656.5,482.45,0
282,9388,504937,687.5,483.4,625.4,480.5,656.45,481.95,0
282,9389,504938,687.5,483.4,625.1,478.8,656.3,481.1,0
282,9390,504939,687.6,483.5,624.9,476.8,656.25,480.15,0
282,9391,504940,687.8,483.5,624.6,474.7,656.2,479.1,0
282,9392,504941,688.0,483.4,624.4,472.5,656.2,477.95,0
282,9393,504942,688.2,483.3,624.1,471.0,656.15,477.15,0
282,9394,504943,688.3,482.8,623.9,469.6,656.1,476.2,0
282,9395,504944,688.4,482.4,623.7,468.2,656.05,475.3,0
282,9396,504945,688.6,482.1,623.7,467.4,656.15,474.75,0
282,9397,504946,688.7,481.8,623.7,467.0,656.2,474.4,0
282,9398,504947,688.6,481.5,623.7,466.5,656.15,474.0,0
282,9399,504948,688.6,481.3,623.7,465.8,656.15,473.55,0
282,9400,504949,688.6,481.1,623.8,465.3,656.2,473.2,0
283,9401,504950,688.5,481.9,623.8,464.9,656.15,473.4,0
283,9402,504951,688.5,482.8,623.9,464.4,656.2,473.6,0
283,9403,504952,688.5,483.6,624.0,463.7,656.25,473.65,0
283,9404,504953,688.5,484.5,624.3,462.8,656.4,473.65,0
283,9405,504954,688.6,485.4,624.5,462.0,656.55,473.7,0
283,9406,504955,688.7,486.3,624.8,461.3,656.75,473.8,0
283,9407,504956,689.2,487.2,625.1,460.2,657.15,473.7,0
283,9408,504957,689.7,487.6,625.6,458.9,657.65,473.25,0
283,9409,504958,690.2,488.0,626.0,457.7,658.1,472.85,0
283,9410,504959,690.7,488.6,626.3,456.7,658.5,472.65,0
283,9411,504960,691.2,489.2,626.4,455.9,658.8,472.55,0
283,9412,504961,691.5,489.9,626.5,455.3,659.0,472.6,0
283,9413,504962,691.8,490.6,626.5,454.8,659.15,472.7,0
283,9414,504963,691.8,491.4,626.3,454.8,659.05,473.1,0
283,9415,504964,691.7,491.9,626.1,454.9,658.9,473.4,0
283,9416,504965,691.6,492.6,625.7,455.3,658.65,473.95,0
283,9417,504966,691.6,493.2,625.3,455.7,658.45,474.45,0
283,9418,504967,691.4,493.9,624.8,456.1,658.1,475.0,0
283,9419,504968,691.2,494.8,624.3,456.5,657.75,475.65,0
283,9420,504969,691.0,495.7,623.8,456.8,657.4,476.25,0
283,9421,504970,690.8,496.7,623.4,457.3,657.1,477.0,0
283,9422,504971,690.6,497.6,622.9,457.8,656.75,477.7,0
283,9423,504972,690.4,498.5,622.6,458.0,656.5,478.25,0
283,9424,504973,690.2,499.2,622.5,458.2,656.35,478.7,0
283,9425,504974,690.1,499.7,622.4,458.5,656.25,479.1,0
283,9426,504975,690.1,500.0,622.5,458.8,656.3,479.4,0
283,9427,504976,690.2,500.2,622.5,459.1,656.35,479.65,0
283,9428,504977,690.2,500.5,622.6,459.5,656.4,480.0,0
283,9429,504978,690.1,500.7,622.7,459.8,656.4,480.25,0
283,9430,504979,689.8,500.9,622.8,460.0,656.3,480.45,0
283,9431,504980,689.5,501.4,623.0,460.2,656.25,480.8,0
283,9432,504981,689.1,501.8,623.2,460.1,656.15,480.95,0
283,9433,504982,688.8,502.2,623.3,460.1,656.05,481.15,0
284,9434,504983,688.4,502.7,623.5,460.3,655.95,481.5,0
284,9435,504984,688.1,503.2,623.6,460.5,655.85,481.85,0
284,9436,504985,687.9,503.6,623.7,460.8,655.8,482.2,0
284,9437,504986,687.9,503.9,623.7,461.6,655.8,482.75,0
284,9438,504987,687.9,504.1,623.6,462.5,655.75,483.3,0
284,9439,504988,687.8,504.2,623.4,463.6,655.6,483.9,0
284,9440,504989,687.7,504.3,623.3,464.7,655.5,484.5,0
284,9441,504990,687.7,504.1,623.2,465.6,655.45,484.85,0
284,9442,504991,687.6,503.9,623.3,467.1,655.45,485.5,0
284,9443,504992,687.5,503.8,623.7,468.5,655.6,486.15,0
284,9444,504993,687.5,503.6,624.2,470.4,655.85,487.0,0
284,9445,504994,687.5,503.5,624.9,472.3,656.2,487.9,0
284,9446,504995,687.9,503.7,625.6,474.3,656.75,489.0,0
284,9447,504996,688.7,504.1,626.7,476.1,657.7,490.1,0
284,9448,504997,690.2,504.6,628.1,477.9,659.15,491.25,0
284,9449,504998,691.7,505.1,629.3,478.9,660.5,492.0,0
284,9450,504999,693.7,505.2,630.3,479.8,662.0,492.5,0
284,9451,505000,695.6,505.4,632.1,479.6,663.85,492.5,0
284,9452,505001,698.3,505.5,634.3,479.2,666.3,492.35,0
284,9453,505002,700.7,505.2,636.5,478.7,668.6,491.95,0
284,9454,505003,702.7,504.5,638.2,478.3,670.45,491.4,0
284,9455,505004,703.7,503.6,639.7,478.0,671.7,490.8,0
284,9456,505005,704.8,502.8,641.2,477.8,673.0,490.3,0
284,9457,505006,705.1,502.3,642.3,477.9,673.7,490.1,0
284,9458,505007,705.2,501.8,642.7,478.4,673.95,490.1,0
284,9459,505008,704.5,501.2,642.5,479.1,673.5,490.15,0
284,9460,505009,703.5,500.8,642.1,479.9,672.8,490.35,0
284,9461,505010,702.3,500.6,641.4,480.7,671.85,490.65,0
284,9462,505011,701.2,500.5,639.9,481.6,670.55,491.05,0
284,9463,505012,700.2,500.4,638.4,482.4,669.3,491.4,0
284,9464,505013,699.4,500.0,637.0,483.1,668.2,491.55,0
284,9465,505014,698.7,499.6,635.5,483.5,667.1,491.55,0
284,9466,505015,697.5,499.2,634.2,483.9,665.85,491.55,0
285,9467,505016,696.6,498.8,632.8,484.7,664.7,491.75,0
285,9468,505017,696.0,498.3,631.9,485.4,663.95,491.85,0
285,9469,505018,695.5,497.9,631.6,486.0,663.55,491.95,0
285,9470,505019,695.0,497.7,631.5,486.6,663.25,492.15,0
285,9471,505020,694.7,498.0,631.3,488.0,663.0,493.0,0
285,9472,505021,694.4,498.5,631.3,489.3,662.85,493.9,0
285,9473,505022,694.7,499.1,631.2,490.6,662.95,494.85,0
285,9474,505023,695.0,499.7,631.1,491.4,663.05,495.55,0
285,9475,505024,695.2,500.4,631.0,492.2,663.1,496.3,0
285,9476,505025,695.2,501.0,630.9,492.9,663.05,496.95,0
285,9477,505026,695.1,501.5,630.8,493.5,662.95,497.5,0
285,9478,505027,695.1,501.7,630.8,493.2,662.95,497.45,0
285,9479,505028,695.0,501.7,630.8,492.7,662.9,497.2,0
285,9480,505029,695.1,501.6,630.8,492.1,662.95,496.85,0
285,9481,505030,695.1,501.6,630.8,491.6,662.95,496.6,0
285,9482,505031,695.1,501.6,630.8,491.2,662.95,496.4,0
285,9483,505032,695.2,501.5,630.9,490.7,663.05,496.1,0
285,9484,505033,695.3,501.3,630.9,490.3,663.1,495.8,0
285,9485,505034,695.3,501.2,630.8,490.1,663.05,495.65,0
285,9486,505035,694.9,501.1,630.8,490.2,662.85,495.65,0
285,9487,505036,694.4,501.1,630.8,490.2,662.6,495.65,0
285,9488,505037,693.8,501.0,630.9,490.1,662.35,495.55,0
285,9489,505038,693.3,501.0,630.9,489.7,662.1,495.35,0
285,9490,505039,692.7,501.1,631.0,489.3,661.85,495.2,0
285,9491,505040,692.2,501.1,631.1,488.8,661.65,494.95,0
285,9492,505041,691.7,500.9,631.2,488.2,661.45,494.55,0
285,9493,505042,691.6,500.8,631.2,487.5,661.4,494.15,0
285,9494,505043,691.6,500.7,631.2,486.7,661.4,493.7,0
285,9495,505044,691.6,500.5,631.3,486.1,661.45,493.3,0
285,9496,505045,691.6,500.4,631.4,485.8,661.5,493.1,0
285,9497,505046,691.6,500.7,631.6,485.6,661.6,493.15,0
285,9498,505047,691.7,501.1,631.8,485.4,661.75,493.25,0
285,9499,505048,691.9,501.6,632.0,485.3,661.95,493.45,0
285,9500,505049,692.2,502.1,632.3,485.6,662.25,493.85,0
286,9501,505050,692.5,502.6,632.5,486.3,662.5,494.45,0
286,9502,505051,692.8,503.0,632.7,486.8,662.75,494.9,0
286,9503,505052,693.3,503.3,632.8,487.2,663.05,495.25,0
286,9504,505053,693.7,503.2,632.9,487.6,663.3,495.4,0
286,9505,505054,694.1,503.0,632.9,487.9,663.5,495.45,0
286,9506,505055,694.3,502.7,633.0,488.1,663.65,495.4,0
286,9507,505056,694.3,502.3,633.0,488.1,663.65,495.2,0
286,9508,505057,694.1,501.8,633.2,487.7,663.65,494.75,0
286,9509,505058,693.9,501.3,633.3,487.4,663.6,494.35,0
286,9510,505059,693.6,500.9,633.4,487.0,663.5,493.95,0
286,9511,505060,693.3,500.7,633.4,486.7,663.35,493.7,0
286,9512,505061,693.2,500.5,633.5,486.3,663.35,493.4,0
286,9513,505062,693.0,500.4,633.4,486.1,663.2,493.25,0
286,9514,505063,693.0,500.5,633.3,485.3,663.15,492.9,0
286,9515,505064,693.1,500.6,633.1,484.6,663.1,492.6,0
286,9516,505065,693.3,500.7,633.1,483.5,663.2,492.1,0
286,9517,505066,693.4,500.8,633.2,481.9,663.3,491.35,0
286,9518,505067,693.6,500.9,633.3,480.3,663.45,490.6,0
286,9519,505068,693.6,501.0,633.4,478.8,663.5,489.9,0
286,9520,505069,693.7,501.1,633.5,477.3,663.6,489.2,0
286,9521,505070,693.7,501.1,633.7,476.3,663.7,488.7,0
286,9522,505071,693.7,501.2,634.0,475.3,663.85,488.25,0
286,9523,505072,693.8,501.3,634.1,474.8,663.95,488.05,0
286,9524,505073,693.9,501.5,634.1,474.7,664.0,488.1,0
286,9525,505074,694.0,501.7,633.9,474.7,663.95,488.2,0
286,9526,505075,694.6,501.9,633.7,474.6,664.15,488.25,0
286,9527,505076,695.2,502.1,633.5,474.5,664.35,488.3,0
286,9528,505077,695.7,502.2,633.3,474.4,664.5,488.3,0
286,9529,505078,696.3,502.3,633.1,473.8,664.7,488.05,0
286,9530,505079,696.8,502.5,632.9,472.7,664.85,487.6,0
286,9531,505080,697.2,502.5,632.8,471.5,665.0,487.0,0
286,9532,505081,697.5,502.5,633.0,470.0,665.25,486.25,0
286,9533,505082,697.3,502.7,633.1,468.5,665.2,485.6,0
287,9534,505083,697.1,502.9,633.3,466.9,665.2,484.9,0
287,9535,505084,697.0,503.1,633.4,465.1,665.2,484.1,0
287,9536,505085,697.0,503.2,633.7,463.5,665.35,483.35,0
287,9537,505086,696.9,503.1,633.9,462.6,665.4,482.85,0
287,9538,505087,696.9,502.7,634.2,461.1,665.55,481.9,0
287,9539,505088,696.9,502.2,634.4,459.8,665.65,481.0,0
287,9540,505089,696.9,501.7,634.6,458.6,665.75,480.15,0
287,9541,505090,696.9,501.5,634.8,457.7,665.85,479.6,0
287,9542,505091,696.9,501.3,635.0,456.9,665.95,479.1,0
287,9543,505092,697.0,501.1,635.2,456.3,666.1,478.7,0
287,9544,505093,697.1,501.1,635.3,455.6,666.2,478.35,0
287,9545,505094,697.2,501.3,635.5,455.4,666.35,478.35,0
287,9546,505095,697.3,501.5,635.6,454.9,666.45,478.2,0
287,9547,505096,697.5,501.5,635.5,454.1,666.5,477.8,0
287,9548,505097,697.5,501.3,635.6,453.1,666.55,477.2,0
287,9549,505098,697.5,501.1,635.6,452.2,666.55,476.65,0
287,9550,505099,697.1,500.9,635.6,451.1,666.35,476.0,0
287,9551,505100,696.7,500.6,635.6,450.2,666.15,475.4,0
287,9552,505101,696.4,499.9,635.6,449.3,666.0,474.6,0
287,9553,505102,696.3,499.4,635.6,448.6,665.95,474.0,0
287,9554,505103,696.2,498.9,635.8,448.3,666.0,473.6,0
287,9555,505104,696.1,498.5,635.9,447.9,666.0,473.2,0
287,9556,505105,696.2,498.0,635.8,447.5,666.0,472.75,0
287,9557,505106,696.5,497.7,635.8,447.2,666.15,472.45,0
287,9558,505107,696.9,497.5,635.6,447.1,666.25,472.3,0
287,9559,505108,697.2,497.6,635.3,447.2,666.25,472.4,0
287,9560,505109,697.3,497.7,635.0,447.3,666.15,472.5,0
287,9561,505110,697.4,497.8,634.7,447.4,666.05,472.6,0
287,9562,505111,697.3,497.7,634.5,447.7,665.9,472.7,0
287,9563,505112,697.3,497.5,634.3,448.0,665.8,472.75,0
287,9564,505113,697.2,496.5,634.1,448.6,665.65,472.55,0
287,9565,505114,697.1,495.5,634.0,449.1,665.55,472.3,0
287,9566,505115,697.0,494.5,633.9,449.6,665.45,472.05,0
288,9567,505116,696.9,493.3,633.8,449.9,665.35,471.6,0
288,9568,505117,696.8,491.9,633.7,450.2,665.25,471.05,0
288,9569,505118,696.7,490.5,633.5,450.3,665.1,470.4,0
288,9570,505119,696.6,489.0,633.2,450.2,664.9,469.6,0
288,9571,505120,696.2,487.7,633.0,449.8,664.6,468.75,0
288,9572,505121,695.8,486.3,632.4,449.4,664.1,467.85,0
288,9573,505122,695.3,484.9,631.8,449.2,663.55,467.05,0
288,9574,505123,694.9,483.8,631.1,449.5,663.0,466.65,0
288,9575,505124,694.5,482.8,630.6,449.8,662.55,466.3,0
288,9576,505125,694.0,481.7,630.4,450.3,662.2,466.0,0
288,9577,505126,693.2,480.7,630.8,451.0,662.0,465.85,0
288,9578,505127,692.6,480.4,631.3,451.7,661.95,466.05,0
288,9579,505128,692.0,479.8,632.2,452.4,662.1,466.1,0
288,9580,505129,691.5,479.3,633.2,453.0,662.35,466.15,0
288,9581,505130,690.8,478.7,634.2,453.3,662.5,466.0,0
288,9582,505131,690.2,478.1,635.0,453.7,662.6,465.9,0
288,9583,505132,689.6,477.7,635.7,454.1,662.65,465.9,0
288,9584,505133,689.5,477.2,635.8,454.4,662.65,465.8,0
288,9585,505134,689.3,476.7,635.7,454.7,662.5,465.7,0
288,9586,505135,689.4,476.4,635.7,455.1,662.55,465.75,0
288,9587,505136,689.5,476.1,635.5,455.6,662.5,465.85,0
288,9588,505137,689.7,475.8,635.3,456.7,662.5,466.25,0
288,9589,505138,690.0,475.6,635.1,457.7,662.55,466.65,0
288,9590,505139,690.2,475.5,634.9,458.7,662.55,467.1,0
288,9591,505140,690.4,475.6,634.6,459.7,662.5,467.65,0
288,9592,505141,690.6,475.7,634.3,460.7,662.45,468.2,0
288,9593,505142,690.5,475.7,633.7,461.6,662.1,468.65,0
288,9594,505143,690.5,475.6,633.2,462.4,661.85,469.0,0
288,9595,505144,690.5,475.4,632.7,462.6,661.6,469.0,0
288,9596,505145,690.6,475.2,632.3,462.8,661.45,469.0,0
288,9597,505146,690.6,475.0,631.8,463.4,661.2,469.2,0
288,9598,505147,690.7,474.7,631.4,464.1,661.05,469.4,0
288,9599,505148,690.9,474.4,630.9,464.8,660.9,469.6,0
288,9600,505149,691.0,474.2,630.8,465.5,660.9,469.85,0
289,9601,505150,691.1,474.0,631.3,466.1,661.2,470.05,0
289,9602,505151,691.1,473.8,631.7,466.8,661.4,470.3,0
289,9603,505152,691.1,473.7,632.1,467.8,661.6,470.75,0
289,9604,505153,691.1,473.5,632.1,468.4,661.6,470.95,0
289,9605,505154,691.1,473.3,632.1,469.1,661.6,471.2,0
289,9606,505155,691.1,473.2,632.1,469.9,661.6,471.55,0
289,9607,505156,691.1,473.1,632.2,470.7,661.65,471.9,0
289,9608,505157,691.2,472.9,631.6,471.4,661.4,472.15,0
289,9609,505158,691.2,472.8,631.0,472.1,661.1,472.45,0
289,9610,505159,691.2,472.9,630.5,472.4,660.85,472.65,0
289,9611,505160,691.1,472.9,630.6,472.7,660.85,472.8,0
289,9612,505161,691.0,473.0,630.7,472.9,660.85,472.95,0
289,9613,505162,690.9,473.1,630.9,473.0,660.9,473.05,0
289,9614,505163,690.8,473.2,631.0,473.0,660.9,473.1,0
289,9615,505164,690.7,473.4,631.1,473.0,660.9,473.2,0
289,9616,505165,690.8,473.4,631.0,473.1,660.9,473.25,0
289,9617,505166,691.0,473.5,630.7,473.1,660.85,473.3,0
289,9618,505167,691.3,473.5,630.5,473.2,660.9,473.35,0
289,9619,505168,691.5,473.7,630.2,473.2,660.85,473.45,0
289,9620,505169,691.7,473.8,629.9,473.3,660.8,473.55,0
289,9621,505170,691.8,474.0,629.4,473.5,660.6,473.75,0
289,9622,505171,691.8,474.3,628.8,473.6,660.3,473.95,0
289,9623,505172,691.6,474.6,628.4,473.7,660.0,474.15,0
289,9624,505173,691.5,474.8,628.1,473.0,659.8,473.9,0
289,9625,505174,691.3,475.0,627.7,472.4,659.5,473.7,0
289,9626,505175,691.2,475.2,627.4,471.9,659.3,473.55,0
289,9627,505176,691.1,475.3,627.0,471.4,659.05,473.35,0
289,9628,505177,691.1,475.4,627.0,471.7,659.05,473.55,0
289,9629,505178,691.2,475.6,627.1,472.0,659.15,473.8,0
289,9630,505179,691.2,475.7,627.2,472.5,659.2,474.1,0
289,9631,505180,691.2,475.8,627.3,473.9,659.25,474.85,0
289,9632,505181,691.3,475.9,627.3,475.3,659.3,475.6,0
289,9633,505182,691.3,476.1,627.4,476.5,659.35,476.3,0
290,9634,505183,691.5,476.2,627.6,477.1,659.55,476.65,0
290,9635,505184,691.8,476.3,627.5,477.0,659.65,476.65,0
290,9636,505185,692.2,476.3,627.5,476.9,659.85,476.6,0
290,9637,505186,692.6,476.4,627.5,476.6,660.05,476.5,0
290,9638,505187,692.9,476.6,627.4,476.2,660.15,476.4,0
290,9639,505188,693.3,476.7,627.2,475.8,660.25,476.25,0
290,9640,505189,693.6,476.6,627.1,475.5,660.35,476.05,0
290,9641,505190,693.8,476.6,627.0,475.7,660.4,476.15,0
290,9642,505191,693.7,476.7,627.0,475.9,660.35,476.3,0
290,9643,505192,693.7,476.7,626.9,476.1,660.3,476.4,0
290,9644,505193,693.6,476.6,627.0,476.2,660.3,476.4,0
290,9645,505194,693.5,476.1,627.2,476.4,660.35,476.25,0
290,9646,505195,693.4,475.8,627.5,476.4,660.45,476.1,0
290,9647,505196,693.3,475.7,627.8,476.2,660.55,475.95,0
290,9648,505197,693.3,475.4,628.1,476.1,660.7,475.75,0
290,9649,505198,693.2,475.0,628.3,475.8,660.75,475.4,0
290,9650,505199,693.1,474.6,628.6,475.5,660.85,475.05,0
290,9651,505200,693.0,474.3,628.7,475.1,660.85,474.7,0
290,9652,505201,693.0,474.1,628.8,474.7,660.9,474.4,0
290,9653,505202,692.9,473.9,629.0,474.1,660.95,474.0,0
290,9654,505203,692.8,473.7,629.0,473.1,660.9,473.4,0
290,9655,505204,692.8,473.6,629.0,472.2,660.9,472.9,0
290,9656,505205,692.7,473.4,629.1,471.4,660.9,472.4,0
290,9657,505206,692.7,473.3,629.1,470.7,660.9,472.0,0
290,9658,505207,692.7,473.3,628.7,470.1,660.7,471.7,0
290,9659,505208,692.7,473.3,628.3,469.8,660.5,471.55,0
290,9660,505209,692.8,473.3,627.9,469.6,660.35,471.45,0
290,9661,505210,692.9,473.4,627.4,469.7,660.15,471.55,0
290,9662,505211,692.9,473.4,627.0,469.5,659.95,471.45,0
290,9663,505212,693.0,473.5,626.7,469.3,659.85,471.4,0
290,9664,505213,693.0,473.7,626.3,469.0,659.65,471.35,0
290,9665,505214,693.0,473.8,626.4,468.8,659.7,471.3,0
290,9666,505215,692.9,473.9,626.5,468.3,659.7,471.1,0
291,9667,505216,692.8,473.9,626.8,467.6,659.8,470.75,0
291,9668,505217,692.6,474.0,627.1,466.5,659.85,470.25,0
291,9669,505218,692.4,474.0,627.3,465.6,659.85,469.8,0
291,9670,505219,692.2,474.1,627.8,464.8,660.0,469.45,0
291,9671,505220,692.1,474.2,628.4,464.0,660.25,469.1,0
291,9672,505221,692.0,474.5,629.0,463.0,660.5,468.75,0
291,9673,505222,692.1,475.0,629.5,462.3,660.8,468.65,0
291,9674,505223,692.1,475.4,629.9,461.7,661.0,468.55,0
291,9675,505224,692.2,475.8,630.3,461.7,661.25,468.75,0
291,9676,505225,692.2,476.5,630.6,461.7,661.4,469.1,0
291,9677,505226,692.3,477.1,630.7,461.7,661.5,469.4,0
291,9678,505227,692.3,477.6,630.8,461.8,661.55,469.7,0
291,9679,505228,692.2,477.9,630.8,462.0,661.5,469.95,0
291,9680,505229,692.1,478.2,630.9,462.1,661.5,470.15,0
291,9681,505230,692.0,478.5,630.9,461.7,661.45,470.1,0
291,9682,505231,692.0,478.8,631.0,461.1,661.5,469.95,0
291,9683,505232,691.9,478.9,631.1,460.4,661.5,469.65,0
291,9684,505233,691.9,479.0,631.3,459.8,661.6,469.4,0
291,9685,505234,691.9,479.0,631.4,458.9,661.65,468.95,0
291,9686,505235,691.9,479.2,631.6,457.8,661.75,468.5,0
291,9687,505236,692.0,479.4,631.7,456.5,661.85,467.95,0
291,9688,505237,692.1,479.7,631.7,455.7,661.9,467.7,0
291,9689,505238,692.2,480.1,631.8,455.2,662.0,467.65,0
291,9690,505239,692.3,480.5,631.8,454.7,662.05,467.6,0
291,9691,505240,692.5,480.9,631.8,454.2,662.15,467.55,0
291,9692,505241,692.7,481.2,631.7,453.9,662.2,467.55,0
291,9693,505242,692.8,481.6,631.6,454.1,662.2,467.85,0
291,9694,505243,692.9,482.0,631.5,454.4,662.2,468.2,0
291,9695,505244,693.0,482.5,631.4,454.7,662.2,468.6,0
291,9696,505245,693.2,482.9,631.2,455.1,662.2,469.0,0
291,9697,505246,693.4,483.3,631.1,455.4,662.25,469.35,0
291,9698,505247,693.4,483.7,630.9,455.7,662.15,469.7,0
291,9699,505248,693.5,484.2,630.7,455.9,662.1,470.05,0
291,9700,505249,693.5,484.6,630.6,455.6,662.05,470.1,0
292,9701,505250,693.5,484.9,630.5,455.3,662.0,470.1,0
292,9702,505251,693.4,486.2,630.5,454.5,661.95,470.35,0
292,9703,505252,693.1,487.4,630.3,453.7,661.7,470.55,0
292,9704,505253,692.8,488.5,630.1,452.9,661.45,470.7,0
292,9705,505254,692.7,489.7,630.0,452.0,661.35,470.85,0
292,9706,505255,692.6,490.8,629.9,451.3,661.25,471.05,0
292,9707,505256,692.5,492.0,629.9,450.6,661.2,471.3,0
292,9708,505257,692.3,493.1,629.9,450.0,661.1,471.55,0
292,9709,505258,692.1,493.0,630.0,449.5,661.05,471.25,0
292,9710,505259,692.1,493.1,630.2,448.9,661.15,471.0,0
292,9711,505260,692.0,493.2,630.5,448.3,661.25,470.75,0
292,9712,505261,692.0,493.6,630.8,447.7,661.4,470.65,0
292,9713,505262,691.9,493.8,631.0,447.1,661.45,470.45,0
292,9714,505263,691.9,494.0,631.2,446.6,661.55,470.3,0
292,9715,505264,692.0,494.4,631.3,446.1,661.65,470.25,0
292,9716,505265,692.0,495.0,631.2,445.9,661.6,470.45,0
292,9717,505266,691.9,495.5,631.1,445.8,661.5,470.65,0
292,9718,505267,691.8,496.1,631.0,446.0,661.4,471.05,0
292,9719,505268,691.7,496.4,630.9,446.4,661.3,471.4,0
292,9720,505269,691.6,496.8,630.7,447.7,661.15,472.25,0
292,9721,505270,691.4,497.2,630.5,449.1,660.95,473.15,0
292,9722,505271,691.2,497.5,630.4,450.4,660.8,473.95,0
292,9723,505272,691.1,497.5,630.4,451.6,660.75,474.55,0
292,9724,505273,691.1,498.0,630.4,453.0,660.75,475.5,0
292,9725,505274,691.1,498.4,630.3,454.1,660.7,476.25,0
292,9726,505275,691.0,498.8,630.2,455.2,660.6,477.0,0
292,9727,505276,690.9,499.3,630.0,455.5,660.45,477.4,0
292,9728,505277,691.0,499.8,629.8,455.9,660.4,477.85,0
292,9729,505278,691.3,500.5,629.4,456.7,660.35,478.6,0
292,9730,505279,691.7,501.2,629.0,457.5,660.35,479.35,0
292,9731,505280,692.0,501.6,628.5,458.4,660.25,480.0,0
292,9732,505281,692.2,502.0,628.1,459.5,660.15,480.75,0
292,9733,505282,692.5,502.3,627.8,460.7,660.15,481.5,0
293,9734,505283,692.7,502.3,627.6,462.0,660.15,482.15,0
293,9735,505284,692.6,502.1,627.5,463.6,660.05,482.85,0
293,9736,505285,692.3,501.6,627.5,464.8,659.9,483.2,0
293,9737,505286,691.9,500.9,627.5,466.0,659.7,483.45,0
293,9738,505287,691.6,500.0,627.6,467.2,659.6,483.6,0
293,9739,505288,691.4,499.2,627.6,468.3,659.5,483.75,0
293,9740,505289,691.3,498.6,627.5,469.2,659.4,483.9,0
293,9741,505290,691.2,498.4,627.4,469.9,659.3,484.15,0
293,9742,505291,691.3,498.3,627.2,471.0,659.25,484.65,0
293,9743,505292,691.3,498.3,627.0,472.1,659.15,485.2,0
293,9744,505293,691.3,498.6,626.8,473.4,659.05,486.0,0
293,9745,505294,691.4,498.9,626.6,474.7,659.0,486.8,0
293,9746,505295,691.4,499.1,626.5,476.0,658.95,487.55,0
293,9747,505296,691.3,499.2,626.4,477.8,658.85,488.5,0
293,9748,505297,691.1,499.4,626.4,479.6,658.75,489.5,0
293,9749,505298,690.9,499.4,626.5,480.9,658.7,490.15,0
293,9750,505299,690.6,499.4,626.5,482.5,658.55,490.95,0
293,9751,505300,690.4,499.3,626.5,484.2,658.45,491.75,0
293,9752,505301,690.2,499.1,626.4,485.6,658.3,492.35,0
293,9753,505302,690.0,499.0,626.3,487.0,658.15,493.0,0
293,9754,505303,689.8,498.9,626.2,487.7,658.0,493.3,0
293,9755,505304,689.8,498.6,626.0,488.4,657.9,493.5,0
293,9756,505305,689.7,498.3,625.8,488.8,657.75,493.55,0
293,9757,505306,689.7,498.1,625.6,489.0,657.65,493.55,0
293,9758,505307,689.7,498.0,625.5,489.0,657.6,493.5,0
293,9759,505308,689.6,497.8,625.4,489.2,657.5,493.5,0
293,9760,505309,689.6,497.8,625.5,489.6,657.55,493.7,0
293,9761,505310,689.6,497.8,625.6,490.2,657.6,494.0,0
293,9762,505311,690.3,497.9,625.7,491.3,658.0,494.6,0
293,9763,505312,691.1,498.0,625.8,492.3,658.45,495.15,0
293,9764,505313,691.9,498.1,625.9,493.3,658.9,495.7,0
293,9765,505314,692.6,498.2,626.1,494.2,659.35,496.2,0
293,9766,505315,692.8,498.2,626.2,494.8,659.5,496.5,0
294,9767,505316,692.9,498.2,626.2,495.4,659.55,496.8,0
294,9768,505317,693.1,498.0,626.2,496.0,659.65,497.0,0
294,9769,505318,692.5,497.7,626.2,496.3,659.35,497.0,0
294,9770,505319,691.9,497.3,626.2,497.1,659.05,497.2,0
294,9771,505320,691.3,496.8,626.2,497.9,658.75,497.35,0
294,9772,505321,690.8,496.3,626.1,498.6,658.45,497.45,0
294,9773,505322,690.7,495.8,626.1,499.2,658.4,497.5,0
294,9774,505323,690.6,495.5,625.9,499.8,658.25,497.65,0
294,9775,505324,690.5,495.4,625.7,500.2,658.1,497.8,0
294,9776,505325,690.4,495.2,625.2,500.2,657.8,497.7,0
294,9777,505326,690.4,495.0,624.8,499.8,657.6,497.4,0
294,9778,505327,690.4,494.8,624.4,499.4,657.4,497.1,0
294,9779,505328,690.6,494.6,623.9,499.2,657.25,496.9,0
294,9780,505329,690.9,494.2,623.5,499.5,657.2,496.85,0
294,9781,505330,691.2,493.8,623.1,499.8,657.15,496.8,0
294,9782,505331,691.6,493.2,622.8,500.3,657.2,496.75,0
294,9783,505332,692.0,492.8,622.8,500.9,657.4,496.85,0
294,9784,505333,692.4,492.6,622.8,501.6,657.6,497.1,0
294,9785,505334,692.8,492.4,622.8,502.2,657.8,497.3,0
294,9786,505335,692.9,492.7,622.8,502.6,657.85,497.65,0
294,9787,505336,693.1,493.2,622.9,502.7,658.0,497.95,0
294,9788,505337,693.1,493.9,622.9,502.7,658.0,498.3,0
294,9789,505338,693.2,494.5,623.0,502.6,658.1,498.55,0
294,9790,505339,693.1,495.0,623.1,502.5,658.1,498.75,0
294,9791,505340,693.0,495.3,623.2,502.3,658.1,498.8,0
294,9792,505341,692.9,495.5,623.3,502.2,658.1,498.85,0
294,9793,505342,692.7,495.3,623.4,502.1,658.05,498.7,0
294,9794,505343,692.5,495.1,623.4,502.0,657.95,498.55,0
294,9795,505344,692.3,494.8,623.4,501.9,657.85,498.35,0
294,9796,505345,692.1,494.6,623.0,501.9,657.55,498.25,0
294,9797,505346,692.3,494.3,622.7,502.0,657.5,498.15,0
294,9798,505347,692.4,494.1,622.3,502.1,657.35,498.1,0
294,9799,505348,692.7,494.0,622.2,502.1,657.45,498.05,0
294,9800,505349,692.9,493.9,622.1,502.2,657.5,498.05,0
295,9801,505350,693.4,493.7,622.1,502.3,657.75,498.0,0
295,9802,505351,693.8,493.5,622.0,502.4,657.9,497.95,0
295,9803,505352,694.2,493.4,622.3,502.5,658.25,497.95,0
295,9804,505353,694.3,493.3,622.6,502.5,658.45,497.9,0
295,9805,505354,694.5,493.3,622.7,502.6,658.6,497.95,0
295,9806,505355,694.5,493.1,622.8,502.6,658.65,497.85,0
295,9807,505356,694.6,492.9,622.7,502.6,658.65,497.75,0
295,9808,505357,694.5,492.7,622.6,502.6,658.55,497.65,0
295,9809,505358,694.2,492.5,622.4,502.3,658.3,497.4,0
295,9810,505359,693.8,492.2,622.3,502.0,658.05,497.1,0
295,9811,505360,693.3,492.1,622.0,501.6,657.65,496.85,0
295,9812,505361,692.8,492.0,621.9,501.2,657.35,496.6,0
295,9813,505362,692.2,492.1,621.8,500.7,657.0,496.4,0
295,9814,505363,691.7,492.2,622.2,500.2,656.95,496.2,0
295,9815,505364,691.1,492.4,622.6,499.7,656.85,496.05,0
295,9816,505365,690.8,492.5,623.1,499.1,656.95,495.8,0
295,9817,505366,690.6,492.6,623.6,498.3,657.1,495.45,0
295,9818,505367,690.4,492.7,624.0,497.7,657.2,495.2,0
295,9819,505368,690.3,492.7,624.2,497.1,657.25,494.9,0
295,9820,505369,690.4,492.7,624.2,496.6,657.3,494.65,0
295,9821,505370,690.7,492.7,623.9,496.3,657.3,494.5,0
295,9822,505371,691.1,492.6,623.6,496.1,657.35,494.35,0
295,9823,505372,691.5,492.4,623.1,496.3,657.3,494.35,0
295,9824,505373,691.8,492.3,622.7,496.7,657.25,494.5,0
295,9825,505374,692.1,492.1,622.4,497.1,657.25,494.6,0
295,9826,505375,692.4,492.1,622.2,497.5,657.3,494.8,0
295,9827,505376,692.5,492.1,622.1,497.8,657.3,494.95,0
295,9828,505377,692.5,492.1,622.1,498.0,657.3,495.05,0
295,9829,505378,692.3,492.2,622.1,498.1,657.2,495.15,0
295,9830,505379,692.2,492.3,622.1,498.0,657.15,495.15,0
295,9831,505380,692.0,492.4,622.1,497.8,657.05,495.1,0
295,9832,505381,691.9,492.4,622.3,497.6,657.1,495.0,0
295,9833,505382,691.8,492.4,622.3,497.5,657.05,494.95,0
296,9834,505383,691.7,492.3,622.4,497.4,657.05,494.85,0
296,9835,505384,691.6,492.2,622.5,497.5,657.05,494.85,0
296,9836,505385,691.5,492.1,622.7,497.5,657.1,494.8,0
296,9837,505386,691.3,491.7,622.8,497.6,657.05,494.65,0
296,9838,505387,691.0,491.5,623.1,497.7,657.05,494.6,0
296,9839,505388,690.7,491.3,623.5,497.7,657.1,494.5,0
296,9840,505389,690.4,491.4,623.9,497.8,657.15,494.6,0
296,9841,505390,690.2,491.6,624.3,497.8,657.25,494.7,0
296,9842,505391,690.0,491.8,624.7,497.8,657.35,494.8,0
296,9843,505392,690.0,492.0,625.0,497.8,657.5,494.9,0
296,9844,505393,690.2,492.5,625.4,497.8,657.8,495.15,0
296,9845,505394,690.4,492.9,625.6,497.8,658.0,495.35,0
296,9846,505395,691.1,493.2,625.7,497.7,658.4,495.45,0
296,9847,505396,691.9,493.1,625.8,497.6,658.85,495.35,0
296,9848,505397,692.7,493.0,625.8,497.5,659.25,495.25,0
296,9849,505398,693.4,492.9,625.8,497.4,659.6,495.15,0
296,9850,505399,693.9,492.8,625.7,497.3,659.8,495.05,0
296,9851,505400,694.4,492.8,625.6,497.2,660.0,495.0,0
296,9852,505401,694.8,492.8,625.4,497.2,660.1,495.0,0
296,9853,505402,694.6,492.8,625.3,497.3,659.95,495.05,0
296,9854,505403,693.7,492.9,625.2,496.6,659.45,494.75,0
296,9855,505404,692.7,492.9,625.0,495.9,658.85,494.4,0
296,9856,505405,691.6,492.5,624.5,495.2,658.05,493.85,0
296,9857,505406,690.5,492.0,624.2,494.4,657.35,493.2,0
296,9858,505407,689.4,491.6,624.0,493.7,656.7,492.65,0
296,9859,505408,688.5,491.0,623.9,493.1,656.2,492.05,0
296,9860,505409,687.6,490.3,623.9,492.6,655.75,491.45,0
296,9861,505410,687.6,489.8,623.9,492.9,655.75,491.35,0
296,9862,505411,688.1,489.5,623.9,493.2,656.0,491.35,0
296,9863,505412,688.6,489.6,624.2,493.4,656.4,491.5,0
296,9864,505413,689.0,489.6,624.3,493.2,656.65,491.4,0
296,9865,505414,689.5,489.4,624.4,492.9,656.95,491.15,0
296,9866,505415,689.9,489.3,624.3,492.6,657.1,490.95,0
297,9867,505416,690.2,489.2,624.1,492.1,657.15,490.65,0
297,9868,505417,690.5,489.1,624.0,491.7,657.25,490.4,0
297,9869,505418,690.3,488.9,623.8,491.7,657.05,490.3,0
297,9870,505419,690.3,488.8,623.7,491.7,657.0,490.25,0
297,9871,505420,690.6,488.6,623.6,492.2,657.1,490.4,0
297,9872,505421,690.8,488.7,623.5,492.7,657.15,490.7,0
297,9873,505422,691.1,488.7,623.5,493.1,657.3,490.9,0
297,9874,505423,691.3,488.6,623.5,493.4,657.4,491.0,0
297,9875,505424,691.6,488.5,623.5,493.5,657.55,491.0,0
297,9876,505425,691.8,488.4,623.6,493.2,657.7,490.8,0
297,9877,505426,691.6,488.3,623.6,493.0,657.6,490.65,0
297,9878,505427,691.3,488.2,623.7,492.8,657.5,490.5,0
297,9879,505428,690.9,488.1,623.9,492.6,657.4,490.35,0
297,9880,505429,690.5,488.1,624.1,492.4,657.3,490.25,0
297,9881,505430,690.1,488.1,624.3,492.4,657.2,490.25,0
297,9882,505431,689.7,488.1,624.4,492.5,657.05,490.3,0
297,9883,505432,689.4,488.2,624.5,492.8,656.95,490.5,0
297,9884,505433,689.5,488.2,624.7,493.1,657.1,490.65,0
297,9885,505434,689.6,488.2,624.8,493.3,657.2,490.75,0
297,9886,505435,689.8,488.2,624.8,493.1,657.3,490.65,0
297,9887,505436,689.9,488.2,624.8,493.0,657.35,490.6,0
297,9888,505437,690.1,488.2,624.9,492.8,657.5,490.5,0
297,9889,505438,690.3,488.8,624.9,492.5,657.6,490.65,0
297,9890,505439,690.6,489.4,625.0,492.3,657.8,490.85,0
297,9891,505440,690.7,490.0,625.0,492.1,657.85,491.05,0
297,9892,505441,690.9,490.7,624.9,491.9,657.9,491.3,0
297,9893,505442,691.2,491.3,624.8,492.0,658.0,491.65,0
297,9894,505443,691.4,491.9,624.7,492.0,658.05,491.95,0
297,9895,505444,691.6,492.6,624.5,492.0,658.05,492.3,0
297,9896,505445,691.8,492.9,624.4,492.1,658.1,492.5,0
297,9897,505446,691.9,493.2,624.3,492.1,658.1,492.65,0
297,9898,505447,692.1,493.4,624.2,492.2,658.15,492.8,0
297,9899,505448,692.2,493.4,624.1,492.4,658.15,492.9,0
297,9900,505449,692.5,493.4,624.1,492.6,658.3,493.0,0
298,9901,505450,692.7,493.4,624.1,492.9,658.4,493.15,0
298,9902,505451,692.9,493.3,624.1,493.1,658.5,493.2,0
298,9903,505452,693.2,493.0,624.0,493.4,658.6,493.2,0
298,9904,505453,693.5,492.6,624.1,493.6,658.8,493.1,0
298,9905,505454,693.7,492.3,624.2,493.6,658.95,492.95,0
298,9906,505455,693.8,492.3,624.4,493.7,659.1,493.0,0
298,9907,505456,693.8,492.2,624.6,493.7,659.2,492.95,0
298,9908,505457,693.7,492.1,624.8,493.7,659.25,492.9,0
298,9909,505458,693.3,492.1,625.0,493.6,659.15,492.85,0
298,9910,505459,692.9,492.1,625.1,493.6,659.0,492.85,0
298,9911,505460,692.5,492.4,625.2,493.6,658.85,493.0,0
298,9912,505461,692.2,492.7,625.2,493.7,658.7,493.2,0
298,9913,505462,691.7,493.0,625.3,493.7,658.5,493.35,0
298,9914,505463,691.1,493.6,625.3,493.7,658.2,493.65,0
298,9915,505464,690.7,494.2,625.4,493.8,658.05,494.0,0
298,9916,505465,690.3,494.7,625.5,493.8,657.9,494.25,0
298,9917,505466,689.8,495.3,625.6,493.9,657.7,494.6,0
298,9918,505467,689.4,495.6,625.6,494.0,657.5,494.8,0
298,9919,505468,688.7,496.1,625.7,494.1,657.2,495.1,0
298,9920,505469,688.1,496.6,625.4,494.1,656.75,495.35,0
298,9921,505470,687.5,496.8,625.1,494.2,656.3,495.5,0
298,9922,505471,686.9,497.0,624.8,494.2,655.85,495.6,0
298,9923,505472,686.6,497.3,624.5,494.4,655.55,495.85,0
298,9924,505473,686.3,497.7,624.2,494.7,655.25,496.2,0
298,9925,505474,686.2,498.0,624.7,495.1,655.45,496.55,0
298,9926,505475,686.4,498.4,626.1,495.5,656.25,496.95,0
298,9927,505476,687.7,498.8,627.9,496.1,657.8,497.45,0
298,9928,505477,689.7,499.2,630.7,496.8,660.2,498.0,0
298,9929,505478,694.1,499.6,635.1,497.6,664.6,498.6,0
298,9930,505479,699.5,500.3,640.7,498.4,670.1,499.35,0
298,9931,505480,705.9,502.2,649.0,499.3,677.45,500.75,0
298,9932,505481,715.4,504.0,657.0,501.1,686.2,502.55,0
298,9933,505482,726.9,505.7,667.0,502.8,696.95,504.25,0
299,9934,505483,740.3,507.1,679.3,504.9,709.8,506.0,0
299,9935,505484,755.7,509.5,692.4,507.5,724.05,508.5,0
299,9936,505485,771.2,512.7,707.7,510.0,739.45,511.35,0
299,9937,505486,786.9,515.4,724.1,512.3,755.5,513.85,0
299,9938,505487,805.0,517.0,739.1,514.5,772.05,515.75,0
299,9939,505488,823.0,518.5,756.6,515.8,789.8,517.15,0
299,9940,505489,841.1,519.7,773.8,517.1,807.45,518.4,0
299,9941,505490,858.4,521.0,790.7,516.8,824.55,518.9,0
299,9942,505491,875.1,521.1,808.7,516.0,841.9,518.55,0
299,9943,505492,891.2,520.3,825.8,515.1,858.5,517.7,0
299,9944,505493,908.7,519.5,842.5,514.3,875.6,516.9,0
299,9945,505494,923.8,518.7,859.9,513.5,891.85,516.1,0
299,9946,505495,937.2,517.9,876.7,512.7,906.95,515.3,0
299,9947,505496,950.4,517.0,893.5,511.9,921.95,514.45,0
299,9948,505497,963.0,516.2,910.2,512.2,936.6,514.2,0
299,9949,505498,975.7,515.4,925.5,512.4,950.6,513.9,0
299,9950,505499,988.2,514.4,940.2,512.6,964.2,513.5,0
299,9951,505500,999.8,513.6,954.9,512.6,977.35,513.1,0
299,9952,505501,1012.3,512.7,968.9,512.3,990.6,512.5,0
299,9953,505502,1025.4,511.9,983.3,512.0,1004.35,511.95,0
299,9954,505503,1037.9,511.5,997.4,511.6,1017.65,511.55,0
299,9955,505504,1050.2,511.3,1010.7,511.2,1030.45,511.25,0
299,9956,505505,1062.9,511.1,1024.2,510.2,1043.55,510.65,0
299,9957,505506,1074.8,511.0,1036.3,509.2,1055.55,510.1,0
299,9958,505507,1086.2,510.9,1048.7,508.3,1067.45,509.6,0
299,9959,505508,1097.8,510.8,1060.6,507.5,1079.2,509.15,0
299,9960,505509,1107.9,510.8,1069.9,506.3,1088.9,508.55,0
299,9961,505510,1116.7,510.9,1077.0,505.2,1096.85,508.05,0
299,9962,505511,1125.8,511.0,1083.9,504.0,1104.85,507.5,0
299,9963,505512,1132.7,511.3,1090.9,503.3,1111.8,507.3,0
299,9964,505513,1139.5,511.5,1097.5,502.3,1118.5,506.9,0
299,9965,505514,1145.6,512.1,1102.4,501.3,1124.0,506.7,0
299,9966,505515,1150.9,512.6,1106.6,500.4,1128.75,506.5,0
300,9967,505516,1156.1,513.3,1111.4,499.7,1133.75,506.5,0
300,9968,505517,1161.6,514.0,1117.0,498.9,1139.3,506.45,0
300,9969,505518,1166.6,515.0,1122.5,498.2,1144.55,506.6,0
300,9970,505519,1171.2,516.0,1126.6,497.6,1148.9,506.8,0
300,9971,505520,1175.5,517.3,1130.3,497.3,1152.9,507.3,0
300,9972,505521,1179.9,519.0,1133.4,497.0,1156.65,508.0,0
300,9973,505522,1183.0,520.7,1136.4,496.6,1159.7,508.65,0
300,9974,505523,1185.5,522.6,1138.8,496.2,1162.15,509.4,0
300,9975,505524,1187.7,524.4,1140.1,495.8,1163.9,510.1,0
300,9976,505525,1187.9,525.8,1140.4,495.6,1164.15,510.7,0
300,9977,505526,1188.1,527.2,1140.1,495.6,1164.1,511.4,0
300,9978,505527,1187.2,528.3,1139.6,495.6,1163.4,511.95,0
300,9979,505528,1185.7,529.5,1138.9,495.7,1162.3,512.6,0
300,9980,505529,1184.0,530.7,1138.1,496.1,1161.05,513.4,0
300,9981,505530,1182.2,531.4,1136.9,496.6,1159.55,514.0,0
300,9982,505531,1180.4,532.0,1135.6,497.2,1158.0,514.6,0
300,9983,505532,1179.6,532.5,1134.3,497.7,1156.95,515.1,0
300,9984,505533,1178.9,532.9,1133.4,498.2,1156.15,515.55,0
300,9985,505534,1178.7,533.4,1132.6,498.5,1155.65,515.95,0
300,9986,505535,1178.7,533.3,1132.1,498.5,1155.4,515.9,0
300,9987,505536,1178.8,533.0,1131.7,498.2,1155.25,515.6,0
300,9988,505537,1179.2,532.8,1131.8,497.9,1155.5,515.35,0
300,9989,505538,1179.7,532.5,1131.9,497.5,1155.8,515.0,0
300,9990,505539,1180.6,532.0,1132.5,497.1,1156.55,514.55,0
300,9991,505540,1181.5,531.4,1133.1,496.7,1157.3,514.05,0
300,9992,505541,1182.5,530.7,1133.6,496.2,1158.05,513.45,0
300,9993,505542,1183.5,530.0,1134.2,496.1,1158.85,513.05,0
300,9994,505543,1184.5,529.3,1134.8,495.9,1159.65,512.6,0
300,9995,505544,1185.4,528.8,1135.5,495.8,1160.45,512.3,0
300,9996,505545,1186.3,528.5,1136.1,495.8,1161.2,512.15,0
300,9997,505546,1186.9,528.4,1136.4,496.0,1161.65,512.2,0
300,9998,505547,1187.5,528.6,1136.8,496.3,1162.15,512.45,0
300,9999,505548,1187.8,528.9,1137.3,496.8,1162.55,512.85,0
300,10000,505549,1188.1,529.2,1137.6,497.4,1162.85,513.3,0
301,10001,505550,1188.2,529.5,1137.8,497.9,1163.0,513.7,0
301,10002,505551,1188.2,529.9,1138.0,498.5,1163.1,514.2,0
301,10003,505552,1188.1,530.2,1138.2,499.0,1163.15,514.6,0
301,10004,505553,1188.0,530.6,1138.4,499.2,1163.2,514.9,0
301,10005,505554,1187.8,530.8,1138.5,499.4,1163.15,515.1,0
301,10006,505555,1187.6,531.1,1138.7,499.4,1163.15,515.25,0
301,10007,505556,1187.5,531.5,1138.7,499.5,1163.1,515.5,0
301,10008,505557,1187.0,531.8,1138.6,499.5,1162.8,515.65,0
301,10009,505558,1186.7,532.1,1138.3,499.5,1162.5,515.8,0
301,10010,505559,1186.3,532.4,1138.0,499.7,1162.15,516.05,0
301,10011,505560,1186.2,532.7,1137.6,500.3,1161.9,516.5,0
301,10012,505561,1186.3,532.8,1137.1,501.0,1161.7,516.9,0
301,10013,505562,1186.3,532.8,1136.6,501.7,1161.45,517.25,0
301,10014,505563,1186.5,532.8,1136.1,502.4,1161.3,517.6,0
301,10015,505564,1186.9,532.8,1135.7,503.0,1161.3,517.9,0
301,10016,505565,1187.5,532.8,1135.5,503.5,1161.5,518.15,0
301,10017,505566,1188.1,532.6,1135.1,504.1,1161.6,518.35,0
301,10018,505567,1188.4,532.4,1134.8,504.5,1161.6,518.45,0
301,10019,505568,1188.5,531.9,1134.3,504.7,1161.4,518.3,0
301,10020,505569,1188.5,531.5,1133.9,505.0,1161.2,518.25,0
301,10021,505570,1188.4,531.0,1133.5,505.3,1160.95,518.15,0
301,10022,505571,1188.3,530.6,1133.1,505.7,1160.7,518.15,0
301,10023,505572,1188.0,530.3,1132.9,506.2,1160.45,518.25,0
301,10024,505573,1187.7,530.1,1133.0,506.6,1160.35,518.35,0
301,10025,505574,1187.4,529.8,1133.1,506.8,1160.25,518.3,0
301,10026,505575,1187.2,529.8,1133.3,507.0,1160.25,518.4,0
301,10027,505576,1187.1,529.8,1133.5,507.1,1160.3,518.45,0
301,10028,505577,1187.1,529.9,1133.7,507.3,1160.4,518.6,0
301,10029,505578,1187.2,529.9,1134.0,507.5,1160.6,518.7,0
301,10030,505579,1187.2,529.7,1134.0,507.7,1160.6,518.7,0
301,10031,505580,1187.4,529.5,1134.1,507.8,1160.75,518.65,0
301,10032,505581,1187.5,529.4,1134.3,508.1,1160.9,518.75,0
301,10033,505582,1187.7,529.1,1134.4,508.5,1161.05,518.8,0
302,10034,505583,1187.9,528.9,1134.6,509.0,1161.25,518.95,0
302,10035,505584,1188.1,528.6,1134.8,509.6,1161.45,519.1,0
302,10036,505585,1188.0,528.4,1135.1,510.1,1161.55,519.25,0
302,10037,505586,1188.0,528.3,1135.3,510.6,1161.65,519.45,0
302,10038,505587,1188.1,528.4,1135.5,511.1,1161.8,519.75,0
302,10039,505588,1188.1,528.5,1135.6,511.5,1161.85,520.0,0
302,10040,505589,1188.1,528.6,1135.6,511.6,1161.85,520.1,0
302,10041,505590,1188.2,528.7,1135.6,511.7,1161.9,520.2,0
302,10042,505591,1188.3,528.8,1135.5,511.7,1161.9,520.25,0
302,10043,505592,1188.5,528.9,1135.4,511.7,1161.95,520.3,0
302,10044,505593,1188.7,529.1,1135.4,511.7,1162.05,520.4,0
302,10045,505594,1189.0,529.4,1135.4,511.6,1162.2,520.5,0
302,10046,505595,1189.2,529.6,1135.5,511.6,1162.35,520.6,0
302,10047,505596,1189.3,530.0,1135.6,511.6,1162.45,520.8,0
302,10048,505597,1189.4,530.3,1135.7,511.6,1162.55,520.95,0
302,10049,505598,1189.4,530.6,1135.8,511.6,1162.6,521.1,0
302,10050,505599,1189.3,530.9,1135.7,511.6,1162.5,521.25,0
302,10051,505600,1189.2,530.9,1135.6,511.6,1162.4,521.25,0
302,10052,505601,1189.0,530.8,1135.5,511.6,1162.25,521.2,0
302,10053,505602,1188.9,530.8,1135.4,511.6,1162.15,521.2,0
302,10054,505603,1188.8,530.6,1135.3,511.6,1162.05,521.1,0
302,10055,505604,1188.7,530.5,1135.1,511.5,1161.9,521.0,0
302,10056,505605,1188.7,530.4,1135.0,511.4,1161.85,520.9,0
302,10057,505606,1188.7,530.4,1135.0,511.2,1161.85,520.8,0
302,10058,505607,1188.8,530.4,1134.9,511.1,1161.85,520.75,0
302,10059,505608,1188.9,530.5,1134.8,510.8,1161.85,520.65,0
302,10060,505609,1189.0,530.6,1134.6,510.5,1161.8,520.55,0
302,10061,505610,1189.1,530.8,1134.5,510.3,1161.8,520.55,0
302,10062,505611,1189.3,530.9,1134.3,510.0,1161.8,520.45,0
302,10063,505612,1189.5,530.9,1134.2,509.6,1161.85,520.25,0
302,10064,505613,1189.6,530.8,1134.1,508.8,1161.85,519.8,0
302,10065,505614,1189.6,530.5,1134.1,508.0,1161.85,519.25,0
302,10066,505615,1189.6,530.1,1134.1,507.2,1161.85,518.65,0
303,10067,505616,1189.7,529.7,1134.1,506.4,1161.9,518.05,0
303,10068,505617,1189.7,529.3,1134.2,505.6,1161.95,517.45,0
303,10069,505618,1189.6,528.9,1134.3,504.8,1161.95,516.85,0
303,10070,505619,1189.6,528.6,1134.3,504.2,1161.95,516.4,0
303,10071,505620,1189.6,528.4,1134.3,504.2,1161.95,516.3,0
303,10072,505621,1189.9,528.5,1134.3,504.6,1162.1,516.55,0
303,10073,505622,1190.1,528.9,1134.3,505.1,1162.2,517.0,0
303,10074,505623,1190.5,529.3,1134.2,505.7,1162.35,517.5,0
303,10075,505624,1190.9,529.8,1134.1,506.3,1162.5,518.05,0
303,10076,505625,1191.4,530.3,1134.0,506.9,1162.7,518.6,0
303,10077,505626,1191.9,530.7,1134.0,507.5,1162.95,519.1,0
303,10078,505627,1192.3,531.1,1133.9,507.9,1163.1,519.5,0
303,10079,505628,1192.7,531.4,1133.9,507.9,1163.3,519.65,0
303,10080,505629,1192.9,531.4,1133.9,507.9,1163.4,519.65,0
303,10081,505630,1193.0,531.4,1134.3,507.9,1163.65,519.65,0
303,10082,505631,1193.1,531.3,1134.7,507.8,1163.9,519.55,0
303,10083,505632,1193.1,531.3,1135.1,507.6,1164.1,519.45,0
303,10084,505633,1193.1,531.4,1135.4,507.2,1164.25,519.3,0
303,10085,505634,1193.1,531.4,1135.7,506.7,1164.4,519.05,0
303,10086,505635,1193.1,531.4,1135.9,506.2,1164.5,518.8,0
303,10087,505636,1193.2,531.5,1135.5,505.8,1164.35,518.65,0
303,10088,505637,1193.3,531.6,1134.9,505.5,1164.1,518.55,0
303,10089,505638,1193.4,531.7,1134.2,505.3,1163.8,518.5,0
303,10090,505639,1193.5,531.7,1133.7,505.2,1163.6,518.45,0
303,10091,505640,1193.7,531.6,1133.1,505.3,1163.4,518.45,0
303,10092,505641,1193.6,531.5,1132.7,505.6,1163.15,518.55,0
303,10093,505642,1193.6,531.4,1132.5,505.8,1163.05,518.6,0
303,10094,505643,1193.5,531.4,1132.8,506.0,1163.15,518.7,0
303,10095,505644,1193.4,531.3,1133.0,506.2,1163.2,518.75,0
303,10096,505645,1193.3,531.3,1133.3,506.7,1163.3,519.0,0
303,10097,505646,1193.1,531.3,1133.5,507.0,1163.3,519.15,0
303,10098,505647,1192.9,531.4,1133.8,507.5,1163.35,519.45,0
303,10099,505648,1192.8,531.6,1134.1,508.1,1163.45,519.85,0
303,10100,505649,1192.7,531.8,1134.4,508.6,1163.55,520.2,0
304,10101,505650,1192.6,531.9,1134.7,509.2,1163.65,520.55,0
304,10102,505651,1192.5,532.0,1135.3,509.6,1163.9,520.8,0
304,10103,505652,1192.5,532.0,1135.8,509.8,1164.15,520.9,0
304,10104,505653,1192.4,532.1,1136.3,510.2,1164.35,521.15,0
304,10105,505654,1192.5,532.4,1136.5,510.5,1164.5,521.45,0
304,10106,505655,1192.6,532.6,1136.8,510.7,1164.7,521.65,0
304,10107,505656,1192.7,532.7,1137.0,510.8,1164.85,521.75,0
304,10108,505657,1192.8,532.9,1137.2,511.0,1165.0,521.95,0
304,10109,505658,1192.8,533.0,1137.1,511.2,1164.95,522.1,0
304,10110,505659,1193.1,533.0,1137.1,511.4,1165.1,522.2,0
304,10111,505660,1193.4,532.9,1137.1,511.7,1165.25,522.3,0
304,10112,505661,1193.6,532.5,1137.1,512.0,1165.35,522.25,0
304,10113,505662,1193.7,532.1,1137.2,512.5,1165.45,522.3,0
304,10114,505663,1193.8,531.7,1137.3,513.1,1165.55,522.4,0
304,10115,505664,1193.9,531.2,1137.4,513.7,1165.65,522.45,0
304,10116,505665,1193.9,530.7,1137.4,514.3,1165.65,522.5,0
304,10117,505666,1194.1,530.3,1137.3,514.9,1165.7,522.6,0
304,10118,505667,1194.2,529.8,1137.2,515.4,1165.7,522.6,0
304,10119,505668,1194.4,529.4,1137.1,516.0,1165.75,522.7,0
304,10120,505669,1194.5,529.0,1136.8,516.7,1165.65,522.85,0
304,10121,505670,1194.6,528.7,1136.5,517.3,1165.55,523.0,0
304,10122,505671,1194.7,528.5,1136.3,517.9,1165.5,523.2,0
304,10123,505672,1194.9,528.6,1135.8,518.6,1165.35,523.6,0
304,10124,505673,1194.8,528.7,1135.5,519.1,1165.15,523.9,0
304,10125,505674,1194.7,528.9,1135.2,519.6,1164.95,524.25,0
304,10126,505675,1194.6,529.1,1134.9,520.0,1164.75,524.55,0
304,10127,505676,1194.7,529.2,1134.8,520.0,1164.75,524.6,0
304,10128,505677,1194.8,529.3,1134.6,520.2,1164.7,524.75,0
304,10129,505678,1194.9,529.0,1134.6,520.3,1164.75,524.65,0
304,10130,505679,1195.0,528.7,1134.8,520.7,1164.9,524.7,0
304,10131,505680,1195.0,528.4,1135.0,521.3,1165.0,524.85,0
304,10132,505681,1194.9,528.0,1135.3,521.9,1165.1,524.95,0
304,10133,505682,1194.8,527.7,1135.5,522.4,1165.15,525.05,0
305,10134,505683,1194.5,527.4,1135.7,523.0,1165.1,525.2,0
305,10135,505684,1194.2,527.2,1135.7,523.5,1164.95,525.35,0
305,10136,505685,1193.8,527.3,1135.7,524.2,1164.75,525.75,0
305,10137,505686,1193.5,527.3,1135.6,524.6,1164.55,525.95,0
305,10138,505687,1193.2,527.4,1135.5,525.1,1164.35,526.25,0
305,10139,505688,1192.9,527.3,1135.5,525.8,1164.2,526.55,0
305,10140,505689,1192.7,527.2,1135.4,526.4,1164.05,526.8,0
305,10141,505690,1192.8,527.0,1135.5,526.9,1164.15,526.95,0
305,10142,505691,1192.9,526.9,1135.7,527.5,1164.3,527.2,0
305,10143,505692,1193.0,526.5,1135.9,527.8,1164.45,527.15,0
305,10144,505693,1193.1,526.3,1136.0,528.2,1164.55,527.25,0
305,10145,505694,1193.3,525.8,1136.0,528.2,1164.65,527.0,0
305,10146,505695,1193.3,525.4,1136.0,528.2,1164.65,526.8,0
305,10147,505696,1193.4,525.1,1136.0,528.3,1164.7,526.7,0
305,10148,505697,1193.4,524.7,1135.8,528.9,1164.6,526.8,0
305,10149,505698,1193.4,524.3,1135.6,529.5,1164.5,526.9,0
305,10150,505699,1193.4,523.9,1135.5,530.0,1164.45,526.95,0
305,10151,505700,1193.4,523.5,1135.3,530.5,1164.35,527.0,0
305,10152,505701,1193.4,523.3,1135.3,530.7,1164.35,527.0,0
305,10153,505702,1193.4,523.1,1135.3,530.9,1164.35,527.0,0
305,10154,505703,1193.3,522.9,1135.3,531.1,1164.3,527.0,0
305,10155,505704,1193.3,522.7,1135.3,530.7,1164.3,526.7,0
305,10156,505705,1193.3,522.5,1135.3,530.2,1164.3,526.35,0
305,10157,505706,1193.3,522.4,1135.1,529.8,1164.2,526.1,0
305,10158,505707,1193.5,522.3,1135.0,529.4,1164.25,525.85,0
305,10159,505708,1193.6,522.3,1134.9,529.3,1164.25,525.8,0
305,10160,505709,1193.9,522.4,1134.7,529.1,1164.3,525.75,0
305,10161,505710,1194.2,522.5,1134.6,528.9,1164.4,525.7,0
305,10162,505711,1194.4,522.5,1134.4,528.4,1164.4,525.45,0
305,10163,505712,1194.5,522.5,1134.2,528.1,1164.35,525.3,0
305,10164,505713,1194.6,522.5,1134.2,527.8,1164.4,525.15,0
305,10165,505714,1194.6,522.5,1134.2,527.4,1164.4,524.95,0
305,10166,505715,1194.6,522.4,1134.5,527.1,1164.55,524.75,0
306,10167,505716,1194.3,522.3,1134.8,526.7,1164.55,524.5,0
306,10168,505717,1194.0,522.2,1135.1,526.5,1164.55,524.35,0
306,10169,505718,1193.7,522.2,1135.2,526.5,1164.45,524.35,0
306,10170,505719,1193.4,522.2,1135.3,526.5,1164.35,524.35,0
306,10171,505720,1193.1,521.9,1135.4,526.4,1164.25,524.15,0
306,10172,505721,1192.8,521.6,1135.4,526.1,1164.1,523.85,0
306,10173,505722,1192.6,521.3,1135.1,525.7,1163.85,523.5,0
306,10174,505723,1192.6,520.9,1134.9,525.2,1163.75,523.05,0
306,10175,505724,1192.6,520.5,1134.7,524.8,1163.65,522.65,0
306,10176,505725,1192.6,520.1,1134.7,524.4,1163.65,522.25,0
306,10177,505726,1192.5,519.7,1134.7,524.4,1163.6,522.05,0
306,10178,505727,1192.6,519.7,1134.8,524.4,1163.7,522.05,0
306,10179,505728,1192.7,519.6,1134.8,524.7,1163.75,522.15,0
306,10180,505729,1193.3,519.6,1134.9,525.1,1164.1,522.35,0
306,10181,505730,1193.8,519.6,1135.1,525.2,1164.45,522.4,0
306,10182,505731,1194.3,519.7,1135.4,525.2,1164.85,522.45,0
306,10183,505732,1194.9,519.8,1135.7,525.2,1165.3,522.5,0
306,10184,505733,1195.4,519.9,1135.9,524.8,1165.65,522.35,0
306,10185,505734,1195.8,520.0,1136.2,524.4,1166.0,522.2,0
306,10186,505735,1196.0,520.2,1136.5,524.0,1166.25,522.1,0
306,10187,505736,1195.8,520.3,1136.7,523.6,1166.25,521.95,0
306,10188,505737,1195.7,520.4,1136.8,523.5,1166.25,521.95,0
306,10189,505738,1195.5,520.5,1136.8,523.5,1166.15,522.0,0
306,10190,505739,1195.3,520.5,1136.7,523.6,1166.0,522.05,0
306,10191,505740,1195.1,520.5,1136.6,523.7,1165.85,522.1,0
306,10192,505741,1195.0,520.5,1136.3,523.8,1165.65,522.15,0
306,10193,505742,1195.0,520.5,1135.9,524.0,1165.45,522.25,0
306,10194,505743,1195.1,520.4,1135.5,524.2,1165.3,522.3,0
306,10195,505744,1195.2,520.4,1135.2,524.3,1165.2,522.35,0
306,10196,505745,1195.3,520.4,1134.8,524.3,1165.05,522.35,0
306,10197,505746,1195.5,520.3,1134.4,524.4,1164.95,522.35,0
306,10198,505747,1195.6,520.1,1134.2,524.5,1164.9,522.3,0
306,10199,505748,1195.8,519.9,1134.2,524.5,1165.0,522.2,0
306,10200,505749,1195.8,519.6,1134.2,524.5,1165.0,522.05,0
307,10201,505750,1195.7,519.3,1134.3,524.4,1165.0,521.85,0
307,10202,505751,1195.4,519.1,1134.5,524.3,1164.95,521.7,0
307,10203,505752,1195.0,518.9,1134.6,524.3,1164.8,521.6,0
307,10204,505753,1194.7,518.8,1134.8,524.3,1164.75,521.55,0
307,10205,505754,1194.5,518.9,1135.0,524.3,1164.75,521.6,0
307,10206,505755,1194.4,519.1,1135.2,524.2,1164.8,521.65,0
307,10207,505756,1194.4,519.4,1135.4,524.2,1164.9,521.8,0
307,10208,505757,1194.6,519.7,1135.6,524.2,1165.1,521.95,0
307,10209,505758,1195.1,520.0,1135.8,524.3,1165.45,522.15,0
307,10210,505759,1195.6,520.3,1135.9,524.3,1165.75,522.3,0
307,10211,505760,1196.1,520.7,1136.1,524.5,1166.1,522.6,0
307,10212,505761,1196.5,520.8,1136.0,524.9,1166.25,522.85,0
307,10213,505762,1196.8,520.7,1135.8,525.4,1166.3,523.05,0
307,10214,505763,1196.9,520.6,1135.7,526.0,1166.3,523.3,0
307,10215,505764,1197.0,520.5,1135.6,526.4,1166.3,523.45,0
307,10216,505765,1196.7,520.5,1135.5,526.7,1166.1,523.6,0
307,10217,505766,1196.5,520.4,1135.6,526.5,1166.05,523.45,0
307,10218,505767,1196.1,520.3,1135.7,526.1,1165.9,523.2,0
307,10219,505768,1195.8,520.3,1136.0,525.6,1165.9,522.95,0
307,10220,505769,1195.5,520.3,1136.3,525.0,1165.9,522.65,0
307,10221,505770,1195.2,520.3,1136.5,524.4,1165.85,522.35,0
307,10222,505771,1194.9,520.2,1136.8,523.9,1165.85,522.05,0
307,10223,505772,1195.1,520.1,1137.0,523.5,1166.05,521.8,0
307,10224,505773,1195.3,519.9,1137.0,523.5,1166.15,521.7,0
307,10225,505774,1195.5,519.7,1136.9,523.6,1166.2,521.65,0
307,10226,505775,1195.8,519.5,1136.8,523.6,1166.3,521.55,0
307,10227,505776,1196.1,518.8,1136.7,523.5,1166.4,521.15,0
307,10228,505777,1196.4,518.2,1136.6,523.5,1166.5,520.85,0
307,10229,505778,1196.7,517.6,1136.8,523.5,1166.75,520.55,0
307,10230,505779,1196.8,517.0,1137.0,523.6,1166.9,520.3,0
307,10231,505780,1196.8,516.4,1137.1,523.6,1166.95,520.0,0
307,10232,505781,1196.8,515.9,1137.2,523.7,1167.0,519.8,0
307,10233,505782,1196.8,515.4,1137.4,523.8,1167.1,519.6,0
308,10234,505783,1196.5,515.4,1137.6,523.8,1167.05,519.6,0
308,10235,505784,1196.1,515.3,1137.6,523.7,1166.85,519.5,0
308,10236,505785,1195.7,515.3,1137.4,523.6,1166.55,519.45,0
308,10237,505786,1195.3,515.4,1137.2,523.4,1166.25,519.4,0
308,10238,505787,1195.0,515.7,1137.1,523.3,1166.05,519.5,0
308,10239,505788,1195.0,516.1,1137.0,523.1,1166.0,519.6,0
308,10240,505789,1195.1,516.6,1137.0,522.9,1166.05,519.75,0
308,10241,505790,1195.5,517.0,1137.0,522.8,1166.25,519.9,0
308,10242,505791,1195.9,517.4,1137.3,522.6,1166.6,520.0,0
308,10243,505792,1196.4,517.3,1137.6,522.5,1167.0,519.9,0
308,10244,505793,1196.8,517.2,1138.0,522.4,1167.4,519.8,0
308,10245,505794,1197.1,516.7,1138.3,522.1,1167.7,519.4,0
308,10246,505795,1197.1,516.1,1138.7,521.7,1167.9,518.9,0
308,10247,505796,1197.2,515.2,1139.0,521.2,1168.1,518.2,0
308,10248,505797,1197.2,514.5,1139.3,520.8,1168.25,517.65,0
308,10249,505798,1197.2,513.8,1139.3,520.4,1168.25,517.1,0
308,10250,505799,1197.1,513.6,1139.3,520.2,1168.2,516.9,0
308,10251,505800,1197.0,513.4,1139.4,519.9,1168.2,516.65,0
308,10252,505801,1196.8,513.3,1139.4,519.7,1168.1,516.5,0
308,10253,505802,1196.6,513.5,1139.5,519.5,1168.05,516.5,0
308,10254,505803,1196.3,513.7,1139.6,519.4,1167.95,516.55,0
308,10255,505804,1196.1,513.8,1139.7,519.2,1167.9,516.5,0
308,10256,505805,1195.9,513.7,1139.8,519.2,1167.85,516.45,0
308,10257,505806,1195.7,513.5,1139.8,519.1,1167.75,516.3,0
308,10258,505807,1195.5,513.3,1139.5,519.1,1167.5,516.2,0
308,10259,505808,1195.4,512.9,1139.2,519.1,1167.3,516.0,0
308,10260,505809,1195.3,512.5,1138.7,519.3,1167.0,515.9,0
308,10261,505810,1195.2,512.1,1138.3,519.5,1166.75,515.8,0
308,10262,505811,1195.2,511.8,1137.9,519.6,1166.55,515.7,0
308,10263,505812,1195.2,511.7,1137.5,519.6,1166.35,515.65,0
308,10264,505813,1195.4,511.9,1137.2,519.5,1166.3,515.7,0
308,10265,505814,1195.7,512.0,1137.0,519.4,1166.35,515.7,0
308,10266,505815,1196.3,512.2,1136.9,519.3,1166.6,515.75,0
309,10267,505816,1196.9,512.4,1136.9,519.2,1166.9,515.8,0
309,10268,505817,1197.4,512.6,1136.9,519.0,1167.15,515.8,0
309,10269,505818,1198.0,512.9,1136.9,518.9,1167.45,515.9,0
309,10270,505819,1198.4,513.1,1136.9,518.9,1167.65,516.0,0
309,10271,505820,1198.8,513.3,1136.9,518.9,1167.85,516.1,0
309,10272,505821,1199.1,513.6,1136.9,518.8,1168.0,516.2,0
309,10273,505822,1199.2,513.9,1136.9,518.8,1168.05,516.35,0
309,10274,505823,1199.2,513.9,1136.9,518.7,1168.05,516.3,0
309,10275,505824,1199.2,513.7,1136.9,518.6,1168.05,516.15,0
309,10276,505825,1199.2,513.4,1136.9,518.4,1168.05,515.9,0
309,10277,505826,1199.3,513.2,1136.8,518.1,1168.05,515.65,0
309,10278,505827,1199.3,513.0,1136.8,518.0,1168.05,515.5,0
309,10279,505828,1199.5,512.9,1136.8,518.1,1168.15,515.5,0
309,10280,505829,1199.7,512.8,1136.8,518.3,1168.25,515.55,0
309,10281,505830,1199.9,512.9,1136.8,518.6,1168.35,515.75,0
309,10282,505831,1200.1,513.0,1136.8,519.0,1168.45,516.0,0
309,10283,505832,1200.3,513.3,1136.9,519.4,1168.6,516.35,0
309,10284,505833,1200.5,513.5,1137.1,519.7,1168.8,516.6,0
309,10285,505834,1200.7,513.5,1137.4,520.0,1169.05,516.75,0
309,10286,505835,1200.7,513.4,1137.7,520.2,1169.2,516.8,0
309,10287,505836,1200.4,513.3,1138.0,520.7,1169.2,517.0,0
309,10288,505837,1200.1,513.2,1138.3,521.2,1169.2,517.2,0
309,10289,505838,1199.8,513.1,1138.6,521.6,1169.2,517.35,0
309,10290,505839,1199.5,513.1,1138.8,522.0,1169.15,517.55,0
309,10291,505840,1199.2,512.9,1138.9,522.4,1169.05,517.65,0
309,10292,505841,1198.9,512.7,1138.9,522.6,1168.9,517.65,0
309,10293,505842,1198.7,512.5,1138.8,522.9,1168.75,517.7,0
309,10294,505843,1198.6,512.4,1138.8,522.9,1168.7,517.65,0
309,10295,505844,1198.6,512.6,1139.0,522.8,1168.8,517.7,0
309,10296,505845,1198.6,512.7,1139.1,522.8,1168.85,517.75,0
309,10297,505846,1198.6,512.9,1139.3,522.8,1168.95,517.85,0
309,10298,505847,1198.6,513.1,1139.5,522.9,1169.05,518.0,0
309,10299,505848,1198.5,513.2,1139.7,523.0,1169.1,518.1,0
309,10300,505849,1198.6,513.4,1140.0,523.1,1169.3,518.25,0
310,10301,505850,1198.8,513.4,1140.2,523.0,1169.5,518.2,0
310,10302,505851,1198.9,513.3,1140.3,522.9,1169.6,518.1,0
310,10303,505852,1199.1,513.3,1140.3,522.8,1169.7,518.05,0
310,10304,505853,1199.3,513.2,1140.4,522.7,1169.85,517.95,0
310,10305,505854,1199.4,513.2,1140.4,522.5,1169.9,517.85,0
310,10306,505855,1199.6,513.2,1140.5,522.2,1170.05,517.7,0
310,10307,505856,1199.7,513.2,1140.5,521.8,1170.1,517.5,0
310,10308,505857,1199.9,513.4,1140.4,521.6,1170.15,517.5,0
310,10309,505858,1200.0,514.0,1140.3,521.5,1170.15,517.75,0
310,10310,505859,1200.1,514.6,1140.1,521.5,1170.1,518.05,0
310,10311,505860,1200.3,515.1,1139.9,521.8,1170.1,518.45,0
310,10312,505861,1200.4,515.7,1139.7,522.3,1170.05,519.0,0
310,10313,505862,1200.5,516.4,1139.6,522.8,1170.05,519.6,0
310,10314,505863,1200.5,517.4,1139.5,523.3,1170.0,520.35,0
310,10315,505864,1200.2,518.2,1139.5,523.7,1169.85,520.95,0
310,10316,505865,1199.9,518.8,1139.5,524.6,1169.7,521.7,0
310,10317,505866,1199.5,519.4,1139.6,525.3,1169.55,522.35,0
310,10318,505867,1199.2,519.9,1139.6,525.8,1169.4,522.85,0
310,10319,505868,1198.9,520.5,1139.6,526.3,1169.25,523.4,0
310,10320,505869,1198.8,520.8,1139.6,526.8,1169.2,523.8,0
310,10321,505870,1198.7,520.9,1139.6,527.3,1169.15,524.1,0
310,10322,505871,1198.7,521.0,1139.5,527.7,1169.1,524.35,0
310,10323,505872,1198.6,520.9,1139.5,527.7,1169.05,524.3,0
310,10324,505873,1198.1,520.2,1139.5,527.7,1168.8,523.95,0
310,10325,505874,1197.1,519.5,1139.3,527.4,1168.2,523.45,0
310,10326,505875,1195.8,518.3,1139.0,526.6,1167.4,522.45,0
310,10327,505876,1193.7,517.2,1138.0,525.4,1165.85,521.3,0
310,10328,505877,1191.0,515.6,1136.4,524.1,1163.7,519.85,0
310,10329,505878,1187.5,513.0,1134.8,521.6,1161.15,517.3,0
310,10330,505879,1183.2,509.4,1132.0,518.6,1157.6,514.0,0
310,10331,505880,1177.6,506.1,1128.3,515.6,1152.95,510.85,0
310,10332,505881,1172.3,502.1,1124.1,511.4,1148.2,506.75,0
310,10333,505882,1165.7,497.2,1118.9,507.9,1142.3,502.55,0
311,10334,505883,1159.2,491.6,1113.6,503.0,1136.4,497.3,0
311,10335,505884,1152.6,486.7,1108.3,498.1,1130.45,492.4,0
311,10336,505885,1146.3,481.3,1102.6,494.6,1124.45,487.95,0
311,10337,505886,1140.7,476.1,1097.7,490.3,1119.2,483.2,0
311,10338,505887,1136.4,470.4,1093.9,485.0,1115.15,477.7,0
311,10339,505888,1132.1,465.4,1089.8,481.0,1110.95,473.2,0
311,10340,505889,1129.4,461.3,1086.7,475.5,1108.05,468.4,0
311,10341,505890,1127.3,457.9,1084.5,471.8,1105.9,464.85,0
311,10342,505891,1125.6,454.2,1082.9,467.9,1104.25,461.05,0
311,10343,505892,1124.5,451.2,1081.9,463.0,1103.2,457.1,0
311,10344,505893,1123.2,449.0,1081.2,459.2,1102.2,454.1,0
311,10345,505894,1122.4,446.8,1080.5,455.1,1101.45,450.95,0
311,10346,505895,1121.5,444.6,1080.8,450.0,1101.15,447.3,0
311,10347,505896,1120.6,441.9,1081.2,446.3,1100.9,444.1,0
311,10348,505897,1119.7,439.5,1080.9,442.5,1100.3,441.0,0
311,10349,505898,1119.0,437.1,1080.1,438.7,1099.55,437.9,0
311,10350,505899,1118.3,435.5,1079.2,435.1,1098.75,435.3,0
311,10351,505900,1117.5,433.7,1078.3,430.5,1097.9,432.1,0
311,10352,505901,1116.7,432.9,1077.5,426.5,1097.1,429.7,0
311,10353,505902,1116.0,431.8,1076.8,422.7,1096.4,427.25,0
311,10354,505903,1115.4,431.2,1076.2,418.8,1095.8,425.0,0
311,10355,505904,1114.8,430.5,1076.2,415.1,1095.5,422.8,0
311,10356,505905,1114.4,429.2,1076.7,410.6,1095.55,419.9,0
311,10357,505906,1115.0,427.5,1077.2,406.9,1096.1,417.2,0
311,10358,505907,1116.3,425.7,1077.9,403.6,1097.1,414.65,0
311,10359,505908,1117.5,423.6,1078.6,400.4,1098.05,412.0,0
311,10360,505909,1118.9,421.7,1079.0,398.1,1098.95,409.9,0
311,10361,505910,1120.2,419.9,1079.5,395.7,1099.85,407.8,0
311,10362,505911,1121.5,417.7,1080.0,393.2,1100.75,405.45,0
311,10363,505912,1122.8,416.2,1080.5,391.0,1101.65,403.6,0
311,10364,505913,1123.2,415.2,1081.2,388.2,1102.2,401.7,0
311,10365,505914,1123.6,413.1,1081.6,386.1,1102.6,399.6,0
311,10366,505915,1124.6,411.4,1081.9,384.3,1103.25,397.85,0
312,10367,505916,1126.0,409.6,1082.8,382.2,1104.4,395.9,0
312,10368,505917,1127.4,407.5,1083.6,379.9,1105.5,393.7,0
312,10369,505918,1129.3,405.9,1084.5,377.0,1106.9,391.45,0
312,10370,505919,1131.2,404.2,1085.3,374.3,1108.25,389.25,0
312,10371,505920,1133.1,402.3,1086.4,372.1,1109.75,387.2,0
312,10372,505921,1135.1,401.4,1087.5,370.0,1111.3,385.7,0
312,10373,505922,1136.4,400.5,1088.7,368.0,1112.55,384.25,0
312,10374,505923,1137.2,398.7,1089.8,365.7,1113.5,382.2,0
312,10375,505924,1138.5,397.4,1091.4,363.2,1114.95,380.3,0
312,10376,505925,1139.4,395.6,1093.0,361.3,1116.2,378.45,0
312,10377,505926,1140.4,393.8,1094.4,359.3,1117.4,376.55,0
312,10378,505927,1141.7,392.1,1096.3,357.4,1119.0,374.75,0
312,10379,505928,1142.9,388.8,1098.1,354.9,1120.5,371.85,0
312,10380,505929,1144.1,385.5,1099.8,351.2,1121.95,368.35,0
312,10381,505930,1145.3,382.3,1101.2,348.0,1123.25,365.15,0
312,10382,505931,1146.0,378.8,1102.1,345.1,1124.05,361.95,0
312,10383,505932,1146.5,375.6,1103.0,341.5,1124.75,358.55,0
312,10384,505933,1147.0,372.5,1103.8,338.5,1125.4,355.5,0
312,10385,505934,1147.0,369.6,1104.0,335.5,1125.5,352.55,0
312,10386,505935,1147.0,367.9,1104.2,333.2,1125.6,350.55,0
312,10387,505936,1146.9,366.3,1104.3,332.1,1125.6,349.2,0
312,10388,505937,1147.1,365.6,1104.5,331.1,1125.8,348.35,0
312,10389,505938,1147.3,364.9,1104.6,330.4,1125.95,347.65,0
312,10390,505939,1147.5,364.2,1104.6,330.2,1126.05,347.2,0
312,10391,505940,1147.7,363.6,1104.6,329.9,1126.15,346.75,0
312,10392,505941,1148.1,362.9,1104.9,329.7,1126.5,346.3,0
312,10393,505942,1148.7,362.4,1105.1,329.5,1126.9,345.95,0
312,10394,505943,1149.4,361.8,1105.5,329.3,1127.45,345.55,0
312,10395,505944,1149.9,360.8,1105.9,329.2,1127.9,345.0,0
312,10396,505945,1150.3,360.2,1106.3,328.9,1128.3,344.55,0
312,10397,505946,1150.7,359.5,1106.7,328.7,1128.7,344.1,0
312,10398,505947,1150.9,358.9,1107.0,328.5,1128.95,343.7,0
312,10399,505948,1151.0,358.4,1106.9,328.2,1128.95,343.3,0
312,10400,505949,1150.8,358.0,1106.8,327.9,1128.8,342.95,0
313,10401,505950,1150.5,357.6,1106.6,327.6,1128.55,342.6,0
313,10402,505951,1150.3,357.6,1106.3,327.3,1128.3,342.45,0
313,10403,505952,1150.1,357.6,1106.1,327.7,1128.1,342.65,0
313,10404,505953,1149.4,357.7,1105.9,328.7,1127.65,343.2,0
313,10405,505954,1149.0,358.2,1105.7,330.3,1127.35,344.25,0
313,10406,505955,1148.6,358.6,1105.3,332.2,1126.95,345.4,0
313,10407,505956,1148.0,359.4,1104.9,334.2,1126.45,346.8,0
313,10408,505957,1147.4,360.2,1104.5,336.3,1125.95,348.25,0
313,10409,505958,1146.8,361.1,1104.0,338.6,1125.4,349.85,0
313,10410,505959,1146.4,361.9,1103.4,340.4,1124.9,351.15,0
313,10411,505960,1146.4,362.8,1102.9,342.5,1124.65,352.65,0
313,10412,505961,1146.3,363.1,1102.5,344.0,1124.4,353.55,0
313,10413,505962,1146.4,363.4,1102.1,345.1,1124.25,354.25,0
313,10414,505963,1146.5,363.4,1101.8,346.2,1124.15,354.8,0
313,10415,505964,1146.7,363.4,1101.5,347.0,1124.1,355.2,0
313,10416,505965,1147.3,362.8,1101.3,347.5,1124.3,355.15,0
313,10417,505966,1147.8,362.1,1100.9,347.9,1124.35,355.0,0
313,10418,505967,1148.2,361.3,1100.6,347.7,1124.4,354.5,0
313,10419,505968,1148.5,360.4,1100.3,347.4,1124.4,353.9,0
313,10420,505969,1148.3,358.6,1100.1,347.1,1124.2,352.85,0
313,10421,505970,1148.0,356.9,1100.0,346.9,1124.0,351.9,0
313,10422,505971,1147.7,355.2,1100.0,346.9,1123.85,351.05,0
313,10423,505972,1147.0,354.0,1100.0,346.8,1123.5,350.4,0
313,10424,505973,1146.4,353.0,1100.1,346.7,1123.25,349.85,0
313,10425,505974,1145.9,351.9,1100.4,346.7,1123.15,349.3,0
313,10426,505975,1145.4,350.9,1100.7,346.8,1123.05,348.85,0
313,10427,505976,1145.4,350.6,1101.0,347.2,1123.2,348.9,0
313,10428,505977,1145.3,350.3,1101.3,347.6,1123.3,348.95,0
313,10429,505978,1145.3,349.8,1101.4,348.1,1123.35,348.95,0
313,10430,505979,1145.4,349.3,1101.4,348.4,1123.4,348.85,0
313,10431,505980,1145.4,348.6,1101.3,348.6,1123.35,348.6,0
313,10432,505981,1145.6,347.7,1101.1,348.6,1123.35,348.15,0
313,10433,505982,1145.7,346.8,1100.8,348.6,1123.25,347.7,0
314,10434,505983,1145.8,345.9,1100.5,348.5,1123.15,347.2,0
314,10435,505984,1145.9,344.9,1100.3,348.7,1123.1,346.8,0
314,10436,505985,1146.0,344.0,1100.4,348.8,1123.2,346.4,0
314,10437,505986,1146.1,343.2,1100.6,349.1,1123.35,346.15,0
314,10438,505987,1146.1,342.6,1100.8,349.6,1123.45,346.1,0
314,10439,505988,1146.1,342.3,1101.1,350.2,1123.6,346.25,0
314,10440,505989,1146.2,341.7,1101.4,351.0,1123.8,346.35,0
314,10441,505990,1146.4,341.0,1101.6,351.6,1124.0,346.3,0
314,10442,505991,1146.7,340.4,1101.8,351.9,1124.25,346.15,0
314,10443,505992,1147.0,339.6,1101.7,352.2,1124.35,345.9,0
314,10444,505993,1147.4,338.9,1101.6,352.6,1124.5,345.75,0
314,10445,505994,1147.7,338.2,1101.6,353.0,1124.65,345.6,0
314,10446,505995,1148.0,337.4,1101.5,353.3,1124.75,345.35,0
314,10447,505996,1148.3,336.9,1101.4,353.3,1124.85,345.1,0
314,10448,505997,1148.8,336.7,1101.1,353.5,1124.95,345.1,0
314,10449,505998,1149.2,336.5,1100.9,353.8,1125.05,345.15,0
314,10450,505999,1149.6,336.3,1100.8,354.5,1125.2,345.4,0
314,10451,506000,1149.8,336.1,1100.6,355.2,1125.2,345.65,0
314,10452,506001,1150.1,335.8,1100.3,355.9,1125.2,345.85,0
314,10453,506002,1150.3,335.4,1099.9,356.5,1125.1,345.95,0
314,10454,506003,1150.5,335.0,1099.5,357.0,1125.0,346.0,0
314,10455,506004,1150.4,334.9,1099.3,357.4,1124.85,346.15,0
314,10456,506005,1150.4,334.8,1099.2,357.7,1124.8,346.25,0
314,10457,506006,1150.6,334.8,1099.1,357.5,1124.85,346.15,0
314,10458,506007,1150.7,334.7,1099.2,357.3,1124.95,346.0,0
314,10459,506008,1151.0,334.6,1099.4,357.0,1125.2,345.8,0
314,10460,506009,1151.2,334.5,1099.6,356.8,1125.4,345.65,0
314,10461,506010,1151.4,334.4,1099.9,356.6,1125.65,345.5,0
314,10462,506011,1151.6,333.9,1100.2,356.5,1125.9,345.2,0
314,10463,506012,1151.9,333.4,1100.6,356.3,1126.25,344.85,0
314,10464,506013,1151.7,333.0,1100.9,356.3,1126.3,344.65,0
314,10465,506014,1151.4,332.6,1101.0,356.2,1126.2,344.4,0
314,10466,506015,1151.1,332.4,1101.2,356.2,1126.15,344.3,0
315,10467,506016,1150.8,332.2,1101.3,356.1,1126.05,344.15,0
315,10468,506017,1150.6,332.1,1101.6,356.0,1126.1,344.05,0
315,10469,506018,1150.6,332.1,1101.8,355.7,1126.2,343.9,0
315,10470,506019,1150.5,332.1,1101.9,355.4,1126.2,343.75,0
315,10471,506020,1150.8,332.1,1102.0,355.2,1126.4,343.65,0
315,10472,506021,1151.2,332.1,1102.1,355.1,1126.65,343.6,0
315,10473,506022,1151.8,332.1,1102.1,355.0,1126.95,343.55,0
315,10474,506023,1152.2,332.1,1102.1,355.0,1127.15,343.55,0
315,10475,506024,1152.7,332.1,1102.0,355.3,1127.35,343.7,0
315,10476,506025,1153.0,332.0,1101.9,355.7,1127.45,343.85,0
315,10477,506026,1153.3,331.6,1101.7,356.2,1127.5,343.9,0
315,10478,506027,1153.6,330.9,1101.6,356.5,1127.6,343.7,0
315,10479,506028,1153.9,330.3,1101.3,356.8,1127.6,343.55,0
315,10480,506029,1154.1,329.6,1100.6,357.0,1127.35,343.3,0
315,10481,506030,1154.3,328.9,1100.0,357.2,1127.15,343.05,0
315,10482,506031,1154.4,328.2,1099.4,357.3,1126.9,342.75,0
315,10483,506032,1154.5,327.7,1098.7,357.3,1126.6,342.5,0
315,10484,506033,1154.7,327.6,1098.1,357.4,1126.4,342.5,0
315,10485,506034,1154.8,327.7,1097.6,357.4,1126.2,342.55,0
315,10486,506035,1154.9,327.8,1097.2,357.4,1126.05,342.6,0
315,10487,506036,1155.0,328.1,1097.3,357.4,1126.15,342.75,0
315,10488,506037,1155.2,328.6,1097.3,357.4,1126.25,343.0,0
315,10489,506038,1155.3,329.5,1097.4,357.3,1126.35,343.4,0
315,10490,506039,1155.4,330.4,1097.5,357.2,1126.45,343.8,0
315,10491,506040,1155.5,331.3,1097.7,357.2,1126.6,344.25,0
315,10492,506041,1155.5,332.1,1097.7,357.2,1126.6,344.65,0
315,10493,506042,1155.4,332.9,1097.8,357.2,1126.6,345.05,0
315,10494,506043,1155.2,333.5,1097.8,357.2,1126.5,345.35,0
315,10495,506044,1154.9,334.1,1097.8,357.0,1126.35,345.55,0
315,10496,506045,1154.6,334.1,1097.8,356.9,1126.2,345.5,0
315,10497,506046,1154.3,334.1,1097.7,356.8,1126.0,345.45,0
315,10498,506047,1154.0,334.0,1097.5,356.6,1125.75,345.3,0
315,10499,506048,1153.9,334.1,1097.4,356.5,1125.65,345.3,0
315,10500,506049,1153.8,334.1,1097.4,356.4,1125.6,345.25,0
316,10501,506050,1153.7,334.2,1097.4,356.3,1125.55,345.25,0
316,10502,506051,1153.8,334.3,1097.6,356.3,1125.7,345.3,0
316,10503,506052,1153.9,334.3,1097.7,356.4,1125.8,345.35,0
316,10504,506053,1154.0,334.4,1097.9,356.3,1125.95,345.35,0
316,10505,506054,1154.1,334.5,1098.1,356.1,1126.1,345.3,0
316,10506,506055,1153.9,334.6,1098.4,355.6,1126.15,345.1,0
316,10507,506056,1153.7,334.7,1098.6,355.0,1126.15,344.85,0
316,10508,506057,1153.5,334.8,1098.8,354.5,1126.15,344.65,0
316,10509,506058,1153.3,334.9,1098.9,354.1,1126.1,344.5,0
316,10510,506059,1153.0,335.0,1099.1,353.8,1126.05,344.4,0
316,10511,506060,1152.5,335.1,1099.2,353.7,1125.85,344.4,0
316,10512,506061,1152.0,335.4,1099.6,353.6,1125.8,344.5,0
316,10513,506062,1151.7,335.6,1099.9,354.0,1125.8,344.8,0
316,10514,506063,1151.4,336.0,1100.3,354.0,1125.85,345.0,0
316,10515,506064,1151.0,336.3,1101.0,354.1,1126.0,345.2,0
316,10516,506065,1150.7,336.6,1101.7,354.0,1126.2,345.3,0
316,10517,506066,1150.5,337.1,1102.3,353.8,1126.4,345.45,0
316,10518,506067,1150.5,337.6,1102.9,353.6,1126.7,345.6,0
316,10519,506068,1150.5,338.2,1103.4,353.5,1126.95,345.85,0
316,10520,506069,1150.3,339.2,1103.8,353.6,1127.05,346.4,0
316,10521,506070,1150.1,340.1,1104.1,353.8,1127.1,346.95,0
316,10522,506071,1149.9,341.0,1104.2,353.9,1127.05,347.45,0
316,10523,506072,1149.6,342.2,1104.2,353.6,1126.9,347.9,0
316,10524,506073,1149.2,343.1,1104.3,353.4,1126.75,348.25,0
316,10525,506074,1148.9,343.9,1104.4,353.1,1126.65,348.5,0
316,10526,506075,1148.6,344.6,1104.5,352.6,1126.55,348.6,0
316,10527,506076,1148.6,344.9,1104.6,351.8,1126.6,348.35,0
316,10528,506077,1148.6,345.7,1104.5,351.1,1126.55,348.4,0
316,10529,506078,1148.6,346.4,1104.4,350.4,1126.5,348.4,0
316,10530,506079,1148.7,347.1,1104.3,349.9,1126.5,348.5,0
316,10531,506080,1148.7,348.1,1104.1,349.2,1126.4,348.65,0
316,10532,506081,1148.7,349.0,1103.9,348.4,1126.3,348.7,0
316,10533,506082,1148.6,350.0,1103.7,347.7,1126.15,348.85,0
317,10534,506083,1148.5,350.9,1103.6,347.2,1126.05,349.05,0
317,10535,506084,1148.3,351.4,1103.6,346.7,1125.95,349.05,0
317,10536,506085,1148.1,352.0,1103.6,346.3,1125.85,349.15,0
317,10537,506086,1147.9,352.3,1103.7,345.9,1125.8,349.1,0
317,10538,506087,1147.9,352.4,1104.0,345.2,1125.95,348.8,0
317,10539,506088,1147.8,352.6,1104.6,344.4,1126.2,348.5,0
317,10540,506089,1147.8,353.0,1105.2,343.6,1126.5,348.3,0
317,10541,506090,1147.7,353.4,1105.8,342.7,1126.75,348.05,0
317,10542,506091,1147.7,353.9,1106.4,341.8,1127.05,347.85,0
317,10543,506092,1147.8,354.5,1107.0,340.8,1127.4,347.65,0
317,10544,506093,1147.9,355.0,1107.6,339.7,1127.75,347.35,0
317,10545,506094,1147.9,355.6,1108.0,339.3,1127.95,347.45,0
317,10546,506095,1148.0,356.0,1108.2,338.8,1128.1,347.4,0
317,10547,506096,1148.0,356.2,1108.4,338.4,1128.2,347.3,0
317,10548,506097,1148.0,356.4,1108.5,338.0,1128.25,347.2,0
317,10549,506098,1148.1,356.6,1108.6,337.6,1128.35,347.1,0
317,10550,506099,1148.1,356.9,1108.8,337.4,1128.45,347.15,0
317,10551,506100,1148.1,357.3,1108.9,337.0,1128.5,347.15,0
317,10552,506101,1148.1,357.6,1109.0,336.1,1128.55,346.85,0
317,10553,506102,1148.2,358.0,1109.0,335.2,1128.6,346.6,0
317,10554,506103,1148.4,358.4,1108.9,334.4,1128.65,346.4,0
317,10555,506104,1148.6,358.7,1108.9,333.6,1128.75,346.15,0
317,10556,506105,1148.7,359.0,1108.9,332.6,1128.8,345.8,0
317,10557,506106,1148.9,359.2,1108.8,331.6,1128.85,345.4,0
317,10558,506107,1149.1,359.2,1108.7,330.9,1128.9,345.05,0
317,10559,506108,1149.4,359.3,1108.6,330.9,1129.0,345.1,0
317,10560,506109,1149.8,359.4,1108.6,330.9,1129.2,345.15,0
317,10561,506110,1150.1,359.5,1108.5,330.9,1129.3,345.2,0
317,10562,506111,1150.3,359.6,1108.5,330.8,1129.4,345.2,0
317,10563,506112,1150.6,359.5,1108.3,330.6,1129.45,345.05,0
317,10564,506113,1150.8,359.2,1108.1,330.3,1129.45,344.75,0
317,10565,506114,1151.0,358.5,1108.0,330.0,1129.5,344.25,0
317,10566,506115,1151.1,357.8,1107.9,329.6,1129.5,343.7,0
318,10567,506116,1151.1,357.0,1107.8,329.2,1129.45,343.1,0
318,10568,506117,1151.2,356.2,1107.7,328.7,1129.45,342.45,0
318,10569,506118,1151.4,355.4,1107.6,328.2,1129.5,341.8,0
318,10570,506119,1151.6,354.9,1107.6,328.1,1129.6,341.5,0
318,10571,506120,1151.8,354.8,1107.5,328.0,1129.65,341.4,0
318,10572,506121,1152.0,355.2,1107.3,328.1,1129.65,341.65,0
318,10573,506122,1152.2,355.6,1107.1,328.1,1129.65,341.85,0
318,10574,506123,1152.3,356.0,1106.9,328.3,1129.6,342.15,0
318,10575,506124,1152.3,356.5,1106.7,328.6,1129.5,342.55,0
318,10576,506125,1152.3,357.0,1106.6,328.9,1129.45,342.95,0
318,10577,506126,1152.4,357.5,1106.5,329.2,1129.45,343.35,0
318,10578,506127,1152.6,357.6,1106.5,329.5,1129.55,343.55,0
318,10579,506128,1152.6,357.3,1106.6,329.6,1129.6,343.45,0
318,10580,506129,1152.7,357.2,1106.7,329.6,1129.7,343.4,0
318,10581,506130,1152.7,356.9,1106.9,329.5,1129.8,343.2,0
318,10582,506131,1152.6,356.6,1107.0,329.5,1129.8,343.05,0
318,10583,506132,1152.5,356.3,1107.1,329.4,1129.8,342.85,0
318,10584,506133,1152.5,356.0,1107.2,329.3,1129.85,342.65,0
318,10585,506134,1152.4,356.0,1107.3,330.3,1129.85,343.15,0
318,10586,506135,1152.4,356.0,1107.3,331.4,1129.85,343.7,0
318,10587,506136,1152.9,356.0,1107.3,332.5,1130.1,344.25,0
318,10588,506137,1153.5,355.9,1107.2,333.7,1130.35,344.8,0
318,10589,506138,1154.0,355.9,1107.1,335.0,1130.55,345.45,0
318,10590,506139,1154.1,356.0,1107.1,336.3,1130.6,346.15,0
318,10591,506140,1153.9,356.0,1107.1,337.9,1130.5,346.95,0
318,10592,506141,1153.8,355.9,1107.2,338.3,1130.5,347.1,0
318,10593,506142,1153.6,355.8,1107.2,339.3,1130.4,347.55,0
318,10594,506143,1153.4,355.7,1107.2,340.2,1130.3,347.95,0
318,10595,506144,1153.2,355.0,1107.1,341.1,1130.15,348.05,0
318,10596,506145,1153.1,354.2,1107.2,341.9,1130.15,348.05,0
318,10597,506146,1153.6,353.5,1107.3,342.6,1130.45,348.05,0
318,10598,506147,1154.1,352.9,1107.2,343.2,1130.65,348.05,0
318,10599,506148,1154.7,352.4,1107.2,343.7,1130.95,348.05,0
318,10600,506149,1155.3,351.8,1107.1,343.7,1131.2,347.75,0
319,10601,506150,1155.4,351.3,1107.0,343.7,1131.2,347.5,0
319,10602,506151,1155.6,351.5,1107.0,343.7,1131.3,347.6,0
319,10603,506152,1155.6,351.8,1106.9,343.8,1131.25,347.8,0
319,10604,506153,1155.6,352.1,1106.7,344.0,1131.15,348.05,0
319,10605,506154,1155.3,352.3,1106.6,344.2,1130.95,348.25,0
319,10606,506155,1155.1,352.4,1106.2,345.1,1130.65,348.75,0
319,10607,506156,1154.8,352.5,1106.0,345.9,1130.4,349.2,0
319,10608,506157,1154.5,352.5,1105.8,346.6,1130.15,349.55,0
319,10609,506158,1154.2,352.1,1105.6,347.3,1129.9,349.7,0
319,10610,506159,1154.0,351.7,1105.5,348.0,1129.75,349.85,0
319,10611,506160,1153.7,351.3,1105.3,348.4,1129.5,349.85,0
319,10612,506161,1153.7,350.8,1105.2,348.9,1129.45,349.85,0
319,10613,506162,1153.7,350.3,1105.2,348.5,1129.45,349.4,0
319,10614,506163,1153.6,350.0,1105.1,348.1,1129.35,349.05,0
319,10615,506164,1153.6,349.6,1105.0,347.8,1129.3,348.7,0
319,10616,506165,1153.4,349.6,1104.9,347.5,1129.15,348.55,0
319,10617,506166,1153.2,349.6,1104.8,347.2,1129.0,348.4,0
319,10618,506167,1153.0,349.6,1104.7,346.9,1128.85,348.25,0
319,10619,506168,1152.8,349.5,1104.5,346.6,1128.65,348.05,0
319,10620,506169,1152.5,349.3,1104.3,346.6,1128.4,347.95,0
319,10621,506170,1152.2,349.1,1104.0,346.7,1128.1,347.9,0
319,10622,506171,1151.7,348.8,1103.7,346.9,1127.7,347.85,0
319,10623,506172,1151.2,348.5,1103.5,347.1,1127.35,347.8,0
319,10624,506173,1150.8,347.9,1103.2,347.2,1127.0,347.55,0
319,10625,506174,1150.5,347.4,1102.9,347.3,1126.7,347.35,0
319,10626,506175,1150.3,346.7,1102.6,347.5,1126.45,347.1,0
319,10627,506176,1150.1,346.2,1102.3,347.6,1126.2,346.9,0
319,10628,506177,1150.0,345.7,1102.1,347.6,1126.05,346.65,0
319,10629,506178,1150.1,345.3,1101.8,347.6,1125.95,346.45,0
319,10630,506179,1150.3,344.9,1101.6,347.5,1125.95,346.2,0
319,10631,506180,1150.6,344.7,1101.2,347.5,1125.9,346.1,0
319,10632,506181,1150.9,344.4,1101.0,347.4,1125.95,345.9,0
319,10633,506182,1151.1,344.1,1100.8,347.3,1125.95,345.7,0
320,10634,506183,1151.6,343.8,1100.6,347.2,1126.1,345.5,0
320,10635,506184,1151.9,343.5,1100.4,347.0,1126.15,345.25,0
320,10636,506185,1152.4,343.1,1100.3,346.9,1126.35,345.0,0
320,10637,506186,1152.7,342.8,1100.1,346.8,1126.4,344.8,0
320,10638,506187,1152.9,342.5,1099.9,346.7,1126.4,344.6,0
320,10639,506188,1153.0,342.2,1099.7,346.7,1126.35,344.45,0
320,10640,506189,1153.0,342.1,1099.6,346.8,1126.3,344.45,0
320,10641,506190,1152.7,341.9,1099.4,346.9,1126.05,344.4,0
320,10642,506191,1152.5,341.7,1099.3,347.1,1125.9,344.4,0
320,10643,506192,1152.2,341.6,1099.2,347.2,1125.7,344.4,0
320,10644,506193,1152.0,341.6,1099.1,347.4,1125.55,344.5,0
320,10645,506194,1151.8,341.8,1099.0,347.8,1125.4,344.8,0
320,10646,506195,1151.9,342.0,1098.9,348.1,1125.4,345.05,0
320,10647,506196,1152.0,342.3,1098.8,348.2,1125.4,345.25,0
320,10648,506197,1152.3,342.2,1098.7,348.4,1125.5,345.3,0
320,10649,506198,1152.6,342.2,1098.6,348.5,1125.6,345.35,0
320,10650,506199,1152.9,342.1,1098.5,348.5,1125.7,345.3,0
320,10651,506200,1153.1,341.9,1098.4,348.6,1125.75,345.25,0
320,10652,506201,1153.3,341.4,1098.4,348.6,1125.85,345.0,0
320,10653,506202,1153.3,340.9,1098.4,348.6,1125.85,344.75,0
320,10654,506203,1153.3,340.3,1098.3,348.6,1125.8,344.45,0
320,10655,506204,1153.3,340.0,1098.3,348.5,1125.8,344.25,0
320,10656,506205,1153.3,339.8,1098.2,348.4,1125.75,344.1,0
320,10657,506206,1153.4,339.7,1098.1,348.3,1125.75,344.0,0
320,10658,506207,1153.5,339.6,1097.9,348.2,1125.7,343.9,0
320,10659,506208,1153.6,339.6,1097.8,348.1,1125.7,343.85,0
320,10660,506209,1153.7,339.7,1097.7,348.0,1125.7,343.85,0
320,10661,506210,1153.8,339.9,1097.6,348.0,1125.7,343.95,0
320,10662,506211,1153.8,340.1,1097.6,348.1,1125.7,344.1,0
320,10663,506212,1153.9,340.4,1097.6,348.2,1125.75,344.3,0
320,10664,506213,1153.9,340.6,1097.7,348.3,1125.8,344.45,0
320,10665,506214,1153.8,340.9,1097.8,348.3,1125.8,344.6,0
320,10666,506215,1153.6,341.2,1097.8,348.3,1125.7,344.75,0
321,10667,506216,1153.4,341.6,1097.8,348.2,1125.6,344.9,0
321,10668,506217,1153.1,341.8,1097.8,348.2,1125.45,345.0,0
321,10669,506218,1153.2,342.0,1097.7,348.2,1125.45,345.1,0
321,10670,506219,1153.3,342.3,1097.6,348.6,1125.45,345.45,0
321,10671,506220,1153.5,342.7,1097.5,348.9,1125.5,345.8,0
321,10672,506221,1153.9,343.4,1097.4,349.2,1125.65,346.3,0
321,10673,506222,1154.2,344.2,1097.3,349.4,1125.75,346.8,0
321,10674,506223,1154.5,344.9,1097.3,349.6,1125.9,347.25,0
321,10675,506224,1154.6,345.7,1097.3,349.7,1125.95,347.7,0
321,10676,506225,1154.4,346.7,1097.2,349.8,1125.8,348.25,0
321,10677,506226,1154.2,347.4,1097.2,349.5,1125.7,348.45,0
321,10678,506227,1153.9,348.0,1097.1,349.2,1125.5,348.6,0
321,10679,506228,1153.7,347.9,1097.1,349.0,1125.4,348.45,0
321,10680,506229,1153.6,347.8,1097.1,348.9,1125.35,348.35,0
321,10681,506230,1153.6,347.7,1097.2,348.6,1125.4,348.15,0
321,10682,506231,1153.8,347.6,1097.3,348.3,1125.55,347.95,0
321,10683,506232,1154.0,347.3,1097.4,348.0,1125.7,347.65,0
321,10684,506233,1154.2,347.1,1097.7,347.8,1125.95,347.45,0
321,10685,506234,1154.4,347.0,1098.0,347.5,1126.2,347.25,0
321,10686,506235,1154.6,347.7,1098.8,347.4,1126.7,347.55,0
321,10687,506236,1154.8,348.5,1099.6,347.3,1127.2,347.9,0
321,10688,506237,1155.1,349.5,1100.3,347.3,1127.7,348.4,0
321,10689,506238,1155.3,350.4,1100.5,347.2,1127.9,348.8,0
321,10690,506239,1155.5,351.3,1100.7,347.2,1128.1,349.25,0
321,10691,506240,1155.7,352.0,1100.6,347.1,1128.15,349.55,0
321,10692,506241,1155.8,352.4,1100.4,346.8,1128.1,349.6,0
321,10693,506242,1155.7,352.0,1099.8,346.4,1127.75,349.2,0
321,10694,506243,1155.6,351.6,1099.2,345.9,1127.4,348.75,0
321,10695,506244,1155.2,351.1,1098.5,345.0,1126.85,348.05,0
321,10696,506245,1154.8,350.7,1098.3,344.3,1126.55,347.5,0
321,10697,506246,1154.4,350.7,1098.2,343.7,1126.3,347.2,0
321,10698,506247,1154.1,351.0,1098.3,343.1,1126.2,347.05,0
321,10699,506248,1153.7,351.7,1098.4,342.7,1126.05,347.2,0
321,10700,506249,1153.3,352.4,1098.5,342.3,1125.9,347.35,0
322,10701,506250,1152.9,353.2,1098.6,342.0,1125.75,347.6,0
322,10702,506251,1152.8,354.1,1098.7,342.1,1125.75,348.1,0
322,10703,506252,1152.7,355.2,1098.9,341.8,1125.8,348.5,0
322,10704,506253,1152.6,356.0,1099.0,341.4,1125.8,348.7,0
322,10705,506254,1152.8,356.8,1099.4,341.0,1126.1,348.9,0
322,10706,506255,1153.0,357.5,1099.8,340.6,1126.4,349.05,0
322,10707,506256,1153.4,358.1,1100.2,339.9,1126.8,349.0,0
322,10708,506257,1153.7,358.6,1100.7,339.0,1127.2,348.8,0
322,10709,506258,1154.0,358.8,1101.1,338.2,1127.55,348.5,0
322,10710,506259,1154.3,358.6,1101.6,337.7,1127.95,348.15,0
322,10711,506260,1154.4,358.4,1102.0,337.3,1128.2,347.85,0
322,10712,506261,1153.9,358.2,1101.9,336.8,1127.9,347.5,0
322,10713,506262,1153.3,358.0,1101.8,336.3,1127.55,347.15,0
322,10714,506263,1152.8,358.1,1101.5,336.1,1127.15,347.1,0
322,10715,506264,1152.2,358.4,1101.1,336.0,1126.65,347.2,0
322,10716,506265,1151.7,358.8,1100.8,335.7,1126.25,347.25,0
322,10717,506266,1151.6,359.1,1100.5,335.4,1126.05,347.25,0
322,10718,506267,1151.5,359.5,1100.2,335.1,1125.85,347.3,0
322,10719,506268,1151.9,360.0,1100.0,334.8,1125.95,347.4,0
322,10720,506269,1152.3,360.4,1099.8,334.4,1126.05,347.4,0
322,10721,506270,1152.7,360.5,1099.8,333.7,1126.25,347.1,0
322,10722,506271,1153.0,360.7,1099.9,333.0,1126.45,346.85,0
322,10723,506272,1153.2,360.5,1100.0,332.3,1126.6,346.4,0
322,10724,506273,1153.0,360.3,1100.1,331.4,1126.55,345.85,0
322,10725,506274,1152.6,360.1,1100.2,330.5,1126.4,345.3,0
322,10726,506275,1152.1,359.9,1100.3,329.9,1126.2,344.9,0
322,10727,506276,1151.7,359.8,1100.4,329.6,1126.05,344.7,0
322,10728,506277,1151.2,359.8,1100.6,329.6,1125.9,344.7,0
322,10729,506278,1150.8,359.7,1100.8,329.8,1125.8,344.75,0
322,10730,506279,1150.5,359.9,1101.1,330.4,1125.8,345.15,0
322,10731,506280,1150.3,360.1,1101.5,331.1,1125.9,345.6,0
322,10732,506281,1150.3,360.3,1101.8,331.8,1126.05,346.05,0
322,10733,506282,1150.2,360.2,1102.2,332.4,1126.2,346.3,0
323,10734,506283,1150.1,359.9,1102.5,332.6,1126.3,346.25,0
323,10735,506284,1150.0,359.7,1102.7,332.8,1126.35,346.25,0
323,10736,506285,1149.8,359.3,1102.9,333.0,1126.35,346.15,0
323,10737,506286,1149.7,358.4,1103.0,333.0,1126.35,345.7,0
323,10738,506287,1149.7,357.6,1102.9,333.0,1126.3,345.3,0
323,10739,506288,1150.2,356.7,1102.7,333.1,1126.45,344.9,0
323,10740,506289,1150.6,355.9,1102.6,333.2,1126.6,344.55,0
323,10741,506290,1151.1,355.1,1102.4,333.9,1126.75,344.5,0
323,10742,506291,1151.3,354.3,1102.3,334.7,1126.8,344.5,0
323,10743,506292,1151.6,353.6,1102.1,335.3,1126.85,344.45,0
323,10744,506293,1151.7,353.3,1102.0,335.9,1126.85,344.6,0
323,10745,506294,1151.7,352.9,1102.0,336.5,1126.85,344.7,0
323,10746,506295,1151.1,352.2,1102.1,337.1,1126.6,344.65,0
323,10747,506296,1150.7,351.5,1102.2,338.1,1126.45,344.8,0
323,10748,506297,1150.3,350.9,1102.4,338.6,1126.35,344.75,0
323,10749,506298,1150.3,349.2,1102.6,339.3,1126.45,344.25,0
323,10750,506299,1150.2,347.7,1102.9,340.5,1126.55,344.1,0
323,10751,506300,1150.3,346.3,1103.1,341.6,1126.7,343.95,0
323,10752,506301,1150.5,344.8,1103.2,342.8,1126.85,343.8,0
323,10753,506302,1150.7,343.6,1103.3,343.9,1127.0,343.75,0
323,10754,506303,1150.9,342.4,1103.3,344.6,1127.1,343.5,0
323,10755,506304,1150.6,340.9,1103.4,345.3,1127.0,343.1,0
323,10756,506305,1150.2,340.1,1103.3,345.8,1126.75,342.95,0
323,10757,506306,1149.9,339.3,1103.4,346.0,1126.65,342.65,0
323,10758,506307,1149.5,338.5,1103.4,346.4,1126.45,342.45,0
323,10759,506308,1149.3,337.7,1103.3,347.1,1126.3,342.4,0
323,10760,506309,1149.0,337.0,1103.2,348.2,1126.1,342.6,0
323,10761,506310,1149.1,336.3,1103.2,349.5,1126.15,342.9,0
323,10762,506311,1149.5,335.6,1103.1,350.8,1126.3,343.2,0
323,10763,506312,1150.0,335.3,1103.1,352.3,1126.55,343.8,0
323,10764,506313,1150.7,335.0,1103.3,353.7,1127.0,344.35,0
323,10765,506314,1152.6,335.1,1103.6,356.2,1128.1,345.65,0
323,10766,506315,1154.5,335.8,1104.3,358.4,1129.4,347.1,0
324,10767,506316,1158.4,336.8,1105.5,360.9,1131.95,348.85,0
324,10768,506317,1162.2,338.0,1107.2,363.2,1134.7,350.6,0
324,10769,506318,1167.0,340.0,1109.7,366.4,1138.35,353.2,0
324,10770,506319,1172.9,342.1,1113.0,369.3,1142.95,355.7,0
324,10771,506320,1179.2,344.5,1116.6,373.2,1147.9,358.85,0
324,10772,506321,1184.2,346.6,1121.3,375.7,1152.75,361.15,0
324,10773,506322,1189.9,348.5,1125.6,378.4,1157.75,363.45,0
324,10774,506323,1193.8,350.9,1129.7,380.5,1161.75,365.7,0
324,10775,506324,1197.5,353.3,1133.4,384.0,1165.45,368.65,0
324,10776,506325,1200.4,355.9,1136.3,386.8,1168.35,371.35,0
324,10777,506326,1202.2,358.5,1138.5,389.3,1170.35,373.9,0
324,10778,506327,1203.3,361.1,1140.0,390.8,1171.65,375.95,0
324,10779,506328,1204.2,363.9,1140.4,391.6,1172.3,377.75,0
324,10780,506329,1203.9,366.3,1140.5,392.3,1172.2,379.3,0
324,10781,506330,1203.5,368.0,1140.3,392.8,1171.9,380.4,0
324,10782,506331,1202.3,369.6,1139.9,392.0,1171.1,380.8,0
324,10783,506332,1200.5,370.4,1139.4,391.1,1169.95,380.75,0
324,10784,506333,1198.5,371.1,1138.8,390.2,1168.65,380.65,0
324,10785,506334,1196.7,371.6,1138.3,389.3,1167.5,380.45,0
324,10786,506335,1194.8,371.8,1137.8,388.9,1166.3,380.35,0
324,10787,506336,1193.2,371.9,1137.3,387.5,1165.25,379.7,0
324,10788,506337,1191.6,372.0,1136.6,386.2,1164.1,379.1,0
324,10789,506338,1190.6,372.1,1136.1,384.8,1163.35,378.45,0
324,10790,506339,1190.0,372.2,1135.6,383.7,1162.8,377.95,0
324,10791,506340,1189.5,372.7,1134.9,382.6,1162.2,377.65,0
324,10792,506341,1188.9,373.4,1134.2,381.7,1161.55,377.55,0
324,10793,506342,1188.4,374.0,1133.6,381.0,1161.0,377.5,0
324,10794,506343,1188.6,374.7,1133.3,381.2,1160.95,377.95,0
324,10795,506344,1188.7,375.4,1133.1,381.4,1160.9,378.4,0
324,10796,506345,1188.8,376.3,1133.3,381.7,1161.05,379.0,0
324,10797,506346,1188.9,377.2,1133.5,381.7,1161.2,379.45,0
324,10798,506347,1188.9,377.8,1133.9,381.7,1161.4,379.75,0
324,10799,506348,1188.9,378.1,1134.5,381.6,1161.7,379.85,0
324,10800,506349,1189.0,378.4,1135.1,381.6,1162.05,380.0,0
325,10801,506350,1188.9,378.8,1135.6,381.6,1162.25,380.2,0
325,10802,506351,1188.9,379.2,1136.1,381.4,1162.5,380.3,0
325,10803,506352,1189.0,379.3,1136.2,381.3,1162.6,380.3,0
325,10804,506353,1189.1,379.5,1136.4,381.2,1162.75,380.35,0
325,10805,506354,1189.5,379.8,1136.6,381.0,1163.05,380.4,0
325,10806,506355,1189.8,380.1,1136.6,380.7,1163.2,380.4,0
325,10807,506356,1190.2,380.3,1136.6,380.1,1163.4,380.2,0
325,10808,506357,1190.4,380.5,1136.7,379.4,1163.55,379.95,0
325,10809,506358,1190.5,380.8,1136.8,378.8,1163.65,379.8,0
325,10810,506359,1190.6,381.2,1137.2,378.2,1163.9,379.7,0
325,10811,506360,1190.7,382.0,1137.7,377.6,1164.2,379.8,0
325,10812,506361,1191.0,382.8,1138.0,377.1,1164.5,379.95,0
325,10813,506362,1191.3,383.9,1138.4,376.8,1164.85,380.35,0
325,10814,506363,1191.6,385.0,1138.8,376.7,1165.2,380.85,0
325,10815,506364,1191.8,386.1,1139.2,376.6,1165.5,381.35,0
325,10816,506365,1191.9,387.1,1139.6,376.6,1165.75,381.85,0
325,10817,506366,1191.9,388.0,1139.8,376.6,1165.85,382.3,0
325,10818,506367,1192.0,388.4,1139.9,376.7,1165.95,382.55,0
325,10819,506368,1191.8,388.9,1139.9,376.9,1165.85,382.9,0
325,10820,506369,1191.6,389.1,1140.1,377.0,1165.85,383.05,0
325,10821,506370,1191.4,389.3,1140.1,376.8,1165.75,383.05,0
325,10822,506371,1191.3,389.4,1140.1,376.6,1165.7,383.0,0
325,10823,506372,1191.2,389.6,1140.1,376.2,1165.65,382.9,0
325,10824,506373,1191.1,389.7,1140.0,375.8,1165.55,382.75,0
325,10825,506374,1191.0,389.9,1140.0,375.2,1165.5,382.55,0
325,10826,506375,1190.9,390.1,1140.0,374.6,1165.45,382.35,0
325,10827,506376,1190.8,390.3,1140.1,373.6,1165.45,381.95,0
325,10828,506377,1190.8,390.6,1140.2,373.1,1165.5,381.85,0
325,10829,506378,1190.8,390.8,1140.3,372.5,1165.55,381.65,0
325,10830,506379,1190.9,391.0,1140.4,372.1,1165.65,381.55,0
325,10831,506380,1191.1,391.3,1140.6,371.7,1165.85,381.5,0
325,10832,506381,1191.2,391.6,1140.6,371.1,1165.9,381.35,0
325,10833,506382,1191.5,391.7,1140.6,370.6,1166.05,381.15,0
326,10834,506383,1191.7,391.9,1140.6,370.4,1166.15,381.15,0
326,10835,506384,1191.8,392.1,1140.6,370.0,1166.2,381.05,0
326,10836,506385,1191.9,392.2,1140.5,369.7,1166.2,380.95,0
326,10837,506386,1191.9,392.5,1140.3,369.3,1166.1,380.9,0
326,10838,506387,1191.8,392.7,1140.2,368.8,1166.0,380.75,0
326,10839,506388,1191.7,393.0,1140.1,368.5,1165.9,380.75,0
326,10840,506389,1191.6,393.2,1140.0,368.1,1165.8,380.65,0
326,10841,506390,1191.5,393.4,1140.1,367.4,1165.8,380.4,0
326,10842,506391,1191.5,393.6,1140.2,366.7,1165.85,380.15,0
326,10843,506392,1191.4,393.8,1140.3,366.1,1165.85,379.95,0
326,10844,506393,1191.3,393.9,1140.4,365.6,1165.85,379.75,0
326,10845,506394,1191.3,393.9,1140.5,365.1,1165.9,379.5,0
326,10846,506395,1191.2,394.1,1140.6,364.6,1165.9,379.35,0
326,10847,506396,1191.1,394.2,1140.6,364.0,1165.85,379.1,0
326,10848,506397,1191.0,394.2,1140.6,363.9,1165.8,379.05,0
326,10849,506398,1190.7,394.3,1140.5,363.9,1165.6,379.1,0
326,10850,506399,1190.5,394.3,1140.5,363.8,1165.5,379.05,0
326,10851,506400,1190.4,394.3,1140.5,363.6,1165.45,378.95,0
326,10852,506401,1190.3,394.2,1140.5,363.6,1165.4,378.9,0
326,10853,506402,1190.5,394.0,1140.4,363.6,1165.45,378.8,0
326,10854,506403,1190.7,393.9,1140.4,363.6,1165.55,378.75,0
326,10855,506404,1190.9,393.8,1140.4,363.7,1165.65,378.75,0
326,10856,506405,1191.3,393.7,1140.6,363.8,1165.95,378.75,0
326,10857,506406,1191.7,393.7,1140.7,363.8,1166.2,378.75,0
326,10858,506407,1192.1,393.6,1141.0,363.8,1166.55,378.7,0
326,10859,506408,1192.5,393.6,1141.2,363.9,1166.85,378.75,0
326,10860,506409,1192.6,393.7,1141.4,364.0,1167.0,378.85,0
326,10861,506410,1192.7,393.8,1141.6,364.0,1167.15,378.9,0
326,10862,506411,1192.9,393.9,1141.7,364.2,1167.3,379.05,0
326,10863,506412,1193.0,394.1,1141.8,364.4,1167.4,379.25,0
326,10864,506413,1193.1,394.2,1141.7,364.9,1167.4,379.55,0
326,10865,506414,1193.2,394.1,1141.6,365.4,1167.4,379.75,0
326,10866,506415,1193.3,393.6,1141.4,365.9,1167.35,379.75,0
327,10867,506416,1193.4,393.0,1141.1,366.4,1167.25,379.7,0
327,10868,506417,1193.6,392.4,1140.9,367.1,1167.25,379.75,0
327,10869,506418,1193.8,391.8,1140.6,367.8,1167.2,379.8,0
327,10870,506419,1194.0,391.4,1140.3,368.4,1167.15,379.9,0
327,10871,506420,1194.2,391.0,1139.9,368.6,1167.05,379.8,0
327,10872,506421,1194.2,390.7,1139.6,368.9,1166.9,379.8,0
327,10873,506422,1194.2,390.7,1139.3,369.2,1166.75,379.95,0
327,10874,506423,1194.2,390.8,1139.1,369.3,1166.65,380.05,0
327,10875,506424,1194.0,390.8,1138.9,369.2,1166.45,380.0,0
327,10876,506425,1193.9,390.8,1138.7,369.1,1166.3,379.95,0
327,10877,506426,1193.8,390.6,1138.6,369.2,1166.2,379.9,0
327,10878,506427,1193.6,390.5,1138.6,369.4,1166.1,379.95,0
327,10879,506428,1193.7,390.3,1138.5,370.5,1166.1,380.4,0
327,10880,506429,1193.7,390.2,1138.4,371.6,1166.05,380.9,0
327,10881,506430,1193.7,390.2,1138.2,372.7,1165.95,381.45,0
327,10882,506431,1193.8,390.3,1137.9,373.8,1165.85,382.05,0
327,10883,506432,1194.0,390.4,1137.6,375.0,1165.8,382.7,0
327,10884,506433,1194.2,390.5,1137.3,375.9,1165.75,383.2,0
327,10885,506434,1194.3,390.6,1137.1,376.6,1165.7,383.6,0
327,10886,506435,1194.4,390.7,1137.1,376.6,1165.75,383.65,0
327,10887,506436,1194.4,390.8,1137.1,376.7,1165.75,383.75,0
327,10888,506437,1194.5,390.8,1137.1,376.7,1165.8,383.75,0
327,10889,506438,1194.6,390.7,1137.3,376.8,1165.95,383.75,0
327,10890,506439,1194.4,390.5,1137.4,376.8,1165.9,383.65,0
327,10891,506440,1194.2,390.4,1137.7,376.9,1165.95,383.65,0
327,10892,506441,1194.0,390.3,1137.8,377.0,1165.9,383.65,0
327,10893,506442,1194.0,390.2,1137.8,377.1,1165.9,383.65,0
327,10894,506443,1194.3,389.9,1137.7,377.2,1166.0,383.55,0
327,10895,506444,1194.6,389.6,1137.4,377.3,1166.0,383.45,0
327,10896,506445,1194.9,389.3,1137.1,377.5,1166.0,383.4,0
327,10897,506446,1195.2,388.9,1136.8,378.0,1166.0,383.45,0
327,10898,506447,1195.5,388.2,1136.6,378.6,1166.05,383.4,0
327,10899,506448,1195.7,387.4,1136.3,379.1,1166.0,383.25,0
327,10900,506449,1195.8,386.5,1136.1,379.7,1165.95,383.1,0
328,10901,506450,1195.4,385.7,1136.2,380.2,1165.8,382.95,0
328,10902,506451,1195.0,384.9,1136.2,380.8,1165.6,382.85,0
328,10903,506452,1194.6,383.9,1136.3,381.3,1165.45,382.6,0
328,10904,506453,1194.3,382.9,1136.4,381.9,1165.35,382.4,0
328,10905,506454,1193.9,382.1,1136.4,382.5,1165.15,382.3,0
328,10906,506455,1193.7,381.4,1136.4,383.0,1165.05,382.2,0
328,10907,506456,1193.7,380.9,1136.3,383.6,1165.0,382.25,0
328,10908,506457,1193.6,380.3,1136.2,384.0,1164.9,382.15,0
328,10909,506458,1193.6,379.8,1135.8,384.5,1164.7,382.15,0
328,10910,506459,1193.5,379.5,1135.3,385.1,1164.4,382.3,0
328,10911,506460,1193.5,378.8,1134.9,385.5,1164.2,382.15,0
328,10912,506461,1193.6,378.1,1134.5,385.9,1164.05,382.0,0
328,10913,506462,1193.7,377.5,1134.0,386.3,1163.85,381.9,0
328,10914,506463,1193.8,376.8,1133.7,386.7,1163.75,381.75,0
328,10915,506464,1193.9,376.1,1133.4,387.2,1163.65,381.65,0
328,10916,506465,1194.0,374.8,1133.3,387.6,1163.65,381.2,0
328,10917,506466,1194.1,373.6,1133.3,388.1,1163.7,380.85,0
328,10918,506467,1194.1,372.8,1133.2,388.3,1163.65,380.55,0
328,10919,506468,1194.2,371.9,1133.2,388.5,1163.7,380.2,0
328,10920,506469,1194.3,371.1,1133.1,388.7,1163.7,379.9,0
328,10921,506470,1194.4,370.4,1133.2,389.0,1163.8,379.7,0
328,10922,506471,1194.5,369.6,1133.3,389.1,1163.9,379.35,0
328,10923,506472,1194.6,369.4,1133.5,389.3,1164.05,379.35,0
328,10924,506473,1194.7,369.2,1133.6,389.2,1164.15,379.2,0
328,10925,506474,1194.9,369.1,1133.6,389.1,1164.25,379.1,0
328,10926,506475,1194.8,369.0,1133.6,389.0,1164.2,379.0,0
328,10927,506476,1194.8,368.9,1133.6,388.9,1164.2,378.9,0
328,10928,506477,1194.8,368.9,1133.5,388.8,1164.15,378.85,0
328,10929,506478,1194.7,369.0,1133.4,388.8,1164.05,378.9,0
328,10930,506479,1194.6,368.9,1133.3,389.3,1163.95,379.1,0
328,10931,506480,1194.3,368.9,1133.2,389.7,1163.75,379.3,0
328,10932,506481,1193.8,368.8,1133.4,390.2,1163.6,379.5,0
328,10933,506482,1193.3,368.7,1133.8,390.6,1163.55,379.65,0
329,10934,506483,1192.8,368.5,1134.3,391.1,1163.55,379.8,0
329,10935,506484,1192.3,368.4,1134.7,391.5,1163.5,379.95,0
329,10936,506485,1191.9,368.4,1135.2,391.9,1163.55,380.15,0
329,10937,506486,1191.6,368.5,1135.6,391.8,1163.6,380.15,0
329,10938,506487,1191.5,368.6,1136.0,391.6,1163.75,380.1,0
329,10939,506488,1191.6,368.7,1136.3,391.5,1163.95,380.1,0
329,10940,506489,1191.7,368.8,1136.3,391.4,1164.0,380.1,0
329,10941,506490,1191.8,369.0,1136.2,391.2,1164.0,380.1,0
329,10942,506491,1191.9,369.1,1135.8,391.0,1163.85,380.05,0
329,10943,506492,1191.9,369.1,1135.4,390.9,1163.65,380.0,0
329,10944,506493,1191.8,369.0,1135.2,390.8,1163.5,379.9,0
329,10945,506494,1191.7,368.8,1135.1,390.8,1163.4,379.8,0
329,10946,506495,1191.5,368.2,1135.1,390.8,1163.3,379.5,0
329,10947,506496,1191.3,367.6,1135.2,390.8,1163.25,379.2,0
329,10948,506497,1191.3,367.0,1135.6,391.1,1163.45,379.05,0
329,10949,506498,1191.3,366.5,1136.3,391.4,1163.8,378.95,0
329,10950,506499,1191.3,366.1,1137.0,391.6,1164.15,378.85,0
329,10951,506500,1191.6,365.9,1137.5,392.3,1164.55,379.1,0
329,10952,506501,1191.8,365.7,1137.9,393.0,1164.85,379.35,0
329,10953,506502,1192.1,366.1,1138.2,393.8,1165.15,379.95,0
329,10954,506503,1192.5,366.4,1138.3,394.5,1165.4,380.45,0
329,10955,506504,1192.7,366.8,1138.2,395.1,1165.45,380.95,0
329,10956,506505,1192.8,367.1,1138.0,395.5,1165.4,381.3,0
329,10957,506506,1192.8,367.2,1137.8,395.8,1165.3,381.5,0
329,10958,506507,1192.7,367.3,1137.5,395.8,1165.1,381.55,0
329,10959,506508,1192.5,367.4,1137.3,395.7,1164.9,381.55,0
329,10960,506509,1192.4,367.3,1137.1,395.5,1164.75,381.4,0
329,10961,506510,1192.2,367.2,1136.9,395.3,1164.55,381.25,0
329,10962,506511,1192.1,367.2,1136.8,395.0,1164.45,381.1,0
329,10963,506512,1192.0,367.0,1136.8,395.2,1164.4,381.1,0
329,10964,506513,1192.1,367.0,1136.8,395.6,1164.45,381.3,0
329,10965,506514,1192.0,367.0,1136.9,395.9,1164.45,381.45,0
329,10966,506515,1192.0,367.0,1136.9,396.3,1164.45,381.65,0
330,10967,506516,1192.0,367.0,1137.0,396.5,1164.5,381.75,0
330,10968,506517,1191.9,367.0,1137.0,396.7,1164.45,381.85,0
330,10969,506518,1191.9,367.0,1137.0,396.4,1164.45,381.7,0
330,10970,506519,1191.7,367.1,1136.9,395.8,1164.3,381.45,0
330,10971,506520,1191.7,367.1,1136.9,395.2,1164.3,381.15,0
330,10972,506521,1191.6,367.1,1136.9,394.6,1164.25,380.85,0
330,10973,506522,1191.6,367.1,1137.1,393.9,1164.35,380.5,0
330,10974,506523,1191.5,367.1,1137.2,393.4,1164.35,380.25,0
330,10975,506524,1191.2,367.0,1137.4,392.9,1164.3,379.95,0
330,10976,506525,1191.0,367.2,1137.7,392.9,1164.35,380.05,0
330,10977,506526,1190.8,367.4,1138.1,392.8,1164.45,380.1,0
330,10978,506527,1190.7,367.5,1138.6,392.8,1164.65,380.15,0
330,10979,506528,1190.5,367.7,1138.9,392.7,1164.7,380.2,0
330,10980,506529,1190.5,367.7,1139.2,392.6,1164.85,380.15,0
330,10981,506530,1190.5,367.8,1139.8,392.4,1165.15,380.1,0
330,10982,506531,1190.8,367.8,1140.3,392.1,1165.55,379.95,0
330,10983,506532,1191.0,367.9,1140.7,391.8,1165.85,379.85,0
330,10984,506533,1191.1,368.0,1140.9,391.5,1166.0,379.75,0
330,10985,506534,1191.3,368.1,1141.0,391.1,1166.15,379.6,0
330,10986,506535,1191.4,368.2,1141.1,390.8,1166.25,379.5,0
330,10987,506536,1191.4,368.6,1141.2,390.5,1166.3,379.55,0
330,10988,506537,1191.4,369.0,1141.1,390.6,1166.25,379.8,0
330,10989,506538,1191.3,369.3,1140.9,391.0,1166.1,380.15,0
330,10990,506539,1191.2,369.5,1140.8,391.4,1166.0,380.45,0
330,10991,506540,1191.0,369.5,1140.7,391.6,1165.85,380.55,0
330,10992,506541,1190.8,369.5,1140.7,391.9,1165.75,380.7,0
330,10993,506542,1190.6,369.6,1140.6,391.6,1165.6,380.6,0
330,10994,506543,1190.3,369.6,1140.6,391.2,1165.45,380.4,0
330,10995,506544,1190.0,369.6,1140.5,390.4,1165.25,380.0,0
330,10996,506545,1189.7,369.5,1140.5,389.6,1165.1,379.55,0
330,10997,506546,1189.6,369.6,1140.5,388.7,1165.05,379.15,0
330,10998,506547,1189.4,369.8,1140.4,387.9,1164.9,378.85,0
330,10999,506548,1189.4,370.5,1140.2,387.2,1164.8,378.85,0
330,11000,506549,1189.2,371.0,1139.9,387.0,1164.55,379.0,0
331,11001,506550,1189.0,371.6,1139.7,386.9,1164.35,379.25,0
331,11002,506551,1188.9,372.2,1139.5,386.7,1164.2,379.45,0
331,11003,506552,1188.8,372.9,1139.4,386.6,1164.1,379.75,0
331,11004,506553,1188.7,373.5,1139.4,386.4,1164.05,379.95,0
331,11005,506554,1188.6,374.1,1139.3,386.3,1163.95,380.2,0
331,11006,506555,1188.4,374.2,1139.4,386.1,1163.9,380.15,0
331,11007,506556,1188.1,374.4,1139.5,385.7,1163.8,380.05,0
331,11008,506557,1187.8,374.7,1139.6,385.1,1163.7,379.9,0
331,11009,506558,1187.5,374.9,1139.6,384.6,1163.55,379.75,0
331,11010,506559,1187.2,375.3,1139.4,384.1,1163.3,379.7,0
331,11011,506560,1186.8,375.9,1139.3,383.6,1163.05,379.75,0
331,11012,506561,1186.5,376.5,1139.1,383.0,1162.8,379.75,0
331,11013,506562,1186.2,377.2,1139.0,382.5,1162.6,379.85,0
331,11014,506563,1186.2,377.8,1138.9,382.2,1162.55,380.0,0
331,11015,506564,1186.2,378.4,1138.6,382.0,1162.4,380.2,0
331,11016,506565,1186.2,379.0,1138.3,381.7,1162.25,380.35,0
331,11017,506566,1186.1,379.5,1137.8,381.3,1161.95,380.4,0
331,11018,506567,1186.0,380.2,1137.4,380.8,1161.7,380.5,0
331,11019,506568,1185.9,380.6,1137.0,380.0,1161.45,380.3,0
331,11020,506569,1185.8,381.0,1136.3,379.1,1161.05,380.05,0
331,11021,506570,1185.7,381.1,1135.8,378.2,1160.75,379.65,0
331,11022,506571,1185.6,381.1,1135.7,377.3,1160.65,379.2,0
331,11023,506572,1185.4,380.9,1135.9,376.5,1160.65,378.7,0
331,11024,506573,1185.4,380.8,1136.3,375.6,1160.85,378.2,0
331,11025,506574,1185.3,380.4,1136.7,374.8,1161.0,377.6,0
331,11026,506575,1185.3,380.1,1137.1,374.4,1161.2,377.25,0
331,11027,506576,1185.2,379.8,1137.6,374.1,1161.4,376.95,0
331,11028,506577,1185.1,380.0,1138.0,373.7,1161.55,376.85,0
331,11029,506578,1185.0,380.2,1138.0,373.5,1161.5,376.85,0
331,11030,506579,1184.9,381.0,1137.6,373.5,1161.25,377.25,0
331,11031,506580,1185.1,381.7,1137.2,373.6,1161.15,377.65,0
331,11032,506581,1185.3,382.4,1136.8,373.7,1161.05,378.05,0
331,11033,506582,1185.5,383.2,1136.5,373.8,1161.0,378.5,0
332,11034,506583,1185.2,384.0,1136.1,373.7,1160.65,378.85,0
332,11035,506584,1185.0,384.8,1135.9,373.5,1160.45,379.15,0
332,11036,506585,1184.7,385.6,1135.9,373.3,1160.3,379.45,0
332,11037,506586,1184.6,385.9,1135.9,372.9,1160.25,379.4,0
332,11038,506587,1184.2,386.3,1136.1,372.5,1160.15,379.4,0
332,11039,506588,1184.0,386.6,1136.4,371.9,1160.2,379.25,0
332,11040,506589,1183.7,386.8,1136.6,371.4,1160.15,379.1,0
332,11041,506590,1183.9,387.0,1136.9,371.2,1160.4,379.1,0
332,11042,506591,1184.2,387.2,1137.1,371.1,1160.65,379.15,0
332,11043,506592,1184.5,387.3,1137.1,371.1,1160.8,379.2,0
332,11044,506593,1184.9,387.5,1137.0,371.2,1160.95,379.35,0
332,11045,506594,1185.2,387.6,1136.6,371.4,1160.9,379.5,0
332,11046,506595,1185.5,387.7,1136.2,371.6,1160.85,379.65,0
332,11047,506596,1185.7,387.8,1135.9,371.9,1160.8,379.85,0
332,11048,506597,1186.0,388.0,1135.5,372.0,1160.75,380.0,0
332,11049,506598,1186.2,388.2,1135.2,372.0,1160.7,380.1,0
332,11050,506599,1186.4,388.6,1135.0,371.9,1160.7,380.25,0
332,11051,506600,1186.3,389.0,1135.0,371.7,1160.65,380.35,0
332,11052,506601,1186.2,389.4,1135.4,371.6,1160.8,380.5,0
332,11053,506602,1185.9,389.8,1135.9,371.4,1160.9,380.6,0
332,11054,506603,1185.6,390.0,1136.3,371.2,1160.95,380.6,0
332,11055,506604,1185.3,390.1,1136.5,370.9,1160.9,380.5,0
332,11056,506605,1185.1,390.2,1136.8,370.6,1160.95,380.4,0
332,11057,506606,1184.9,390.0,1137.1,370.3,1161.0,380.15,0
332,11058,506607,1184.8,389.7,1137.4,369.9,1161.1,379.8,0
332,11059,506608,1184.8,389.5,1137.3,369.6,1161.05,379.55,0
332,11060,506609,1185.0,389.3,1137.2,369.2,1161.1,379.25,0
332,11061,506610,1185.2,389.1,1137.1,369.0,1161.15,379.05,0
332,11062,506611,1185.3,389.0,1137.2,368.7,1161.25,378.85,0
332,11063,506612,1185.8,388.9,1137.2,368.3,1161.5,378.6,0
332,11064,506613,1186.1,389.0,1137.2,368.0,1161.65,378.5,0
332,11065,506614,1186.5,389.1,1137.1,367.8,1161.8,378.45,0
332,11066,506615,1186.8,389.3,1137.0,367.7,1161.9,378.5,0
333,11067,506616,1187.2,389.4,1137.0,367.5,1162.1,378.45,0
333,11068,506617,1187.6,389.6,1137.5,367.2,1162.55,378.4,0
333,11069,506618,1188.1,389.3,1138.0,367.1,1163.05,378.2,0
333,11070,506619,1188.2,389.0,1138.4,367.0,1163.3,378.0,0
333,11071,506620,1188.4,388.8,1138.7,366.9,1163.55,377.85,0
333,11072,506621,1188.6,388.7,1139.0,366.7,1163.8,377.7,0
333,11073,506622,1188.7,389.0,1139.4,366.7,1164.05,377.85,0
333,11074,506623,1188.8,389.3,1139.6,366.6,1164.2,377.95,0
333,11075,506624,1188.7,389.6,1139.4,366.8,1164.05,378.2,0
333,11076,506625,1188.5,390.2,1139.1,367.0,1163.8,378.6,0
333,11077,506626,1188.2,390.7,1138.9,367.1,1163.55,378.9,0
333,11078,506627,1188.0,390.8,1138.7,367.3,1163.35,379.05,0
333,11079,506628,1187.7,390.7,1138.5,367.5,1163.1,379.1,0
333,11080,506629,1187.5,390.2,1138.3,368.0,1162.9,379.1,0
333,11081,506630,1187.3,389.8,1138.1,368.4,1162.7,379.1,0
333,11082,506631,1187.1,389.5,1137.9,368.9,1162.5,379.2,0
333,11083,506632,1187.1,389.3,1137.7,369.5,1162.4,379.4,0
333,11084,506633,1187.1,389.2,1137.6,369.9,1162.35,379.55,0
333,11085,506634,1187.2,389.4,1137.7,370.3,1162.45,379.85,0
333,11086,506635,1187.4,389.7,1137.9,370.6,1162.65,380.15,0
333,11087,506636,1187.5,389.8,1138.1,370.8,1162.8,380.3,0
333,11088,506637,1187.7,389.2,1137.9,370.9,1162.8,380.05,0
333,11089,506638,1187.8,388.4,1137.8,370.8,1162.8,379.6,0
333,11090,506639,1188.0,387.6,1137.6,370.9,1162.8,379.25,0
333,11091,506640,1187.9,386.8,1137.5,371.1,1162.7,378.95,0
333,11092,506641,1187.8,385.9,1137.3,371.5,1162.55,378.7,0
333,11093,506642,1187.4,385.1,1137.1,371.9,1162.25,378.5,0
333,11094,506643,1186.9,384.2,1137.0,372.1,1161.95,378.15,0
333,11095,506644,1186.4,384.1,1137.2,372.4,1161.8,378.25,0
333,11096,506645,1186.0,384.0,1137.4,372.7,1161.7,378.35,0
333,11097,506646,1185.6,383.8,1137.7,373.0,1161.65,378.4,0
333,11098,506647,1185.3,383.7,1137.9,373.1,1161.6,378.4,0
333,11099,506648,1185.0,384.0,1138.0,373.0,1161.5,378.5,0
333,11100,506649,1185.1,384.2,1138.1,372.9,1161.6,378.55,0
334,11101,506650,1185.1,384.4,1138.2,372.7,1161.65,378.55,0
334,11102,506651,1185.2,384.3,1138.3,373.1,1161.75,378.7,0
334,11103,506652,1185.3,384.2,1138.4,373.5,1161.85,378.85,0
334,11104,506653,1185.4,384.0,1138.4,373.8,1161.9,378.9,0
334,11105,506654,1185.5,383.5,1138.5,374.3,1162.0,378.9,0
334,11106,506655,1185.5,382.8,1138.4,374.7,1161.95,378.75,0
334,11107,506656,1185.7,382.1,1138.4,375.2,1162.05,378.65,0
334,11108,506657,1185.7,381.2,1138.0,375.8,1161.85,378.5,0
334,11109,506658,1185.8,380.6,1137.7,375.9,1161.75,378.25,0
334,11110,506659,1185.8,379.9,1137.4,376.0,1161.6,377.95,0
334,11111,506660,1185.7,379.2,1137.0,376.2,1161.35,377.7,0
334,11112,506661,1185.6,378.7,1136.7,376.3,1161.15,377.5,0
334,11113,506662,1185.5,378.1,1136.4,376.4,1160.95,377.25,0
334,11114,506663,1185.3,377.6,1136.3,376.4,1160.8,377.0,0
334,11115,506664,1185.2,377.2,1136.4,376.3,1160.8,376.75,0
334,11116,506665,1185.1,376.8,1136.5,376.2,1160.8,376.5,0
334,11117,506666,1185.0,376.4,1136.5,376.0,1160.75,376.2,0
334,11118,506667,1185.0,376.1,1136.6,375.9,1160.8,376.0,0
334,11119,506668,1185.1,375.9,1136.5,375.9,1160.8,375.9,0
334,11120,506669,1185.2,375.7,1136.3,376.2,1160.75,375.95,0
334,11121,506670,1185.2,375.5,1136.1,376.5,1160.65,376.0,0
334,11122,506671,1185.1,375.3,1135.9,376.8,1160.5,376.05,0
334,11123,506672,1185.1,374.8,1135.6,377.1,1160.35,375.95,0
334,11124,506673,1185.1,374.4,1135.3,377.5,1160.2,375.95,0
334,11125,506674,1185.2,374.0,1135.0,377.9,1160.1,375.95,0
334,11126,506675,1185.2,373.6,1134.8,378.3,1160.0,375.95,0
334,11127,506676,1185.3,373.1,1134.6,378.5,1159.95,375.8,0
334,11128,506677,1185.4,372.6,1134.4,378.7,1159.9,375.65,0
334,11129,506678,1185.4,372.2,1134.2,379.7,1159.8,375.95,0
334,11130,506679,1185.5,372.0,1134.0,380.8,1159.75,376.4,0
334,11131,506680,1185.5,371.9,1133.9,381.7,1159.7,376.8,0
334,11132,506681,1185.4,371.8,1133.8,382.7,1159.6,377.25,0
334,11133,506682,1185.3,371.7,1133.8,383.6,1159.55,377.65,0
335,11134,506683,1185.0,371.6,1133.8,384.5,1159.4,378.05,0
335,11135,506684,1184.8,371.6,1133.8,385.4,1159.3,378.5,0
335,11136,506685,1184.6,371.5,1133.8,385.6,1159.2,378.55,0
335,11137,506686,1184.4,371.5,1133.9,386.2,1159.15,378.85,0
335,11138,506687,1184.3,371.3,1133.9,386.7,1159.1,379.0,0
335,11139,506688,1184.2,371.1,1133.9,387.4,1159.05,379.25,0
335,11140,506689,1184.2,370.9,1133.9,388.2,1159.05,379.55,0
335,11141,506690,1184.4,370.6,1133.9,388.9,1159.15,379.75,0
335,11142,506691,1184.6,370.3,1133.9,389.6,1159.25,379.95,0
335,11143,506692,1184.7,370.1,1134.0,390.1,1159.35,380.1,0
335,11144,506693,1184.7,369.9,1134.2,390.3,1159.45,380.1,0
335,11145,506694,1184.7,369.8,1134.3,390.6,1159.5,380.2,0
335,11146,506695,1184.5,369.8,1134.4,391.3,1159.45,380.55,0
335,11147,506696,1184.4,369.7,1134.6,391.9,1159.5,380.8,0
335,11148,506697,1184.2,369.6,1134.6,392.7,1159.4,381.15,0
335,11149,506698,1184.5,369.6,1134.6,393.5,1159.55,381.55,0
335,11150,506699,1184.8,369.4,1134.4,394.3,1159.6,381.85,0
335,11151,506700,1185.3,369.1,1134.3,395.0,1159.8,382.05,0
335,11152,506701,1185.8,368.6,1134.1,395.7,1159.95,382.15,0
335,11153,506702,1186.2,368.1,1134.1,395.7,1160.15,381.9,0
335,11154,506703,1186.7,367.5,1133.9,395.8,1160.3,381.65,0
335,11155,506704,1186.9,367.0,1133.8,395.7,1160.35,381.35,0
335,11156,506705,1186.8,366.6,1133.8,395.7,1160.3,381.15,0
335,11157,506706,1186.6,366.2,1133.7,395.8,1160.15,381.0,0
335,11158,506707,1186.5,366.0,1133.7,396.2,1160.1,381.1,0
335,11159,506708,1186.2,366.1,1133.4,397.5,1159.8,381.8,0
335,11160,506709,1186.1,366.0,1133.1,398.8,1159.6,382.4,0
335,11161,506710,1185.9,365.9,1132.9,400.1,1159.4,383.0,0
335,11162,506711,1185.9,365.7,1132.9,401.0,1159.4,383.35,0
335,11163,506712,1185.9,365.4,1133.0,401.9,1159.45,383.65,0
335,11164,506713,1186.0,365.0,1133.2,402.6,1159.6,383.8,0
335,11165,506714,1186.1,364.6,1133.4,403.0,1159.75,383.8,0
335,11166,506715,1186.2,364.2,1133.8,402.7,1160.0,383.45,0
336,11167,506716,1186.2,363.9,1134.2,402.3,1160.2,383.1,0
336,11168,506717,1186.7,363.7,1134.5,401.9,1160.6,382.8,0
336,11169,506718,1187.1,363.6,1134.7,402.7,1160.9,383.15,0
336,11170,506719,1187.6,363.8,1134.7,403.5,1161.15,383.65,0
336,11171,506720,1188.0,364.1,1134.7,404.2,1161.35,384.15,0
336,11172,506721,1188.3,364.5,1134.7,404.8,1161.5,384.65,0
336,11173,506722,1188.8,364.9,1134.7,405.1,1161.75,385.0,0
336,11174,506723,1189.2,365.4,1134.6,405.2,1161.9,385.3,0
336,11175,506724,1189.3,365.8,1134.6,405.0,1161.95,385.4,0
336,11176,506725,1189.4,366.2,1134.6,404.1,1162.0,385.15,0
336,11177,506726,1189.5,366.4,1134.5,403.2,1162.0,384.8,0
336,11178,506727,1189.5,366.6,1134.4,402.3,1161.95,384.45,0
336,11179,506728,1189.5,366.8,1134.3,401.5,1161.9,384.15,0
336,11180,506729,1189.4,367.0,1134.2,401.0,1161.8,384.0,0
336,11181,506730,1189.3,367.2,1134.3,399.5,1161.8,383.35,0
336,11182,506731,1189.1,367.4,1134.4,398.1,1161.75,382.75,0
336,11183,506732,1188.9,367.5,1134.6,396.7,1161.75,382.1,0
336,11184,506733,1188.7,367.7,1134.8,395.2,1161.75,381.45,0
336,11185,506734,1188.5,368.7,1134.8,393.7,1161.65,381.2,0
336,11186,506735,1188.3,369.6,1134.9,392.2,1161.6,380.9,0
336,11187,506736,1188.1,370.6,1135.0,390.8,1161.55,380.7,0
336,11188,506737,1188.1,371.5,1134.9,390.8,1161.5,381.15,0
336,11189,506738,1188.2,372.4,1134.8,390.7,1161.5,381.55,0
336,11190,506739,1188.4,373.2,1134.7,390.7,1161.55,381.95,0
336,11191,506740,1188.6,374.2,1134.6,390.8,1161.6,382.5,0
336,11192,506741,1189.0,374.4,1134.6,390.6,1161.8,382.5,0
336,11193,506742,1189.4,374.5,1134.6,390.4,1162.0,382.45,0
336,11194,506743,1189.7,374.7,1134.7,390.0,1162.2,382.35,0
336,11195,506744,1190.0,375.2,1134.8,389.5,1162.4,382.35,0
336,11196,506745,1190.2,375.7,1134.9,389.0,1162.55,382.35,0
336,11197,506746,1190.4,376.2,1135.0,388.5,1162.7,382.35,0
336,11198,506747,1190.4,376.7,1135.1,388.0,1162.75,382.35,0
336,11199,506748,1190.4,377.2,1135.2,387.7,1162.8,382.45,0
336,11200,506749,1190.3,377.8,1135.2,387.4,1162.75,382.6,0
337,11201,506750,1190.1,378.4,1135.2,387.2,1162.65,382.8,0
337,11202,506751,1189.8,378.7,1135.1,387.0,1162.45,382.85,0
337,11203,506752,1189.6,379.2,1134.7,386.8,1162.15,383.0,0
337,11204,506753,1189.1,379.6,1134.4,386.6,1161.75,383.1,0
337,11205,506754,1188.7,380.1,1134.0,386.3,1161.35,383.2,0
337,11206,506755,1188.3,380.6,1133.6,386.0,1160.95,383.3,0
337,11207,506756,1188.3,381.0,1133.2,385.8,1160.75,383.4,0
337,11208,506757,1188.4,381.4,1132.9,385.5,1160.65,383.45,0
337,11209,506758,1188.5,381.8,1132.6,385.3,1160.55,383.55,0
337,11210,506759,1188.7,382.2,1132.4,385.1,1160.55,383.65,0
337,11211,506760,1189.1,382.5,1132.2,384.8,1160.65,383.65,0
337,11212,506761,1189.4,383.2,1132.0,384.4,1160.7,383.8,0
337,11213,506762,1189.8,383.9,1131.9,384.2,1160.85,384.05,0
337,11214,506763,1189.8,384.5,1131.7,383.9,1160.75,384.2,0
337,11215,506764,1189.8,385.2,1131.5,383.6,1160.65,384.4,0
337,11216,506765,1189.7,385.8,1131.5,382.9,1160.6,384.35,0
337,11217,506766,1189.6,386.3,1131.6,382.0,1160.6,384.15,0
337,11218,506767,1189.6,386.8,1131.8,381.2,1160.7,384.0,0
337,11219,506768,1189.6,386.8,1132.0,380.7,1160.8,383.75,0
337,11220,506769,1189.6,387.0,1132.3,380.2,1160.95,383.6,0
337,11221,506770,1189.7,387.1,1132.5,379.8,1161.1,383.45,0
337,11222,506771,1189.8,387.2,1132.6,379.4,1161.2,383.3,0
337,11223,506772,1189.9,387.3,1132.6,379.4,1161.25,383.35,0
337,11224,506773,1190.0,387.4,1132.6,379.5,1161.3,383.45,0
337,11225,506774,1190.1,387.5,1132.6,379.3,1161.35,383.4,0
337,11226,506775,1190.1,387.6,1132.4,378.7,1161.25,383.15,0
337,11227,506776,1190.1,387.5,1132.2,378.0,1161.15,382.75,0
337,11228,506777,1190.1,387.6,1132.0,377.1,1161.05,382.35,0
337,11229,506778,1190.0,387.6,1131.9,376.3,1160.95,381.95,0
337,11230,506779,1189.8,387.8,1131.9,375.6,1160.85,381.7,0
337,11231,506780,1189.7,387.9,1132.0,374.8,1160.85,381.35,0
337,11232,506781,1189.5,388.1,1132.2,374.2,1160.85,381.15,0
337,11233,506782,1189.3,388.4,1132.7,373.7,1161.0,381.05,0
338,11234,506783,1189.1,388.5,1133.3,373.2,1161.2,380.85,0
338,11235,506784,1189.0,388.7,1133.8,372.7,1161.4,380.7,0
338,11236,506785,1188.9,388.9,1134.3,372.0,1161.6,380.45,0
338,11237,506786,1188.8,389.1,1134.8,371.3,1161.8,380.2,0
338,11238,506787,1188.7,389.3,1135.2,370.7,1161.95,380.0,0
338,11239,506788,1188.4,389.6,1135.6,370.0,1162.0,379.8,0
338,11240,506789,1188.1,389.8,1135.7,369.5,1161.9,379.65,0
338,11241,506790,1187.9,389.9,1135.8,369.0,1161.85,379.45,0
338,11242,506791,1187.8,390.1,1136.0,368.5,1161.9,379.3,0
338,11243,506792,1187.8,390.2,1136.2,368.2,1162.0,379.2,0
338,11244,506793,1187.9,390.7,1136.4,367.9,1162.15,379.3,0
338,11245,506794,1188.0,391.1,1136.5,367.6,1162.25,379.35,0
338,11246,506795,1188.2,391.5,1136.6,367.3,1162.4,379.4,0
338,11247,506796,1188.5,392.0,1136.8,367.1,1162.65,379.55,0
338,11248,506797,1188.7,392.5,1136.9,367.0,1162.8,379.75,0
338,11249,506798,1188.7,393.1,1137.0,366.9,1162.85,380.0,0
338,11250,506799,1188.6,393.6,1137.0,367.1,1162.8,380.35,0
338,11251,506800,1188.5,393.8,1137.1,367.3,1162.8,380.55,0
338,11252,506801,1188.4,394.0,1137.1,367.5,1162.75,380.75,0
338,11253,506802,1188.3,393.9,1137.2,368.0,1162.75,380.95,0
338,11254,506803,1188.2,393.8,1137.3,368.5,1162.75,381.15,0
338,11255,506804,1188.1,393.9,1137.4,368.9,1162.75,381.4,0
338,11256,506805,1188.1,393.8,1137.4,369.5,1162.75,381.65,0
338,11257,506806,1188.2,393.8,1137.4,369.7,1162.8,381.75,0
338,11258,506807,1188.3,393.6,1137.4,369.7,1162.85,381.65,0
338,11259,506808,1188.4,393.4,1137.4,369.1,1162.9,381.25,0
338,11260,506809,1188.5,393.4,1137.5,368.3,1163.0,380.85,0
338,11261,506810,1188.6,393.2,1137.6,367.6,1163.1,380.4,0
338,11262,506811,1188.5,392.9,1137.6,366.9,1163.05,379.9,0
338,11263,506812,1188.4,392.5,1137.7,366.1,1163.05,379.3,0
338,11264,506813,1188.3,392.2,1137.9,365.6,1163.1,378.9,0
338,11265,506814,1188.1,392.1,1138.1,365.3,1163.1,378.7,0
338,11266,506815,1187.8,392.1,1138.4,365.5,1163.1,378.8,0
339,11267,506816,1187.6,392.2,1138.7,365.8,1163.15,379.0,0
339,11268,506817,1187.4,392.4,1139.0,366.1,1163.2,379.25,0
339,11269,506818,1187.3,392.6,1139.4,366.5,1163.35,379.55,0
339,11270,506819,1187.2,392.9,1139.6,366.9,1163.4,379.9,0
339,11271,506820,1187.2,393.1,1139.9,367.1,1163.55,380.1,0
339,11272,506821,1187.3,393.3,1140.0,367.3,1163.65,380.3,0
339,11273,506822,1187.3,393.7,1139.8,367.3,1163.55,380.5,0
339,11274,506823,1187.4,394.2,1139.4,367.3,1163.4,380.75,0
339,11275,506824,1187.5,394.6,1139.1,367.3,1163.3,380.95,0
339,11276,506825,1187.7,395.0,1138.7,367.1,1163.2,381.05,0
339,11277,506826,1187.7,395.4,1138.4,366.9,1163.05,381.15,0
339,11278,506827,1187.7,395.7,1138.1,366.8,1162.9,381.25,0
339,11279,506828,1187.6,395.9,1137.8,366.8,1162.7,381.35,0
339,11280,506829,1187.2,396.0,1137.9,366.9,1162.55,381.45,0
339,11281,506830,1186.8,396.1,1138.1,367.1,1162.45,381.6,0
339,11282,506831,1186.4,396.1,1138.2,367.3,1162.3,381.7,0
339,11283,506832,1185.9,396.1,1138.3,367.5,1162.1,381.8,0
339,11284,506833,1185.6,396.2,1138.5,367.5,1162.05,381.85,0
339,11285,506834,1185.4,396.2,1138.8,367.3,1162.1,381.75,0
339,11286,506835,1185.6,396.1,1139.0,367.1,1162.3,381.6,0
339,11287,506836,1186.0,395.8,1139.3,366.9,1162.65,381.35,0
339,11288,506837,1186.4,395.5,1139.6,366.7,1163.0,381.1,0
339,11289,506838,1186.8,395.2,1139.8,366.6,1163.3,380.9,0
339,11290,506839,1187.1,395.0,1139.9,366.5,1163.5,380.75,0
339,11291,506840,1187.4,394.7,1139.9,366.6,1163.65,380.65,0
339,11292,506841,1187.6,394.6,1140.0,366.7,1163.8,380.65,0
339,11293,506842,1187.5,394.5,1140.0,366.8,1163.75,380.65,0
339,11294,506843,1187.4,394.5,1139.9,366.9,1163.65,380.7,0
339,11295,506844,1187.3,394.5,1139.9,366.9,1163.6,380.7,0
339,11296,506845,1187.4,394.6,1139.9,366.7,1163.65,380.65,0
339,11297,506846,1187.5,394.6,1139.8,366.4,1163.65,380.5,0
339,11298,506847,1187.5,394.7,1139.8,366.1,1163.65,380.4,0
339,11299,506848,1187.6,394.8,1139.8,365.8,1163.7,380.3,0
339,11300,506849,1187.7,394.2,1139.7,365.9,1163.7,380.05,0
340,11301,506850,1187.7,393.6,1139.6,366.0,1163.65,379.8,0
340,11302,506851,1187.7,393.0,1139.5,366.1,1163.6,379.55,0
340,11303,506852,1187.6,392.3,1139.5,366.2,1163.55,379.25,0
340,11304,506853,1187.5,391.6,1139.6,366.4,1163.55,379.0,0
340,11305,506854,1187.5,390.9,1139.6,366.6,1163.55,378.75,0
340,11306,506855,1187.4,390.4,1139.6,366.7,1163.5,378.55,0
340,11307,506856,1187.4,390.6,1139.3,366.4,1163.35,378.5,0
340,11308,506857,1187.5,390.8,1139.1,366.3,1163.3,378.55,0
340,11309,506858,1187.6,391.1,1138.8,366.5,1163.2,378.8,0
340,11310,506859,1187.7,391.4,1138.4,366.8,1163.05,379.1,0
340,11311,506860,1187.8,391.7,1138.1,367.2,1162.95,379.45,0
340,11312,506861,1187.9,391.8,1137.9,368.0,1162.9,379.9,0
340,11313,506862,1188.0,391.4,1138.1,368.7,1163.05,380.05,0
340,11314,506863,1188.0,391.0,1138.4,369.6,1163.2,380.3,0
340,11315,506864,1188.0,390.5,1138.7,370.3,1163.35,380.4,0
340,11316,506865,1187.9,390.1,1139.2,370.9,1163.55,380.5,0
340,11317,506866,1187.8,389.6,1139.7,371.5,1163.75,380.55,0
340,11318,506867,1187.8,389.2,1140.1,372.0,1163.95,380.6,0
340,11319,506868,1187.7,389.0,1140.5,372.1,1164.1,380.55,0
340,11320,506869,1187.9,389.2,1140.6,372.2,1164.25,380.7,0
340,11321,506870,1188.1,389.4,1140.7,372.1,1164.4,380.75,0
340,11322,506871,1188.4,389.6,1140.7,372.1,1164.55,380.85,0
340,11323,506872,1188.7,389.8,1140.7,371.9,1164.7,380.85,0
340,11324,506873,1189.0,390.0,1140.7,371.7,1164.85,380.85,0
340,11325,506874,1189.3,390.1,1140.7,371.6,1165.0,380.85,0
340,11326,506875,1189.5,390.3,1140.7,371.5,1165.1,380.9,0
340,11327,506876,1189.5,390.4,1140.7,371.5,1165.1,380.95,0
340,11328,506877,1189.4,390.5,1140.8,371.5,1165.1,381.0,0
340,11329,506878,1189.4,390.5,1140.8,371.5,1165.1,381.0,0
340,11330,506879,1189.3,390.4,1140.9,371.5,1165.1,380.95,0
340,11331,506880,1189.3,390.2,1140.9,371.5,1165.1,380.85,0
340,11332,506881,1189.2,389.9,1140.8,371.4,1165.0,380.65,0
340,11333,506882,1189.2,389.6,1140.7,371.3,1164.95,380.45,0
341,11334,506883,1189.2,389.3,1140.6,371.0,1164.9,380.15,0
341,11335,506884,1189.2,389.1,1140.5,371.0,1164.85,380.05,0
341,11336,506885,1189.1,389.0,1140.4,371.1,1164.75,380.05,0
341,11337,506886,1189.1,389.1,1140.4,372.0,1164.75,380.55,0
341,11338,506887,1189.0,389.2,1140.5,372.9,1164.75,381.05,0
341,11339,506888,1188.9,389.3,1140.8,373.9,1164.85,381.6,0
341,11340,506889,1189.0,389.4,1141.3,375.1,1165.15,382.25,0
341,11341,506890,1189.1,389.5,1141.8,376.5,1165.45,383.0,0
341,11342,506891,1189.3,389.5,1142.5,377.7,1165.9,383.6,0
341,11343,506892,1189.6,389.5,1143.1,378.9,1166.35,384.2,0
341,11344,506893,1189.9,389.4,1143.7,379.4,1166.8,384.4,0
341,11345,506894,1190.1,389.3,1144.2,380.1,1167.15,384.7,0
341,11346,506895,1190.3,389.3,1144.5,380.8,1167.4,385.05,0
341,11347,506896,1190.1,389.2,1144.6,382.0,1167.35,385.6,0
341,11348,506897,1189.9,388.8,1144.7,383.0,1167.3,385.9,0
341,11349,506898,1189.6,388.4,1144.6,384.0,1167.1,386.2,0
341,11350,506899,1189.2,388.0,1144.5,384.9,1166.85,386.45,0
341,11351,506900,1189.0,387.6,1144.5,385.7,1166.75,386.65,0
341,11352,506901,1188.8,387.2,1144.4,386.4,1166.6,386.8,0
341,11353,506902,1188.7,386.8,1144.3,387.0,1166.5,386.9,0
341,11354,506903,1188.7,386.6,1144.3,387.1,1166.5,386.85,0
341,11355,506904,1188.7,386.7,1144.3,387.3,1166.5,387.0,0
341,11356,506905,1188.7,386.8,1144.4,387.4,1166.55,387.1,0
341,11357,506906,1188.6,387.0,1144.5,387.7,1166.55,387.35,0
341,11358,506907,1188.3,387.2,1144.6,387.9,1166.45,387.55,0
341,11359,506908,1188.0,387.3,1144.6,388.1,1166.3,387.7,0
341,11360,506909,1187.6,387.4,1144.6,388.2,1166.1,387.8,0
341,11361,506910,1187.4,387.4,1144.7,388.1,1166.05,387.75,0
341,11362,506911,1187.1,387.2,1144.8,387.8,1165.95,387.5,0
341,11363,506912,1186.8,386.9,1144.8,387.5,1165.8,387.2,0
341,11364,506913,1186.5,386.5,1144.9,387.2,1165.7,386.85,0
341,11365,506914,1186.2,385.9,1145.0,386.9,1165.6,386.4,0
341,11366,506915,1185.9,385.4,1145.2,386.6,1165.55,386.0,0
342,11367,506916,1185.7,384.8,1145.2,386.3,1165.45,385.55,0
342,11368,506917,1185.5,384.2,1145.1,386.5,1165.3,385.35,0
342,11369,506918,1185.3,383.8,1145.0,386.8,1165.15,385.3,0
342,11370,506919,1185.1,383.5,1144.8,387.2,1164.95,385.35,0
342,11371,506920,1185.0,383.3,1144.6,387.5,1164.8,385.4,0
342,11372,506921,1185.0,383.3,1144.5,387.6,1164.75,385.45,0
342,11373,506922,1185.0,383.3,1144.4,387.8,1164.7,385.55,0
342,11374,506923,1185.2,383.6,1144.5,388.0,1164.85,385.8,0
342,11375,506924,1185.4,383.9,1144.5,387.8,1164.95,385.85,0
342,11376,506925,1185.5,384.4,1144.5,387.6,1165.0,386.0,0
342,11377,506926,1185.6,384.7,1144.4,387.4,1165.0,386.05,0
342,11378,506927,1185.6,385.0,1144.1,387.3,1164.85,386.15,0
342,11379,506928,1185.7,385.4,1143.8,387.4,1164.75,386.4,0
342,11380,506929,1185.8,385.7,1143.5,387.4,1164.65,386.55,0
342,11381,506930,1185.7,386.0,1143.3,387.5,1164.5,386.75,0
342,11382,506931,1185.7,386.2,1143.2,387.6,1164.45,386.9,0
342,11383,506932,1185.8,386.3,1143.2,387.8,1164.5,387.05,0
342,11384,506933,1185.9,386.3,1143.7,387.8,1164.8,387.05,0
342,11385,506934,1186.0,386.3,1144.2,387.5,1165.1,386.9,0
342,11386,506935,1186.1,385.9,1144.6,387.0,1165.35,386.45,0
342,11387,506936,1186.0,385.6,1145.1,386.6,1165.55,386.1,0
342,11388,506937,1186.0,385.1,1145.5,386.2,1165.75,385.65,0
342,11389,506938,1185.9,385.1,1145.8,386.0,1165.85,385.55,0
342,11390,506939,1185.8,385.1,1146.0,386.2,1165.9,385.65,0
342,11391,506940,1185.7,385.2,1146.1,386.4,1165.9,385.8,0
342,11392,506941,1185.6,385.3,1146.1,387.1,1165.85,386.2,0
342,11393,506942,1185.5,385.8,1146.1,387.7,1165.8,386.75,0
342,11394,506943,1185.5,386.3,1146.2,388.3,1165.85,387.3,0
342,11395,506944,1185.4,386.7,1146.1,388.6,1165.75,387.65,0
342,11396,506945,1185.3,386.7,1146.0,388.8,1165.65,387.75,0
342,11397,506946,1185.2,386.6,1145.7,388.7,1165.45,387.65,0
342,11398,506947,1185.2,386.4,1145.4,388.5,1165.3,387.45,0
342,11399,506948,1185.1,386.1,1145.1,388.4,1165.1,387.25,0
342,11400,506949,1185.0,385.9,1144.8,388.3,1164.9,387.1,0
343,11401,506950,1184.9,385.6,1144.5,388.3,1164.7,386.95,0
343,11402,506951,1184.8,385.1,1144.2,388.4,1164.5,386.75,0
343,11403,506952,1184.7,384.6,1144.0,388.5,1164.35,386.55,0
343,11404,506953,1184.6,384.2,1144.1,388.6,1164.35,386.4,0
343,11405,506954,1184.6,384.0,1144.2,388.7,1164.4,386.35,0
343,11406,506955,1184.8,383.7,1144.2,388.7,1164.5,386.2,0
343,11407,506956,1185.0,383.3,1143.9,388.6,1164.45,385.95,0
343,11408,506957,1185.2,383.0,1143.7,388.4,1164.45,385.7,0
343,11409,506958,1185.4,382.9,1143.4,388.1,1164.4,385.5,0
343,11410,506959,1185.6,382.9,1143.1,387.9,1164.35,385.4,0
343,11411,506960,1185.6,382.8,1142.9,387.8,1164.25,385.3,0
343,11412,506961,1185.5,382.8,1142.8,388.0,1164.15,385.4,0
343,11413,506962,1185.3,382.9,1142.8,388.3,1164.05,385.6,0
343,11414,506963,1185.1,383.0,1142.9,388.6,1164.0,385.8,0
343,11415,506964,1184.9,383.1,1143.1,389.2,1164.0,386.15,0
343,11416,506965,1184.7,383.3,1143.2,389.7,1163.95,386.5,0
343,11417,506966,1184.6,383.6,1143.3,390.1,1163.95,386.85,0
343,11418,506967,1184.6,383.8,1143.3,390.4,1163.95,387.1,0
343,11419,506968,1185.0,384.0,1143.2,390.1,1164.1,387.05,0
343,11420,506969,1185.4,384.1,1143.1,389.8,1164.25,386.95,0
343,11421,506970,1185.6,384.2,1142.8,389.5,1164.2,386.85,0
343,11422,506971,1185.7,384.2,1142.6,389.2,1164.15,386.7,0
343,11423,506972,1185.8,384.1,1142.3,389.6,1164.05,386.85,0
343,11424,506973,1185.9,384.2,1142.2,389.9,1164.05,387.05,0
343,11425,506974,1186.1,384.2,1142.1,389.9,1164.1,387.05,0
343,11426,506975,1185.8,384.3,1142.0,390.1,1163.9,387.2,0
343,11427,506976,1185.6,384.6,1142.0,390.1,1163.8,387.35,0
343,11428,506977,1185.5,384.9,1142.1,390.0,1163.8,387.45,0
343,11429,506978,1185.6,385.3,1142.2,389.8,1163.9,387.55,0
343,11430,506979,1185.7,385.7,1142.4,388.9,1164.05,387.3,0
343,11431,506980,1185.7,386.1,1142.5,388.2,1164.1,387.15,0
343,11432,506981,1185.8,386.6,1142.4,388.3,1164.1,387.45,0
343,11433,506982,1185.9,386.9,1142.4,388.4,1164.15,387.65,0
344,11434,506983,1186.0,387.1,1142.3,388.8,1164.15,387.95,0
344,11435,506984,1186.1,387.3,1142.3,389.2,1164.2,388.25,0
344,11436,506985,1186.3,387.5,1142.3,389.8,1164.3,388.65,0
344,11437,506986,1186.4,387.6,1142.3,390.6,1164.35,389.1,0
344,11438,506987,1186.5,387.6,1142.5,391.3,1164.5,389.45,0
344,11439,506988,1186.6,387.5,1142.7,391.7,1164.65,389.6,0
344,11440,506989,1186.7,387.4,1142.9,392.0,1164.8,389.7,0
344,11441,506990,1186.7,387.3,1143.1,392.3,1164.9,389.8,0
344,11442,506991,1186.7,387.2,1143.2,392.6,1164.95,389.9,0
344,11443,506992,1186.7,387.1,1143.3,392.9,1165.0,390.0,0
344,11444,506993,1186.6,387.0,1143.3,393.0,1164.95,390.0,0
344,11445,506994,1186.6,387.0,1142.8,393.2,1164.7,390.1,0
344,11446,506995,1186.6,387.3,1142.3,393.3,1164.45,390.3,0
344,11447,506996,1186.8,387.7,1141.8,393.3,1164.3,390.5,0
344,11448,506997,1187.0,388.1,1141.3,393.3,1164.15,390.7,0
344,11449,506998,1187.2,388.5,1140.7,393.3,1163.95,390.9,0
344,11450,506999,1187.4,388.8,1140.0,393.2,1163.7,391.0,0
344,11451,507000,1187.6,388.7,1139.2,393.1,1163.4,390.9,0
344,11452,507001,1187.8,388.6,1138.9,393.1,1163.35,390.85,0
344,11453,507002,1187.9,388.1,1138.6,393.1,1163.25,390.6,0
344,11454,507003,1188.0,387.5,1138.3,393.2,1163.15,390.35,0
344,11455,507004,1188.1,387.0,1138.1,393.4,1163.1,390.2,0
344,11456,507005,1188.1,386.5,1137.9,393.7,1163.0,390.1,0
344,11457,507006,1188.1,386.0,1137.9,394.0,1163.0,390.0,0
344,11458,507007,1188.0,386.0,1137.9,394.4,1162.95,390.2,0
344,11459,507008,1188.0,386.1,1138.1,394.6,1163.05,390.35,0
344,11460,507009,1188.0,386.4,1138.2,394.7,1163.1,390.55,0
344,11461,507010,1187.9,386.8,1138.3,394.4,1163.1,390.6,0
344,11462,507011,1187.7,387.2,1138.4,394.1,1163.05,390.65,0
344,11463,507012,1187.6,387.5,1138.4,394.0,1163.0,390.75,0
344,11464,507013,1187.5,388.4,1138.2,394.2,1162.85,391.3,0
344,11465,507014,1187.3,389.2,1138.1,394.4,1162.7,391.8,0
344,11466,507015,1186.9,389.9,1137.7,394.7,1162.3,392.3,0
345,11467,507016,1186.5,390.5,1137.2,395.1,1161.85,392.8,0
345,11468,507017,1186.2,391.0,1136.8,395.8,1161.5,393.4,0
345,11469,507018,1185.9,391.5,1136.5,396.2,1161.2,393.85,0
345,11470,507019,1185.6,392.0,1136.2,396.5,1160.9,394.25,0
345,11471,507020,1185.4,392.3,1136.0,396.2,1160.7,394.25,0
345,11472,507021,1185.2,392.6,1135.8,395.8,1160.5,394.2,0
345,11473,507022,1185.3,392.9,1135.7,395.5,1160.5,394.2,0
345,11474,507023,1185.4,393.1,1135.6,395.1,1160.5,394.1,0
345,11475,507024,1185.4,393.4,1135.5,394.9,1160.45,394.15,0
345,11476,507025,1185.6,393.7,1135.4,394.7,1160.5,394.2,0
345,11477,507026,1185.7,394.1,1135.4,394.6,1160.55,394.35,0
345,11478,507027,1185.9,394.3,1135.4,394.5,1160.65,394.4,0
345,11479,507028,1186.0,394.5,1135.4,394.6,1160.7,394.55,0
345,11480,507029,1186.1,394.8,1135.5,394.6,1160.8,394.7,0
345,11481,507030,1186.1,395.0,1135.5,394.6,1160.8,394.8,0
345,11482,507031,1186.1,395.2,1135.5,394.6,1160.8,394.9,0
345,11483,507032,1186.0,395.3,1135.6,394.6,1160.8,394.95,0
345,11484,507033,1185.9,395.1,1135.6,394.5,1160.75,394.8,0
345,11485,507034,1185.8,395.0,1135.6,394.5,1160.7,394.75,0
345,11486,507035,1185.8,394.8,1135.6,394.4,1160.7,394.6,0
345,11487,507036,1185.7,395.0,1135.6,394.4,1160.65,394.7,0
345,11488,507037,1185.9,395.1,1135.6,394.4,1160.75,394.75,0
345,11489,507038,1186.0,395.3,1135.7,394.3,1160.85,394.8,0
345,11490,507039,1186.2,395.5,1135.8,394.3,1161.0,394.9,0
345,11491,507040,1186.2,395.8,1135.8,394.3,1161.0,395.05,0
345,11492,507041,1186.1,396.1,1135.9,394.3,1161.0,395.2,0
345,11493,507042,1185.9,396.3,1135.9,394.3,1160.9,395.3,0
345,11494,507043,1185.6,396.2,1136.0,394.3,1160.8,395.25,0
345,11495,507044,1185.2,396.1,1136.1,394.3,1160.65,395.2,0
345,11496,507045,1184.7,396.0,1136.2,394.3,1160.45,395.15,0
345,11497,507046,1184.4,395.9,1136.4,394.2,1160.4,395.05,0
345,11498,507047,1184.2,395.7,1136.6,394.2,1160.4,394.95,0
345,11499,507048,1184.2,395.5,1136.8,394.1,1160.5,394.8,0
345,11500,507049,1184.2,395.4,1137.0,394.0,1160.6,394.7,0
346,11501,507050,1184.3,395.3,1137.2,393.7,1160.75,394.5,0
346,11502,507051,1184.5,395.3,1137.4,393.6,1160.95,394.45,0
346,11503,507052,1184.7,395.3,1137.5,393.5,1161.1,394.4,0
346,11504,507053,1184.9,395.4,1137.5,393.6,1161.2,394.5,0
346,11505,507054,1185.1,395.5,1137.6,393.8,1161.35,394.65,0
346,11506,507055,1185.3,395.7,1137.8,393.9,1161.55,394.8,0
346,11507,507056,1185.6,395.8,1138.1,393.9,1161.85,394.85,0
346,11508,507057,1185.7,395.9,1138.6,394.0,1162.15,394.95,0
346,11509,507058,1186.0,395.9,1139.2,394.1,1162.6,395.0,0
346,11510,507059,1186.3,395.9,1139.8,394.1,1163.05,395.0,0
346,11511,507060,1186.5,395.6,1140.7,393.8,1163.6,394.7,0
346,11512,507061,1186.9,395.5,1141.5,393.5,1164.2,394.5,0
346,11513,507062,1187.2,395.5,1142.2,393.3,1164.7,394.4,0
346,11514,507063,1187.6,396.0,1143.0,393.1,1165.3,394.55,0
346,11515,507064,1187.8,396.4,1143.4,393.0,1165.6,394.7,0
346,11516,507065,1187.9,397.1,1143.9,392.8,1165.9,394.95,0
346,11517,507066,1187.8,397.9,1144.3,392.7,1166.05,395.3,0
346,11518,507067,1187.7,398.9,1144.4,392.7,1166.05,395.8,0
346,11519,507068,1187.6,399.8,1144.3,393.5,1165.95,396.65,0
346,11520,507069,1187.4,400.6,1144.1,395.0,1165.75,397.8,0
346,11521,507070,1187.4,401.3,1143.8,396.6,1165.6,398.95,0
346,11522,507071,1187.5,402.0,1143.4,398.6,1165.45,400.3,0
346,11523,507072,1187.7,402.6,1142.8,400.5,1165.25,401.55,0
346,11524,507073,1187.9,403.0,1142.2,402.5,1165.05,402.75,0
346,11525,507074,1188.1,403.4,1141.6,404.5,1164.85,403.95,0
346,11526,507075,1188.3,403.9,1141.2,404.5,1164.75,404.2,0
346,11527,507076,1188.5,404.3,1141.5,398.3,1165.0,401.3,0
346,11528,507077,1188.5,404.5,1142.5,386.5,1165.5,395.5,0
346,11529,507078,1188.5,404.8,1143.5,374.1,1166.0,389.45,0
346,11530,507079,1188.6,405.4,1144.6,361.5,1166.6,383.45,0
346,11531,507080,1188.7,405.9,1145.6,348.8,1167.15,377.35,0
346,11532,507081,1188.9,406.6,1146.5,340.6,1167.7,373.6,0
346,11533,507082,1189.2,407.3,1147.1,335.4,1168.15,371.35,0
347,11534,507083,1189.7,408.7,1151.7,335.8,1170.7,372.25,0
347,11535,507084,1190.7,410.1,1160.4,342.3,1175.55,376.2,0
347,11536,507085,1191.7,411.4,1187.8,364.4,1189.75,387.9,0
347,11537,507086,1192.7,412.4,1215.3,393.8,1204.0,403.1,0
347,11538,507087,1193.7,413.5,1246.5,427.0,1220.1,420.25,0
347,11539,507088,1194.5,414.5,1284.1,459.0,1239.3,436.75,0
347,11540,507089,1195.3,415.3,1324.4,495.5,1259.85,455.4,0
347,11541,507090,1195.9,414.9,1363.3,535.6,1279.6,475.25,0
347,11542,507091,1195.9,414.5,1403.4,580.1,1299.65,497.3,0
347,11543,507092,1195.9,414.2,1430.0,614.6,1312.95,514.4,0
347,11544,507093,1195.7,413.8,1464.3,646.0,1330.0,529.9,0
347,11545,507094,1195.5,413.4,1500.3,677.8,1347.9,545.6,0
347,11546,507095,1195.3,412.9,1534.0,716.1,1364.65,564.5,0
347,11547,507096,1195.3,412.4,1569.3,752.9,1382.3,582.65,0
347,11548,507097,1195.6,412.2,1615.9,785.8,1405.75,599.0,0
347,11549,507098,1195.8,412.1,1657.3,816.8,1426.55,614.45,0
347,11550,507099,1196.3,412.1,1693.1,843.3,1444.7,627.7,0
347,11551,507100,1197.0,412.2,1721.1,865.9,1459.05,639.05,0
347,11552,507101,1198.3,412.4,1738.4,881.8,1468.35,647.1,0
347,11553,507102,1199.9,416.1,1756.5,889.6,1478.2,652.85,0
347,11554,507103,1201.5,420.2,1705.6,932.1,1453.55,676.15,0
347,11555,507104,1202.9,424.6,1635.0,976.9,1418.95,700.75,0
347,11556,507105,1204.6,430.5,1564.2,1018.7,1384.4,724.6,0
347,11557,507106,1206.2,437.4,1493.8,1061.9,1350.0,749.65,0
347,11558,507107,1207.8,445.0,1423.7,1106.1,1315.75,775.55,0
347,11559,507108,1208.9,457.4,1423.7,1106.1,1316.3,781.75,0
347,11560,507109,1210.1,466.3,1423.7,1106.0,1316.9,786.15,0
347,11561,507110,1211.2,475.3,1423.7,1106.0,1317.45,790.65,0
347,11562,507111,1212.2,484.4,1423.7,1106.0,1317.95,795.2,0
347,11563,507112,1213.0,492.1,1423.7,1105.9,1318.35,799.0,0
347,11564,507113,1213.7,499.0,1423.7,1105.9,1318.7,802.45,0
347,11565,507114,1215.1,511.2,1423.7,1105.9,1319.4,808.55,0
347,11566,507115,1216.2,518.4,NaN,NaN,1216.2,518.4,0
348,11567,507116,1217.0,525.7,NaN,NaN,1217.0,525.7,0
348,11568,507117,1217.6,532.4,NaN,NaN,1217.6,532.4,0
348,11569,507118,1218.1,538.8,NaN,NaN,1218.1,538.8,0
348,11570,507119,1218.7,545.1,NaN,NaN,1218.7,545.1,0
348,11571,507120,1219.4,551.2,NaN,NaN,1219.4,551.2,0
348,11572,507121,1219.6,550.7,NaN,NaN,1219.6,550.7,0
348,11573,507122,1219.9,549.5,NaN,NaN,1219.9,549.5,0
348,11574,507123,1220.0,546.3,NaN,NaN,1220.0,546.3,0
348,11575,507124,1219.9,542.5,NaN,NaN,1219.9,542.5,0
348,11576,507125,1219.7,538.5,NaN,NaN,1219.7,538.5,0
348,11577,507126,1219.5,534.2,NaN,NaN,1219.5,534.2,0
348,11578,507127,1218.5,529.6,NaN,NaN,1218.5,529.6,0
348,11579,507128,1217.0,525.5,NaN,NaN,1217.0,525.5,0
348,11580,507129,1214.8,521.3,NaN,NaN,1214.8,521.3,0
348,11581,507130,1212.6,519.3,1699.0,1067.9,1455.8,793.6,0
348,11582,507131,1209.4,515.6,1915.3,1028.4,1562.35,772.0,0
348,11583,507132,1205.5,512.1,2134.8,990.7,1670.15,751.4,0
348,11584,507133,1201.6,506.5,2134.8,990.8,1668.2,748.65,0
348,11585,507134,1198.2,500.8,2129.9,990.1,1664.05,745.45,0
348,11586,507135,1195.0,495.0,2125.7,986.9,1660.35,740.95,0
348,11587,507136,1191.9,488.2,2115.6,982.5,1653.75,735.35,0
348,11588,507137,1188.9,481.0,2103.5,973.5,1646.2,727.25,0
348,11589,507138,1187.4,476.2,2085.1,963.9,1636.25,720.05,0
348,11590,507139,1186.6,471.4,2065.5,952.6,1626.05,712.0,0
348,11591,507140,1185.8,468.6,2044.5,939.5,1615.15,704.05,0
348,11592,507141,1185.2,466.1,2024.6,925.2,1604.9,695.65,0
348,11593,507142,1184.6,463.8,2000.7,909.9,1592.65,686.85,0
348,11594,507143,1184.9,463.0,1978.7,895.6,1581.8,679.3,0
348,11595,507144,1185.2,463.1,1956.2,883.3,1570.7,673.2,0
348,11596,507145,1186.0,463.5,1934.8,869.2,1560.4,666.35,0
348,11597,507146,1186.7,463.9,1914.7,856.3,1550.7,660.1,0
348,11598,507147,1187.4,464.6,1886.4,843.0,1536.9,653.8,0
348,11599,507148,1188.2,466.0,1860.5,830.2,1524.35,648.1,0
348,11600,507149,1188.8,467.4,1839.2,820.1,1514.0,643.75,0
349,11601,507150,1189.3,468.8,1814.6,808.8,1501.95,638.8,0
349,11602,507151,1189.7,469.9,1791.0,797.1,1490.35,633.5,0
349,11603,507152,1189.6,470.5,1770.5,786.1,1480.05,628.3,0
349,11604,507153,1189.5,471.1,1748.1,774.0,1468.8,622.55,0
349,11605,507154,1189.3,471.7,1688.9,762.8,1439.1,617.25,0
349,11606,507155,1189.2,471.5,1630.2,752.7,1409.7,612.1,0
349,11607,507156,1189.2,471.4,1571.8,742.0,1380.5,606.7,0
349,11608,507157,1189.0,471.8,1518.0,733.0,1353.5,602.4,0
349,11609,507158,1188.8,472.2,1460.7,725.2,1324.75,598.7,0
349,11610,507159,1188.7,473.0,1389.5,704.4,1289.1,588.7,0
349,11611,507160,1188.6,473.8,1319.6,683.4,1254.1,578.6,0
349,11612,507161,1188.7,474.6,1295.0,663.8,1241.85,569.2,0
349,11613,507162,1188.9,475.5,1270.5,641.7,1229.7,558.6,0
349,11614,507163,1189.1,476.2,1245.6,620.1,1217.35,548.15,0
349,11615,507164,1189.3,476.7,1224.7,594.0,1207.0,535.35,0
349,11616,507165,1189.7,477.3,1206.4,569.0,1198.05,523.15,0
349,11617,507166,1190.0,477.7,1203.4,558.6,1196.7,518.15,0
349,11618,507167,1190.6,478.1,1199.8,549.0,1195.2,513.55,0
349,11619,507168,1190.9,478.7,1196.3,539.5,1193.6,509.1,0
349,11620,507169,1191.0,480.0,1191.7,531.2,1191.35,505.6,0
349,11621,507170,1191.1,482.0,1187.6,521.1,1189.35,501.55,0
349,11622,507171,1191.3,483.6,1183.5,508.0,1187.4,495.8,0
349,11623,507172,1191.5,485.2,1180.7,494.7,1186.1,489.95,0
349,11624,507173,1191.6,486.8,1177.6,481.5,1184.6,484.15,0
349,11625,507174,1191.4,488.4,1174.6,469.0,1183.0,478.7,0
349,11626,507175,1191.4,489.9,1171.5,454.2,1181.45,472.05,0
349,11627,507176,1191.5,490.6,1169.2,440.7,1180.35,465.65,0
349,11628,507177,1191.8,490.8,1166.8,427.0,1179.3,458.9,0
349,11629,507178,1192.2,490.9,1164.2,421.6,1178.2,456.25,0
349,11630,507179,1192.6,491.0,1161.6,416.4,1177.1,453.7,0
349,11631,507180,1193.0,491.1,1159.2,411.2,1176.1,451.15,0
349,11632,507181,1193.5,491.1,1158.2,405.6,1175.85,448.35,0
349,11633,507182,1193.8,491.0,1157.2,402.6,1175.5,446.8,0
350,11634,507183,1194.1,490.8,1156.7,399.3,1175.4,445.05,0
350,11635,507184,1194.1,490.5,1156.3,398.1,1175.2,444.3,0
350,11636,507185,1194.0,489.5,1156.0,395.9,1175.0,442.7,0
350,11637,507186,1193.9,488.1,1155.8,393.6,1174.85,440.85,0
350,11638,507187,1193.9,486.6,1155.8,391.4,1174.85,439.0,0
350,11639,507188,1193.9,485.2,1155.8,389.5,1174.85,437.35,0
350,11640,507189,1193.9,483.7,1155.8,388.0,1174.85,435.85,0
350,11641,507190,1193.9,482.4,1155.9,386.8,1174.9,434.6,0
350,11642,507191,1193.8,481.2,1155.9,385.8,1174.85,433.5,0
350,11643,507192,1193.7,479.6,1155.8,385.9,1174.75,432.75,0
350,11644,507193,1193.5,478.5,1155.6,387.6,1174.55,433.05,0
350,11645,507194,1193.4,477.5,1155.4,389.3,1174.4,433.4,0
350,11646,507195,1193.1,476.3,1154.9,391.0,1174.0,433.65,0
350,11647,507196,1193.0,474.9,1154.4,392.8,1173.7,433.85,0
350,11648,507197,1192.9,473.5,1154.0,394.7,1173.45,434.1,0
350,11649,507198,1193.1,471.8,1153.7,396.7,1173.4,434.25,0
350,11650,507199,1193.3,471.0,1153.4,398.6,1173.35,434.8,0
350,11651,507200,1193.6,470.1,1153.0,399.1,1173.3,434.6,0
350,11652,507201,1193.8,469.3,1152.6,399.5,1173.2,434.4,0
350,11653,507202,1194.0,468.3,1152.5,400.0,1173.25,434.15,0
350,11654,507203,1194.3,467.4,1152.4,400.5,1173.35,433.95,0
350,11655,507204,1194.4,466.5,1152.2,401.5,1173.3,434.0,0
350,11656,507205,1194.4,465.9,1152.1,402.4,1173.25,434.15,0
350,11657,507206,1194.3,465.5,1152.1,403.1,1173.2,434.3,0
350,11658,507207,1194.2,465.0,1152.5,403.4,1173.35,434.2,0
350,11659,507208,1194.1,464.5,1152.9,403.1,1173.5,433.8,0
350,11660,507209,1193.8,464.4,1153.5,402.7,1173.65,433.55,0
350,11661,507210,1193.2,464.4,1154.1,402.2,1173.65,433.3,0
350,11662,507211,1192.7,464.5,1154.6,402.1,1173.65,433.3,0
350,11663,507212,1192.3,464.6,1154.5,403.0,1173.4,433.8,0
350,11664,507213,1192.0,464.7,1154.4,404.0,1173.2,434.35,0
350,11665,507214,1191.8,464.8,1154.0,407.9,1172.9,436.35,0
350,11666,507215,1191.6,464.8,1153.1,415.0,1172.35,439.9,0
351,11667,507216,1191.7,464.3,1152.0,422.7,1171.85,443.5,0
351,11668,507217,1192.1,463.9,1150.9,430.4,1171.5,447.15,0
351,11669,507218,1192.4,463.4,1149.7,437.2,1171.05,450.3,0
351,11670,507219,1192.6,462.8,1149.2,443.1,1170.9,452.95,0
351,11671,507220,1192.7,462.3,1148.7,449.2,1170.7,455.75,0
351,11672,507221,1192.7,461.8,1148.2,452.9,1170.45,457.35,0
351,11673,507222,1192.5,461.4,1148.1,454.8,1170.3,458.1,0
351,11674,507223,1192.2,461.5,1147.8,456.1,1170.0,458.8,0
351,11675,507224,1191.9,461.6,1147.5,457.6,1169.7,459.6,0
351,11676,507225,1191.5,461.7,1147.3,459.1,1169.4,460.4,0
351,11677,507226,1191.2,461.9,1147.0,460.5,1169.1,461.2,0
351,11678,507227,1190.8,461.7,1146.7,461.5,1168.75,461.6,0
351,11679,507228,1190.4,461.5,1146.5,462.2,1168.45,461.85,0
351,11680,507229,1190.1,461.3,1146.5,462.2,1168.3,461.75,0
351,11681,507230,1189.8,460.9,1146.5,462.2,1168.15,461.55,0
351,11682,507231,1189.7,460.5,1146.6,461.9,1168.15,461.2,0
351,11683,507232,1189.6,460.1,1146.7,461.7,1168.15,460.9,0
351,11684,507233,1189.9,459.6,1146.8,461.5,1168.35,460.55,0
351,11685,507234,1190.3,459.6,1146.9,461.7,1168.6,460.65,0
351,11686,507235,1190.7,459.8,1147.0,462.2,1168.85,461.0,0
351,11687,507236,1191.1,460.0,1147.0,462.7,1169.05,461.35,0
351,11688,507237,1191.4,460.2,1147.0,463.2,1169.2,461.7,0
351,11689,507238,1191.6,460.6,1147.0,463.7,1169.3,462.15,0
351,11690,507239,1191.6,460.9,1146.8,464.3,1169.2,462.6,0
351,11691,507240,1191.3,461.3,1146.6,465.2,1168.95,463.25,0
351,11692,507241,1191.0,461.7,1146.5,466.0,1168.75,463.85,0
351,11693,507242,1190.9,462.0,1146.3,466.6,1168.6,464.3,0
351,11694,507243,1190.7,462.1,1146.1,467.1,1168.4,464.6,0
351,11695,507244,1190.5,462.3,1145.7,467.5,1168.1,464.9,0
351,11696,507245,1190.5,462.2,1145.4,467.9,1167.95,465.05,0
351,11697,507246,1190.4,462.0,1145.1,468.1,1167.75,465.05,0
351,11698,507247,1190.5,461.7,1144.9,468.0,1167.7,464.85,0
351,11699,507248,1190.2,461.4,1144.6,467.9,1167.4,464.65,0
351,11700,507249,1189.9,461.1,1144.3,467.8,1167.1,464.45,0
352,11701,507250,1189.6,460.7,1144.2,467.7,1166.9,464.2,0
352,11702,507251,1189.4,460.4,1144.3,467.7,1166.85,464.05,0
352,11703,507252,1189.1,460.3,1144.3,468.0,1166.7,464.15,0
352,11704,507253,1188.9,460.3,1144.3,468.3,1166.6,464.3,0
352,11705,507254,1188.8,460.3,1144.4,468.5,1166.6,464.4,0
352,11706,507255,1188.8,460.3,1144.5,468.6,1166.65,464.45,0
352,11707,507256,1188.8,460.2,1144.6,468.7,1166.7,464.45,0
352,11708,507257,1188.8,460.2,1144.5,468.8,1166.65,464.5,0
352,11709,507258,1188.8,460.1,1144.3,469.0,1166.55,464.55,0
352,11710,507259,1188.9,460.1,1144.2,468.9,1166.55,464.5,0
352,11711,507260,1188.9,460.0,1144.0,468.8,1166.45,464.4,0
352,11712,507261,1188.9,460.0,1143.7,468.9,1166.3,464.45,0
352,11713,507262,1188.9,459.9,1143.4,469.4,1166.15,464.65,0
352,11714,507263,1188.9,459.9,1143.1,469.8,1166.0,464.85,0
352,11715,507264,1188.9,459.9,1142.8,470.1,1165.85,465.0,0
352,11716,507265,1188.8,459.9,1142.7,470.3,1165.75,465.1,0
352,11717,507266,1188.3,459.9,1142.6,470.5,1165.45,465.2,0
352,11718,507267,1187.9,460.0,1142.5,470.6,1165.2,465.3,0
352,11719,507268,1187.5,460.1,1142.4,470.5,1164.95,465.3,0
352,11720,507269,1187.1,460.7,1142.3,470.3,1164.7,465.5,0
352,11721,507270,1186.7,461.4,1142.1,470.1,1164.4,465.75,0
352,11722,507271,1186.6,462.1,1141.9,470.0,1164.25,466.05,0
352,11723,507272,1186.5,462.7,1141.7,470.4,1164.1,466.55,0
352,11724,507273,1186.8,463.4,1141.4,470.8,1164.1,467.1,0
352,11725,507274,1187.1,464.1,1141.0,471.2,1164.05,467.65,0
352,11726,507275,1187.3,464.9,1140.8,471.7,1164.05,468.3,0
352,11727,507276,1187.6,465.1,1140.5,472.2,1164.05,468.65,0
352,11728,507277,1187.8,465.3,1140.3,472.6,1164.05,468.95,0
352,11729,507278,1187.8,465.4,1140.1,473.1,1163.95,469.25,0
352,11730,507279,1187.8,465.4,1140.0,473.2,1163.9,469.3,0
352,11731,507280,1187.8,465.0,1139.9,473.4,1163.85,469.2,0
352,11732,507281,1187.8,464.6,1139.9,474.0,1163.85,469.3,0
352,11733,507282,1187.7,464.0,1139.9,474.7,1163.8,469.35,0
353,11734,507283,1187.6,463.6,1139.9,475.3,1163.75,469.45,0
353,11735,507284,1187.6,463.3,1139.8,476.0,1163.7,469.65,0
353,11736,507285,1187.5,463.3,1139.7,476.8,1163.6,470.05,0
353,11737,507286,1187.6,463.4,1139.6,477.5,1163.6,470.45,0
353,11738,507287,1187.5,463.7,1139.4,478.2,1163.45,470.95,0
353,11739,507288,1187.4,464.1,1139.3,478.4,1163.35,471.25,0
353,11740,507289,1187.3,464.5,1139.2,478.6,1163.25,471.55,0
353,11741,507290,1187.1,464.9,1139.2,478.8,1163.15,471.85,0
353,11742,507291,1186.9,465.1,1139.4,478.9,1163.15,472.0,0
353,11743,507292,1186.8,465.1,1139.5,479.0,1163.15,472.05,0
353,11744,507293,1186.5,464.9,1139.5,479.1,1163.0,472.0,0
353,11745,507294,1186.3,464.8,1139.5,479.5,1162.9,472.15,0
353,11746,507295,1186.3,464.5,1139.6,479.9,1162.95,472.2,0
353,11747,507296,1186.3,464.2,1139.7,480.5,1163.0,472.35,0
353,11748,507297,1186.4,463.9,1140.0,481.0,1163.2,472.45,0
353,11749,507298,1186.4,463.8,1140.0,481.5,1163.2,472.65,0
353,11750,507299,1186.3,463.7,1140.2,482.1,1163.25,472.9,0
353,11751,507300,1186.2,463.7,1140.5,482.6,1163.35,473.15,0
353,11752,507301,1186.0,463.6,1140.7,482.8,1163.35,473.2,0
353,11753,507302,1185.7,463.5,1140.7,483.0,1163.2,473.25,0
353,11754,507303,1185.4,463.4,1140.6,483.1,1163.0,473.25,0
353,11755,507304,1185.0,463.3,1140.3,483.1,1162.65,473.2,0
353,11756,507305,1184.7,463.0,1140.1,483.2,1162.4,473.1,0
353,11757,507306,1184.5,462.8,1139.8,483.3,1162.15,473.05,0
353,11758,507307,1184.2,462.7,1139.5,483.5,1161.85,473.1,0
353,11759,507308,1184.1,462.8,1139.2,483.7,1161.65,473.25,0
353,11760,507309,1183.9,463.1,1139.0,483.9,1161.45,473.5,0
353,11761,507310,1183.8,463.3,1138.9,484.2,1161.35,473.75,0
353,11762,507311,1183.6,463.6,1138.8,484.4,1161.2,474.0,1
353,11763,507312,1183.4,463.9,1138.7,484.7,1161.05,474.3,0
353,11764,507313,1183.2,464.1,1138.8,485.1,1161.0,474.6,0
353,11765,507314,1183.1,464.3,1138.8,485.7,1160.95,475.0,0
353,11766,507315,1182.9,464.4,1138.9,486.4,1160.9,475.4,0
354,11767,507316,1182.8,464.5,1138.9,487.1,1160.85,475.8,0
354,11768,507317,1182.6,464.5,1139.0,487.8,1160.8,476.15,0
354,11769,507318,1182.5,464.4,1139.0,488.8,1160.75,476.6,0
354,11770,507319,1182.4,464.3,1138.9,489.8,1160.65,477.05,0
354,11771,507320,1182.3,464.2,1138.6,490.6,1160.45,477.4,0
354,11772,507321,1182.2,464.2,1138.4,491.0,1160.3,477.6,0
354,11773,507322,1182.1,464.1,1138.2,491.2,1160.15,477.65,0
354,11774,507323,1181.9,464.1,1138.1,491.4,1160.0,477.75,0
354,11775,507324,1181.7,464.1,1137.9,491.7,1159.8,477.9,0
354,11776,507325,1181.2,464.3,1138.1,491.7,1159.65,478.0,1
354,11777,507326,1180.8,464.4,1138.4,491.8,1159.6,478.1,0
354,11778,507327,1180.4,464.5,1138.7,491.9,1159.55,478.2,0
354,11779,507328,1180.0,464.5,1139.1,492.1,1159.55,478.3,0
354,11780,507329,1179.5,464.5,1139.5,492.8,1159.5,478.65,0
354,11781,507330,1179.1,464.6,1139.8,493.6,1159.45,479.1,0
354,11782,507331,1178.8,464.7,1139.8,494.4,1159.3,479.55,0
354,11783,507332,1178.8,464.8,1139.5,495.1,1159.15,479.95,0
354,11784,507333,1178.9,464.9,1139.2,495.8,1159.05,480.35,0
354,11785,507334,1179.0,465.1,1138.9,496.6,1158.95,480.85,0
354,11786,507335,1179.2,465.2,1138.4,497.3,1158.8,481.25,1
354,11787,507336,1179.4,465.3,1138.1,497.7,1158.75,481.5,0
354,11788,507337,1179.6,465.3,1137.8,497.8,1158.7,481.55,0
354,11789,507338,1179.8,465.4,1137.8,497.9,1158.8,481.65,0
354,11790,507339,1180.1,465.4,1137.8,498.0,1158.95,481.7,0
354,11791,507340,1180.3,465.6,1137.8,498.0,1159.05,481.8,0
354,11792,507341,1180.4,466.0,1137.8,498.1,1159.1,482.05,0
354,11793,507342,1180.5,466.4,1137.8,498.7,1159.15,482.55,0
354,11794,507343,1180.5,466.8,1137.8,499.3,1159.15,483.05,0
354,11795,507344,1180.6,467.2,1137.9,499.9,1159.25,483.55,0
354,11796,507345,1180.6,467.7,1138.1,500.5,1159.35,484.1,1
354,11797,507346,1180.5,468.1,1138.4,501.1,1159.45,484.6,0
354,11798,507347,1180.5,468.4,1138.7,501.7,1159.6,485.05,0
354,11799,507348,1180.5,468.5,1139.0,502.2,1159.75,485.35,0
354,11800,507349,1180.7,468.5,1139.3,502.1,1160.0,485.3,0
355,11801,507350,1181.0,468.6,1139.5,502.0,1160.25,485.3,0
355,11802,507351,1181.2,468.6,1139.6,501.9,1160.4,485.25,0
355,11803,507352,1181.5,468.7,1139.3,501.8,1160.4,485.25,0
355,11804,507353,1181.8,468.7,1138.9,501.7,1160.35,485.2,1
355,11805,507354,1182.1,468.8,1138.6,501.7,1160.35,485.25,0
355,11806,507355,1182.2,468.9,1138.3,501.9,1160.25,485.4,0
355,11807,507356,1182.3,469.0,1137.9,502.2,1160.1,485.6,0
355,11808,507357,1182.5,469.4,1137.7,502.6,1160.1,486.0,0
355,11809,507358,1182.8,470.0,1137.5,503.1,1160.15,486.55,0
355,11810,507359,1183.0,470.5,1137.5,503.7,1160.25,487.1,0
355,11811,507360,1183.2,471.1,1137.5,504.3,1160.35,487.7,0
355,11812,507361,1183.3,471.5,1137.5,504.8,1160.4,488.15,0
355,11813,507362,1183.5,471.8,1137.5,505.2,1160.5,488.5,0
355,11814,507363,1183.5,472.1,1137.5,505.5,1160.5,488.8,0
355,11815,507364,1183.4,472.1,1137.4,505.7,1160.4,488.9,0
355,11816,507365,1183.3,471.9,1137.3,505.8,1160.3,488.85,0
355,11817,507366,1183.1,471.7,1137.2,505.8,1160.15,488.75,0
355,11818,507367,1183.0,471.7,1137.2,505.9,1160.1,488.8,1
355,11819,507368,1182.9,471.7,1137.2,506.0,1160.05,488.85,0
355,11820,507369,1182.8,472.1,1137.3,506.0,1160.05,489.05,0
355,11821,507370,1182.8,472.5,1137.3,505.9,1160.05,489.2,0
355,11822,507371,1182.8,473.0,1137.5,506.0,1160.15,489.5,0
355,11823,507372,1182.8,473.2,1137.7,506.0,1160.25,489.6,0
355,11824,507373,1182.8,473.2,1137.8,506.0,1160.3,489.6,0
355,11825,507374,1182.9,473.1,1138.0,505.8,1160.45,489.45,0
355,11826,507375,1182.9,472.9,1138.1,505.8,1160.5,489.35,0
355,11827,507376,1182.9,472.2,1138.2,505.8,1160.55,489.0,1
355,11828,507377,1182.9,471.6,1138.3,506.1,1160.6,488.85,0
355,11829,507378,1182.9,471.1,1138.3,506.6,1160.6,488.85,0
355,11830,507379,1182.9,471.0,1138.3,507.1,1160.6,489.05,0
355,11831,507380,1182.8,471.2,1138.2,507.6,1160.5,489.4,0
355,11832,507381,1182.8,471.5,1138.1,508.1,1160.45,489.8,0
355,11833,507382,1182.8,471.8,1138.1,508.5,1160.45,490.15,0
356,11834,507383,1182.9,472.2,1138.1,508.7,1160.5,490.45,0
356,11835,507384,1182.9,472.6,1138.0,508.6,1160.45,490.6,0
356,11836,507385,1183.0,472.8,1137.9,508.3,1160.45,490.55,0
356,11837,507386,1183.0,473.0,1137.9,508.0,1160.45,490.5,1
356,11838,507387,1183.0,473.1,1138.0,507.8,1160.5,490.45,0
356,11839,507388,1183.1,473.1,1138.1,507.5,1160.6,490.3,0
356,11840,507389,1183.2,473.0,1138.1,507.4,1160.65,490.2,0
356,11841,507390,1183.3,472.7,1138.2,507.4,1160.75,490.05,0
356,11842,507391,1183.5,472.4,1138.1,507.5,1160.8,489.95,0
356,11843,507392,1183.7,472.0,1138.1,507.6,1160.9,489.8,0
356,11844,507393,1183.9,471.7,1138.1,507.6,1161.0,489.65,0
356,11845,507394,1184.2,471.3,1138.0,507.6,1161.1,489.45,0
356,11846,507395,1184.4,471.1,1137.9,507.6,1161.15,489.35,0
356,11847,507396,1184.6,470.9,1137.8,507.5,1161.2,489.2,0
356,11848,507397,1184.7,470.9,1137.7,507.4,1161.2,489.15,0
356,11849,507398,1184.6,470.8,1137.6,507.4,1161.1,489.1,0
356,11850,507399,1184.5,470.6,1137.4,507.5,1160.95,489.05,0
356,11851,507400,1184.4,470.0,1137.2,507.7,1160.8,488.85,1
356,11852,507401,1184.3,469.4,1137.0,507.8,1160.65,488.6,0
356,11853,507402,1184.1,468.8,1136.9,508.0,1160.5,488.4,0
356,11854,507403,1183.9,468.2,1136.8,508.2,1160.35,488.2,0
356,11855,507404,1183.7,467.5,1136.8,508.3,1160.25,487.9,0
356,11856,507405,1183.6,467.0,1136.9,508.4,1160.25,487.7,0
356,11857,507406,1183.7,466.8,1137.0,508.2,1160.35,487.5,0
356,11858,507407,1183.8,466.8,1137.1,508.0,1160.45,487.4,0
356,11859,507408,1183.8,466.9,1137.2,507.8,1160.5,487.35,1
356,11860,507409,1183.7,466.9,1137.3,507.5,1160.5,487.2,0
356,11861,507410,1183.6,466.9,1137.4,507.1,1160.5,487.0,0
356,11862,507411,1183.5,466.9,1137.5,506.6,1160.5,486.75,0
356,11863,507412,1183.3,466.5,1137.6,505.9,1160.45,486.2,0
356,11864,507413,1183.0,466.0,1137.7,505.4,1160.35,485.7,0
356,11865,507414,1182.8,465.5,1137.7,504.8,1160.25,485.15,0
356,11866,507415,1182.5,465.0,1137.5,504.3,1160.0,484.65,0
357,11867,507416,1182.4,464.8,1137.4,503.7,1159.9,484.25,1
357,11868,507417,1182.3,464.6,1137.2,503.3,1159.75,483.95,0
357,11869,507418,1182.5,464.3,1137.0,502.9,1159.75,483.6,0
357,11870,507419,1182.8,464.6,1136.7,502.7,1159.75,483.65,0
357,11871,507420,1183.1,465.0,1136.5,502.6,1159.8,483.8,0
357,11872,507421,1183.4,465.5,1136.3,502.4,1159.85,483.95,0
357,11873,507422,1183.7,465.8,1136.3,502.3,1160.0,484.05,0
357,11874,507423,1184.1,466.1,1136.3,502.3,1160.2,484.2,0
357,11875,507424,1184.5,466.3,1136.3,502.3,1160.4,484.3,0
357,11876,507425,1184.6,466.5,1136.6,502.4,1160.6,484.45,0
357,11877,507426,1184.6,466.7,1136.8,502.5,1160.7,484.6,0
357,11878,507427,1184.7,466.6,1137.1,502.5,1160.9,484.55,0
357,11879,507428,1184.8,466.6,1137.4,502.7,1161.1,484.65,0
357,11880,507429,1184.8,466.4,1137.6,502.8,1161.2,484.6,0
357,11881,507430,1184.8,466.2,1137.8,503.3,1161.3,484.75,0
357,11882,507431,1184.6,466.0,1138.1,503.8,1161.35,484.9,0
357,11883,507432,1184.5,465.8,1138.3,504.3,1161.4,485.05,0
357,11884,507433,1184.3,465.6,1138.5,504.8,1161.4,485.2,0
357,11885,507434,1184.1,465.5,1138.7,505.3,1161.4,485.4,0
357,11886,507435,1183.9,465.3,1138.9,505.5,1161.4,485.4,0
357,11887,507436,1183.8,465.3,1139.2,505.6,1161.5,485.45,0
357,11888,507437,1183.6,465.2,1139.3,505.1,1161.45,485.15,0
357,11889,507438,1183.5,465.0,1139.3,504.7,1161.4,484.85,0
357,11890,507439,1183.4,464.8,1139.3,504.1,1161.35,484.45,0
357,11891,507440,1183.3,464.7,1139.3,503.5,1161.3,484.1,0
357,11892,507441,1183.2,464.6,1139.2,502.9,1161.2,483.75,0
357,11893,507442,1183.1,464.6,1139.0,502.5,1161.05,483.55,0
357,11894,507443,1183.4,464.6,1138.6,502.2,1161.0,483.4,0
357,11895,507444,1183.7,464.7,1138.3,502.1,1161.0,483.4,0
357,11896,507445,1183.9,464.8,1138.1,501.9,1161.0,483.35,0
357,11897,507446,1184.1,464.9,1137.9,501.9,1161.0,483.4,0
357,11898,507447,1184.4,465.0,1137.6,501.8,1161.0,483.4,0
357,11899,507448,1184.7,465.0,1137.3,501.7,1161.0,483.35,0
357,11900,507449,1184.9,464.9,1137.1,501.6,1161.0,483.25,0
358,11901,507450,1184.7,464.3,1137.0,501.4,1160.85,482.85,0
358,11902,507451,1184.6,463.8,1136.9,501.2,1160.75,482.5,0
358,11903,507452,1184.5,463.2,1136.7,500.8,1160.6,482.0,0
358,11904,507453,1184.2,462.7,1136.4,500.5,1160.3,481.6,0
358,11905,507454,1183.9,462.1,1136.3,500.1,1160.1,481.1,0
358,11906,507455,1183.7,461.6,1136.2,499.8,1159.95,480.7,0
358,11907,507456,1183.5,461.1,1136.3,499.5,1159.9,480.3,0
358,11908,507457,1183.3,460.9,1136.5,499.4,1159.9,480.15,0
358,11909,507458,1183.1,460.8,1136.7,499.2,1159.9,480.0,0
358,11910,507459,1182.9,460.7,1136.8,499.3,1159.85,480.0,0
358,11911,507460,1183.0,460.6,1137.0,499.4,1160.0,480.0,0
358,11912,507461,1183.1,460.7,1137.1,499.6,1160.1,480.15,0
358,11913,507462,1183.2,460.9,1137.2,499.7,1160.2,480.3,0
358,11914,507463,1183.2,461.1,1137.0,500.2,1160.1,480.65,0
358,11915,507464,1183.3,461.3,1136.8,500.6,1160.05,480.95,0
358,11916,507465,1183.4,461.7,1136.6,501.0,1160.0,481.35,0
358,11917,507466,1183.5,462.0,1136.4,501.5,1159.95,481.75,0
358,11918,507467,1183.4,462.3,1136.4,501.9,1159.9,482.1,0
358,11919,507468,1183.3,462.4,1136.4,502.2,1159.85,482.3,0
358,11920,507469,1183.2,462.6,1136.8,502.6,1160.0,482.6,0
358,11921,507470,1183.1,462.7,1137.2,502.7,1160.15,482.7,0
358,11922,507471,1183.1,462.9,1137.7,503.0,1160.4,482.95,0
358,11923,507472,1183.0,462.9,1138.2,503.5,1160.6,483.2,0
358,11924,507473,1182.9,462.9,1138.6,504.3,1160.75,483.6,0
358,11925,507474,1182.8,463.0,1139.0,504.9,1160.9,483.95,0
358,11926,507475,1182.8,463.0,1139.3,505.5,1161.05,484.25,0
358,11927,507476,1182.7,463.1,1139.3,506.0,1161.0,484.55,0
358,11928,507477,1182.8,463.3,1139.4,506.4,1161.1,484.85,0
358,11929,507478,1182.9,463.4,1139.5,506.4,1161.2,484.9,0
358,11930,507479,1183.0,463.5,1139.7,506.1,1161.35,484.8,0
358,11931,507480,1183.2,463.5,1139.8,505.6,1161.5,484.55,0
358,11932,507481,1183.2,463.5,1140.0,505.2,1161.6,484.35,0
358,11933,507482,1183.3,463.6,1140.1,504.9,1161.7,484.25,0
359,11934,507483,1183.4,463.6,1140.3,504.8,1161.85,484.2,0
359,11935,507484,1183.4,463.5,1140.3,504.7,1161.85,484.1,0
359,11936,507485,1183.4,463.5,1140.3,504.7,1161.85,484.1,0
359,11937,507486,1183.3,463.5,1140.3,504.9,1161.8,484.2,0
359,11938,507487,1183.3,463.6,1140.3,505.1,1161.8,484.35,0
359,11939,507488,1183.3,463.7,1140.3,505.6,1161.8,484.65,0
359,11940,507489,1183.3,463.9,1140.4,506.1,1161.85,485.0,0
359,11941,507490,1183.2,464.1,1140.6,506.6,1161.9,485.35,0
359,11942,507491,1183.2,464.4,1140.7,507.5,1161.95,485.95,0
359,11943,507492,1183.2,464.8,1140.9,508.4,1162.05,486.6,0
359,11944,507493,1183.1,465.1,1141.0,509.3,1162.05,487.2,0
359,11945,507494,1183.1,465.1,1141.1,510.1,1162.1,487.6,0
359,11946,507495,1183.0,465.2,1141.1,510.7,1162.05,487.95,0
359,11947,507496,1182.9,465.2,1141.1,511.2,1162.0,488.2,0
359,11948,507497,1182.8,465.3,1141.0,511.6,1161.9,488.45,0
359,11949,507498,1182.7,465.3,1141.0,511.5,1161.85,488.4,0
359,11950,507499,1182.6,465.3,1141.0,511.2,1161.8,488.25,0
359,11951,507500,1182.5,465.4,1141.1,510.9,1161.8,488.15,0
359,11952,507501,1182.4,465.9,1141.1,510.6,1161.75,488.25,0
359,11953,507502,1182.4,466.3,1141.2,510.3,1161.8,488.3,0
359,11954,507503,1182.4,466.6,1141.2,510.0,1161.8,488.3,0
359,11955,507504,1182.5,466.9,1141.3,509.7,1161.9,488.3,0
359,11956,507505,1182.5,467.2,1141.3,509.7,1161.9,488.45,0
359,11957,507506,1182.5,467.5,1141.1,509.8,1161.8,488.65,0
359,11958,507507,1182.5,467.9,1140.9,510.0,1161.7,488.95,0
359,11959,507508,1182.4,468.0,1140.7,510.1,1161.55,489.05,0
359,11960,507509,1182.3,468.2,1140.4,510.3,1161.35,489.25,0
359,11961,507510,1182.1,468.0,1140.0,510.4,1161.05,489.2,0
359,11962,507511,1182.1,467.8,1139.6,510.5,1160.85,489.15,0
359,11963,507512,1182.0,467.5,1139.2,510.6,1160.6,489.05,0
359,11964,507513,1181.9,467.2,1138.8,510.8,1160.35,489.0,0
359,11965,507514,1181.9,466.6,1138.5,511.1,1160.2,488.85,0
359,11966,507515,1181.8,466.2,1138.3,511.3,1160.05,488.75,0
360,11967,507516,1181.8,466.0,1138.1,511.9,1159.95,488.95,0
360,11968,507517,1181.9,466.3,1138.0,512.4,1159.95,489.35,0
360,11969,507518,1182.0,466.7,1138.0,513.0,1160.0,489.85,0
360,11970,507519,1182.1,467.1,1138.0,513.7,1160.05,490.4,0
360,11971,507520,1182.2,467.6,1138.1,514.2,1160.15,490.9,0
360,11972,507521,1182.3,468.3,1138.1,514.9,1160.2,491.6,0
360,11973,507522,1182.4,468.9,1138.1,515.5,1160.25,492.2,0
360,11974,507523,1182.5,469.4,1138.2,515.7,1160.35,492.55,0
360,11975,507524,1182.4,469.9,1138.2,515.9,1160.3,492.9,0
360,11976,507525,1182.3,470.4,1138.3,515.7,1160.3,493.05,0
360,11977,507526,1182.0,470.8,1138.3,515.6,1160.15,493.2,0
360,11978,507527,1181.8,471.3,1138.4,515.5,1160.1,493.4,0
360,11979,507528,1181.5,472.2,1138.4,515.3,1159.95,493.75,0
360,11980,507529,1181.2,472.9,1138.4,515.1,1159.8,494.0,0
360,11981,507530,1180.9,473.7,1138.3,515.0,1159.6,494.35,0
360,11982,507531,1180.7,474.4,1138.2,515.0,1159.45,494.7,0
360,11983,507532,1180.6,475.0,1138.2,515.2,1159.4,495.1,0
360,11984,507533,1180.5,475.2,1138.2,515.4,1159.35,495.3,0
360,11985,507534,1180.5,475.3,1138.3,515.4,1159.4,495.35,0
360,11986,507535,1180.4,474.9,1138.3,515.4,1159.35,495.15,0
360,11987,507536,1180.3,475.1,1138.4,515.3,1159.35,495.2,0
360,11988,507537,1180.3,475.3,1138.5,514.9,1159.4,495.1,0
360,11989,507538,1180.3,475.5,1138.6,514.5,1159.45,495.0,0
360,11990,507539,1180.4,475.8,1138.6,514.1,1159.5,494.95,0
360,11991,507540,1180.4,476.4,1138.6,513.6,1159.5,495.0,0
360,11992,507541,1180.4,477.0,1138.6,512.9,1159.5,494.95,0
360,11993,507542,1180.5,477.6,1138.6,512.2,1159.55,494.9,0
360,11994,507543,1180.3,477.6,1138.6,511.4,1159.45,494.5,0
360,11995,507544,1180.1,477.6,1138.7,510.7,1159.4,494.15,0
360,11996,507545,1179.8,477.7,1138.7,510.1,1159.25,493.9,0
360,11997,507546,1179.5,477.7,1138.8,509.2,1159.15,493.45,0
360,11998,507547,1179.2,477.9,1138.9,508.5,1159.05,493.2,0
360,11999,507548,1179.1,478.4,1139.0,507.9,1159.05,493.15,0
360,12000,507549,1179.0,478.8,1139.0,506.8,1159.0,492.8,0
361,12001,507550,1179.3,479.3,1138.9,505.8,1159.1,492.55,0
361,12002,507551,1179.6,479.8,1138.9,505.1,1159.25,492.45,0
361,12003,507552,1179.9,480.5,1138.9,504.4,1159.4,492.45,0
361,12004,507553,1180.3,481.1,1139.1,503.2,1159.7,492.15,0
361,12005,507554,1180.5,481.5,1139.3,502.0,1159.9,491.75,0
361,12006,507555,1180.7,481.7,1139.5,500.8,1160.1,491.25,0
361,12007,507556,1180.6,481.8,1139.5,500.0,1160.05,490.9,0
361,12008,507557,1180.4,481.9,1139.7,498.9,1160.05,490.4,0
361,12009,507558,1180.2,481.8,1139.8,497.8,1160.0,489.8,0
361,12010,507559,1180.0,481.6,1139.9,496.8,1159.95,489.2,0
361,12011,507560,1179.8,481.5,1139.8,496.3,1159.8,488.9,0
361,12012,507561,1179.6,481.6,1139.7,495.5,1159.65,488.55,0
361,12013,507562,1179.5,481.9,1139.6,494.8,1159.55,488.35,0
361,12014,507563,1179.7,482.3,1139.6,494.2,1159.65,488.25,0
361,12015,507564,1179.9,482.9,1139.5,493.6,1159.7,488.25,0
361,12016,507565,1180.1,483.4,1139.5,493.0,1159.8,488.2,0
361,12017,507566,1180.3,483.8,1139.5,492.2,1159.9,488.0,0
361,12018,507567,1180.5,484.3,1139.4,491.2,1159.95,487.75,0
361,12019,507568,1180.7,484.8,1139.4,490.5,1160.05,487.65,0
361,12020,507569,1180.7,485.3,1139.4,489.7,1160.05,487.5,0
361,12021,507570,1180.7,485.8,1139.4,488.0,1160.05,486.9,0
361,12022,507571,1180.7,486.2,1139.4,486.5,1160.05,486.35,0
361,12023,507572,1180.6,486.7,1139.5,485.1,1160.05,485.9,0
361,12024,507573,1180.6,487.3,1139.7,483.8,1160.15,485.55,0
361,12025,507574,1180.7,488.2,1140.3,482.0,1160.5,485.1,0
361,12026,507575,1180.7,489.0,1141.0,480.0,1160.85,484.5,0
361,12027,507576,1180.8,489.6,1141.6,478.3,1161.2,483.95,0
361,12028,507577,1181.1,490.2,1142.3,477.3,1161.7,483.75,0
361,12029,507578,1181.3,490.7,1143.0,476.0,1162.15,483.35,0
361,12030,507579,1181.6,491.1,1143.6,474.4,1162.6,482.75,0
361,12031,507580,1181.7,491.5,1144.0,472.8,1162.85,482.15,0
361,12032,507581,1181.9,491.5,1144.1,471.7,1163.0,481.6,0
361,12033,507582,1182.0,491.1,1144.1,470.9,1163.05,481.0,0
362,12034,507583,1182.2,490.6,1144.1,470.0,1163.15,480.3,0
362,12035,507584,1182.2,490.2,1144.0,469.0,1163.1,479.6,0
362,12036,507585,1182.3,490.2,1143.9,468.3,1163.1,479.25,0
362,12037,507586,1182.4,490.1,1143.8,467.9,1163.1,479.0,0
362,12038,507587,1182.4,490.1,1143.8,467.5,1163.1,478.8,0
362,12039,507588,1182.4,490.0,1143.7,467.2,1163.05,478.6,0
362,12040,507589,1182.1,490.4,1143.5,466.8,1162.8,478.6,0
362,12041,507590,1181.8,490.7,1143.3,466.0,1162.55,478.35,0
362,12042,507591,1181.5,491.0,1143.3,465.4,1162.4,478.2,0
362,12043,507592,1181.2,490.9,1143.3,464.8,1162.25,477.85,0
362,12044,507593,1181.0,490.9,1143.6,464.2,1162.3,477.55,0
362,12045,507594,1180.9,490.9,1143.9,463.6,1162.4,477.25,0
362,12046,507595,1180.8,490.9,1144.2,463.1,1162.5,477.0,0
362,12047,507596,1181.0,490.9,1144.5,462.7,1162.75,476.8,0
362,12048,507597,1181.1,490.9,1144.7,462.9,1162.9,476.9,0
362,12049,507598,1181.3,490.8,1144.7,463.1,1163.0,476.95,0
362,12050,507599,1181.3,491.2,1144.7,463.4,1163.0,477.3,0
362,12051,507600,1181.4,491.5,1144.5,463.7,1162.95,477.6,0
362,12052,507601,1181.4,491.9,1144.3,464.0,1162.85,477.95,0
362,12053,507602,1181.3,492.2,1144.2,464.3,1162.75,478.25,0
362,12054,507603,1181.3,492.5,1144.2,464.5,1162.75,478.5,0
362,12055,507604,1181.3,492.7,1144.5,464.6,1162.9,478.65,0
362,12056,507605,1181.2,492.9,1144.9,464.6,1163.05,478.75,0
362,12057,507606,1181.1,492.6,1145.2,464.6,1163.15,478.6,0
362,12058,507607,1180.9,491.9,1145.6,464.5,1163.25,478.2,0
362,12059,507608,1180.7,491.3,1145.9,465.3,1163.3,478.3,0
362,12060,507609,1180.6,490.7,1146.1,466.0,1163.35,478.35,0
362,12061,507610,1180.5,490.2,1146.2,466.8,1163.35,478.5,0
362,12062,507611,1180.3,489.9,1145.9,467.1,1163.1,478.5,0
362,12063,507612,1180.1,489.7,1145.6,467.5,1162.85,478.6,0
362,12064,507613,1180.0,489.6,1145.4,467.8,1162.7,478.7,0
362,12065,507614,1180.0,489.7,1145.0,468.1,1162.5,478.9,0
362,12066,507615,1180.0,489.7,1144.8,467.7,1162.4,478.7,0
363,12067,507616,1180.1,489.7,1144.5,467.2,1162.3,478.45,0
363,12068,507617,1180.1,489.6,1144.4,466.8,1162.25,478.2,0
363,12069,507618,1180.2,489.5,1144.5,466.7,1162.35,478.1,0
363,12070,507619,1180.3,489.3,1144.7,466.7,1162.5,478.0,0
363,12071,507620,1180.3,489.1,1144.8,466.7,1162.55,477.9,0
363,12072,507621,1180.4,489.1,1145.0,466.7,1162.7,477.9,0
363,12073,507622,1180.5,489.2,1145.1,466.7,1162.8,477.95,0
363,12074,507623,1180.5,489.3,1145.0,466.7,1162.75,478.0,0
363,12075,507624,1180.6,489.4,1144.8,466.7,1162.7,478.05,0
363,12076,507625,1180.6,489.6,1144.6,466.8,1162.6,478.2,0
363,12077,507626,1180.7,489.6,1144.4,466.8,1162.55,478.2,0
363,12078,507627,1180.8,489.6,1144.1,467.0,1162.45,478.3,0
363,12079,507628,1180.9,489.6,1144.0,467.2,1162.45,478.4,0
363,12080,507629,1181.3,489.7,1143.9,467.3,1162.6,478.5,0
363,12081,507630,1181.6,489.8,1144.0,467.5,1162.8,478.65,0
363,12082,507631,1181.9,489.9,1144.1,467.7,1163.0,478.8,0
363,12083,507632,1182.1,490.0,1144.1,467.9,1163.1,478.95,0
363,12084,507633,1182.3,490.1,1144.2,468.1,1163.25,479.1,0
363,12085,507634,1182.3,490.0,1144.3,468.2,1163.3,479.1,0
363,12086,507635,1182.3,489.8,1144.2,468.3,1163.25,479.05,0
363,12087,507636,1182.1,489.6,1144.2,468.4,1163.15,479.0,0
363,12088,507637,1181.9,489.3,1144.2,468.7,1163.05,479.0,0
363,12089,507638,1181.7,489.0,1144.2,469.1,1162.95,479.05,0
363,12090,507639,1181.5,488.8,1144.2,469.4,1162.85,479.1,0
363,12091,507640,1181.5,488.7,1144.1,469.7,1162.8,479.2,0
363,12092,507641,1181.3,488.7,1144.0,469.9,1162.65,479.3,0
363,12093,507642,1181.1,488.5,1143.8,470.1,1162.45,479.3,0
363,12094,507643,1181.0,488.4,1143.6,470.3,1162.3,479.35,0
363,12095,507644,1180.8,488.2,1143.5,470.3,1162.15,479.25,0
363,12096,507645,1180.6,488.1,1143.4,470.3,1162.0,479.2,0
363,12097,507646,1180.5,488.1,1143.3,470.4,1161.9,479.25,0
363,12098,507647,1180.3,487.9,1143.1,470.4,1161.7,479.15,0
363,12099,507648,1180.3,487.7,1143.1,470.5,1161.7,479.1,0
363,12100,507649,1180.3,487.7,1143.1,470.5,1161.7,479.1,0
364,12101,507650,1180.3,487.7,1143.1,470.5,1161.7,479.1,0
364,12102,507651,1180.3,487.9,1142.9,470.4,1161.6,479.15,0
364,12103,507652,1180.3,487.9,1142.4,470.0,1161.35,478.95,0
364,12104,507653,1180.0,487.9,1142.0,469.7,1161.0,478.8,0
364,12105,507654,1179.8,487.9,1141.6,469.3,1160.7,478.6,0
364,12106,507655,1179.6,488.0,1141.2,468.8,1160.4,478.4,0
364,12107,507656,1179.2,488.0,1140.7,468.4,1159.95,478.2,0
364,12108,507657,1178.6,488.0,1140.4,468.1,1159.5,478.05,0
364,12109,507658,1178.2,487.9,1140.0,467.7,1159.1,477.8,0
364,12110,507659,1177.8,488.0,1139.9,467.6,1158.85,477.8,0
364,12111,507660,1177.6,488.1,1139.7,467.5,1158.65,477.8,0
364,12112,507661,1177.4,488.3,1139.4,467.4,1158.4,477.85,0
364,12113,507662,1177.2,488.6,1139.1,467.2,1158.15,477.9,0
364,12114,507663,1177.3,488.9,1138.9,467.0,1158.1,477.95,0
364,12115,507664,1177.5,489.2,1138.5,466.9,1158.0,478.05,0
364,12116,507665,1177.7,489.4,1138.2,466.7,1157.95,478.05,0
364,12117,507666,1177.8,489.5,1138.0,466.8,1157.9,478.15,0
364,12118,507667,1177.8,489.6,1137.8,466.9,1157.8,478.25,0
364,12119,507668,1177.7,489.7,1137.7,466.9,1157.7,478.3,0
364,12120,507669,1177.2,489.8,1137.7,466.9,1157.45,478.35,0
364,12121,507670,1176.6,489.9,1137.8,466.5,1157.2,478.2,0
364,12122,507671,1175.9,490.0,1137.8,466.1,1156.85,478.05,0
364,12123,507672,1175.3,490.2,1137.8,465.8,1156.55,478.0,0
364,12124,507673,1174.6,490.3,1137.9,465.7,1156.25,478.0,0
364,12125,507674,1174.2,490.5,1138.0,465.6,1156.1,478.05,0
364,12126,507675,1173.7,490.6,1138.3,465.4,1156.0,478.0,0
364,12127,507676,1173.7,490.6,1138.6,465.5,1156.15,478.05,0
364,12128,507677,1173.6,490.6,1138.8,466.1,1156.2,478.35,0
364,12129,507678,1173.5,490.3,1139.0,466.6,1156.25,478.45,0
364,12130,507679,1173.5,490.1,1139.4,466.9,1156.45,478.5,0
364,12131,507680,1172.9,489.8,1139.6,466.7,1156.25,478.25,0
364,12132,507681,1172.3,489.6,1139.7,466.6,1156.0,478.1,0
364,12133,507682,1171.8,489.4,1139.6,466.5,1155.7,477.95,0
365,12134,507683,1171.2,489.3,1139.4,466.2,1155.3,477.75,0
365,12135,507684,1170.7,489.3,1139.3,465.8,1155.0,477.55,0
365,12136,507685,1170.2,489.5,1139.3,465.4,1154.75,477.45,0
365,12137,507686,1169.7,489.7,1139.4,465.1,1154.55,477.4,0
365,12138,507687,1169.7,490.0,1139.5,465.0,1154.6,477.5,0
365,12139,507688,1169.7,490.3,1140.0,464.9,1154.85,477.6,0
365,12140,507689,1170.1,490.6,1140.6,464.7,1155.35,477.65,0
365,12141,507690,1170.5,490.9,1141.2,464.6,1155.85,477.75,0
365,12142,507691,1170.9,491.2,1141.7,464.7,1156.3,477.95,0
365,12143,507692,1171.1,491.4,1142.0,464.8,1156.55,478.1,0
365,12144,507693,1171.3,491.6,1142.2,464.8,1156.75,478.2,0
365,12145,507694,1171.5,491.7,1142.5,464.8,1157.0,478.25,0
365,12146,507695,1171.7,491.8,1142.4,464.8,1157.05,478.3,0
365,12147,507696,1171.5,491.8,1142.3,464.8,1156.9,478.3,0
365,12148,507697,1171.3,491.9,1142.3,464.8,1156.8,478.35,0
365,12149,507698,1171.1,492.0,1142.4,464.8,1156.75,478.4,0
365,12150,507699,1171.1,492.2,1142.6,464.7,1156.85,478.45,0
365,12151,507700,1171.0,492.3,1142.8,464.6,1156.9,478.45,0
365,12152,507701,1170.9,492.5,1143.1,464.4,1157.0,478.45,0
365,12153,507702,1170.9,492.6,1143.4,464.3,1157.15,478.45,0
365,12154,507703,1171.0,493.1,1143.8,464.3,1157.4,478.7,0
365,12155,507704,1171.4,493.5,1144.0,464.5,1157.7,479.0,0
365,12156,507705,1171.7,493.9,1144.3,464.6,1158.0,479.25,0
365,12157,507706,1172.1,494.3,1144.5,464.8,1158.3,479.55,0
365,12158,507707,1172.3,494.8,1144.7,465.0,1158.5,479.9,0
365,12159,507708,1172.5,495.4,1144.7,465.5,1158.6,480.45,0
365,12160,507709,1172.6,496.0,1144.7,466.1,1158.65,481.05,0
365,12161,507710,1172.7,496.3,1144.6,466.6,1158.65,481.45,0
365,12162,507711,1172.6,496.5,1144.7,467.0,1158.65,481.75,0
365,12163,507712,1172.7,496.6,1144.7,467.4,1158.7,482.0,0
365,12164,507713,1172.8,496.6,1144.7,467.6,1158.75,482.1,0
365,12165,507714,1173.0,496.5,1144.6,467.8,1158.8,482.15,0
365,12166,507715,1173.4,496.3,1144.6,467.7,1159.0,482.0,0
366,12167,507716,1173.8,496.2,1144.7,467.8,1159.25,482.0,0
366,12168,507717,1174.1,496.2,1144.7,468.3,1159.4,482.25,0
366,12169,507718,1174.3,496.2,1144.8,468.7,1159.55,482.45,0
366,12170,507719,1174.4,496.4,1144.9,469.3,1159.65,482.85,0
366,12171,507720,1174.4,496.5,1145.0,469.8,1159.7,483.15,0
366,12172,507721,1174.5,496.7,1145.1,470.5,1159.8,483.6,0
366,12173,507722,1174.6,496.8,1145.2,471.3,1159.9,484.05,0
366,12174,507723,1174.9,496.8,1145.3,472.2,1160.1,484.5,0
366,12175,507724,1175.2,496.9,1145.1,472.8,1160.15,484.85,0
366,12176,507725,1175.6,496.9,1144.8,473.4,1160.2,485.15,0
366,12177,507726,1176.1,496.9,1144.6,474.1,1160.35,485.5,0
366,12178,507727,1176.6,497.0,1144.3,474.9,1160.45,485.95,0
366,12179,507728,1177.1,497.1,1144.3,475.9,1160.7,486.5,0
366,12180,507729,1177.6,496.9,1144.3,476.6,1160.95,486.75,0
366,12181,507730,1177.7,496.7,1144.3,477.0,1161.0,486.85,0
366,12182,507731,1177.7,496.6,1144.7,477.5,1161.2,487.05,0
366,12183,507732,1177.7,496.4,1145.0,477.9,1161.35,487.15,0
366,12184,507733,1177.6,496.0,1145.2,478.5,1161.4,487.25,0
366,12185,507734,1177.5,495.5,1145.4,479.1,1161.45,487.3,0
366,12186,507735,1177.5,494.3,1145.3,480.1,1161.4,487.2,0
366,12187,507736,1177.6,493.3,1145.1,481.7,1161.35,487.5,0
366,12188,507737,1177.7,492.4,1144.8,483.3,1161.25,487.85,0
366,12189,507738,1177.8,491.6,1144.2,485.1,1161.0,488.35,0
366,12190,507739,1178.0,490.9,1143.4,486.8,1160.7,488.85,0
366,12191,507740,1178.1,490.5,1142.7,488.4,1160.4,489.45,0
366,12192,507741,1178.0,490.2,1142.0,490.5,1160.0,490.35,0
366,12193,507742,1177.6,490.6,1141.5,492.0,1159.55,491.3,0
366,12194,507743,1177.3,490.9,1141.0,492.9,1159.15,491.9,0
366,12195,507744,1177.0,491.2,1140.7,494.6,1158.85,492.9,0
366,12196,507745,1176.8,491.9,1140.8,496.1,1158.8,494.0,0
366,12197,507746,1176.7,492.3,1141.1,497.5,1158.9,494.9,0
366,12198,507747,1176.7,492.7,1141.3,499.0,1159.0,495.85,0
366,12199,507748,1176.9,493.0,1141.6,500.1,1159.25,496.55,0
366,12200,507749,1177.1,493.3,1141.9,501.6,1159.5,497.45,0
367,12201,507750,1177.1,493.6,1142.1,503.6,1159.6,498.6,0
367,12202,507751,1177.0,493.6,1142.4,504.8,1159.7,499.2,0
367,12203,507752,1176.6,493.2,1142.6,506.6,1159.6,499.9,0
367,12204,507753,1176.2,492.8,1142.7,508.4,1159.45,500.6,0
367,12205,507754,1175.8,492.4,1142.9,510.0,1159.35,501.2,0
367,12206,507755,1175.4,491.7,1142.9,511.7,1159.15,501.7,0
367,12207,507756,1175.0,491.1,1142.9,512.8,1158.95,501.95,0
367,12208,507757,1174.8,490.5,1142.8,513.5,1158.8,502.0,0
367,12209,507758,1174.7,490.1,1142.6,514.2,1158.65,502.15,0
367,12210,507759,1174.7,489.6,1142.4,514.4,1158.55,502.0,0
367,12211,507760,1174.7,489.0,1142.1,514.7,1158.4,501.85,0
367,12212,507761,1174.7,488.5,1141.9,515.2,1158.3,501.85,0
367,12213,507762,1174.8,487.9,1141.5,515.6,1158.15,501.75,0
367,12214,507763,1174.9,487.2,1141.2,515.9,1158.05,501.55,0
367,12215,507764,1175.0,486.5,1140.9,516.4,1157.95,501.45,0
367,12216,507765,1175.2,485.9,1140.6,516.8,1157.9,501.35,0
367,12217,507766,1175.4,485.2,1139.8,517.2,1157.6,501.2,0
367,12218,507767,1175.6,484.7,1139.1,517.5,1157.35,501.1,0
367,12219,507768,1175.7,484.0,1138.3,517.7,1157.0,500.85,0
367,12220,507769,1175.8,483.5,1138.1,517.9,1156.95,500.7,0
367,12221,507770,1175.8,483.0,1137.8,518.0,1156.8,500.5,0
367,12222,507771,1175.8,482.5,1137.6,518.2,1156.7,500.35,0
367,12223,507772,1175.7,482.0,1137.5,518.3,1156.6,500.15,0
367,12224,507773,1175.5,481.4,1137.7,518.5,1156.6,499.95,0
367,12225,507774,1175.3,480.3,1138.0,518.6,1156.65,499.45,0
367,12226,507775,1175.2,479.5,1138.2,518.6,1156.7,499.05,0
367,12227,507776,1175.1,479.0,1138.2,518.3,1156.65,498.65,0
367,12228,507777,1175.0,478.8,1138.2,517.7,1156.6,498.25,0
367,12229,507778,1175.0,478.6,1138.2,517.0,1156.6,497.8,0
367,12230,507779,1174.7,478.3,1138.1,516.4,1156.4,497.35,0
367,12231,507780,1174.5,477.7,1138.2,515.5,1156.35,496.6,0
367,12232,507781,1174.2,477.6,1138.3,514.6,1156.25,496.1,0
367,12233,507782,1174.0,477.4,1138.4,513.6,1156.2,495.5,0
368,12234,507783,1173.6,477.2,1138.5,513.0,1156.05,495.1,0
368,12235,507784,1173.4,476.6,1138.6,512.7,1156.0,494.65,0
368,12236,507785,1173.2,476.1,1138.7,512.3,1155.95,494.2,0
368,12237,507786,1173.1,475.5,1138.8,511.8,1155.95,493.65,0
368,12238,507787,1173.1,475.3,1138.9,511.5,1156.0,493.4,0
368,12239,507788,1173.0,475.2,1139.4,511.3,1156.2,493.25,0
368,12240,507789,1173.0,475.1,1140.0,511.1,1156.5,493.1,0
368,12241,507790,1172.9,475.0,1140.4,510.8,1156.65,492.9,0
368,12242,507791,1172.9,474.9,1140.8,510.5,1156.85,492.7,0
368,12243,507792,1172.8,474.7,1141.2,510.2,1157.0,492.45,0
368,12244,507793,1172.8,474.6,1141.6,510.1,1157.2,492.35,0
368,12245,507794,1172.7,474.3,1142.1,509.9,1157.4,492.1,0
368,12246,507795,1172.6,474.0,1142.1,509.4,1157.35,491.7,0
368,12247,507796,1172.5,473.6,1142.0,508.8,1157.25,491.2,0
368,12248,507797,1172.4,473.0,1141.9,508.3,1157.15,490.65,0
368,12249,507798,1172.3,472.5,1141.8,507.8,1157.05,490.15,0
368,12250,507799,1172.2,471.9,1141.7,507.3,1156.95,489.6,0
368,12251,507800,1172.0,471.4,1141.6,506.8,1156.8,489.1,0
368,12252,507801,1172.0,470.7,1141.5,506.4,1156.75,488.55,0
368,12253,507802,1172.0,470.0,1141.6,506.2,1156.8,488.1,0
368,12254,507803,1172.2,469.3,1141.7,505.7,1156.95,487.5,0
368,12255,507804,1172.3,468.8,1142.3,505.2,1157.3,487.0,0
368,12256,507805,1172.5,468.2,1143.0,504.7,1157.75,486.45,0
368,12257,507806,1172.6,467.7,1143.6,504.2,1158.1,485.95,0
368,12258,507807,1172.8,467.3,1144.2,503.7,1158.5,485.5,0
368,12259,507808,1172.9,467.1,1144.7,503.2,1158.8,485.15,0
368,12260,507809,1172.9,467.0,1145.2,502.5,1159.05,484.75,0
368,12261,507810,1172.4,466.8,1145.7,502.2,1159.05,484.5,0
368,12262,507811,1172.0,466.3,1145.8,501.8,1158.9,484.05,0
368,12263,507812,1171.5,465.8,1145.8,501.0,1158.65,483.4,0
368,12264,507813,1171.0,465.2,1145.8,500.3,1158.4,482.75,0
368,12265,507814,1170.5,464.6,1145.8,499.5,1158.15,482.05,0
368,12266,507815,1170.0,464.0,1145.7,498.8,1157.85,481.4,0
369,12267,507816,1169.6,463.4,1145.7,498.1,1157.65,480.75,0
369,12268,507817,1169.6,462.8,1145.7,497.3,1157.65,480.05,0
369,12269,507818,1169.7,462.5,1145.8,496.6,1157.75,479.55,0
369,12270,507819,1169.9,462.4,1145.8,496.1,1157.85,479.25,0
369,12271,507820,1170.1,462.6,1145.9,495.5,1158.0,479.05,0
369,12272,507821,1170.3,462.9,1145.9,495.1,1158.1,479.0,0
369,12273,507822,1170.4,463.2,1146.0,494.5,1158.2,478.85,0
369,12274,507823,1170.6,463.6,1146.0,493.9,1158.3,478.75,0
369,12275,507824,1170.7,464.0,1146.0,493.6,1158.35,478.8,0
369,12276,507825,1170.8,464.4,1145.8,493.1,1158.3,478.75,0
369,12277,507826,1170.8,464.6,1145.6,492.6,1158.2,478.6,0
369,12278,507827,1170.7,464.6,1145.4,491.8,1158.05,478.2,0
369,12279,507828,1170.7,464.6,1145.2,491.0,1157.95,477.8,0
369,12280,507829,1170.6,464.5,1144.7,489.8,1157.65,477.15,0
369,12281,507830,1170.7,464.4,1144.2,488.6,1157.45,476.5,0
369,12282,507831,1171.0,464.3,1143.7,487.3,1157.35,475.8,0
369,12283,507832,1171.3,464.2,1143.4,486.1,1157.35,475.15,0
369,12284,507833,1171.6,464.1,1143.2,485.0,1157.4,474.55,0
369,12285,507834,1172.1,464.0,1143.0,484.2,1157.55,474.1,0
369,12286,507835,1172.6,463.9,1142.9,483.4,1157.75,473.65,0
369,12287,507836,1173.1,463.9,1143.0,483.2,1158.05,473.55,0
369,12288,507837,1173.4,463.8,1143.2,483.0,1158.3,473.4,0
369,12289,507838,1173.6,463.7,1143.3,482.8,1158.45,473.25,0
369,12290,507839,1174.0,463.6,1143.4,482.7,1158.7,473.15,0
369,12291,507840,1174.3,463.6,1143.6,482.5,1158.95,473.05,0
369,12292,507841,1174.5,463.7,1143.7,482.4,1159.1,473.05,0
369,12293,507842,1174.8,463.7,1144.0,482.3,1159.4,473.0,0
369,12294,507843,1175.1,463.9,1144.3,482.2,1159.7,473.05,0
369,12295,507844,1175.6,464.4,1144.6,481.7,1160.1,473.05,0
369,12296,507845,1176.3,464.8,1144.9,481.2,1160.6,473.0,0
369,12297,507846,1177.1,465.3,1145.2,480.7,1161.15,473.0,0
369,12298,507847,1177.8,465.8,1145.5,480.2,1161.65,473.0,0
369,12299,507848,1178.6,466.2,1145.9,479.7,1162.25,472.95,0
369,12300,507849,1179.1,466.5,1146.2,479.1,1162.65,472.8,0
370,12301,507850,1179.7,466.4,1146.6,478.6,1163.15,472.5,0
370,12302,507851,1180.2,466.1,1147.0,478.5,1163.6,472.3,0
370,12303,507852,1180.4,465.8,1147.3,478.4,1163.85,472.1,0
370,12304,507853,1180.5,465.6,1147.7,478.4,1164.1,472.0,0
370,12305,507854,1180.6,465.4,1148.1,478.3,1164.35,471.85,0
370,12306,507855,1180.5,465.3,1148.4,478.1,1164.45,471.7,0
370,12307,507856,1180.4,465.3,1148.4,477.9,1164.4,471.6,0
370,12308,507857,1180.3,465.3,1148.5,477.7,1164.4,471.5,0
370,12309,507858,1179.9,465.4,1148.3,477.6,1164.1,471.5,0
370,12310,507859,1179.5,465.4,1148.2,477.6,1163.85,471.5,0
370,12311,507860,1179.0,465.4,1148.0,477.9,1163.5,471.65,0
370,12312,507861,1178.6,465.3,1147.6,478.3,1163.1,471.8,0
370,12313,507862,1178.3,465.1,1147.1,479.0,1162.7,472.05,0
370,12314,507863,1178.1,465.0,1146.6,479.6,1162.35,472.3,0
370,12315,507864,1177.8,464.9,1146.1,480.4,1161.95,472.65,0
370,12316,507865,1177.8,464.8,1145.8,481.0,1161.8,472.9,0
370,12317,507866,1177.7,464.7,1145.5,481.6,1161.6,473.15,0
370,12318,507867,1177.5,464.7,1145.3,481.8,1161.4,473.25,0
370,12319,507868,1177.3,464.8,1145.1,481.9,1161.2,473.35,0
370,12320,507869,1176.7,464.9,1145.1,481.9,1160.9,473.4,0
370,12321,507870,1176.2,465.1,1145.0,481.9,1160.6,473.5,0
370,12322,507871,1175.6,465.1,1144.9,481.8,1160.25,473.45,0
370,12323,507872,1175.1,465.1,1144.8,481.6,1159.95,473.35,0
370,12324,507873,1174.6,464.8,1144.7,481.4,1159.65,473.1,0
370,12325,507874,1174.1,464.5,1144.6,481.3,1159.35,472.9,0
370,12326,507875,1173.5,464.1,1144.5,481.1,1159.0,472.6,0
370,12327,507876,1173.1,463.7,1144.5,481.0,1158.8,472.35,0
370,12328,507877,1172.7,463.4,1144.4,480.9,1158.55,472.15,0
370,12329,507878,1172.3,463.2,1144.3,480.8,1158.3,472.0,0
370,12330,507879,1171.9,463.1,1144.1,480.7,1158.0,471.9,0
370,12331,507880,1171.6,463.2,1143.8,480.7,1157.7,471.95,0
370,12332,507881,1171.4,463.4,1143.6,480.7,1157.5,472.05,0
370,12333,507882,1171.5,463.5,1143.4,480.8,1157.45,472.15,0
371,12334,507883,1171.6,463.8,1143.2,481.0,1157.4,472.4,0
371,12335,507884,1171.7,464.1,1143.0,481.3,1157.35,472.7,0
371,12336,507885,1171.9,464.2,1142.8,481.5,1157.35,472.85,0
371,12337,507886,1172.0,464.3,1142.7,481.7,1157.35,473.0,0
371,12338,507887,1172.1,464.5,1142.8,481.8,1157.45,473.15,0
371,12339,507888,1172.1,464.6,1142.8,481.9,1157.45,473.25,0
371,12340,507889,1172.1,464.8,1142.8,481.9,1157.45,473.35,0
371,12341,507890,1172.0,464.9,1143.0,481.7,1157.5,473.3,0
371,12342,507891,1172.3,465.0,1143.2,481.6,1157.75,473.3,0
371,12343,507892,1172.6,465.4,1143.4,481.5,1158.0,473.45,0
371,12344,507893,1172.9,466.3,1143.6,481.6,1158.25,473.95,0
371,12345,507894,1173.2,467.2,1143.7,481.8,1158.45,474.5,0
371,12346,507895,1173.6,468.2,1143.9,482.0,1158.75,475.1,0
371,12347,507896,1174.0,469.0,1144.0,482.4,1159.0,475.7,0
371,12348,507897,1174.5,469.6,1144.1,482.7,1159.3,476.15,0
371,12349,507898,1174.5,470.1,1144.1,483.4,1159.3,476.75,0
371,12350,507899,1174.7,470.5,1144.2,484.1,1159.45,477.3,0
371,12351,507900,1175.0,470.2,1144.2,484.8,1159.6,477.5,0
371,12352,507901,1175.6,469.9,1144.2,485.4,1159.9,477.65,0
371,12353,507902,1176.2,469.5,1144.1,485.9,1160.15,477.7,0
371,12354,507903,1176.8,469.3,1144.0,486.4,1160.4,477.85,0
371,12355,507904,1177.4,469.2,1143.9,486.7,1160.65,477.95,0
371,12356,507905,1178.0,469.1,1143.6,486.6,1160.8,477.85,0
371,12357,507906,1178.5,469.0,1143.2,486.4,1160.85,477.7,0
371,12358,507907,1178.7,469.0,1142.9,486.1,1160.8,477.55,0
371,12359,507908,1178.6,469.1,1142.6,484.9,1160.6,477.0,0
371,12360,507909,1178.4,469.1,1142.5,483.3,1160.45,476.2,0
371,12361,507910,1178.2,468.0,1142.4,481.7,1160.3,474.85,0
371,12362,507911,1177.8,467.0,1142.5,479.7,1160.15,473.35,0
371,12363,507912,1177.4,465.1,1143.1,477.1,1160.25,471.1,0
371,12364,507913,1177.0,461.5,1143.7,473.2,1160.35,467.35,0
371,12365,507914,1176.4,457.2,1144.2,468.6,1160.3,462.9,0
371,12366,507915,1175.4,452.4,1144.7,463.2,1160.05,457.8,0
372,12367,507916,1173.9,446.6,1145.0,457.3,1159.45,451.95,0
372,12368,507917,1172.3,441.0,1145.2,450.2,1158.75,445.6,0
372,12369,507918,1170.5,433.8,1145.1,443.8,1157.8,438.8,0
372,12370,507919,1168.7,426.9,1144.7,436.5,1156.7,431.7,0
372,12371,507920,1166.9,419.8,1144.0,430.5,1155.45,425.15,0
372,12372,507921,1165.3,412.9,1143.4,424.2,1154.35,418.55,0
372,12373,507922,1164.2,405.7,1142.8,419.5,1153.5,412.6,0
372,12374,507923,1163.6,399.5,1142.3,415.5,1152.95,407.5,0
372,12375,507924,1163.2,393.4,1141.9,412.6,1152.55,403.0,0
372,12376,507925,1163.3,388.8,1141.4,409.5,1152.35,399.15,0
372,12377,507926,1163.5,384.9,1140.9,407.3,1152.2,396.1,0
372,12378,507927,1163.9,382.7,1140.5,405.2,1152.2,393.95,0
372,12379,507928,1164.6,381.0,1139.6,404.1,1152.1,392.55,0
372,12380,507929,1165.4,380.4,1138.8,403.2,1152.1,391.8,0
372,12381,507930,1166.1,379.7,1137.9,402.2,1152.0,390.95,0
372,12382,507931,1166.9,379.8,1136.9,401.3,1151.9,390.55,0
372,12383,507932,1167.6,380.0,1136.0,399.8,1151.8,389.9,0
372,12384,507933,1168.4,380.1,1135.3,398.7,1151.85,389.4,0
372,12385,507934,1169.0,380.3,1134.6,397.7,1151.8,389.0,0
372,12386,507935,1169.3,380.4,1134.4,396.7,1151.85,388.55,0
372,12387,507936,1169.5,380.4,1134.1,395.6,1151.8,388.0,0
372,12388,507937,1169.7,380.4,1133.7,394.8,1151.7,387.6,0
372,12389,507938,1169.8,380.5,1133.6,393.9,1151.7,387.2,0
372,12390,507939,1170.0,380.6,1133.4,393.7,1151.7,387.15,0
372,12391,507940,1170.0,380.7,1133.1,393.4,1151.55,387.05,0
372,12392,507941,1170.0,380.8,1132.8,393.1,1151.4,386.95,0
372,12393,507942,1170.4,381.1,1132.5,392.7,1151.45,386.9,0
372,12394,507943,1170.7,381.6,1132.2,392.5,1151.45,387.05,0
372,12395,507944,1171.2,382.3,1132.0,392.3,1151.6,387.3,0
372,12396,507945,1171.6,382.9,1131.7,392.0,1151.65,387.45,0
372,12397,507946,1172.1,383.4,1131.5,392.0,1151.8,387.7,0
372,12398,507947,1172.6,384.0,1131.4,392.2,1152.0,388.1,0
372,12399,507948,1173.0,384.6,1131.5,392.5,1152.25,388.55,0
372,12400,507949,1173.1,384.9,1131.6,392.9,1152.35,388.9,0
373,12401,507950,1173.1,385.1,1131.8,393.5,1152.45,389.3,0
373,12402,507951,1173.0,385.2,1132.2,394.0,1152.6,389.6,0
373,12403,507952,1172.9,385.4,1132.6,394.8,1152.75,390.1,0
373,12404,507953,1172.7,385.5,1133.1,395.6,1152.9,390.55,0
373,12405,507954,1172.5,385.7,1133.6,396.4,1153.05,391.05,0
373,12406,507955,1172.3,386.0,1134.1,397.2,1153.2,391.6,0
373,12407,507956,1172.1,386.2,1134.7,397.9,1153.4,392.05,0
373,12408,507957,1171.9,386.3,1135.2,398.5,1153.55,392.4,0
373,12409,507958,1171.6,386.3,1135.5,399.0,1153.55,392.65,0
373,12410,507959,1171.3,386.3,1135.9,399.3,1153.6,392.8,0
373,12411,507960,1171.1,386.2,1136.1,399.2,1153.6,392.7,0
373,12412,507961,1170.7,386.0,1136.4,398.7,1153.55,392.35,0
373,12413,507962,1170.4,385.6,1136.5,398.3,1153.45,391.95,0
373,12414,507963,1170.1,384.9,1136.5,397.8,1153.3,391.35,0
373,12415,507964,1170.0,384.0,1136.5,397.2,1153.25,390.6,0
373,12416,507965,1169.9,383.2,1136.5,396.5,1153.2,389.85,0
373,12417,507966,1169.9,382.4,1136.5,396.0,1153.2,389.2,0
373,12418,507967,1169.9,381.7,1136.6,395.7,1153.25,388.7,0
373,12419,507968,1170.0,381.1,1136.8,395.5,1153.4,388.3,0
373,12420,507969,1170.2,380.5,1137.0,395.3,1153.6,387.9,0
373,12421,507970,1170.4,380.2,1137.5,395.1,1153.95,387.65,0
373,12422,507971,1170.7,379.8,1137.9,395.1,1154.3,387.45,0
373,12423,507972,1170.9,379.5,1138.4,395.1,1154.65,387.3,0
373,12424,507973,1171.0,379.1,1138.8,395.2,1154.9,387.15,0
373,12425,507974,1171.1,378.8,1139.1,395.1,1155.1,386.95,0
373,12426,507975,1171.2,378.3,1139.4,395.0,1155.3,386.65,0
373,12427,507976,1170.9,377.6,1139.6,395.0,1155.25,386.3,0
373,12428,507977,1170.6,376.9,1139.5,395.0,1155.05,385.95,0
373,12429,507978,1170.1,376.6,1139.2,395.0,1154.65,385.8,0
373,12430,507979,1169.7,376.2,1138.8,395.1,1154.25,385.65,0
373,12431,507980,1169.2,375.8,1138.6,395.1,1153.9,385.45,0
373,12432,507981,1168.7,375.5,1138.4,395.2,1153.55,385.35,0
373,12433,507982,1168.2,375.1,1138.2,395.1,1153.2,385.1,0
374,12434,507983,1168.0,375.1,1138.0,395.1,1153.0,385.1,0
374,12435,507984,1167.7,375.1,1138.0,394.9,1152.85,385.0,0
374,12436,507985,1167.6,375.0,1138.1,394.8,1152.85,384.9,0
374,12437,507986,1167.4,374.9,1138.5,394.6,1152.95,384.75,0
374,12438,507987,1167.3,374.7,1138.9,394.4,1153.1,384.55,0
374,12439,507988,1167.2,374.5,1139.2,394.3,1153.2,384.4,0
374,12440,507989,1167.1,374.3,1139.5,394.1,1153.3,384.2,0
374,12441,507990,1167.0,374.2,1139.7,393.9,1153.35,384.05,0
374,12442,507991,1167.0,374.0,1139.8,393.5,1153.4,383.75,0
374,12443,507992,1167.0,373.8,1140.0,393.2,1153.5,383.5,0
374,12444,507993,1167.2,373.6,1139.8,392.8,1153.5,383.2,0
374,12445,507994,1167.3,373.1,1139.6,392.5,1153.45,382.8,0
374,12446,507995,1167.3,372.6,1139.4,392.3,1153.35,382.45,0
374,12447,507996,1167.4,372.1,1139.2,392.1,1153.3,382.1,0
374,12448,507997,1167.5,371.5,1139.2,392.0,1153.35,381.75,0
374,12449,507998,1167.5,371.0,1139.1,392.1,1153.3,381.55,0
374,12450,507999,1167.3,370.6,1139.1,392.2,1153.2,381.4,0
374,12451,508000,1167.0,370.2,1139.1,392.2,1153.05,381.2,0
374,12452,508001,1166.8,369.6,1139.1,392.1,1152.95,380.85,0
374,12453,508002,1166.6,369.1,1139.2,391.9,1152.9,380.5,0
374,12454,508003,1166.4,368.5,1139.4,391.8,1152.9,380.15,0
374,12455,508004,1166.3,367.9,1139.7,391.6,1153.0,379.75,0
374,12456,508005,1166.3,367.2,1139.9,391.4,1153.1,379.3,0
374,12457,508006,1166.3,366.6,1140.0,391.3,1153.15,378.95,0
374,12458,508007,1166.3,365.9,1140.1,391.4,1153.2,378.65,0
374,12459,508008,1166.3,365.8,1139.8,391.6,1153.05,378.7,0
374,12460,508009,1166.3,365.6,1139.5,392.0,1152.9,378.8,0
374,12461,508010,1166.2,365.5,1139.0,392.4,1152.6,378.95,0
374,12462,508011,1166.1,365.2,1138.5,392.9,1152.3,379.05,0
374,12463,508012,1166.0,365.0,1137.9,393.4,1151.95,379.2,0
374,12464,508013,1165.8,364.7,1137.5,393.7,1151.65,379.2,0
374,12465,508014,1165.7,364.4,1137.1,393.9,1151.4,379.15,0
374,12466,508015,1165.7,364.1,1137.1,394.0,1151.4,379.05,0
375,12467,508016,1165.6,363.4,1137.1,393.9,1151.35,378.65,0
375,12468,508017,1165.6,362.7,1137.4,393.9,1151.5,378.3,0
375,12469,508018,1165.6,362.3,1137.6,393.8,1151.6,378.05,0
375,12470,508019,1165.6,361.8,1137.9,393.6,1151.75,377.7,0
375,12471,508020,1165.7,361.4,1138.2,393.5,1151.95,377.45,0
375,12472,508021,1165.7,360.9,1138.5,392.5,1152.1,376.7,0
375,12473,508022,1165.7,360.3,1138.8,391.5,1152.25,375.9,0
375,12474,508023,1165.7,359.8,1139.1,390.6,1152.4,375.2,0
375,12475,508024,1165.7,359.2,1139.2,389.7,1152.45,374.45,0
375,12476,508025,1165.8,358.6,1139.3,388.9,1152.55,373.75,0
375,12477,508026,1165.8,357.9,1139.4,388.2,1152.6,373.05,0
375,12478,508027,1165.7,357.2,1139.4,387.5,1152.55,372.35,0
375,12479,508028,1165.6,356.6,1139.3,387.8,1152.45,372.2,0
375,12480,508029,1165.4,356.2,1139.2,388.2,1152.3,372.2,0
375,12481,508030,1165.2,356.1,1139.1,388.6,1152.15,372.35,0
375,12482,508031,1165.0,356.0,1139.0,387.9,1152.0,371.95,0
375,12483,508032,1164.9,356.0,1139.0,387.0,1151.95,371.5,0
375,12484,508033,1165.1,356.0,1138.9,386.0,1152.0,371.0,0
375,12485,508034,1165.2,356.0,1138.8,384.9,1152.0,370.45,0
375,12486,508035,1165.5,356.0,1138.6,383.7,1152.05,369.85,0
375,12487,508036,1165.9,355.8,1138.4,382.3,1152.15,369.05,0
375,12488,508037,1166.3,355.6,1138.2,381.0,1152.25,368.3,0
375,12489,508038,1166.7,355.3,1138.0,380.6,1152.35,367.95,0
375,12490,508039,1166.9,354.6,1137.8,380.4,1152.35,367.5,0
375,12491,508040,1167.0,353.9,1137.7,379.9,1152.35,366.9,0
375,12492,508041,1167.0,353.3,1137.8,379.4,1152.4,366.35,0
375,12493,508042,1167.0,352.6,1137.9,378.9,1152.45,365.75,0
375,12494,508043,1167.0,352.0,1138.1,378.8,1152.55,365.4,0
375,12495,508044,1167.0,351.4,1138.2,378.8,1152.6,365.1,0
375,12496,508045,1167.0,351.6,1138.4,378.7,1152.7,365.15,0
375,12497,508046,1167.0,352.1,1138.6,378.5,1152.8,365.3,0
375,12498,508047,1167.0,352.6,1138.7,378.7,1152.85,365.65,0
375,12499,508048,1167.0,353.1,1138.7,378.9,1152.85,366.0,0
375,12500,508049,1167.0,353.5,1138.7,379.0,1152.85,366.25,0
376,12501,508050,1167.0,353.8,1138.7,378.7,1152.85,366.25,0
376,12502,508051,1167.0,354.0,1138.7,378.1,1152.85,366.05,0
376,12503,508052,1167.0,353.7,1138.6,377.4,1152.8,365.55,0
376,12504,508053,1167.0,353.4,1138.5,376.9,1152.75,365.15,0
376,12505,508054,1167.1,353.3,1138.4,376.4,1152.75,364.85,0
376,12506,508055,1167.1,353.3,1138.3,375.9,1152.7,364.6,0
376,12507,508056,1167.1,353.4,1138.2,375.5,1152.65,364.45,0
376,12508,508057,1167.1,353.7,1138.0,375.1,1152.55,364.4,0
376,12509,508058,1167.1,353.9,1137.9,375.2,1152.5,364.55,0
376,12510,508059,1167.1,354.1,1137.8,375.0,1152.45,364.55,0
376,12511,508060,1167.1,354.4,1137.7,374.7,1152.4,364.55,0
376,12512,508061,1167.2,354.6,1137.7,374.2,1152.45,364.4,0
376,12513,508062,1167.4,354.8,1137.6,373.7,1152.5,364.25,0
376,12514,508063,1167.6,355.0,1137.7,373.2,1152.65,364.1,0
376,12515,508064,1167.9,355.2,1138.0,372.7,1152.95,363.95,0
376,12516,508065,1168.2,355.5,1138.2,372.2,1153.2,363.85,0
376,12517,508066,1168.5,355.8,1138.4,371.8,1153.45,363.8,0
376,12518,508067,1168.9,356.3,1138.7,371.6,1153.8,363.95,0
376,12519,508068,1169.1,356.7,1138.8,371.6,1153.95,364.15,0
376,12520,508069,1169.3,357.1,1138.9,371.5,1154.1,364.3,0
376,12521,508070,1169.5,357.2,1138.8,371.2,1154.15,364.2,0
376,12522,508071,1169.8,357.4,1138.6,370.8,1154.2,364.1,0
376,12523,508072,1170.1,357.7,1138.0,370.4,1154.05,364.05,0
376,12524,508073,1170.4,357.9,1137.5,370.0,1153.95,363.95,0
376,12525,508074,1170.6,357.7,1137.0,369.6,1153.8,363.65,0
376,12526,508075,1170.7,357.6,1136.8,369.3,1153.75,363.45,0
376,12527,508076,1171.0,357.5,1136.8,369.0,1153.9,363.25,0
376,12528,508077,1171.1,357.7,1136.8,369.1,1153.95,363.4,0
376,12529,508078,1171.2,357.7,1136.9,369.3,1154.05,363.5,0
376,12530,508079,1171.3,357.7,1137.3,369.6,1154.3,363.65,0
376,12531,508080,1171.1,357.6,1137.7,369.8,1154.4,363.7,0
376,12532,508081,1171.0,357.6,1138.3,369.9,1154.65,363.75,0
376,12533,508082,1170.8,357.6,1138.7,369.7,1154.75,363.65,0
377,12534,508083,1170.7,357.5,1139.0,369.5,1154.85,363.5,0
377,12535,508084,1170.5,357.5,1139.2,369.4,1154.85,363.45,0
377,12536,508085,1170.4,357.4,1139.4,369.5,1154.9,363.45,0
377,12537,508086,1170.4,357.3,1139.5,369.7,1154.95,363.5,0
377,12538,508087,1170.6,357.3,1139.6,370.0,1155.1,363.65,0
377,12539,508088,1170.9,357.3,1139.6,370.3,1155.25,363.8,0
377,12540,508089,1171.1,357.3,1139.5,370.8,1155.3,364.05,0
377,12541,508090,1171.3,357.3,1139.5,371.3,1155.4,364.3,0
377,12542,508091,1171.4,357.3,1139.2,371.6,1155.3,364.45,0
377,12543,508092,1171.5,357.3,1138.9,371.7,1155.2,364.5,0
377,12544,508093,1171.7,357.4,1138.6,371.7,1155.15,364.55,0
377,12545,508094,1171.9,357.4,1138.3,371.7,1155.1,364.55,0
377,12546,508095,1172.1,357.5,1138.0,371.8,1155.05,364.65,0
377,12547,508096,1172.3,357.7,1137.8,372.0,1155.05,364.85,0
377,12548,508097,1172.5,357.8,1137.6,372.2,1155.05,365.0,0
377,12549,508098,1172.7,357.9,1137.7,372.3,1155.2,365.1,0
377,12550,508099,1172.7,357.9,1137.8,372.3,1155.25,365.1,0
377,12551,508100,1172.6,357.8,1138.1,372.4,1155.35,365.1,0
377,12552,508101,1172.4,357.6,1138.3,372.4,1155.35,365.0,0
377,12553,508102,1172.1,357.5,1138.4,372.4,1155.25,364.95,0
377,12554,508103,1171.8,357.4,1138.6,372.5,1155.2,364.95,0
377,12555,508104,1171.5,357.3,1138.7,372.6,1155.1,364.95,0
377,12556,508105,1171.2,357.2,1138.9,372.7,1155.05,364.95,0
377,12557,508106,1171.0,357.2,1139.0,372.8,1155.0,365.0,0
377,12558,508107,1170.9,357.2,1139.1,373.0,1155.0,365.1,0
377,12559,508108,1170.9,357.3,1139.3,373.2,1155.1,365.25,0
377,12560,508109,1170.8,357.3,1139.5,373.4,1155.15,365.35,0
377,12561,508110,1170.6,357.6,1139.6,373.6,1155.1,365.6,0
377,12562,508111,1170.4,358.0,1139.7,373.7,1155.05,365.85,0
377,12563,508112,1170.0,358.3,1139.7,373.9,1154.85,366.1,0
377,12564,508113,1169.7,358.7,1139.7,374.0,1154.7,366.35,0
377,12565,508114,1169.4,359.0,1139.6,374.1,1154.5,366.55,0
377,12566,508115,1169.2,359.3,1139.5,374.1,1154.35,366.7,0
378,12567,508116,1169.3,360.0,1139.4,374.1,1154.35,367.05,0
378,12568,508117,1169.4,360.3,1139.3,374.1,1154.35,367.2,0
378,12569,508118,1169.6,360.7,1139.3,374.2,1154.45,367.45,0
378,12570,508119,1169.8,361.0,1139.2,374.4,1154.5,367.7,0
378,12571,508120,1170.0,360.7,1139.2,374.6,1154.6,367.65,0
378,12572,508121,1170.0,360.5,1139.3,374.8,1154.65,367.65,0
378,12573,508122,1170.0,360.4,1139.4,375.2,1154.7,367.8,0
378,12574,508123,1169.7,360.0,1139.5,375.7,1154.6,367.85,0
378,12575,508124,1169.5,359.6,1139.5,376.1,1154.5,367.85,0
378,12576,508125,1169.3,359.5,1139.6,376.5,1154.45,368.0,0
378,12577,508126,1169.0,359.3,1139.8,376.7,1154.4,368.0,0
378,12578,508127,1168.8,359.8,1139.9,376.9,1154.35,368.35,0
378,12579,508128,1168.6,360.0,1140.1,377.2,1154.35,368.6,0
378,12580,508129,1168.5,359.7,1140.3,377.3,1154.4,368.5,0
378,12581,508130,1168.5,359.3,1140.4,377.4,1154.45,368.35,0
378,12582,508131,1168.7,359.0,1140.6,377.4,1154.65,368.2,0
378,12583,508132,1168.9,358.5,1140.7,377.4,1154.8,367.95,0
378,12584,508133,1169.3,358.4,1140.8,377.4,1155.05,367.9,0
378,12585,508134,1169.8,358.4,1140.8,377.1,1155.3,367.75,0
378,12586,508135,1170.3,358.5,1140.8,376.8,1155.55,367.65,0
378,12587,508136,1170.8,359.0,1140.7,376.4,1155.75,367.7,0
378,12588,508137,1171.2,359.5,1140.6,376.1,1155.9,367.8,0
378,12589,508138,1171.6,359.8,1140.5,375.7,1156.05,367.75,0
378,12590,508139,1171.9,359.9,1140.5,375.3,1156.2,367.6,0
378,12591,508140,1172.1,359.7,1140.5,375.0,1156.3,367.35,0
378,12592,508141,1172.1,359.5,1140.5,375.0,1156.3,367.25,0
378,12593,508142,1172.2,359.2,1140.5,375.0,1156.35,367.1,0
378,12594,508143,1172.1,359.0,1140.5,375.1,1156.3,367.05,0
378,12595,508144,1171.9,359.0,1140.5,375.2,1156.2,367.1,0
378,12596,508145,1171.7,359.0,1140.3,375.1,1156.0,367.05,0
378,12597,508146,1171.4,359.2,1140.2,375.0,1155.8,367.1,0
378,12598,508147,1171.3,359.4,1140.0,374.1,1155.65,366.75,0
378,12599,508148,1171.1,359.6,1140.0,373.2,1155.55,366.4,0
378,12600,508149,1171.0,359.8,1139.9,372.2,1155.45,366.0,0
379,12601,508150,1170.9,360.1,1139.8,371.4,1155.35,365.75,0
379,12602,508151,1170.8,360.4,1139.8,370.9,1155.3,365.65,0
379,12603,508152,1170.8,360.6,1139.8,370.6,1155.3,365.6,0
379,12604,508153,1170.8,360.7,1139.9,370.3,1155.35,365.5,0
379,12605,508154,1170.8,360.9,1139.5,370.8,1155.15,365.85,0
379,12606,508155,1170.8,361.1,1139.1,371.3,1154.95,366.2,0
379,12607,508156,1170.7,361.5,1138.7,371.8,1154.7,366.65,0
379,12608,508157,1170.9,361.7,1138.4,372.1,1154.65,366.9,0
379,12609,508158,1171.1,361.8,1138.2,372.2,1154.65,367.0,0
379,12610,508159,1171.2,362.0,1138.1,372.1,1154.65,367.05,0
379,12611,508160,1171.1,362.2,1138.0,371.9,1154.55,367.05,0
379,12612,508161,1171.1,362.2,1138.3,371.5,1154.7,366.85,0
379,12613,508162,1171.1,362.2,1138.5,371.0,1154.8,366.6,0
379,12614,508163,1171.1,362.0,1138.7,370.1,1154.9,366.05,0
379,12615,508164,1170.9,362.0,1138.8,369.3,1154.85,365.65,0
379,12616,508165,1170.8,361.9,1138.9,368.5,1154.85,365.2,0
379,12617,508166,1171.0,362.0,1139.0,367.7,1155.0,364.85,0
379,12618,508167,1171.3,362.1,1139.1,367.3,1155.2,364.7,0
379,12619,508168,1171.7,362.3,1139.2,367.2,1155.45,364.75,0
379,12620,508169,1172.0,362.0,1139.4,367.1,1155.7,364.55,0
379,12621,508170,1172.4,361.4,1139.6,367.2,1156.0,364.3,0
379,12622,508171,1172.7,360.7,1139.7,367.4,1156.2,364.05,0
379,12623,508172,1172.8,360.1,1139.7,367.4,1156.25,363.75,0
379,12624,508173,1172.6,359.4,1139.8,367.2,1156.2,363.3,0
379,12625,508174,1172.2,358.8,1139.8,366.7,1156.0,362.75,0
379,12626,508175,1171.9,358.2,1139.9,366.3,1155.9,362.25,0
379,12627,508176,1171.6,358.2,1139.9,365.8,1155.75,362.0,0
379,12628,508177,1171.4,358.6,1140.0,365.4,1155.7,362.0,0
379,12629,508178,1171.3,359.0,1140.1,365.1,1155.7,362.05,0
379,12630,508179,1171.2,359.3,1140.2,365.0,1155.7,362.15,0
379,12631,508180,1171.3,359.5,1140.1,365.8,1155.7,362.65,0
379,12632,508181,1171.5,359.7,1140.1,366.6,1155.8,363.15,0
379,12633,508182,1171.6,359.9,1140.1,367.4,1155.85,363.65,0
380,12634,508183,1171.7,359.7,1140.0,368.1,1155.85,363.9,0
380,12635,508184,1171.7,359.6,1140.0,368.8,1155.85,364.2,0
380,12636,508185,1171.7,359.5,1139.9,369.6,1155.8,364.55,0
380,12637,508186,1171.6,358.9,1140.0,370.2,1155.8,364.55,0
380,12638,508187,1171.6,358.5,1140.1,370.1,1155.85,364.3,0
380,12639,508188,1171.7,358.3,1140.3,370.0,1156.0,364.15,0
380,12640,508189,1171.7,358.1,1140.4,369.5,1156.05,363.8,0
380,12641,508190,1171.8,357.9,1140.6,369.1,1156.2,363.5,0
380,12642,508191,1171.9,357.7,1140.8,368.7,1156.35,363.2,0
380,12643,508192,1172.0,357.5,1140.9,368.4,1156.45,362.95,0
380,12644,508193,1172.1,357.7,1140.8,368.1,1156.45,362.9,0
380,12645,508194,1172.2,357.8,1140.7,367.8,1156.45,362.8,0
380,12646,508195,1172.3,357.5,1140.6,367.5,1156.45,362.5,0
380,12647,508196,1172.3,357.3,1140.4,367.7,1156.35,362.5,0
380,12648,508197,1172.5,357.1,1140.2,367.7,1156.35,362.4,0
380,12649,508198,1172.6,357.0,1140.0,367.7,1156.3,362.35,0
380,12650,508199,1172.9,356.8,1139.9,367.7,1156.4,362.25,0
380,12651,508200,1173.1,356.7,1139.9,367.6,1156.5,362.15,0
380,12652,508201,1173.5,356.6,1139.9,367.5,1156.7,362.05,0
380,12653,508202,1173.9,356.6,1139.9,367.6,1156.9,362.1,0
380,12654,508203,1174.2,356.6,1139.9,367.6,1157.05,362.1,0
380,12655,508204,1174.6,356.6,1139.8,367.7,1157.2,362.15,0
380,12656,508205,1174.9,356.8,1139.6,367.9,1157.25,362.35,0
380,12657,508206,1175.1,356.9,1139.1,368.1,1157.1,362.5,0
380,12658,508207,1175.0,357.0,1138.6,368.4,1156.8,362.7,0
380,12659,508208,1174.8,357.1,1138.0,368.8,1156.4,362.95,0
380,12660,508209,1174.6,357.1,1137.6,369.3,1156.1,363.2,0
380,12661,508210,1174.5,357.0,1137.1,370.1,1155.8,363.55,0
380,12662,508211,1174.4,357.0,1136.7,370.9,1155.55,363.95,0
380,12663,508212,1174.3,356.9,1136.4,371.7,1155.35,364.3,0
380,12664,508213,1174.6,356.6,1136.6,372.3,1155.6,364.45,0
380,12665,508214,1175.0,356.1,1136.9,372.7,1155.95,364.4,0
380,12666,508215,1175.5,355.7,1137.1,373.0,1156.3,364.35,0
381,12667,508216,1176.0,355.4,1137.4,373.1,1156.7,364.25,0
381,12668,508217,1176.3,355.1,1137.6,373.0,1156.95,364.05,0
381,12669,508218,1176.7,354.7,1138.1,372.8,1157.4,363.75,0
381,12670,508219,1177.0,354.1,1138.6,372.6,1157.8,363.35,0
381,12671,508220,1177.0,353.6,1139.0,372.6,1158.0,363.1,0
381,12672,508221,1176.6,352.7,1139.4,372.8,1158.0,362.75,0
381,12673,508222,1176.1,351.9,1139.7,373.0,1157.9,362.45,0
381,12674,508223,1175.6,351.0,1139.9,373.1,1157.75,362.05,0
381,12675,508224,1175.2,350.2,1140.2,373.2,1157.7,361.7,0
381,12676,508225,1174.7,349.4,1140.3,373.3,1157.5,361.35,0
381,12677,508226,1174.4,348.9,1140.3,373.0,1157.35,360.95,0
381,12678,508227,1174.0,348.5,1140.3,372.7,1157.15,360.6,0
381,12679,508228,1174.0,348.8,1140.3,372.2,1157.15,360.5,0
381,12680,508229,1173.9,349.1,1140.5,371.8,1157.2,360.45,0
381,12681,508230,1173.9,349.5,1140.7,371.4,1157.3,360.45,0
381,12682,508231,1173.8,349.8,1140.9,371.1,1157.35,360.45,0
381,12683,508232,1173.7,350.0,1141.5,370.8,1157.6,360.4,0
381,12684,508233,1173.5,350.0,1142.0,371.1,1157.75,360.55,0
381,12685,508234,1173.4,349.8,1142.6,371.3,1158.0,360.55,0
381,12686,508235,1173.4,349.6,1143.1,371.5,1158.25,360.55,0
381,12687,508236,1173.5,349.2,1143.3,371.6,1158.4,360.4,0
381,12688,508237,1173.4,348.8,1143.3,371.7,1158.35,360.25,0
381,12689,508238,1173.4,348.5,1143.2,371.7,1158.3,360.1,0
381,12690,508239,1173.4,348.2,1142.8,371.6,1158.1,359.9,0
381,12691,508240,1173.4,348.0,1142.3,370.9,1157.85,359.45,0
381,12692,508241,1173.4,347.7,1141.8,370.4,1157.6,359.05,0
381,12693,508242,1173.5,347.4,1141.4,369.9,1157.45,358.65,0
381,12694,508243,1173.5,347.2,1141.1,369.3,1157.3,358.25,0
381,12695,508244,1173.6,347.3,1141.1,368.8,1157.35,358.05,0
381,12696,508245,1173.9,347.9,1141.1,368.3,1157.5,358.1,0
381,12697,508246,1174.1,348.4,1141.0,367.8,1157.55,358.1,0
381,12698,508247,1174.4,349.0,1141.0,367.7,1157.7,358.35,0
381,12699,508248,1174.7,349.6,1141.0,367.5,1157.85,358.55,0
381,12700,508249,1174.9,349.6,1140.9,367.4,1157.9,358.5,0
382,12701,508250,1175.2,349.6,1140.9,367.3,1158.05,358.45,0
382,12702,508251,1175.5,349.5,1140.8,367.3,1158.15,358.4,0
382,12703,508252,1175.8,348.6,1140.9,367.3,1158.35,357.95,0
382,12704,508253,1176.2,347.6,1140.9,367.2,1158.55,357.4,0
382,12705,508254,1176.5,346.6,1140.6,367.0,1158.55,356.8,0
382,12706,508255,1176.7,345.8,1140.4,366.8,1158.55,356.3,0
382,12707,508256,1176.9,345.6,1140.2,366.6,1158.55,356.1,0
382,12708,508257,1177.0,345.4,1140.0,366.9,1158.5,356.15,0
382,12709,508258,1177.1,345.0,1139.8,367.3,1158.45,356.15,0
382,12710,508259,1177.0,344.7,1139.6,367.7,1158.3,356.2,0
382,12711,508260,1176.9,344.5,1139.4,368.1,1158.15,356.3,0
382,12712,508261,1176.8,344.3,1139.5,368.6,1158.15,356.45,0
382,12713,508262,1176.8,344.2,1139.7,369.0,1158.25,356.6,0
382,12714,508263,1176.8,343.9,1139.8,369.3,1158.3,356.6,0
382,12715,508264,1176.8,343.9,1139.8,369.1,1158.3,356.5,0
382,12716,508265,1176.8,344.0,1139.8,368.9,1158.3,356.45,0
382,12717,508266,1176.8,344.3,1139.7,368.7,1158.25,356.5,0
382,12718,508267,1176.8,344.6,1139.6,368.5,1158.2,356.55,0
382,12719,508268,1176.7,345.0,1139.4,368.3,1158.05,356.65,0
382,12720,508269,1176.7,345.2,1139.3,367.9,1158.0,356.55,0
382,12721,508270,1176.6,345.4,1139.1,367.4,1157.85,356.4,0
382,12722,508271,1176.6,345.5,1138.7,367.0,1157.65,356.25,0
382,12723,508272,1176.5,345.5,1138.3,366.7,1157.4,356.1,0
382,12724,508273,1176.4,345.6,1137.9,366.5,1157.15,356.05,0
382,12725,508274,1176.3,345.5,1137.5,366.2,1156.9,355.85,0
382,12726,508275,1176.2,345.3,1137.2,366.1,1156.7,355.7,0
382,12727,508276,1176.1,344.9,1136.8,366.6,1156.45,355.75,0
382,12728,508277,1176.0,344.5,1136.4,367.3,1156.2,355.9,0
382,12729,508278,1175.9,344.0,1136.0,367.9,1155.95,355.95,0
382,12730,508279,1175.7,343.5,1135.5,368.5,1155.6,356.0,0
382,12731,508280,1175.6,343.1,1135.1,369.0,1155.35,356.05,0
382,12732,508281,1175.4,342.7,1134.6,369.4,1155.0,356.05,0
382,12733,508282,1175.2,342.9,1134.2,369.9,1154.7,356.4,0
383,12734,508283,1175.0,343.2,1133.7,370.0,1154.35,356.6,0
383,12735,508284,1174.8,343.6,1133.4,369.9,1154.1,356.75,0
383,12736,508285,1174.6,344.2,1133.5,369.7,1154.05,356.95,0
383,12737,508286,1174.3,344.7,1133.6,369.4,1153.95,357.05,0
383,12738,508287,1173.9,345.2,1133.7,369.0,1153.8,357.1,0
383,12739,508288,1173.5,345.7,1133.9,368.4,1153.7,357.05,0
383,12740,508289,1173.1,345.8,1134.0,367.8,1153.55,356.8,0
383,12741,508290,1172.6,346.1,1134.3,367.1,1153.45,356.6,0
383,12742,508291,1172.1,346.6,1134.4,366.4,1153.25,356.5,0
383,12743,508292,1171.6,347.1,1134.5,365.9,1153.05,356.5,0
383,12744,508293,1171.5,347.5,1135.1,365.5,1153.3,356.5,0
383,12745,508294,1171.7,347.9,1135.7,365.2,1153.7,356.55,0
383,12746,508295,1171.8,348.3,1136.3,365.3,1154.05,356.8,0
383,12747,508296,1172.0,348.5,1137.0,365.9,1154.5,357.2,0
383,12748,508297,1172.3,348.6,1137.5,366.6,1154.9,357.6,0
383,12749,508298,1172.6,348.5,1138.1,367.2,1155.35,357.85,0
383,12750,508299,1172.9,348.4,1138.6,368.2,1155.75,358.3,0
383,12751,508300,1173.0,348.5,1138.7,369.1,1155.85,358.8,0
383,12752,508301,1172.8,348.8,1138.8,369.9,1155.8,359.35,0
383,12753,508302,1172.6,349.3,1139.0,370.6,1155.8,359.95,0
383,12754,508303,1172.5,349.9,1139.1,370.8,1155.8,360.35,0
383,12755,508304,1172.6,350.8,1139.3,370.9,1155.95,360.85,0
383,12756,508305,1172.7,351.8,1139.5,371.1,1156.1,361.45,0
383,12757,508306,1172.8,353.4,1139.8,370.8,1156.3,362.1,0
383,12758,508307,1173.0,354.8,1140.3,370.7,1156.65,362.75,0
383,12759,508308,1173.3,356.1,1140.8,370.5,1157.05,363.3,0
383,12760,508309,1173.8,357.5,1141.6,370.3,1157.7,363.9,0
383,12761,508310,1174.2,359.5,1142.3,370.2,1158.25,364.85,0
383,12762,508311,1174.6,361.1,1143.1,370.0,1158.85,365.55,0
383,12763,508312,1175.0,362.7,1143.7,369.9,1159.35,366.3,0
383,12764,508313,1175.4,363.7,1144.3,369.8,1159.85,366.75,0
383,12765,508314,1175.7,364.7,1144.4,369.7,1160.05,367.2,0
383,12766,508315,1176.0,365.5,1144.6,369.6,1160.3,367.55,0
384,12767,508316,1176.2,366.1,1144.4,369.6,1160.3,367.85,0
384,12768,508317,1176.4,366.1,1144.2,369.7,1160.3,367.9,0
384,12769,508318,1176.7,366.1,1144.1,369.7,1160.4,367.9,0
384,12770,508319,1176.9,366.1,1143.9,369.8,1160.4,367.95,0
384,12771,508320,1177.2,366.1,1143.7,369.9,1160.45,368.0,0
384,12772,508321,1177.4,366.2,1143.5,369.9,1160.45,368.05,0
384,12773,508322,1177.6,366.5,1143.4,369.9,1160.5,368.2,0
384,12774,508323,1177.8,366.7,1143.2,369.9,1160.5,368.3,0
384,12775,508324,1177.9,366.8,1143.2,369.9,1160.55,368.35,0
384,12776,508325,1178.0,367.0,1143.1,370.0,1160.55,368.5,0
384,12777,508326,1178.0,367.1,1143.1,370.3,1160.55,368.7,0
384,12778,508327,1178.1,367.2,1143.2,370.9,1160.65,369.05,0
384,12779,508328,1178.3,367.2,1143.2,371.5,1160.75,369.35,0
384,12780,508329,1178.4,367.0,1143.3,372.0,1160.85,369.5,0
384,12781,508330,1178.7,367.1,1143.3,372.9,1161.0,370.0,0
384,12782,508331,1178.9,367.8,1143.3,373.7,1161.1,370.75,0
384,12783,508332,1179.1,368.6,1143.3,374.8,1161.2,371.7,0
384,12784,508333,1179.4,369.3,1143.2,375.9,1161.3,372.6,0
384,12785,508334,1179.5,370.1,1143.3,376.9,1161.4,373.5,0
384,12786,508335,1179.5,370.9,1143.4,377.9,1161.45,374.4,0
384,12787,508336,1179.4,371.8,1143.6,379.0,1161.5,375.4,0
384,12788,508337,1179.2,372.6,1144.0,379.8,1161.6,376.2,0
384,12789,508338,1178.9,372.8,1144.2,381.0,1161.55,376.9,0
384,12790,508339,1178.7,372.9,1144.6,381.8,1161.65,377.35,0
384,12791,508340,1178.4,372.9,1144.9,382.4,1161.65,377.65,0
384,12792,508341,1178.3,373.0,1145.2,383.0,1161.75,378.0,0
384,12793,508342,1178.3,373.0,1145.4,383.7,1161.85,378.35,0
384,12794,508343,1178.3,372.9,1145.5,384.3,1161.9,378.6,0
384,12795,508344,1178.4,372.8,1145.5,384.8,1161.95,378.8,0
384,12796,508345,1178.6,372.7,1145.6,385.0,1162.1,378.85,0
384,12797,508346,1179.2,372.7,1145.7,385.2,1162.45,378.95,0
384,12798,508347,1179.8,372.6,1146.2,385.3,1163.0,378.95,0
384,12799,508348,1180.4,372.4,1146.8,385.7,1163.6,379.05,0
384,12800,508349,1181.0,371.8,1147.7,386.1,1164.35,378.95,0
385,12801,508350,1182.5,371.1,1149.6,386.6,1166.05,378.85,0
385,12802,508351,1184.8,370.1,1152.8,387.1,1168.8,378.6,0
385,12803,508352,1188.7,368.9,1157.1,387.5,1172.9,378.2,0
385,12804,508353,1193.8,367.6,1162.1,387.6,1177.95,377.6,0
385,12805,508354,1200.4,365.5,1169.5,387.5,1184.95,376.5,0
385,12806,508355,1208.1,363.4,1177.9,387.2,1193.0,375.3,0
385,12807,508356,1217.7,360.4,1187.8,386.7,1202.75,373.55,0
385,12808,508357,1227.7,357.3,1198.5,385.2,1213.1,371.25,0
385,12809,508358,1238.3,353.8,1209.4,383.6,1223.85,368.7,0
385,12810,508359,1249.2,350.3,1221.3,381.0,1235.25,365.65,0
385,12811,508360,1259.5,346.8,1233.0,377.8,1246.25,362.3,0
385,12812,508361,1269.3,344.2,1243.8,375.0,1256.55,359.6,0
385,12813,508362,1279.2,341.6,1254.4,372.1,1266.8,356.85,0
385,12814,508363,1288.2,340.3,1263.2,369.2,1275.7,354.75,0
385,12815,508364,1296.8,339.2,1271.4,366.2,1284.1,352.7,0
385,12816,508365,1304.4,340.1,1278.8,362.0,1291.6,351.05,0
385,12817,508366,1310.2,341.2,1284.2,357.4,1297.2,349.3,0
385,12818,508367,1315.0,342.4,1288.8,348.0,1301.9,345.2,0
385,12819,508368,1319.1,343.7,1292.1,338.6,1305.6,341.15,0
385,12820,508369,1322.0,345.1,1294.4,329.3,1308.2,337.2,0
385,12821,508370,1323.8,346.4,1296.6,320.0,1310.2,333.2,0
385,12822,508371,1323.9,347.5,1330.2,336.3,1327.05,341.9,0
385,12823,508372,1323.0,347.2,1363.4,363.7,1343.2,355.45,0
385,12824,508373,1321.0,346.1,1398.0,399.3,1359.5,372.7,0
385,12825,508374,1317.9,345.0,1439.4,446.7,1378.65,395.85,0
385,12826,508375,1312.6,340.9,1488.2,502.7,1400.4,421.8,0
385,12827,508376,1306.0,336.7,1545.3,567.3,1425.65,452.0,0
385,12828,508377,1299.1,332.7,1599.7,654.0,1449.4,493.35,0
385,12829,508378,1291.4,329.1,1615.6,722.3,1453.5,525.7,0
385,12830,508379,1282.7,326.3,1611.6,795.5,1447.15,560.9,0
385,12831,508380,1274.4,325.1,1606.8,863.9,1440.6,594.5,0
385,12832,508381,1267.1,327.7,1459.0,967.4,1363.05,647.55,0
385,12833,508382,1261.8,339.0,1304.1,1067.2,1282.95,703.1,0
386,12834,508383,1257.8,352.9,1224.6,1163.7,1241.2,758.3,0
386,12835,508384,1259.6,385.6,1229.1,1226.1,1244.35,805.85,0
386,12836,508385,1263.3,418.6,1610.1,1463.1,1436.7,940.85,0
386,12837,508386,1273.2,465.5,2049.0,1699.7,1661.1,1082.6,0
386,12838,508387,1286.9,518.2,NaN,NaN,1286.9,518.2,0
386,12839,508388,1301.1,586.1,NaN,NaN,1301.1,586.1,0
386,12840,508389,1317.7,654.2,NaN,NaN,1317.7,654.2,0
386,12841,508390,1335.0,725.5,NaN,NaN,1335.0,725.5,0
386,12842,508391,1350.4,780.3,NaN,NaN,1350.4,780.3,0
386,12843,508392,1366.7,839.1,NaN,NaN,1366.7,839.1,0
386,12844,508393,1378.6,887.4,NaN,NaN,1378.6,887.4,0
386,12845,508394,1387.9,934.6,NaN,NaN,1387.9,934.6,0
386,12846,508395,1396.6,967.0,NaN,NaN,1396.6,967.0,0
386,12847,508396,1403.4,997.9,NaN,NaN,1403.4,997.9,0
386,12848,508397,1410.1,1025.6,NaN,NaN,1410.1,1025.6,0
386,12849,508398,1413.5,1053.9,NaN,NaN,1413.5,1053.9,0
386,12850,508399,1413.9,1081.4,NaN,NaN,1413.9,1081.4,0
386,12851,508400,1408.9,1107.3,NaN,NaN,1408.9,1107.3,0
386,12852,508401,1396.4,1129.2,NaN,NaN,1396.4,1129.2,0
386,12853,508402,1383.8,1150.0,NaN,NaN,1383.8,1150.0,0
386,12854,508403,1370.8,1166.7,NaN,NaN,1370.8,1166.7,0
386,12855,508404,1357.1,1183.4,NaN,NaN,1357.1,1183.4,0
386,12856,508405,1342.1,1196.9,NaN,NaN,1342.1,1196.9,0
386,12857,508406,1329.5,1207.2,NaN,NaN,1329.5,1207.2,0
386,12858,508407,1327.3,1215.4,NaN,NaN,1327.3,1215.4,0
386,12859,508408,1332.1,1222.1,NaN,NaN,1332.1,1222.1,0
386,12860,508409,1336.5,1226.3,NaN,NaN,1336.5,1226.3,0
386,12861,508410,1316.8,1230.9,NaN,NaN,1316.8,1230.9,0
386,12862,508411,1297.5,1232.5,NaN,NaN,1297.5,1232.5,0
386,12863,508412,1278.9,1234.1,NaN,NaN,1278.9,1234.1,0
386,12864,508413,1244.4,1237.3,NaN,NaN,1244.4,1237.3,0
386,12865,508414,1197.7,1239.9,NaN,NaN,1197.7,1239.9,0
386,12866,508415,1150.9,1241.8,NaN,NaN,1150.9,1241.8,0
387,12867,508416,1096.4,1242.2,NaN,NaN,1096.4,1242.2,0
387,12868,508417,1059.3,1241.4,NaN,NaN,1059.3,1241.4,0
387,12869,508418,1023.5,1239.2,NaN,NaN,1023.5,1239.2,0
387,12870,508419,988.9,1234.6,NaN,NaN,988.9,1234.6,0
387,12871,508420,974.5,1227.7,NaN,NaN,974.5,1227.7,0
387,12872,508421,966.7,1220.0,NaN,NaN,966.7,1220.0,0
387,12873,508422,958.9,1211.5,NaN,NaN,958.9,1211.5,0
387,12874,508423,977.2,1198.7,NaN,NaN,977.2,1198.7,0
387,12875,508424,1001.7,1184.5,NaN,NaN,1001.7,1184.5,0
387,12876,508425,1024.5,1168.3,NaN,NaN,1024.5,1168.3,0
387,12877,508426,1045.7,1151.1,NaN,NaN,1045.7,1151.1,0
387,12878,508427,1062.6,1133.3,NaN,NaN,1062.6,1133.3,0
387,12879,508428,1079.4,1113.3,NaN,NaN,1079.4,1113.3,0
387,12880,508429,1096.0,1090.2,NaN,NaN,1096.0,1090.2,0
387,12881,508430,1094.5,1072.3,NaN,NaN,1094.5,1072.3,0
387,12882,508431,1092.9,1054.0,NaN,NaN,1092.9,1054.0,0
387,12883,508432,1091.3,1034.9,NaN,NaN,1091.3,1034.9,0
387,12884,508433,1089.6,1018.3,NaN,NaN,1089.6,1018.3,0
387,12885,508434,1087.1,997.9,NaN,NaN,1087.1,997.9,0
387,12886,508435,1084.5,978.2,NaN,NaN,1084.5,978.2,0
387,12887,508436,1081.8,961.0,NaN,NaN,1081.8,961.0,0
387,12888,508437,1078.8,941.1,NaN,NaN,1078.8,941.1,0
387,12889,508438,1080.9,912.4,NaN,NaN,1080.9,912.4,0
387,12890,508439,1083.3,883.0,NaN,NaN,1083.3,883.0,0
387,12891,508440,1086.2,850.5,NaN,NaN,1086.2,850.5,0
387,12892,508441,1089.5,820.5,NaN,NaN,1089.5,820.5,0
387,12893,508442,1092.8,788.2,NaN,NaN,1092.8,788.2,0
387,12894,508443,1096.4,753.1,NaN,NaN,1096.4,753.1,0
387,12895,508444,1098.3,716.2,NaN,NaN,1098.3,716.2,0
387,12896,508445,1095.0,685.5,NaN,NaN,1095.0,685.5,0
387,12897,508446,1089.4,655.2,NaN,NaN,1089.4,655.2,0
387,12898,508447,1082.4,625.5,NaN,NaN,1082.4,625.5,0
387,12899,508448,1075.9,596.0,NaN,NaN,1075.9,596.0,0
387,12900,508449,1067.7,567.0,NaN,NaN,1067.7,567.0,0
388,12901,508450,1058.7,540.1,NaN,NaN,1058.7,540.1,0
388,12902,508451,1050.8,515.6,NaN,NaN,1050.8,515.6,0
388,12903,508452,1043.1,497.2,NaN,NaN,1043.1,497.2,0
388,12904,508453,1036.4,480.1,NaN,NaN,1036.4,480.1,0
388,12905,508454,1030.2,466.3,NaN,NaN,1030.2,466.3,0
388,12906,508455,1024.0,452.3,NaN,NaN,1024.0,452.3,0
388,12907,508456,1019.8,440.9,NaN,NaN,1019.8,440.9,0
388,12908,508457,1016.7,427.0,NaN,NaN,1016.7,427.0,0
388,12909,508458,1014.4,413.8,3207.0,1530.9,2110.7,972.35,0
388,12910,508459,1012.1,400.5,2663.3,1171.9,1837.7,786.2,0
388,12911,508460,1012.7,390.0,2212.0,882.0,1612.35,636.0,0
388,12912,508461,1014.1,379.5,2212.0,882.0,1613.05,630.75,0
388,12913,508462,1015.6,369.8,2188.3,875.3,1601.95,622.55,0
388,12914,508463,1017.1,361.7,2167.3,863.4,1592.2,612.55,0
388,12915,508464,1018.6,358.5,2148.4,851.7,1583.5,605.1,0
388,12916,508465,1020.0,357.2,2103.7,833.1,1561.85,595.15,0
388,12917,508466,1021.2,356.1,2053.8,811.0,1537.5,583.55,0
388,12918,508467,1020.8,355.4,1995.2,784.0,1508.0,569.7,0
388,12919,508468,1020.3,355.7,1928.7,755.3,1474.5,555.5,0
388,12920,508469,1019.0,356.9,1869.3,728.6,1444.15,542.75,0
388,12921,508470,1017.7,358.1,1807.1,704.9,1412.4,531.5,0
388,12922,508471,1015.5,359.4,1742.0,682.9,1378.75,521.15,0
388,12923,508472,1013.4,360.7,1693.1,662.3,1353.25,511.5,0
388,12924,508473,1011.3,361.0,1647.5,641.8,1329.4,501.4,0
388,12925,508474,1009.5,360.2,1603.2,624.6,1306.35,492.4,0
388,12926,508475,1007.7,358.5,1562.9,608.0,1285.3,483.25,0
388,12927,508476,1006.9,356.8,1529.6,592.5,1268.25,474.65,0
388,12928,508477,1006.1,354.8,1496.2,578.0,1251.15,466.4,0
388,12929,508478,1006.6,352.8,1467.3,563.4,1236.95,458.1,0
388,12930,508479,1007.2,351.1,1439.8,549.8,1223.5,450.45,0
388,12931,508480,1008.2,350.4,1381.6,533.5,1194.9,441.95,0
388,12932,508481,1009.4,350.6,1331.1,518.9,1170.25,434.75,0
388,12933,508482,1010.7,352.1,1277.5,505.4,1144.1,428.75,0
389,12934,508483,1012.0,353.5,1218.5,478.9,1115.25,416.2,0
389,12935,508484,1013.3,356.9,1165.1,446.6,1089.2,401.75,0
389,12936,508485,1014.3,360.5,1114.4,411.1,1064.35,385.8,0
389,12937,508486,1015.1,364.0,1065.0,377.1,1040.05,370.55,0
389,12938,508487,1015.5,367.4,1046.1,348.9,1030.8,358.15,0
389,12939,508488,1015.8,371.1,1026.9,320.4,1021.35,345.75,0
389,12940,508489,1016.0,373.9,1015.3,291.8,1015.65,332.85,0
389,12941,508490,1016.2,376.8,1010.2,278.4,1013.2,327.6,0
389,12942,508491,1016.2,378.0,1006.7,272.9,1011.45,325.45,0
389,12943,508492,1016.2,379.1,1002.5,271.5,1009.35,325.3,0
389,12944,508493,1016.2,380.3,998.1,269.6,1007.15,324.95,0
389,12945,508494,1016.3,381.5,995.2,268.5,1005.75,325.0,0
389,12946,508495,1016.4,382.5,993.0,267.7,1004.7,325.1,0
389,12947,508496,1016.5,382.9,990.7,267.3,1003.6,325.1,0
389,12948,508497,1016.6,383.4,990.0,266.8,1003.3,325.1,0
389,12949,508498,1016.8,384.1,989.7,268.9,1003.25,326.5,0
389,12950,508499,1017.0,385.1,990.2,272.6,1003.6,328.85,0
389,12951,508500,1017.1,386.5,991.2,276.8,1004.15,331.65,0
389,12952,508501,1017.3,387.9,992.2,282.2,1004.75,335.05,0
389,12953,508502,1017.3,389.3,993.1,288.3,1005.2,338.8,0
389,12954,508503,1017.4,390.7,993.9,294.7,1005.65,342.7,0
389,12955,508504,1017.5,392.2,994.0,303.2,1005.75,347.7,0
389,12956,508505,1017.6,393.3,993.4,309.9,1005.5,351.6,0
389,12957,508506,1017.6,394.1,992.9,315.6,1005.25,354.85,0
389,12958,508507,1017.6,394.3,992.4,321.2,1005.0,357.75,0
389,12959,508508,1017.6,394.3,991.9,325.7,1004.75,360.0,0
389,12960,508509,1017.6,394.2,991.4,330.1,1004.5,362.15,0
389,12961,508510,1017.2,394.2,990.9,333.9,1004.05,364.05,0
389,12962,508511,1016.8,394.2,990.5,335.8,1003.65,365.0,0
389,12963,508512,1016.4,394.2,990.5,336.7,1003.45,365.45,0
389,12964,508513,1016.0,394.3,990.5,337.6,1003.25,365.95,0
389,12965,508514,1015.8,394.2,990.7,338.5,1003.25,366.35,0
389,12966,508515,1015.8,394.2,990.9,339.6,1003.35,366.9,0
390,12967,508516,1015.8,394.0,991.0,343.0,1003.4,368.5,0
390,12968,508517,1016.2,393.9,991.5,346.5,1003.85,370.2,0
390,12969,508518,1016.7,393.7,991.8,352.4,1004.25,373.05,0
390,12970,508519,1017.3,393.6,992.2,358.5,1004.75,376.05,0
390,12971,508520,1018.2,393.4,992.9,364.7,1005.55,379.05,0
390,12972,508521,1019.0,393.2,993.5,371.3,1006.25,382.25,0
390,12973,508522,1019.8,393.0,994.1,377.6,1006.95,385.3,0
390,12974,508523,1020.8,392.9,994.7,380.9,1007.75,386.9,0
390,12975,508524,1021.8,392.8,995.0,384.0,1008.4,388.4,0
390,12976,508525,1022.7,392.7,995.3,384.8,1009.0,388.75,0
390,12977,508526,1023.5,392.7,995.6,385.2,1009.55,388.95,0
390,12978,508527,1023.9,392.6,995.4,385.2,1009.65,388.9,0
390,12979,508528,1024.4,392.6,995.0,384.6,1009.7,388.6,0
390,12980,508529,1024.5,392.4,994.7,383.9,1009.6,388.15,0
390,12981,508530,1024.5,391.9,993.8,383.0,1009.15,387.45,0
390,12982,508531,1024.5,391.3,992.8,382.1,1008.65,386.7,0
390,12983,508532,1024.5,390.6,991.7,381.0,1008.1,385.8,0
390,12984,508533,1024.5,389.6,990.6,379.9,1007.55,384.75,0
390,12985,508534,1024.5,388.6,989.4,379.3,1006.95,383.95,0
390,12986,508535,1024.5,387.7,988.3,378.9,1006.4,383.3,0
390,12987,508536,1024.5,386.9,987.1,378.5,1005.8,382.7,0
390,12988,508537,1024.5,386.3,986.5,378.3,1005.5,382.3,0
390,12989,508538,1024.6,385.3,986.0,378.2,1005.3,381.75,0
390,12990,508539,1024.6,384.5,985.6,378.4,1005.1,381.45,0
390,12991,508540,1024.4,383.7,985.4,378.7,1004.9,381.2,0
390,12992,508541,1023.9,382.3,985.3,379.1,1004.6,380.7,0
390,12993,508542,1023.4,380.8,985.3,379.8,1004.35,380.3,0
390,12994,508543,1022.9,379.5,985.2,380.7,1004.05,380.1,0
390,12995,508544,1022.3,378.0,985.3,381.7,1003.8,379.85,0
390,12996,508545,1021.6,376.8,985.3,382.8,1003.45,379.8,0
390,12997,508546,1020.9,375.1,985.3,383.8,1003.1,379.45,0
390,12998,508547,1020.4,373.6,985.2,384.7,1002.8,379.15,0
390,12999,508548,1020.2,372.7,985.2,385.4,1002.7,379.05,0
390,13000,508549,1019.9,371.8,985.3,385.8,1002.6,378.8,0
391,13001,508550,1019.4,370.9,985.6,385.9,1002.5,378.4,0
391,13002,508551,1019.0,370.2,986.1,386.0,1002.55,378.1,0
391,13003,508552,1018.6,369.6,986.8,385.9,1002.7,377.75,0
391,13004,508553,1018.3,369.4,987.5,385.7,1002.9,377.55,0
391,13005,508554,1018.0,369.2,988.3,385.6,1003.15,377.4,0
391,13006,508555,1017.8,368.8,989.3,385.5,1003.55,377.15,0
391,13007,508556,1017.6,368.2,990.4,385.3,1004.0,376.75,0
391,13008,508557,1018.0,367.5,991.2,385.3,1004.6,376.4,0
391,13009,508558,1018.3,366.8,991.7,385.2,1005.0,376.0,0
391,13010,508559,1018.7,366.2,992.2,385.4,1005.45,375.8,0
391,13011,508560,1019.1,365.6,992.6,385.5,1005.85,375.55,0
391,13012,508561,1019.8,364.9,993.4,386.1,1006.6,375.5,0
391,13013,508562,1020.5,364.5,993.9,386.7,1007.2,375.6,0
391,13014,508563,1021.5,364.2,994.4,387.4,1007.95,375.8,0
391,13015,508564,1022.1,364.2,994.8,388.0,1008.45,376.1,0
391,13016,508565,1022.7,364.2,995.0,388.6,1008.85,376.4,0
391,13017,508566,1023.3,364.3,995.2,389.2,1009.25,376.75,0
391,13018,508567,1023.9,364.4,995.2,389.8,1009.55,377.1,0
391,13019,508568,1024.3,364.6,994.8,390.0,1009.55,377.3,0
391,13020,508569,1024.6,364.8,994.5,390.1,1009.55,377.45,0
391,13021,508570,1024.8,364.6,994.2,390.0,1009.5,377.3,0
391,13022,508571,1024.9,364.4,994.0,389.8,1009.45,377.1,0
391,13023,508572,1025.1,364.2,994.0,389.7,1009.55,376.95,0
391,13024,508573,1025.3,364.0,993.9,389.3,1009.6,376.65,0
391,13025,508574,1025.5,363.7,993.9,388.9,1009.7,376.3,0
391,13026,508575,1025.7,363.3,994.0,387.9,1009.85,375.6,0
391,13027,508576,1025.8,363.0,994.0,386.9,1009.9,374.95,0
391,13028,508577,1026.0,362.8,994.0,385.9,1010.0,374.35,0
391,13029,508578,1026.1,362.5,993.9,384.9,1010.0,373.7,0
391,13030,508579,1026.2,362.2,993.8,384.0,1010.0,373.1,0
391,13031,508580,1026.3,361.8,993.7,383.3,1010.0,372.55,0
391,13032,508581,1026.3,361.5,993.6,382.6,1009.95,372.05,0
391,13033,508582,1026.3,361.1,993.3,382.4,1009.8,371.75,0
392,13034,508583,1026.2,360.8,993.0,382.4,1009.6,371.6,0
392,13035,508584,1026.1,360.6,992.8,382.4,1009.45,371.5,0
392,13036,508585,1025.9,360.5,992.3,382.3,1009.1,371.4,0
392,13037,508586,1025.8,360.5,991.9,382.1,1008.85,371.3,0
392,13038,508587,1025.6,360.8,991.4,381.5,1008.5,371.15,0
392,13039,508588,1025.4,361.1,991.0,381.0,1008.2,371.05,0
392,13040,508589,1025.1,361.4,990.7,380.5,1007.9,370.95,0
392,13041,508590,1024.8,361.7,990.4,380.1,1007.6,370.9,0
392,13042,508591,1024.6,362.0,990.1,379.7,1007.35,370.85,0
392,13043,508592,1024.2,362.3,989.8,379.3,1007.0,370.8,0
392,13044,508593,1023.8,362.5,989.5,379.1,1006.65,370.8,0
392,13045,508594,1023.4,362.5,989.2,379.2,1006.3,370.85,0
392,13046,508595,1023.0,362.5,988.8,379.3,1005.9,370.9,0
392,13047,508596,1022.5,362.5,988.3,379.3,1005.4,370.9,0
392,13048,508597,1022.1,362.4,987.5,379.2,1004.8,370.8,0
392,13049,508598,1021.7,362.2,986.9,379.1,1004.3,370.65,0
392,13050,508599,1021.5,362.1,986.2,379.0,1003.85,370.55,0
392,13051,508600,1021.2,361.9,985.8,378.9,1003.5,370.4,0
392,13052,508601,1021.1,361.8,985.3,378.8,1003.2,370.3,0
392,13053,508602,1021.0,361.7,984.9,378.8,1002.95,370.25,0
392,13054,508603,1021.3,361.6,984.5,378.8,1002.9,370.2,0
392,13055,508604,1021.5,361.5,984.3,379.4,1002.9,370.45,0
392,13056,508605,1021.7,361.4,984.2,380.0,1002.95,370.7,0
392,13057,508606,1021.9,361.4,984.1,380.5,1003.0,370.95,0
392,13058,508607,1022.0,361.4,984.0,380.9,1003.0,371.15,0
392,13059,508608,1022.1,361.3,984.1,381.2,1003.1,371.25,0
392,13060,508609,1022.1,361.2,984.1,381.6,1003.1,371.4,0
392,13061,508610,1021.9,361.1,984.2,382.1,1003.05,371.6,0
392,13062,508611,1021.8,361.1,984.3,382.0,1003.05,371.55,0
392,13063,508612,1021.6,361.3,984.4,381.8,1003.0,371.55,0
392,13064,508613,1021.6,361.4,984.4,381.8,1003.0,371.6,0
392,13065,508614,1021.6,361.5,984.4,381.8,1003.0,371.65,0
392,13066,508615,1021.5,361.6,984.3,381.9,1002.9,371.75,0
393,13067,508616,1021.5,361.8,984.3,381.9,1002.9,371.85,0
393,13068,508617,1021.4,362.1,984.4,381.8,1002.9,371.95,0
393,13069,508618,1021.3,362.4,984.5,381.9,1002.9,372.15,0
393,13070,508619,1021.1,362.7,984.6,382.3,1002.85,372.5,0
393,13071,508620,1020.8,363.0,984.6,382.6,1002.7,372.8,0
393,13072,508621,1020.5,363.3,984.4,383.0,1002.45,373.15,0
393,13073,508622,1020.2,363.4,984.2,383.3,1002.2,373.35,0
393,13074,508623,1019.8,363.5,984.1,383.7,1001.95,373.6,0
393,13075,508624,1019.4,363.5,983.8,384.2,1001.6,373.85,0
393,13076,508625,1019.0,363.5,983.5,384.6,1001.25,374.05,0
393,13077,508626,1018.8,363.4,983.3,385.0,1001.05,374.2,0
393,13078,508627,1018.5,363.4,983.1,385.6,1000.8,374.5,0
393,13079,508628,1018.2,363.5,983.1,386.2,1000.65,374.85,0
393,13080,508629,1018.0,363.8,983.2,387.1,1000.6,375.45,0
393,13081,508630,1017.9,364.0,983.3,388.0,1000.6,376.0,0
393,13082,508631,1017.7,363.7,983.5,388.8,1000.6,376.25,0
393,13083,508632,1017.5,363.3,983.6,389.5,1000.55,376.4,0
393,13084,508633,1017.3,362.8,983.7,390.3,1000.5,376.55,0
393,13085,508634,1017.2,362.3,983.8,390.7,1000.5,376.5,0
393,13086,508635,1017.1,361.7,983.9,391.1,1000.5,376.4,0
393,13087,508636,1017.1,361.2,983.9,391.2,1000.5,376.2,0
393,13088,508637,1017.3,360.6,983.9,391.3,1000.6,375.95,0
393,13089,508638,1017.6,360.5,983.8,391.5,1000.7,376.0,0
393,13090,508639,1017.9,360.5,983.8,391.6,1000.85,376.05,0
393,13091,508640,1018.2,360.6,983.8,391.6,1001.0,376.1,0
393,13092,508641,1018.5,360.9,984.1,391.6,1001.3,376.25,0
393,13093,508642,1018.7,361.7,984.4,391.5,1001.55,376.6,0
393,13094,508643,1018.8,362.5,984.8,391.4,1001.8,376.95,0
393,13095,508644,1018.8,363.4,985.1,391.4,1001.95,377.4,0
393,13096,508645,1018.8,364.4,985.5,391.5,1002.15,377.95,0
393,13097,508646,1018.8,365.4,986.0,392.0,1002.4,378.7,0
393,13098,508647,1018.8,366.3,986.4,392.5,1002.6,379.4,0
393,13099,508648,1018.9,366.9,986.6,393.0,1002.75,379.95,0
393,13100,508649,1019.0,367.0,986.8,393.2,1002.9,380.1,0
394,13101,508650,1019.2,367.0,986.6,393.5,1002.9,380.25,0
394,13102,508651,1019.3,367.1,986.5,393.6,1002.9,380.35,0
394,13103,508652,1019.3,367.2,986.4,393.7,1002.85,380.45,0
394,13104,508653,1019.2,367.3,986.1,393.4,1002.65,380.35,0
394,13105,508654,1019.1,367.4,985.9,393.1,1002.5,380.25,0
394,13106,508655,1018.8,367.9,985.7,392.8,1002.25,380.35,0
394,13107,508656,1018.7,368.5,985.7,392.7,1002.2,380.6,0
394,13108,508657,1018.6,369.1,985.9,392.7,1002.25,380.9,0
394,13109,508658,1018.8,369.7,986.1,392.5,1002.45,381.1,0
394,13110,508659,1019.2,370.3,986.3,392.4,1002.75,381.35,0
394,13111,508660,1019.6,370.8,986.3,392.2,1002.95,381.5,0
394,13112,508661,1020.0,371.8,986.3,391.9,1003.15,381.85,0
394,13113,508662,1020.5,372.2,986.2,391.7,1003.35,381.95,0
394,13114,508663,1020.9,372.7,986.0,391.4,1003.45,382.05,0
394,13115,508664,1021.3,373.5,985.9,391.1,1003.6,382.3,0
394,13116,508665,1021.4,374.4,985.8,391.0,1003.6,382.7,0
394,13117,508666,1021.6,375.3,985.8,390.8,1003.7,383.05,0
394,13118,508667,1021.8,376.5,986.0,390.7,1003.9,383.6,0
394,13119,508668,1022.1,377.3,986.3,390.6,1004.2,383.95,0
394,13120,508669,1022.3,378.1,986.6,390.6,1004.45,384.35,0
394,13121,508670,1022.5,379.0,987.0,390.5,1004.75,384.75,0
394,13122,508671,1022.7,379.6,987.5,390.5,1005.1,385.05,0
394,13123,508672,1022.9,380.1,987.9,390.5,1005.4,385.3,0
394,13124,508673,1022.9,380.7,988.2,390.5,1005.55,385.6,0
394,13125,508674,1022.9,381.1,988.4,390.4,1005.65,385.75,0
394,13126,508675,1022.8,381.6,988.7,390.3,1005.75,385.95,0
394,13127,508676,1022.7,382.1,988.9,390.4,1005.8,386.25,0
394,13128,508677,1022.6,382.7,989.2,390.7,1005.9,386.7,0
394,13129,508678,1022.6,383.2,989.4,391.1,1006.0,387.15,0
394,13130,508679,1022.5,383.7,989.5,391.5,1006.0,387.6,0
394,13131,508680,1022.6,384.1,989.7,391.9,1006.15,388.0,0
394,13132,508681,1022.8,384.4,989.9,392.4,1006.35,388.4,0
394,13133,508682,1023.0,384.6,990.1,392.7,1006.55,388.65,0
395,13134,508683,1023.2,384.8,990.1,392.9,1006.65,388.85,0
395,13135,508684,1023.5,385.3,990.2,392.8,1006.85,389.05,0
395,13136,508685,1023.8,385.7,990.3,392.5,1007.05,389.1,0
395,13137,508686,1024.1,386.2,990.4,392.2,1007.25,389.2,0
395,13138,508687,1024.4,386.8,990.5,391.9,1007.45,389.35,0
395,13139,508688,1024.5,387.3,990.6,391.7,1007.55,389.5,0
395,13140,508689,1024.6,387.8,990.7,391.6,1007.65,389.7,0
395,13141,508690,1024.7,388.2,990.7,391.7,1007.7,389.95,0
395,13142,508691,1024.7,388.4,990.7,391.7,1007.7,390.05,0
395,13143,508692,1024.8,388.7,990.7,392.0,1007.75,390.35,0
395,13144,508693,1024.7,388.9,990.7,392.2,1007.7,390.55,0
395,13145,508694,1024.6,389.1,990.7,392.3,1007.65,390.7,0
395,13146,508695,1024.6,389.4,990.6,392.5,1007.6,390.95,0
395,13147,508696,1024.5,389.8,990.6,392.7,1007.55,391.25,0
395,13148,508697,1024.6,390.1,990.8,392.9,1007.7,391.5,0
395,13149,508698,1024.7,390.4,990.9,393.1,1007.8,391.75,0
395,13150,508699,1024.8,390.6,991.1,393.4,1007.95,392.0,0
395,13151,508700,1025.1,390.8,991.3,393.6,1008.2,392.2,0
395,13152,508701,1025.4,391.2,991.5,393.9,1008.45,392.55,0
395,13153,508702,1025.8,391.5,991.6,394.1,1008.7,392.8,0
395,13154,508703,1026.2,391.7,991.5,394.1,1008.85,392.9,0
395,13155,508704,1026.3,391.9,991.4,394.0,1008.85,392.95,0
395,13156,508705,1026.3,392.0,991.3,393.9,1008.8,392.95,0
395,13157,508706,1026.2,392.0,991.1,393.7,1008.65,392.85,0
395,13158,508707,1025.9,392.0,990.9,393.5,1008.4,392.75,0
395,13159,508708,1025.6,391.8,990.6,393.2,1008.1,392.5,0
395,13160,508709,1025.2,391.6,990.5,392.9,1007.85,392.25,0
395,13161,508710,1024.9,391.5,990.4,392.6,1007.65,392.05,0
395,13162,508711,1024.7,391.4,990.4,392.4,1007.55,391.9,0
395,13163,508712,1024.7,391.5,990.3,392.4,1007.5,391.95,0
395,13164,508713,1024.8,391.7,990.3,392.4,1007.55,392.05,0
395,13165,508714,1024.8,391.9,990.4,392.4,1007.6,392.15,0
395,13166,508715,1024.7,392.1,990.4,392.8,1007.55,392.45,0
396,13167,508716,1024.7,392.2,990.5,393.1,1007.6,392.65,0
396,13168,508717,1024.6,392.2,990.5,393.7,1007.55,392.95,0
396,13169,508718,1024.4,392.1,990.6,394.2,1007.5,393.15,0
396,13170,508719,1024.2,391.8,990.7,394.7,1007.45,393.25,0
396,13171,508720,1024.1,391.5,990.7,395.3,1007.4,393.4,0
396,13172,508721,1024.0,391.2,991.0,395.8,1007.5,393.5,0
396,13173,508722,1023.9,391.0,991.3,396.3,1007.6,393.65,0
396,13174,508723,1023.8,390.7,991.7,396.9,1007.75,393.8,0
396,13175,508724,1023.9,390.4,992.0,397.5,1007.95,393.95,0
396,13176,508725,1023.9,390.3,992.3,397.9,1008.1,394.1,0
396,13177,508726,1023.9,390.3,992.5,398.3,1008.2,394.3,0
396,13178,508727,1023.9,390.4,992.7,398.5,1008.3,394.45,0
396,13179,508728,1023.9,390.5,992.5,398.8,1008.2,394.65,0
396,13180,508729,1023.9,390.8,992.4,398.8,1008.15,394.8,0
396,13181,508730,1023.8,391.1,992.2,398.9,1008.0,395.0,0
396,13182,508731,1023.8,391.4,992.0,399.0,1007.9,395.2,0
396,13183,508732,1023.7,391.6,991.8,399.3,1007.75,395.45,0
396,13184,508733,1023.6,391.6,991.7,399.7,1007.65,395.65,0
396,13185,508734,1023.5,391.5,991.7,400.6,1007.6,396.05,0
396,13186,508735,1023.4,391.4,992.0,401.4,1007.7,396.4,0
396,13187,508736,1023.2,391.1,992.4,402.3,1007.8,396.7,0
396,13188,508737,1023.1,390.8,992.8,403.1,1007.95,396.95,0
396,13189,508738,1023.0,390.5,993.4,403.9,1008.2,397.2,0
396,13190,508739,1023.0,390.3,994.1,404.5,1008.55,397.4,0
396,13191,508740,1022.9,390.2,994.6,405.0,1008.75,397.6,0
396,13192,508741,1022.9,390.1,995.1,404.8,1009.0,397.45,0
396,13193,508742,1022.7,390.0,995.4,404.6,1009.05,397.3,0
396,13194,508743,1022.4,389.8,995.6,404.3,1009.0,397.05,0
396,13195,508744,1022.0,389.7,995.7,404.0,1008.85,396.85,0
396,13196,508745,1021.7,389.7,995.8,403.6,1008.75,396.65,0
396,13197,508746,1021.3,389.6,995.8,403.3,1008.55,396.45,0
396,13198,508747,1020.9,389.5,995.9,403.1,1008.4,396.3,0
396,13199,508748,1020.7,389.3,995.9,402.9,1008.3,396.1,0
396,13200,508749,1020.4,389.1,995.9,402.8,1008.15,395.95,0
397,13201,508750,1020.3,388.9,995.9,402.8,1008.1,395.85,0
397,13202,508751,1019.9,388.6,995.8,402.8,1007.85,395.7,0
397,13203,508752,1019.5,388.4,995.8,402.9,1007.65,395.65,0
397,13204,508753,1019.2,388.2,995.9,402.9,1007.55,395.55,0
397,13205,508754,1018.8,388.0,996.0,403.1,1007.4,395.55,0
397,13206,508755,1018.5,387.8,996.2,403.3,1007.35,395.55,0
397,13207,508756,1018.5,387.7,996.3,403.4,1007.4,395.55,0
397,13208,508757,1018.4,387.6,996.5,403.5,1007.45,395.55,0
397,13209,508758,1018.6,387.5,996.7,403.7,1007.65,395.6,0
397,13210,508759,1018.9,387.4,996.9,403.9,1007.9,395.65,0
397,13211,508760,1019.2,387.3,997.0,404.1,1008.1,395.7,0
397,13212,508761,1019.4,387.4,997.1,404.2,1008.25,395.8,0
397,13213,508762,1019.6,387.5,997.3,404.3,1008.45,395.9,0
397,13214,508763,1019.7,387.9,997.5,404.4,1008.6,396.15,0
397,13215,508764,1019.8,388.3,997.6,404.5,1008.7,396.4,0
397,13216,508765,1019.9,388.7,997.8,404.5,1008.85,396.6,0
397,13217,508766,1019.9,389.2,997.9,404.5,1008.9,396.85,0
397,13218,508767,1020.0,389.6,998.0,404.5,1009.0,397.05,0
397,13219,508768,1020.0,390.0,997.9,404.6,1008.95,397.3,0
397,13220,508769,1020.0,390.2,997.7,404.5,1008.85,397.35,0
397,13221,508770,1020.0,390.2,997.4,404.5,1008.7,397.35,0
397,13222,508771,1020.0,390.1,997.0,404.4,1008.5,397.25,0
397,13223,508772,1020.0,390.0,996.7,404.4,1008.35,397.2,0
397,13224,508773,1020.0,389.9,996.3,404.3,1008.15,397.1,0
397,13225,508774,1020.0,389.7,995.9,404.3,1007.95,397.0,0
397,13226,508775,1020.1,389.6,995.6,404.4,1007.85,397.0,0
397,13227,508776,1020.2,389.5,995.4,404.4,1007.8,396.95,0
397,13228,508777,1020.3,389.4,995.2,404.6,1007.75,397.0,0
397,13229,508778,1020.5,389.5,995.4,404.7,1007.95,397.1,0
397,13230,508779,1020.7,389.6,995.5,404.7,1008.1,397.15,0
397,13231,508780,1021.0,389.7,995.6,404.8,1008.3,397.25,0
397,13232,508781,1021.4,389.8,995.7,404.8,1008.55,397.3,0
397,13233,508782,1021.8,390.0,995.8,405.0,1008.8,397.5,0
398,13234,508783,1022.1,390.2,995.9,405.3,1009.0,397.75,0
398,13235,508784,1022.4,390.6,995.9,405.5,1009.15,398.05,0
398,13236,508785,1022.3,391.3,995.7,405.8,1009.0,398.55,0
398,13237,508786,1022.3,392.0,995.6,406.1,1008.95,399.05,0
398,13238,508787,1022.2,392.7,995.5,406.4,1008.85,399.55,0
398,13239,508788,1022.1,393.4,995.4,406.8,1008.75,400.1,0
398,13240,508789,1022.0,394.0,995.3,406.9,1008.65,400.45,0
398,13241,508790,1022.0,394.3,995.2,407.0,1008.6,400.65,0
398,13242,508791,1022.0,394.3,995.2,407.1,1008.6,400.7,0
398,13243,508792,1022.2,393.9,995.1,407.2,1008.65,400.55,0
398,13244,508793,1022.3,393.5,995.1,407.4,1008.7,400.45,0
398,13245,508794,1022.3,393.1,995.0,407.5,1008.65,400.3,0
398,13246,508795,1022.0,392.8,994.8,407.6,1008.4,400.2,0
398,13247,508796,1021.8,392.5,994.5,407.6,1008.15,400.05,0
398,13248,508797,1021.5,392.5,994.1,407.5,1007.8,400.0,0
398,13249,508798,1021.2,392.5,993.7,407.3,1007.45,399.9,0
398,13250,508799,1020.9,392.6,993.0,407.0,1006.95,399.8,0
398,13251,508800,1020.5,392.6,992.5,406.7,1006.5,399.65,0
398,13252,508801,1020.2,392.6,992.1,406.3,1006.15,399.45,0
398,13253,508802,1020.0,392.5,991.8,406.0,1005.9,399.25,0
398,13254,508803,1020.0,392.4,991.7,405.5,1005.85,398.95,0
398,13255,508804,1020.1,392.3,991.7,404.9,1005.9,398.6,0
398,13256,508805,1020.1,392.2,991.7,404.5,1005.9,398.35,0
398,13257,508806,1020.1,392.0,991.9,404.1,1006.0,398.05,0
398,13258,508807,1020.0,391.8,992.0,403.8,1006.0,397.8,0
398,13259,508808,1019.5,391.8,992.1,403.4,1005.8,397.6,0
398,13260,508809,1019.2,392.1,992.0,403.0,1005.6,397.55,0
398,13261,508810,1018.7,392.4,992.0,402.9,1005.35,397.65,0
398,13262,508811,1018.5,392.6,991.9,402.6,1005.2,397.6,0
398,13263,508812,1018.4,392.9,991.8,402.3,1005.1,397.6,0
398,13264,508813,1018.3,393.2,991.5,402.0,1004.9,397.6,0
398,13265,508814,1018.4,393.4,991.3,401.6,1004.85,397.5,0
398,13266,508815,1018.9,393.5,991.2,401.4,1005.05,397.45,0
399,13267,508816,1019.4,393.3,991.4,401.3,1005.4,397.3,0
399,13268,508817,1020.2,393.0,991.6,401.2,1005.9,397.1,0
399,13269,508818,1020.7,392.8,991.8,401.7,1006.25,397.25,0
399,13270,508819,1021.0,392.6,992.1,402.2,1006.55,397.4,0
399,13271,508820,1021.3,392.4,992.5,402.5,1006.9,397.45,0
399,13272,508821,1021.5,392.4,992.8,402.5,1007.15,397.45,0
399,13273,508822,1021.8,392.3,993.0,402.5,1007.4,397.4,0
399,13274,508823,1021.7,392.1,992.8,402.3,1007.25,397.2,0
399,13275,508824,1021.3,392.0,992.6,402.1,1006.95,397.05,0
399,13276,508825,1021.0,391.7,992.5,401.6,1006.75,396.65,0
399,13277,508826,1020.7,391.5,992.4,401.2,1006.55,396.35,0
399,13278,508827,1020.4,391.1,992.5,400.8,1006.45,395.95,0
399,13279,508828,1020.1,390.6,992.6,400.8,1006.35,395.7,0
399,13280,508829,1019.8,390.0,992.8,400.8,1006.3,395.4,0
399,13281,508830,1019.6,389.0,993.2,400.7,1006.4,394.85,0
399,13282,508831,1019.2,388.0,993.6,400.6,1006.4,394.3,0
399,13283,508832,1018.9,387.1,994.0,400.4,1006.45,393.75,0
399,13284,508833,1018.5,386.2,994.4,400.3,1006.45,393.25,0
399,13285,508834,1018.2,385.3,994.6,400.0,1006.4,392.65,0
399,13286,508835,1017.9,384.5,994.9,399.8,1006.4,392.15,0
399,13287,508836,1017.7,383.9,995.1,399.5,1006.4,391.7,0
399,13288,508837,1017.6,383.9,995.1,399.3,1006.35,391.6,0
399,13289,508838,1017.6,383.8,995.0,398.8,1006.3,391.3,0
399,13290,508839,1017.7,383.6,994.9,398.0,1006.3,390.8,0
399,13291,508840,1017.8,383.4,994.9,397.1,1006.35,390.25,0
399,13292,508841,1017.8,383.3,995.3,396.4,1006.55,389.85,0
399,13293,508842,1017.7,383.0,995.7,395.9,1006.7,389.45,0
399,13294,508843,1017.6,382.7,996.2,395.3,1006.9,389.0,0
399,13295,508844,1017.4,382.4,996.6,394.6,1007.0,388.5,0
399,13296,508845,1017.2,382.0,997.2,394.2,1007.2,388.1,0
399,13297,508846,1017.0,381.6,997.7,394.3,1007.35,387.95,0
399,13298,508847,1016.7,381.2,998.0,394.4,1007.35,387.8,0
399,13299,508848,1016.6,380.8,997.6,394.5,1007.1,387.65,0
399,13300,508849,1016.6,380.6,997.2,394.4,1006.9,387.5,0
400,13301,508850,1016.6,380.3,996.8,394.5,1006.7,387.4,0
400,13302,508851,1016.7,380.1,996.4,394.7,1006.55,387.4,0
400,13303,508852,1016.8,379.9,996.0,394.8,1006.4,387.35,0
400,13304,508853,1016.9,379.9,995.6,394.9,1006.25,387.4,0
400,13305,508854,1017.2,379.8,995.6,394.9,1006.4,387.35,0
400,13306,508855,1017.4,379.7,995.9,394.9,1006.65,387.3,0
400,13307,508856,1017.6,379.6,996.1,394.9,1006.85,387.25,0
400,13308,508857,1017.8,378.7,996.3,394.8,1007.05,386.75,0
400,13309,508858,1018.0,377.8,996.5,394.6,1007.25,386.2,0
400,13310,508859,1018.2,376.9,996.6,394.5,1007.4,385.7,0
400,13311,508860,1018.3,375.9,996.4,394.6,1007.35,385.25,0
400,13312,508861,1018.3,375.0,996.0,394.7,1007.15,384.85,0
400,13313,508862,1018.4,374.1,995.5,394.8,1006.95,384.45,0
400,13314,508863,1018.4,373.2,995.0,395.0,1006.7,384.1,0
400,13315,508864,1018.4,373.2,994.6,395.1,1006.5,384.15,0
400,13316,508865,1018.6,373.2,994.2,395.2,1006.4,384.2,0
400,13317,508866,1018.7,373.3,993.7,395.3,1006.2,384.3,0
400,13318,508867,1018.9,373.5,993.5,395.3,1006.2,384.4,0
400,13319,508868,1019.1,373.7,993.3,395.2,1006.2,384.45,0
400,13320,508869,1019.3,373.8,993.1,395.1,1006.2,384.45,0
400,13321,508870,1019.5,374.0,992.8,394.9,1006.15,384.45,0
400,13322,508871,1019.7,374.1,992.5,394.6,1006.1,384.35,0
400,13323,508872,1019.9,374.1,992.1,394.4,1006.0,384.25,0
400,13324,508873,1020.1,374.0,991.6,394.2,1005.85,384.1,0
400,13325,508874,1020.3,373.9,991.3,394.0,1005.8,383.95,0
400,13326,508875,1020.6,373.9,991.0,393.8,1005.8,383.85,0
400,13327,508876,1020.8,373.8,990.7,393.8,1005.75,383.8,0
400,13328,508877,1021.0,373.7,990.4,393.9,1005.7,383.8,0
400,13329,508878,1021.6,373.4,990.2,394.0,1005.9,383.7,0
400,13330,508879,1022.2,373.2,990.1,394.1,1006.15,383.65,0
400,13331,508880,1022.8,373.0,990.0,394.2,1006.4,383.6,0
400,13332,508881,1023.3,372.7,990.0,393.8,1006.65,383.25,0
400,13333,508882,1023.6,372.5,989.8,393.4,1006.7,382.95,0
401,13334,508883,1023.7,372.3,989.6,392.9,1006.65,382.6,0
401,13335,508884,1023.8,372.1,989.4,392.3,1006.6,382.2,0
401,13336,508885,1023.5,372.0,989.1,391.7,1006.3,381.85,0
401,13337,508886,1023.3,371.9,988.7,391.1,1006.0,381.5,0
401,13338,508887,1023.2,371.7,988.4,390.8,1005.8,381.25,0
401,13339,508888,1023.2,371.7,988.2,390.8,1005.7,381.25,0
401,13340,508889,1023.3,371.7,988.1,390.9,1005.7,381.3,0
401,13341,508890,1023.5,371.7,988.1,391.0,1005.8,381.35,0
401,13342,508891,1023.7,371.6,988.0,391.1,1005.85,381.35,0
401,13343,508892,1023.7,371.5,987.9,391.1,1005.8,381.3,0
401,13344,508893,1023.6,371.4,987.9,391.3,1005.75,381.35,0
401,13345,508894,1023.4,371.4,987.9,391.5,1005.65,381.45,0
401,13346,508895,1023.1,371.3,987.7,391.7,1005.4,381.5,0
401,13347,508896,1022.2,371.2,987.1,391.9,1004.65,381.55,0
401,13348,508897,1021.2,371.1,986.2,392.2,1003.7,381.65,0
401,13349,508898,1020.0,371.0,984.8,392.5,1002.4,381.75,0
401,13350,508899,1018.0,371.0,982.8,392.9,1000.4,381.95,0
401,13351,508900,1015.6,371.1,980.3,393.0,997.95,382.05,0
401,13352,508901,1013.1,371.1,977.7,393.0,995.4,382.05,0
401,13353,508902,1010.0,371.1,975.0,392.5,992.5,381.8,0
401,13354,508903,1007.5,370.9,972.0,392.0,989.75,381.45,0
401,13355,508904,1005.0,370.6,969.2,391.4,987.1,381.0,0
401,13356,508905,1002.6,370.3,966.7,390.8,984.65,380.55,0
401,13357,508906,1001.2,370.1,965.0,390.4,983.1,380.25,0
401,13358,508907,1000.2,369.3,963.9,390.0,982.05,379.65,0
401,13359,508908,999.3,368.6,962.9,389.7,981.1,379.15,0
401,13360,508909,999.1,367.9,961.9,389.8,980.5,378.85,0
401,13361,508910,999.4,367.1,961.9,390.0,980.65,378.55,0
401,13362,508911,999.7,366.3,962.0,390.2,980.85,378.25,0
401,13363,508912,1000.2,365.4,962.2,390.2,981.2,377.8,0
401,13364,508913,1000.8,364.5,963.2,390.1,982.0,377.3,0
401,13365,508914,1001.4,364.1,964.0,389.9,982.7,377.0,0
401,13366,508915,1002.1,363.6,965.1,389.7,983.6,376.65,0
402,13367,508916,1003.0,363.2,966.1,389.5,984.55,376.35,0
402,13368,508917,1003.6,362.9,967.0,389.4,985.3,376.15,0
402,13369,508918,1004.2,363.3,968.1,389.4,986.15,376.35,0
402,13370,508919,1004.8,363.7,969.4,389.4,987.1,376.55,0
402,13371,508920,1005.3,364.2,970.2,389.4,987.75,376.8,0
402,13372,508921,1005.8,364.7,971.3,388.9,988.55,376.8,0
402,13373,508922,1006.2,365.2,972.2,388.3,989.2,376.75,0
402,13374,508923,1006.1,365.6,973.1,387.7,989.6,376.65,0
402,13375,508924,1005.9,365.9,974.0,387.1,989.95,376.5,0
402,13376,508925,1005.6,365.7,974.8,385.6,990.2,375.65,0
402,13377,508926,1004.6,365.5,975.3,384.2,989.95,374.85,0
402,13378,508927,1003.6,365.2,975.6,382.9,989.6,374.05,0
402,13379,508928,1002.4,365.0,975.6,381.8,989.0,373.4,0
402,13380,508929,1001.3,364.9,975.6,380.6,988.45,372.75,0
402,13381,508930,1000.2,364.9,975.6,379.2,987.9,372.05,0
402,13382,508931,999.4,364.9,975.3,377.7,987.35,371.3,0
402,13383,508932,998.7,365.0,975.0,376.9,986.85,370.95,0
402,13384,508933,999.4,365.1,974.7,376.0,987.05,370.55,0
402,13385,508934,1000.0,365.2,974.4,375.2,987.2,370.2,0
402,13386,508935,1000.8,365.3,974.1,374.6,987.45,369.95,0
402,13387,508936,1001.5,365.4,973.8,374.2,987.65,369.8,0
402,13388,508937,1002.1,365.6,973.5,374.0,987.8,369.8,0
402,13389,508938,1002.6,365.7,973.5,373.9,988.05,369.8,0
402,13390,508939,1003.0,365.9,973.5,373.6,988.25,369.75,0
402,13391,508940,1002.6,366.1,973.5,373.5,988.05,369.8,0
402,13392,508941,1002.3,366.2,973.5,373.4,987.9,369.8,0
402,13393,508942,1002.1,366.3,973.4,373.3,987.75,369.8,0
402,13394,508943,1001.7,366.6,973.2,373.2,987.45,369.9,0
402,13395,508944,1001.5,367.0,973.1,373.2,987.3,370.1,0
402,13396,508945,1001.4,367.3,973.0,373.4,987.2,370.35,0
402,13397,508946,1001.3,367.6,972.8,373.7,987.05,370.65,0
402,13398,508947,1001.4,367.8,972.7,374.0,987.05,370.9,0
402,13399,508948,1001.5,368.1,972.5,374.3,987.0,371.2,0
402,13400,508949,1001.9,368.2,972.2,374.6,987.05,371.4,0
403,13401,508950,1002.3,368.0,971.7,374.9,987.0,371.45,0
403,13402,508951,1002.8,367.8,970.8,375.2,986.8,371.5,0
403,13403,508952,1003.1,367.6,969.9,375.4,986.5,371.5,0
403,13404,508953,1003.3,367.3,969.1,376.0,986.2,371.65,0
403,13405,508954,1003.3,367.0,968.2,376.6,985.75,371.8,0
403,13406,508955,1003.2,366.8,967.4,377.1,985.3,371.95,0
403,13407,508956,1003.0,366.8,966.8,377.6,984.9,372.2,0
403,13408,508957,1002.8,366.8,966.5,378.2,984.65,372.5,0
403,13409,508958,1002.6,366.7,966.7,378.7,984.65,372.7,0
403,13410,508959,1002.4,366.6,967.1,379.5,984.75,373.05,0
403,13411,508960,1002.3,366.6,967.6,379.8,984.95,373.2,0
403,13412,508961,1002.1,366.6,968.5,380.0,985.3,373.3,0
403,13413,508962,1001.9,366.7,969.4,380.2,985.65,373.45,0
403,13414,508963,1001.6,366.7,970.3,380.4,985.95,373.55,0
403,13415,508964,1001.3,366.9,971.1,380.5,986.2,373.7,0
403,13416,508965,1000.9,367.2,971.8,380.5,986.35,373.85,0
403,13417,508966,1000.6,367.5,972.3,380.0,986.45,373.75,0
403,13418,508967,1000.4,367.9,972.7,379.5,986.55,373.7,0
403,13419,508968,1000.4,368.3,972.7,379.1,986.55,373.7,0
403,13420,508969,1000.5,368.7,972.7,378.8,986.6,373.75,0
403,13421,508970,1000.6,369.0,972.7,378.7,986.65,373.85,0
403,13422,508971,1000.8,369.1,972.7,379.3,986.75,374.2,0
403,13423,508972,1000.6,369.1,972.6,379.9,986.6,374.5,0
403,13424,508973,1000.3,368.8,972.7,380.8,986.5,374.8,0
403,13425,508974,1000.0,368.4,972.7,381.9,986.35,375.15,0
403,13426,508975,999.7,367.9,972.7,383.0,986.2,375.45,0
403,13427,508976,999.4,367.5,972.8,383.8,986.1,375.65,0
403,13428,508977,999.0,367.0,972.8,384.4,985.9,375.7,0
403,13429,508978,998.7,366.6,972.8,384.3,985.75,375.45,0
403,13430,508979,998.8,366.7,972.8,384.2,985.8,375.45,0
403,13431,508980,999.0,367.6,972.8,384.1,985.9,375.85,0
403,13432,508981,999.3,368.5,972.7,383.9,986.0,376.2,0
403,13433,508982,999.5,369.4,972.7,383.8,986.1,376.6,0
404,13434,508983,999.5,370.4,972.5,383.8,986.0,377.1,0
404,13435,508984,999.4,371.0,972.3,384.0,985.85,377.5,0
404,13436,508985,999.2,371.4,972.1,384.3,985.65,377.85,0
404,13437,508986,999.0,371.4,971.9,384.5,985.45,377.95,0
404,13438,508987,998.8,370.9,971.6,384.7,985.2,377.8,0
404,13439,508988,998.6,370.7,971.3,384.9,984.95,377.8,0
404,13440,508989,998.6,370.4,971.1,384.2,984.85,377.3,0
404,13441,508990,998.6,370.1,971.0,383.5,984.8,376.8,0
404,13442,508991,998.9,370.0,970.7,382.7,984.8,376.35,0
404,13443,508992,999.2,370.1,970.4,381.9,984.8,376.0,0
404,13444,508993,999.6,370.3,970.0,381.0,984.8,375.65,0
404,13445,508994,999.9,370.4,969.7,380.2,984.8,375.3,0
404,13446,508995,1000.2,370.3,969.2,379.3,984.7,374.8,0
404,13447,508996,1000.3,370.1,968.8,379.3,984.55,374.7,0
404,13448,508997,1000.5,369.9,968.2,379.2,984.35,374.55,0
404,13449,508998,1000.8,369.7,967.7,379.3,984.25,374.5,0
404,13450,508999,1001.0,369.4,967.2,379.4,984.1,374.4,0
404,13451,509000,1001.3,369.2,966.7,379.5,984.0,374.35,0
404,13452,509001,1001.5,369.1,966.2,379.8,983.85,374.45,0
404,13453,509002,1001.8,369.1,965.9,380.1,983.85,374.6,0
404,13454,509003,1002.1,369.3,965.6,380.5,983.85,374.9,0
404,13455,509004,1002.3,369.5,965.5,380.9,983.9,375.2,0
404,13456,509005,1002.5,369.7,965.4,381.1,983.95,375.4,0
404,13457,509006,1002.6,369.8,965.6,381.3,984.1,375.55,0
404,13458,509007,1002.3,369.6,966.1,381.4,984.2,375.5,0
404,13459,509008,1002.2,369.1,966.5,381.5,984.35,375.3,0
404,13460,509009,1002.2,368.6,967.0,381.4,984.6,375.0,0
404,13461,509010,1002.2,368.2,967.3,381.2,984.75,374.7,0
404,13462,509011,1002.2,367.7,967.7,381.0,984.95,374.35,0
404,13463,509012,1002.5,367.4,968.2,380.8,985.35,374.1,0
404,13464,509013,1002.7,367.3,968.8,380.6,985.75,373.95,0
404,13465,509014,1003.3,367.4,969.3,380.5,986.3,373.95,0
404,13466,509015,1003.5,367.3,969.8,380.4,986.65,373.85,0
405,13467,509016,1003.4,367.3,970.5,380.4,986.95,373.85,0
405,13468,509017,1003.4,367.1,971.3,380.3,987.35,373.7,0
405,13469,509018,1003.2,367.0,971.9,380.3,987.55,373.65,0
405,13470,509019,1002.9,366.9,972.4,380.1,987.65,373.5,0
405,13471,509020,1002.6,366.6,972.6,379.9,987.6,373.25,0
405,13472,509021,1002.4,366.3,972.7,379.4,987.55,372.85,0
405,13473,509022,1002.5,366.1,972.7,379.0,987.6,372.55,0
405,13474,509023,1002.7,366.0,972.6,378.6,987.65,372.3,0
405,13475,509024,1002.9,365.9,972.4,378.2,987.65,372.05,0
405,13476,509025,1003.0,365.8,972.3,377.9,987.65,371.85,0
405,13477,509026,1003.2,365.8,972.2,378.2,987.7,372.0,0
405,13478,509027,1003.2,366.1,972.2,378.6,987.7,372.35,0
405,13479,509028,1003.1,366.4,972.3,379.2,987.7,372.8,0
405,13480,509029,1002.9,366.8,972.4,379.8,987.65,373.3,0
405,13481,509030,1002.2,367.3,972.5,380.4,987.35,373.85,0
405,13482,509031,1001.5,367.9,972.5,381.0,987.0,374.45,0
405,13483,509032,1000.9,368.5,972.5,381.5,986.7,375.0,0
405,13484,509033,1000.3,368.9,972.5,381.4,986.4,375.15,0
405,13485,509034,999.6,369.2,972.4,381.3,986.0,375.25,0
405,13486,509035,999.1,369.4,972.3,381.2,985.7,375.3,0
405,13487,509036,998.6,369.6,972.0,381.0,985.3,375.3,0
405,13488,509037,998.6,369.5,971.7,380.8,985.15,375.15,0
405,13489,509038,998.7,369.5,971.1,380.7,984.9,375.1,0
405,13490,509039,998.8,369.6,970.6,380.6,984.7,375.1,0
405,13491,509040,999.0,369.7,970.1,380.3,984.55,375.0,0
405,13492,509041,999.1,369.9,969.7,380.1,984.4,375.0,0
405,13493,509042,999.3,370.2,969.3,379.8,984.3,375.0,0
405,13494,509043,999.5,370.4,969.0,379.6,984.25,375.0,0
405,13495,509044,999.7,370.7,968.9,379.4,984.3,375.05,0
405,13496,509045,999.8,371.0,969.0,379.2,984.4,375.1,0
405,13497,509046,999.8,371.3,969.0,379.0,984.4,375.15,0
405,13498,509047,999.8,371.5,969.1,379.0,984.45,375.25,0
405,13499,509048,999.8,371.7,969.1,378.8,984.45,375.25,0
405,13500,509049,999.8,371.9,968.8,378.7,984.3,375.3,0
406,13501,509050,999.7,372.0,968.5,378.6,984.1,375.3,0
406,13502,509051,999.8,372.0,968.2,378.4,984.0,375.2,0
406,13503,509052,999.8,371.8,967.9,378.2,983.85,375.0,0
406,13504,509053,999.9,371.4,967.7,377.9,983.8,374.65,0
406,13505,509054,1000.0,371.0,967.4,377.7,983.7,374.35,0
406,13506,509055,1000.4,370.6,967.4,377.9,983.9,374.25,0
406,13507,509056,1000.7,370.2,967.7,378.0,984.2,374.1,0
406,13508,509057,1001.0,369.9,967.9,378.2,984.45,374.05,0
406,13509,509058,1001.3,369.6,968.1,378.4,984.7,374.0,0
406,13510,509059,1001.6,369.7,968.1,378.6,984.85,374.15,0
406,13511,509060,1001.9,370.0,968.1,378.8,985.0,374.4,0
406,13512,509061,1002.4,370.3,968.1,379.0,985.25,374.65,0
406,13513,509062,1002.7,370.7,967.9,379.0,985.3,374.85,0
406,13514,509063,1003.0,371.3,967.7,379.1,985.35,375.2,0
406,13515,509064,1003.4,372.3,967.3,379.0,985.35,375.65,0
406,13516,509065,1003.8,373.2,966.9,379.2,985.35,376.2,0
406,13517,509066,1004.2,374.0,966.6,379.3,985.4,376.65,0
406,13518,509067,1004.7,374.8,966.4,379.4,985.55,377.1,0
406,13519,509068,1004.9,375.5,966.1,379.5,985.5,377.5,0
406,13520,509069,1005.1,376.4,965.9,379.6,985.5,378.0,0
406,13521,509070,1005.3,377.1,965.7,379.6,985.5,378.35,0
406,13522,509071,1005.4,377.7,965.7,379.6,985.55,378.65,0
406,13523,509072,1005.5,378.3,965.7,379.5,985.6,378.9,0
406,13524,509073,1005.6,379.1,965.8,379.4,985.7,379.25,0
406,13525,509074,1005.8,379.8,965.8,379.0,985.8,379.4,0
406,13526,509075,1006.0,380.4,965.9,378.4,985.95,379.4,0
406,13527,509076,1006.2,381.0,966.0,377.8,986.1,379.4,0
406,13528,509077,1006.4,382.1,966.1,377.2,986.25,379.65,0
406,13529,509078,1006.6,382.9,966.3,376.3,986.45,379.6,0
406,13530,509079,1006.7,383.7,966.4,375.4,986.55,379.55,0
406,13531,509080,1006.8,384.3,966.6,374.7,986.7,379.5,0
406,13532,509081,1006.7,385.3,966.8,374.3,986.75,379.8,0
406,13533,509082,1006.5,386.5,966.9,374.3,986.7,380.4,0
407,13534,509083,1006.4,387.6,966.9,374.1,986.65,380.85,0
407,13535,509084,1006.3,388.2,967.0,373.8,986.65,381.0,0
407,13536,509085,1006.2,388.8,967.1,373.8,986.65,381.3,0
407,13537,509086,1006.2,389.4,967.2,373.7,986.7,381.55,0
407,13538,509087,1006.0,390.0,967.3,373.5,986.65,381.75,0
407,13539,509088,1005.8,390.3,967.4,373.1,986.6,381.7,0
407,13540,509089,1005.5,390.3,967.5,373.0,986.5,381.65,0
407,13541,509090,1005.1,390.3,967.6,372.9,986.35,381.6,0
407,13542,509091,1004.7,390.4,967.6,373.6,986.15,382.0,0
407,13543,509092,1004.3,390.7,967.6,374.2,985.95,382.45,0
407,13544,509093,1003.9,391.4,967.7,374.8,985.8,383.1,0
407,13545,509094,1003.7,392.2,967.7,375.4,985.7,383.8,0
407,13546,509095,1003.5,393.0,967.7,376.0,985.6,384.5,0
407,13547,509096,1003.3,393.8,967.7,376.5,985.5,385.15,0
407,13548,509097,1002.8,394.8,967.9,376.8,985.35,385.8,0
407,13549,509098,1002.3,396.0,968.1,376.7,985.2,386.35,0
407,13550,509099,1001.8,397.1,968.4,376.8,985.1,386.95,0
407,13551,509100,1001.3,397.6,968.6,377.0,984.95,387.3,0
407,13552,509101,1000.8,398.1,968.9,377.3,984.85,387.7,0
407,13553,509102,1000.3,398.4,969.0,377.9,984.65,388.15,0
407,13554,509103,999.9,398.7,969.2,378.5,984.55,388.6,0
407,13555,509104,999.9,398.9,969.2,379.4,984.55,389.15,0
407,13556,509105,999.9,398.5,969.1,380.3,984.5,389.4,0
407,13557,509106,999.9,398.1,969.0,381.1,984.45,389.6,0
407,13558,509107,1000.0,397.8,968.9,382.4,984.45,390.1,0
407,13559,509108,1000.0,397.6,968.8,383.7,984.4,390.65,0
407,13560,509109,1000.1,397.3,968.7,385.0,984.4,391.15,0
407,13561,509110,1000.1,397.1,968.6,386.3,984.35,391.7,0
407,13562,509111,1000.1,396.7,968.6,387.2,984.35,391.95,0
407,13563,509112,1000.0,396.4,968.5,388.2,984.25,392.3,0
407,13564,509113,1000.0,396.0,968.5,389.3,984.25,392.65,0
407,13565,509114,1000.1,395.7,968.6,389.7,984.35,392.7,0
407,13566,509115,1000.1,395.5,968.7,390.0,984.4,392.75,0
408,13567,509116,1000.2,395.6,968.7,390.2,984.45,392.9,0
408,13568,509117,1000.2,395.7,968.8,390.4,984.5,393.05,0
408,13569,509118,1000.3,395.9,968.7,391.4,984.5,393.65,0
408,13570,509119,1000.3,396.4,968.6,392.3,984.45,394.35,0
408,13571,509120,1000.3,396.8,968.3,393.1,984.3,394.95,0
408,13572,509121,1000.2,397.2,968.1,394.1,984.15,395.65,0
408,13573,509122,1000.1,397.5,967.8,394.9,983.95,396.2,0
408,13574,509123,999.9,397.4,967.5,395.7,983.7,396.55,0
408,13575,509124,999.7,397.3,967.3,396.4,983.5,396.85,0
408,13576,509125,999.5,397.1,967.1,396.3,983.3,396.7,0
408,13577,509126,999.4,397.0,966.9,396.4,983.15,396.7,0
408,13578,509127,999.2,396.7,966.7,396.4,982.95,396.55,0
408,13579,509128,999.1,396.5,966.5,396.4,982.8,396.45,0
408,13580,509129,999.0,396.2,966.2,396.5,982.6,396.35,0
408,13581,509130,999.1,396.0,965.9,396.8,982.5,396.4,0
408,13582,509131,999.2,396.0,965.6,397.0,982.4,396.5,0
408,13583,509132,999.5,395.9,965.3,397.4,982.4,396.65,0
408,13584,509133,999.8,395.8,964.9,397.6,982.35,396.7,0
408,13585,509134,1000.1,395.8,964.4,398.3,982.25,397.05,0
408,13586,509135,1000.4,395.8,964.1,399.1,982.25,397.45,0
408,13587,509136,1000.6,395.8,963.8,399.8,982.2,397.8,0
408,13588,509137,1000.9,395.8,963.7,400.3,982.3,398.05,0
408,13589,509138,1001.0,395.6,963.9,400.7,982.45,398.15,0
408,13590,509139,1001.0,395.4,964.2,401.0,982.6,398.2,0
408,13591,509140,1001.1,395.0,964.5,401.4,982.8,398.2,0
408,13592,509141,1001.1,394.6,964.9,401.3,983.0,397.95,0
408,13593,509142,1001.0,393.9,965.3,401.2,983.15,397.55,0
408,13594,509143,1001.0,393.3,965.7,401.2,983.35,397.25,0
408,13595,509144,1001.1,392.5,966.0,401.2,983.55,396.85,0
408,13596,509145,1001.1,391.9,966.0,401.4,983.55,396.65,0
408,13597,509146,1001.1,391.4,965.9,401.6,983.5,396.5,0
408,13598,509147,1001.3,391.3,966.0,401.8,983.65,396.55,0
408,13599,509148,1001.5,391.2,966.0,401.9,983.75,396.55,0
408,13600,509149,1001.7,391.4,966.1,402.0,983.9,396.7,0
409,13601,509150,1001.9,391.2,966.1,402.0,984.0,396.6,0
409,13602,509151,1002.2,391.3,966.1,402.1,984.15,396.7,0
409,13603,509152,1002.4,391.3,966.0,402.2,984.2,396.75,0
409,13604,509153,1002.6,391.4,965.8,402.3,984.2,396.85,0
409,13605,509154,1002.7,391.0,965.6,402.4,984.15,396.7,0
409,13606,509155,1002.8,390.6,965.4,402.4,984.1,396.5,0
409,13607,509156,1003.0,390.5,965.1,402.4,984.05,396.45,0
409,13608,509157,1003.1,390.6,964.8,402.5,983.95,396.55,0
409,13609,509158,1003.1,390.9,964.5,402.5,983.8,396.7,0
409,13610,509159,1003.1,391.2,964.3,402.3,983.7,396.75,0
409,13611,509160,1003.1,391.5,964.2,401.9,983.65,396.7,0
409,13612,509161,1003.0,391.9,964.1,401.5,983.55,396.7,0
409,13613,509162,1002.8,392.2,964.0,401.1,983.4,396.65,0
409,13614,509163,1002.6,392.6,964.0,400.7,983.3,396.65,0
409,13615,509164,1002.4,392.9,964.1,400.3,983.25,396.6,0
409,13616,509165,1002.2,393.2,964.5,400.1,983.35,396.65,0
409,13617,509166,1002.1,393.3,964.9,399.9,983.5,396.6,0
409,13618,509167,1002.0,393.5,965.2,400.1,983.6,396.8,0
409,13619,509168,1002.2,393.8,965.5,400.2,983.85,397.0,0
409,13620,509169,1002.4,394.0,965.4,400.4,983.9,397.2,0
409,13621,509170,1002.7,394.1,965.1,400.6,983.9,397.35,0
409,13622,509171,1003.0,394.2,964.8,400.7,983.9,397.45,0
409,13623,509172,1003.3,394.2,964.0,400.9,983.65,397.55,0
409,13624,509173,1003.6,394.2,963.1,401.0,983.35,397.6,0
409,13625,509174,1003.8,394.1,962.3,401.0,983.05,397.55,0
409,13626,509175,1003.9,394.0,961.6,401.1,982.75,397.55,0
409,13627,509176,1003.9,393.9,961.1,401.2,982.5,397.55,0
409,13628,509177,1003.9,393.8,960.8,401.1,982.35,397.45,0
409,13629,509178,1003.9,393.7,960.5,401.0,982.2,397.35,0
409,13630,509179,1004.0,393.8,960.3,400.9,982.15,397.35,0
409,13631,509180,1004.2,393.8,960.3,400.8,982.25,397.3,0
409,13632,509181,1004.4,393.8,960.4,400.6,982.4,397.2,0
409,13633,509182,1004.6,393.9,960.6,400.1,982.6,397.0,0
410,13634,509183,1004.7,394.0,960.9,399.7,982.8,396.85,0
410,13635,509184,1004.9,394.1,961.1,399.2,983.0,396.65,0
410,13636,509185,1005.0,394.2,961.2,398.4,983.1,396.3,0
410,13637,509186,1005.1,394.2,961.2,397.7,983.15,395.95,0
410,13638,509187,1004.7,394.3,961.2,397.0,982.95,395.65,0
410,13639,509188,1004.3,394.4,961.2,396.2,982.75,395.3,0
410,13640,509189,1003.9,394.6,961.0,395.7,982.45,395.15,0
410,13641,509190,1003.5,394.7,961.0,395.3,982.25,395.0,0
410,13642,509191,1003.3,394.8,961.0,394.8,982.15,394.8,0
410,13643,509192,1003.6,394.8,961.1,394.7,982.35,394.75,0
410,13644,509193,1003.8,394.8,961.6,394.6,982.7,394.7,0
410,13645,509194,1004.4,394.9,962.1,394.6,983.25,394.75,0
410,13646,509195,1004.9,394.9,962.6,394.6,983.75,394.75,0
410,13647,509196,1005.4,394.8,963.2,394.7,984.3,394.75,0
410,13648,509197,1005.4,394.7,963.6,394.5,984.5,394.6,0
410,13649,509198,1005.3,394.8,964.0,394.3,984.65,394.55,0
410,13650,509199,1004.6,394.9,963.9,392.9,984.25,393.9,0
410,13651,509200,1004.0,395.1,963.5,391.5,983.75,393.3,0
410,13652,509201,1003.4,395.2,963.1,390.1,983.25,392.65,0
410,13653,509202,1003.0,395.3,962.6,388.8,982.8,392.05,0
410,13654,509203,1002.6,395.4,962.1,387.4,982.35,391.4,0
410,13655,509204,1002.7,395.5,961.6,386.2,982.15,390.85,0
410,13656,509205,1002.8,395.5,961.2,384.9,982.0,390.2,0
410,13657,509206,1002.9,395.3,961.4,384.0,982.15,389.65,0
410,13658,509207,1003.0,395.2,961.5,383.0,982.25,389.1,0
410,13659,509208,1003.0,395.1,961.6,381.6,982.3,388.35,0
410,13660,509209,1003.0,394.9,961.7,380.1,982.35,387.5,0
410,13661,509210,1002.9,394.7,961.9,378.7,982.4,386.7,0
410,13662,509211,1002.8,394.5,961.9,377.2,982.35,385.85,0
410,13663,509212,1002.6,394.3,962.2,375.8,982.4,385.05,0
410,13664,509213,1002.2,394.3,962.5,375.1,982.35,384.7,0
410,13665,509214,1001.9,394.3,962.9,374.0,982.4,384.15,0
410,13666,509215,1001.6,394.3,963.2,373.3,982.4,383.8,0
411,13667,509216,1001.3,394.4,963.6,372.5,982.45,383.45,0
411,13668,509217,1000.9,394.4,964.1,371.8,982.5,383.1,0
411,13669,509218,1000.6,394.5,964.5,371.5,982.55,383.0,0
411,13670,509219,1000.3,394.5,964.6,371.3,982.45,382.9,0
411,13671,509220,1000.2,394.2,964.7,371.1,982.45,382.65,0
411,13672,509221,1000.0,394.1,964.6,371.4,982.3,382.75,0
411,13673,509222,999.9,393.9,964.5,371.8,982.2,382.85,0
411,13674,509223,999.8,393.7,964.4,372.3,982.1,383.0,0
411,13675,509224,999.6,393.1,964.4,372.5,982.0,382.8,0
411,13676,509225,999.4,392.6,964.5,372.3,981.95,382.45,0
411,13677,509226,999.0,391.7,964.5,372.2,981.75,381.95,0
411,13678,509227,998.6,390.2,964.6,372.2,981.6,381.2,0
411,13679,509228,998.2,388.8,964.8,372.6,981.5,380.7,0
411,13680,509229,997.8,387.3,965.0,372.9,981.4,380.1,0
411,13681,509230,997.5,385.8,965.2,373.4,981.35,379.6,0
411,13682,509231,997.3,384.7,965.4,374.1,981.35,379.4,0
411,13683,509232,997.2,383.6,965.6,375.2,981.4,379.4,0
411,13684,509233,997.5,382.9,965.8,376.2,981.65,379.55,0
411,13685,509234,997.8,382.5,966.0,377.1,981.9,379.8,0
411,13686,509235,998.0,382.1,966.1,377.9,982.05,380.0,0
411,13687,509236,998.3,381.6,966.3,378.8,982.3,380.2,0
411,13688,509237,998.4,380.8,966.6,379.5,982.5,380.15,0
411,13689,509238,998.5,379.9,966.5,380.9,982.5,380.4,0
411,13690,509239,998.6,378.7,966.4,382.1,982.5,380.4,0
411,13691,509240,998.6,377.5,966.1,383.5,982.35,380.5,0
411,13692,509241,998.8,376.4,965.6,385.4,982.2,380.9,0
411,13693,509242,999.0,375.4,965.1,386.9,982.05,381.15,0
411,13694,509243,999.2,374.6,964.6,388.4,981.9,381.5,0
411,13695,509244,999.5,374.2,963.8,390.1,981.65,382.15,0
411,13696,509245,999.7,373.7,963.0,391.2,981.35,382.45,0
411,13697,509246,999.8,373.6,962.3,392.4,981.05,383.0,0
411,13698,509247,999.9,373.5,961.7,393.6,980.8,383.55,0
411,13699,509248,999.8,373.3,961.1,394.8,980.45,384.05,0
411,13700,509249,999.8,373.0,960.5,396.0,980.15,384.5,0
412,13701,509250,999.7,372.7,959.9,397.3,979.8,385.0,0
412,13702,509251,999.7,372.5,959.3,398.4,979.5,385.45,0
412,13703,509252,999.7,372.2,959.0,399.3,979.35,385.75,0
412,13704,509253,1000.0,372.1,958.5,400.0,979.25,386.05,0
412,13705,509254,1000.2,371.9,958.1,400.8,979.15,386.35,0
412,13706,509255,1000.4,371.9,957.9,401.7,979.15,386.8,0
412,13707,509256,1000.6,372.0,957.7,402.5,979.15,387.25,0
412,13708,509257,1000.8,371.9,957.6,403.3,979.2,387.6,0
412,13709,509258,1000.9,371.7,957.6,404.1,979.25,387.9,0
412,13710,509259,1001.0,371.5,957.5,404.8,979.25,388.15,0
412,13711,509260,1001.0,371.1,957.5,405.6,979.25,388.35,0
412,13712,509261,1001.0,370.8,957.6,406.0,979.3,388.4,0
412,13713,509262,1000.9,370.4,957.7,407.0,979.3,388.7,0
412,13714,509263,1000.9,369.9,957.7,408.0,979.3,388.95,0
412,13715,509264,1000.8,369.5,957.7,408.9,979.25,389.2,0
412,13716,509265,1000.8,369.3,957.7,409.9,979.25,389.6,0
412,13717,509266,1000.7,369.0,957.7,410.9,979.2,389.95,0
412,13718,509267,1000.7,368.9,957.6,411.9,979.15,390.4,0
412,13719,509268,1000.6,368.9,957.5,413.0,979.05,390.95,0
412,13720,509269,1000.8,369.0,957.3,413.3,979.05,391.15,0
412,13721,509270,1001.0,369.1,957.1,413.7,979.05,391.4,0
412,13722,509271,1001.3,369.4,956.9,414.0,979.1,391.7,0
412,13723,509272,1001.5,369.6,956.8,414.4,979.15,392.0,0
412,13724,509273,1001.8,369.9,956.9,414.7,979.35,392.3,0
412,13725,509274,1002.0,370.4,957.1,415.1,979.55,392.75,0
412,13726,509275,1002.1,370.7,957.3,415.2,979.7,392.95,0
412,13727,509276,1001.8,371.1,957.8,415.3,979.8,393.2,0
412,13728,509277,1001.4,371.4,958.3,415.3,979.85,393.35,0
412,13729,509278,1001.1,371.6,958.8,415.4,979.95,393.5,0
412,13730,509279,1000.8,371.8,959.5,415.4,980.15,393.6,0
412,13731,509280,1000.7,371.9,960.0,415.5,980.35,393.7,0
412,13732,509281,1000.8,371.9,960.4,415.7,980.6,393.8,0
412,13733,509282,1000.9,371.9,960.7,416.3,980.8,394.1,0
413,13734,509283,1001.2,372.2,960.7,416.9,980.95,394.55,0
413,13735,509284,1001.5,372.4,960.7,417.5,981.1,394.95,0
413,13736,509285,1001.8,372.7,960.7,418.1,981.25,395.4,0
413,13737,509286,1002.1,373.0,960.5,418.5,981.3,395.75,0
413,13738,509287,1001.9,373.4,960.3,418.9,981.1,396.15,0
413,13739,509288,1001.7,373.9,960.1,419.2,980.9,396.55,0
413,13740,509289,1001.5,374.3,960.1,419.1,980.8,396.7,0
413,13741,509290,1001.4,374.5,960.1,419.0,980.75,396.75,0
413,13742,509291,1001.1,374.6,959.9,418.8,980.5,396.7,0
413,13743,509292,1000.9,375.6,959.8,418.7,980.35,397.15,0
413,13744,509293,1000.9,376.6,959.6,418.7,980.25,397.65,0
413,13745,509294,1001.1,377.4,959.4,418.7,980.25,398.05,0
413,13746,509295,1001.3,378.2,959.1,419.0,980.2,398.6,0
413,13747,509296,1001.6,379.0,958.8,419.1,980.2,399.05,0
413,13748,509297,1001.9,379.8,958.6,419.2,980.25,399.5,0
413,13749,509298,1002.1,380.6,958.5,418.9,980.3,399.75,0
413,13750,509299,1002.0,380.7,958.5,418.6,980.25,399.65,0
413,13751,509300,1001.8,380.7,958.4,418.2,980.1,399.45,0
413,13752,509301,1001.5,380.8,958.4,417.3,979.95,399.05,0
413,13753,509302,1001.1,380.8,958.5,416.1,979.8,398.45,0
413,13754,509303,1000.9,380.7,958.5,415.1,979.7,397.9,0
413,13755,509304,1000.7,380.8,958.5,414.1,979.6,397.45,0
413,13756,509305,1000.5,381.0,958.5,413.6,979.5,397.3,0
413,13757,509306,1000.7,381.1,958.4,412.9,979.55,397.0,0
413,13758,509307,1001.0,381.4,958.0,412.3,979.5,396.85,0
413,13759,509308,1001.1,381.7,957.7,412.2,979.4,396.95,0
413,13760,509309,1001.1,382.0,957.4,411.9,979.25,396.95,0
413,13761,509310,1001.0,382.5,957.2,411.6,979.1,397.05,0
413,13762,509311,1001.0,382.9,956.9,411.1,978.95,397.0,0
413,13763,509312,1000.9,383.2,956.7,410.6,978.8,396.9,0
413,13764,509313,1000.7,383.5,956.6,410.0,978.65,396.75,0
413,13765,509314,1000.6,383.7,956.7,409.5,978.65,396.6,0
413,13766,509315,1000.5,383.9,956.8,409.0,978.65,396.45,0
414,13767,509316,1000.7,384.2,956.9,408.2,978.8,396.2,0
414,13768,509317,1001.0,384.4,956.9,407.4,978.95,395.9,0
414,13769,509318,1001.3,384.7,957.0,406.7,979.15,395.7,0
414,13770,509319,1001.5,385.0,957.1,405.9,979.3,395.45,0
414,13771,509320,1001.7,385.2,957.2,405.1,979.45,395.15,0
414,13772,509321,1001.9,385.5,957.3,404.1,979.6,394.8,0
414,13773,509322,1001.9,385.8,957.4,403.1,979.65,394.45,0
414,13774,509323,1001.9,386.0,957.5,402.7,979.7,394.35,0
414,13775,509324,1001.7,386.2,957.5,402.2,979.6,394.2,0
414,13776,509325,1001.5,386.4,957.5,401.7,979.5,394.05,0
414,13777,509326,1001.2,386.7,957.5,401.2,979.35,393.95,0
414,13778,509327,1001.1,387.0,957.5,400.9,979.3,393.95,0
414,13779,509328,1001.0,387.4,957.6,400.6,979.3,394.0,0
414,13780,509329,1000.9,387.6,957.7,400.4,979.3,394.0,0
414,13781,509330,1000.9,387.9,957.8,400.3,979.35,394.1,0
414,13782,509331,1001.0,388.1,958.0,400.1,979.5,394.1,0
414,13783,509332,1001.0,388.3,958.4,399.9,979.7,394.1,0
414,13784,509333,1001.1,388.4,958.7,399.7,979.9,394.05,0
414,13785,509334,1001.2,388.3,959.0,399.6,980.1,393.95,0
414,13786,509335,1001.2,388.1,959.2,399.4,980.2,393.75,0
414,13787,509336,1001.3,388.0,959.3,399.1,980.3,393.55,0
414,13788,509337,1001.3,387.9,959.5,398.9,980.4,393.4,0
414,13789,509338,1001.4,387.8,959.6,398.7,980.5,393.25,0
414,13790,509339,1001.5,387.8,959.7,398.5,980.6,393.15,0
414,13791,509340,1001.6,387.9,959.8,398.6,980.7,393.25,0
414,13792,509341,1001.8,388.1,959.8,398.6,980.8,393.35,0
414,13793,509342,1002.0,388.4,959.9,398.7,980.95,393.55,0
414,13794,509343,1002.1,388.8,959.8,398.7,980.95,393.75,0
414,13795,509344,1002.2,389.1,959.7,398.8,980.95,393.95,0
414,13796,509345,1002.3,389.4,959.7,398.9,981.0,394.15,0
414,13797,509346,1002.3,389.6,959.7,398.9,981.0,394.25,0
414,13798,509347,1002.1,389.9,959.8,398.9,980.95,394.4,0
414,13799,509348,1001.9,390.0,959.8,398.9,980.85,394.45,0
414,13800,509349,1001.8,390.0,959.8,399.0,980.8,394.5,0
415,13801,509350,1001.8,389.9,960.1,399.3,980.95,394.6,0
415,13802,509351,1001.8,389.8,960.2,399.5,981.0,394.65,0
415,13803,509352,1001.8,389.8,960.4,399.8,981.1,394.8,0
415,13804,509353,1001.8,390.1,960.5,400.1,981.15,395.1,0
415,13805,509354,1002.0,390.4,960.6,400.5,981.3,395.45,0
415,13806,509355,1002.2,390.5,960.7,400.8,981.45,395.65,0
415,13807,509356,1002.3,390.6,960.6,400.9,981.45,395.75,0
415,13808,509357,1002.2,390.4,960.5,400.7,981.35,395.55,0
415,13809,509358,1001.9,390.0,960.5,400.4,981.2,395.2,0
415,13810,509359,1001.5,389.7,960.4,400.0,980.95,394.85,0
415,13811,509360,1001.0,389.0,960.4,399.6,980.7,394.3,0
415,13812,509361,1000.4,388.4,960.3,399.2,980.35,393.8,0
415,13813,509362,999.7,388.0,960.1,399.0,979.9,393.5,0
415,13814,509363,999.0,387.5,960.0,398.9,979.5,393.2,0
415,13815,509364,998.5,387.3,959.9,399.0,979.2,393.15,0
415,13816,509365,998.2,386.6,959.7,399.3,978.95,392.95,0
415,13817,509366,997.9,385.9,959.5,399.9,978.7,392.9,0
415,13818,509367,997.9,385.2,959.4,400.5,978.65,392.85,0
415,13819,509368,998.4,384.5,959.4,401.5,978.9,393.0,0
415,13820,509369,998.8,383.9,959.6,402.4,979.2,393.15,0
415,13821,509370,999.2,383.8,959.9,403.6,979.55,393.7,0
415,13822,509371,999.7,383.8,960.1,404.7,979.9,394.25,0
415,13823,509372,1000.0,384.1,960.3,405.8,980.15,394.95,0
415,13824,509373,1000.3,384.2,960.3,406.7,980.3,395.45,0
415,13825,509374,1000.3,384.3,960.3,407.6,980.3,395.95,0
415,13826,509375,1000.2,384.3,960.1,408.2,980.15,396.25,0
415,13827,509376,1000.2,384.3,959.9,409.4,980.05,396.85,0
415,13828,509377,1000.1,384.2,959.6,410.3,979.85,397.25,0
415,13829,509378,1000.1,384.2,959.3,411.1,979.7,397.65,0
415,13830,509379,1000.2,384.3,959.0,412.0,979.6,398.15,0
415,13831,509380,1000.1,384.7,958.7,412.8,979.4,398.75,0
415,13832,509381,1000.1,385.1,958.4,413.6,979.25,399.35,0
415,13833,509382,1000.1,385.3,957.9,414.3,979.0,399.8,0
416,13834,509383,1000.3,385.5,957.2,414.6,978.75,400.05,0
416,13835,509384,1000.4,385.3,956.5,414.9,978.45,400.1,0
416,13836,509385,1000.6,385.1,956.0,415.4,978.3,400.25,0
416,13837,509386,1000.8,384.5,955.4,416.0,978.1,400.25,0
416,13838,509387,1001.1,384.0,954.9,416.6,978.0,400.3,0
416,13839,509388,1001.5,383.4,954.4,417.1,977.95,400.25,0
416,13840,509389,1001.7,383.0,954.3,417.5,978.0,400.25,0
416,13841,509390,1001.8,382.5,954.1,418.1,977.95,400.3,0
416,13842,509391,1001.8,381.8,954.0,418.7,977.9,400.25,0
416,13843,509392,1001.8,380.6,953.9,419.1,977.85,399.85,0
416,13844,509393,1001.9,379.8,953.8,419.6,977.85,399.7,0
416,13845,509394,1001.9,379.1,953.9,420.1,977.9,399.6,0
416,13846,509395,1001.9,378.3,954.0,420.6,977.95,399.45,0
416,13847,509396,1001.8,377.6,954.2,421.0,978.0,399.3,0
416,13848,509397,1001.8,376.9,954.5,421.1,978.15,399.0,0
416,13849,509398,1001.8,376.3,954.9,421.1,978.35,398.7,0
416,13850,509399,1001.4,376.2,955.2,421.1,978.3,398.65,0
416,13851,509400,1001.0,376.2,955.6,421.1,978.3,398.65,0
416,13852,509401,1000.6,376.1,955.8,421.1,978.2,398.6,0
416,13853,509402,1000.3,375.9,955.9,421.0,978.1,398.45,0
416,13854,509403,1000.0,375.9,955.9,421.0,977.95,398.45,0
416,13855,509404,999.6,376.2,955.8,420.9,977.7,398.55,0
416,13856,509405,999.2,376.5,955.7,420.7,977.45,398.6,0
416,13857,509406,999.1,376.8,955.4,420.6,977.25,398.7,0
416,13858,509407,998.9,377.2,955.2,420.2,977.05,398.7,0
416,13859,509408,998.7,377.5,955.0,419.7,976.85,398.6,0
416,13860,509409,998.5,377.7,954.8,419.0,976.65,398.35,0
416,13861,509410,998.4,377.8,954.7,418.3,976.55,398.05,0
416,13862,509411,998.4,377.7,954.7,417.6,976.55,397.65,0
416,13863,509412,998.5,377.4,954.7,416.7,976.6,397.05,0
416,13864,509413,998.7,377.1,954.8,415.7,976.75,396.4,0
416,13865,509414,998.9,376.8,954.9,414.6,976.9,395.7,0
416,13866,509415,999.3,376.5,955.1,413.4,977.2,394.95,0
417,13867,509416,999.6,376.3,955.2,412.6,977.4,394.45,0
417,13868,509417,1000.0,376.1,955.2,411.8,977.6,393.95,0
417,13869,509418,1000.1,375.6,955.3,411.1,977.7,393.35,0
417,13870,509419,1000.3,375.4,955.4,410.6,977.85,393.0,0
417,13871,509420,1000.3,375.2,955.4,410.1,977.85,392.65,0
417,13872,509421,1000.4,375.0,956.1,409.7,978.25,392.35,0
417,13873,509422,1000.3,374.8,956.7,409.5,978.5,392.15,0
417,13874,509423,1000.2,374.6,957.4,409.2,978.8,391.9,0
417,13875,509424,1000.1,373.9,957.7,408.7,978.9,391.3,0
417,13876,509425,1000.0,373.4,958.1,408.1,979.05,390.75,0
417,13877,509426,999.8,372.9,958.5,407.4,979.15,390.15,0
417,13878,509427,999.6,372.4,958.9,406.8,979.25,389.6,0
417,13879,509428,999.5,371.9,958.7,406.2,979.1,389.05,0
417,13880,509429,999.5,371.3,958.5,405.6,979.0,388.45,0
417,13881,509430,999.5,370.7,958.4,404.9,978.95,387.8,0
417,13882,509431,999.6,370.6,958.5,404.2,979.05,387.4,0
417,13883,509432,1000.1,370.4,958.6,403.5,979.35,386.95,0
417,13884,509433,1000.6,370.2,958.6,402.9,979.6,386.55,0
417,13885,509434,1001.1,370.1,958.5,402.0,979.8,386.05,0
417,13886,509435,1001.7,370.0,958.1,401.0,979.9,385.5,0
417,13887,509436,1002.2,370.0,957.7,400.0,979.95,385.0,0
417,13888,509437,1002.9,370.4,957.1,399.1,980.0,384.75,0
417,13889,509438,1003.5,370.8,956.6,398.4,980.05,384.6,0
417,13890,509439,1003.7,371.2,956.1,397.1,979.9,384.15,0
417,13891,509440,1003.9,371.6,955.7,395.8,979.8,383.7,0
417,13892,509441,1004.1,372.1,955.3,394.9,979.7,383.5,0
417,13893,509442,1004.3,372.5,955.1,394.1,979.7,383.3,0
417,13894,509443,1004.5,372.9,954.9,393.2,979.7,383.05,0
417,13895,509444,1004.5,373.0,954.7,392.4,979.6,382.7,0
417,13896,509445,1004.4,373.2,954.6,391.5,979.5,382.35,0
417,13897,509446,1004.4,373.7,954.5,391.4,979.45,382.55,0
417,13898,509447,1004.2,374.2,954.4,391.3,979.3,382.75,0
417,13899,509448,1004.0,374.7,954.6,391.1,979.3,382.9,0
417,13900,509449,1003.9,375.4,955.0,390.9,979.45,383.15,0
418,13901,509450,1003.8,376.0,955.3,390.5,979.55,383.25,0
418,13902,509451,1003.7,376.7,955.7,390.1,979.7,383.4,0
418,13903,509452,1003.6,377.4,956.2,389.4,979.9,383.4,0
418,13904,509453,1003.5,378.1,956.8,388.2,980.15,383.15,0
418,13905,509454,1003.5,378.9,957.2,387.0,980.35,382.95,0
418,13906,509455,1003.5,379.7,957.6,385.9,980.55,382.8,0
418,13907,509456,1003.4,380.4,957.9,384.8,980.65,382.6,0
418,13908,509457,1003.3,381.0,958.3,384.0,980.8,382.5,0
418,13909,509458,1003.2,381.7,958.5,383.2,980.85,382.45,0
418,13910,509459,1003.1,382.4,958.7,382.6,980.9,382.5,0
418,13911,509460,1002.9,383.1,958.7,382.5,980.8,382.8,0
418,13912,509461,1002.7,383.7,958.8,382.5,980.75,383.1,0
418,13913,509462,1002.5,384.4,958.8,382.4,980.65,383.4,0
418,13914,509463,1002.3,385.6,959.0,382.3,980.65,383.95,0
418,13915,509464,1001.9,386.8,959.1,382.2,980.5,384.5,0
418,13916,509465,1001.5,387.9,959.3,382.0,980.4,384.95,0
418,13917,509466,1001.0,388.9,959.6,381.7,980.3,385.3,0
418,13918,509467,1000.6,389.7,960.0,381.5,980.3,385.6,0
418,13919,509468,1000.3,390.4,960.3,381.3,980.3,385.85,0
418,13920,509469,1000.0,391.0,960.5,381.0,980.25,386.0,0
418,13921,509470,999.7,391.2,960.7,380.7,980.2,385.95,0
418,13922,509471,999.3,391.4,960.8,379.8,980.05,385.6,0
418,13923,509472,998.9,391.6,961.0,379.0,979.95,385.3,0
418,13924,509473,998.5,391.8,961.0,378.3,979.75,385.05,0
418,13925,509474,997.9,391.9,961.0,377.5,979.45,384.7,0
418,13926,509475,997.2,392.3,961.0,376.8,979.1,384.55,0
418,13927,509476,996.7,392.6,961.1,376.0,978.9,384.3,0
418,13928,509477,996.1,393.0,961.1,374.9,978.6,383.95,0
418,13929,509478,995.8,393.4,961.1,374.4,978.45,383.9,0
418,13930,509479,995.6,393.7,961.0,374.0,978.3,383.85,0
418,13931,509480,995.7,394.3,960.6,373.6,978.15,383.95,0
418,13932,509481,996.0,394.9,960.3,373.2,978.15,384.05,0
418,13933,509482,996.4,395.3,960.0,372.9,978.2,384.1,0
419,13934,509483,996.8,395.7,959.6,372.6,978.2,384.15,0
419,13935,509484,997.2,396.2,959.4,372.8,978.3,384.5,0
419,13936,509485,997.6,396.6,959.4,372.9,978.5,384.75,0
419,13937,509486,997.9,397.0,959.4,372.9,978.65,384.95,0
419,13938,509487,997.8,397.2,959.6,372.8,978.7,385.0,0
419,13939,509488,997.7,397.3,959.8,372.7,978.75,385.0,0
419,13940,509489,997.5,397.4,960.0,372.7,978.75,385.05,0
419,13941,509490,997.3,397.5,960.2,372.6,978.75,385.05,0
419,13942,509491,997.1,397.5,960.3,372.5,978.7,385.0,0
419,13943,509492,996.9,397.6,960.2,372.3,978.55,384.95,0
419,13944,509493,996.7,397.7,960.2,372.3,978.45,385.0,0
419,13945,509494,996.7,397.8,960.3,372.4,978.5,385.1,0
419,13946,509495,996.7,398.2,960.4,372.4,978.55,385.3,0
419,13947,509496,996.7,398.6,960.8,372.3,978.75,385.45,0
419,13948,509497,996.9,399.0,961.1,371.9,979.0,385.45,0
419,13949,509498,997.2,399.4,961.3,371.5,979.25,385.45,0
419,13950,509499,997.5,399.8,961.4,371.1,979.45,385.45,0
419,13951,509500,997.8,400.2,961.4,370.8,979.6,385.5,0
419,13952,509501,998.2,400.7,961.4,370.5,979.8,385.6,0
419,13953,509502,998.7,400.9,961.0,370.2,979.85,385.55,0
419,13954,509503,999.1,401.0,960.4,370.0,979.75,385.5,0
419,13955,509504,999.5,401.2,959.9,370.1,979.7,385.65,0
419,13956,509505,999.8,401.3,959.4,370.2,979.6,385.75,0
419,13957,509506,1000.0,401.3,959.1,370.5,979.55,385.9,0
419,13958,509507,1000.1,400.9,958.8,370.8,979.45,385.85,0
419,13959,509508,1000.2,400.4,958.7,370.9,979.45,385.65,0
419,13960,509509,1000.3,399.9,959.1,371.0,979.7,385.45,0
419,13961,509510,1000.4,399.5,959.5,370.9,979.95,385.2,0
419,13962,509511,1000.5,399.3,960.0,370.7,980.25,385.0,0
419,13963,509512,1000.8,399.1,960.4,370.5,980.6,384.8,0
419,13964,509513,1001.3,398.8,960.8,370.2,981.05,384.5,0
419,13965,509514,1001.9,398.9,961.0,369.9,981.45,384.4,0
419,13966,509515,1002.4,398.9,961.2,369.8,981.8,384.35,0
420,13967,509516,1002.8,398.8,960.9,369.8,981.85,384.3,0
420,13968,509517,1003.2,398.6,960.7,370.1,981.95,384.35,0
420,13969,509518,1003.5,398.4,960.4,370.4,981.95,384.4,0
420,13970,509519,1003.7,398.2,960.2,370.7,981.95,384.45,0
420,13971,509520,1003.8,398.1,959.9,370.9,981.85,384.5,0
420,13972,509521,1003.9,398.0,959.6,370.8,981.75,384.4,0
420,13973,509522,1004.0,397.9,959.4,370.7,981.7,384.3,0
420,13974,509523,1004.1,397.7,959.2,370.6,981.65,384.15,0
420,13975,509524,1004.3,397.6,959.0,370.5,981.65,384.05,0
420,13976,509525,1004.4,397.4,958.7,370.7,981.55,384.05,0
420,13977,509526,1004.6,397.4,958.4,370.8,981.5,384.1,0
420,13978,509527,1004.7,397.3,958.2,371.0,981.45,384.15,0
420,13979,509528,1004.9,397.3,958.1,371.6,981.5,384.45,0
420,13980,509529,1005.1,397.3,958.1,372.3,981.6,384.8,0
420,13981,509530,1005.2,397.4,958.2,372.9,981.7,385.15,0
420,13982,509531,1005.4,397.3,958.3,373.4,981.85,385.35,0
420,13983,509532,1005.4,396.9,958.6,373.7,982.0,385.3,0
420,13984,509533,1005.3,396.4,958.8,374.0,982.05,385.2,0
420,13985,509534,1005.3,395.7,959.1,374.3,982.2,385.0,0
420,13986,509535,1005.1,394.9,959.3,374.3,982.2,384.6,0
420,13987,509536,1004.8,393.8,959.3,374.2,982.05,384.0,0
420,13988,509537,1004.5,392.6,959.4,374.2,981.95,383.4,0
420,13989,509538,1004.1,391.6,959.4,374.3,981.75,382.95,0
420,13990,509539,1003.8,390.9,959.4,374.5,981.6,382.7,0
420,13991,509540,1003.6,390.3,959.5,374.6,981.55,382.45,0
420,13992,509541,1003.3,389.9,959.5,374.7,981.4,382.3,0
420,13993,509542,1003.1,389.6,959.6,374.9,981.35,382.25,0
420,13994,509543,1002.9,389.7,959.7,375.1,981.3,382.4,0
420,13995,509544,1002.8,389.7,959.8,375.2,981.3,382.45,0
420,13996,509545,1002.6,389.5,959.9,375.1,981.25,382.3,0
420,13997,509546,1002.5,389.1,960.0,375.0,981.25,382.05,0
420,13998,509547,1002.3,388.4,960.0,375.3,981.15,381.85,0
420,13999,509548,1002.1,387.6,960.1,375.5,981.1,381.55,0
420,14000,509549,1002.0,386.9,960.1,375.7,981.05,381.3,0
421,14001,509550,1001.8,386.1,960.1,375.9,980.95,381.0,0
421,14002,509551,1001.8,385.6,960.2,376.1,981.0,380.85,0
421,14003,509552,1001.7,385.2,960.3,376.1,981.0,380.65,0
421,14004,509553,1001.5,384.9,960.3,376.1,980.9,380.5,0
421,14005,509554,1001.0,384.6,960.4,375.9,980.7,380.25,0
421,14006,509555,1000.6,384.3,960.3,375.7,980.45,380.0,0
421,14007,509556,1000.2,384.0,960.1,375.5,980.15,379.75,0
421,14008,509557,999.8,383.7,960.0,375.4,979.9,379.55,0
421,14009,509558,999.4,383.5,959.8,375.2,979.6,379.35,0
421,14010,509559,999.0,383.2,959.2,375.0,979.1,379.1,0
421,14011,509560,998.7,382.7,958.6,375.1,978.65,378.9,0
421,14012,509561,998.6,381.3,958.0,375.1,978.3,378.2,0
421,14013,509562,998.6,379.8,957.5,375.4,978.05,377.6,0
421,14014,509563,998.6,378.3,957.4,375.8,978.0,377.05,0
421,14015,509564,998.6,377.0,957.5,376.3,978.05,376.65,0
421,14016,509565,998.6,376.0,957.6,377.0,978.1,376.5,0
421,14017,509566,998.8,375.0,958.2,377.7,978.5,376.35,0
421,14018,509567,998.9,374.3,958.6,378.7,978.75,376.5,0
421,14019,509568,998.4,374.8,958.9,379.8,978.65,377.3,0
421,14020,509569,997.8,375.3,959.2,380.5,978.5,377.9,0
421,14021,509570,997.1,375.8,959.3,381.2,978.2,378.5,0
421,14022,509571,996.5,376.2,959.1,381.9,977.8,379.05,0
421,14023,509572,995.8,376.3,958.8,382.4,977.3,379.35,0
421,14024,509573,995.1,376.5,958.7,382.7,976.9,379.6,0
421,14025,509574,994.5,376.6,958.6,382.7,976.55,379.65,0
421,14026,509575,994.5,376.7,958.8,382.5,976.65,379.6,0
421,14027,509576,994.6,376.8,959.0,382.3,976.8,379.55,0
421,14028,509577,994.8,376.8,959.2,381.8,977.0,379.3,0
421,14029,509578,995.0,376.7,959.3,381.4,977.15,379.05,0
421,14030,509579,995.3,377.1,959.4,381.0,977.35,379.05,0
421,14031,509580,995.5,377.5,959.4,380.6,977.45,379.05,0
421,14032,509581,995.8,377.9,959.4,380.3,977.6,379.1,0
421,14033,509582,996.0,378.2,959.3,379.8,977.65,379.0,0
422,14034,509583,996.1,378.2,959.1,379.3,977.6,378.75,0
422,14035,509584,996.2,378.3,959.0,379.0,977.6,378.65,0
422,14036,509585,996.2,378.4,959.0,379.0,977.6,378.7,0
422,14037,509586,996.3,378.2,959.2,379.1,977.75,378.65,0
422,14038,509587,996.4,377.8,959.4,379.2,977.9,378.5,0
422,14039,509588,996.4,377.6,959.6,379.3,978.0,378.45,0
422,14040,509589,996.5,377.4,959.8,379.7,978.15,378.55,0
422,14041,509590,996.5,377.5,960.0,380.5,978.25,379.0,0
422,14042,509591,996.5,377.4,960.2,381.3,978.35,379.35,0
422,14043,509592,996.5,377.3,960.3,381.8,978.4,379.55,0
422,14044,509593,996.4,377.1,960.3,382.3,978.35,379.7,0
422,14045,509594,996.3,377.0,960.2,382.8,978.25,379.9,0
422,14046,509595,996.1,376.8,960.2,382.9,978.15,379.85,0
422,14047,509596,996.0,376.7,959.8,382.9,977.9,379.8,0
422,14048,509597,995.9,376.5,959.3,382.4,977.6,379.45,0
422,14049,509598,995.8,376.5,958.9,382.0,977.35,379.25,0
422,14050,509599,995.7,376.5,958.4,381.6,977.05,379.05,0
422,14051,509600,995.6,376.4,957.9,381.1,976.75,378.75,0
422,14052,509601,995.6,376.2,957.5,380.8,976.55,378.5,0
422,14053,509602,995.5,376.1,957.0,380.9,976.25,378.5,0
422,14054,509603,995.5,376.1,957.0,381.1,976.25,378.6,0
422,14055,509604,995.4,376.5,956.9,381.3,976.15,378.9,0
422,14056,509605,995.4,376.9,957.0,381.4,976.2,379.15,0
422,14057,509606,995.3,377.4,957.1,381.5,976.2,379.45,0
422,14058,509607,995.3,377.9,957.4,381.7,976.35,379.8,0
422,14059,509608,995.2,378.4,957.7,381.9,976.45,380.15,0
422,14060,509609,995.2,378.8,958.0,382.3,976.6,380.55,0
422,14061,509610,995.1,379.2,958.1,382.8,976.6,381.0,0
422,14062,509611,995.0,379.1,958.0,383.2,976.5,381.15,0
422,14063,509612,995.0,379.0,957.9,383.5,976.45,381.25,0
422,14064,509613,994.9,378.9,957.7,383.8,976.3,381.35,0
422,14065,509614,994.8,378.9,956.9,384.1,975.85,381.5,0
422,14066,509615,994.6,378.8,955.5,384.3,975.05,381.55,0
423,14067,509616,994.1,378.9,954.0,384.2,974.05,381.55,0
423,14068,509617,993.7,379.0,952.3,384.1,973.0,381.55,0
423,14069,509618,992.4,379.1,949.9,384.4,971.15,381.75,0
423,14070,509619,990.3,379.4,947.1,385.1,968.7,382.25,0
423,14071,509620,988.0,379.6,943.9,385.8,965.95,382.7,0
423,14072,509621,985.8,379.8,941.1,386.6,963.45,383.2,0
423,14073,509622,983.0,380.5,938.2,387.8,960.6,384.15,0
423,14074,509623,980.4,381.1,935.1,389.0,957.75,385.05,0
423,14075,509624,977.9,381.6,932.6,390.2,955.25,385.9,0
423,14076,509625,976.1,382.1,930.9,390.7,953.5,386.4,0
423,14077,509626,975.0,382.6,929.7,391.0,952.35,386.8,0
423,14078,509627,974.3,383.0,928.8,391.1,951.55,387.05,0
423,14079,509628,973.8,383.5,928.0,391.2,950.9,387.35,0
423,14080,509629,973.9,383.6,928.1,391.0,951.0,387.3,0
423,14081,509630,974.1,383.5,928.6,391.1,951.35,387.3,0
423,14082,509631,974.5,383.4,929.1,391.3,951.8,387.35,0
423,14083,509632,975.1,383.3,929.7,391.7,952.4,387.5,0
423,14084,509633,975.7,383.1,930.3,392.3,953.0,387.7,0
423,14085,509634,976.4,382.8,931.0,393.0,953.7,387.9,0
423,14086,509635,977.1,382.5,931.5,393.6,954.3,388.05,0
423,14087,509636,977.9,382.5,932.1,394.1,955.0,388.3,0
423,14088,509637,978.5,382.6,932.3,394.4,955.4,388.5,0
423,14089,509638,979.0,382.9,932.4,394.7,955.7,388.8,0
423,14090,509639,979.0,383.0,932.7,394.9,955.85,388.95,0
423,14091,509640,979.0,383.2,932.9,395.2,955.95,389.2,0
423,14092,509641,978.9,383.5,933.1,395.5,956.0,389.5,0
423,14093,509642,978.5,383.7,933.4,395.7,955.95,389.7,0
423,14094,509643,978.2,383.7,933.6,396.3,955.9,390.0,0
423,14095,509644,977.9,383.7,933.8,397.0,955.85,390.35,0
423,14096,509645,977.7,383.5,933.7,397.6,955.7,390.55,0
423,14097,509646,977.8,383.5,933.3,398.1,955.55,390.8,0
423,14098,509647,977.9,383.6,932.9,398.6,955.4,391.1,0
423,14099,509648,978.0,383.6,932.5,398.9,955.25,391.25,0
423,14100,509649,978.0,383.7,932.1,399.2,955.05,391.45,0
424,14101,509650,978.0,383.7,931.6,399.2,954.8,391.45,0
424,14102,509651,978.0,383.7,931.2,399.2,954.6,391.45,0
424,14103,509652,977.9,383.8,930.6,399.3,954.25,391.55,0
424,14104,509653,977.8,383.8,930.1,399.5,953.95,391.65,0
424,14105,509654,977.7,383.8,929.6,399.8,953.65,391.8,0
424,14106,509655,977.6,383.8,929.0,400.4,953.3,392.1,0
424,14107,509656,977.4,384.1,928.5,401.0,952.95,392.55,0
424,14108,509657,977.3,384.3,928.0,401.9,952.65,393.1,0
424,14109,509658,977.1,384.9,927.5,402.8,952.3,393.85,0
424,14110,509659,976.7,385.5,927.4,403.6,952.05,394.55,0
424,14111,509660,976.3,386.1,927.3,404.4,951.8,395.25,0
424,14112,509661,976.0,386.6,927.2,405.1,951.6,395.85,0
424,14113,509662,975.8,387.3,927.3,405.7,951.55,396.5,0
424,14114,509663,976.0,387.7,927.4,406.4,951.7,397.05,0
424,14115,509664,976.1,388.1,927.6,406.9,951.85,397.5,0
424,14116,509665,976.4,388.6,927.7,407.3,952.05,397.95,0
424,14117,509666,976.9,389.3,927.9,408.0,952.4,398.65,0
424,14118,509667,977.4,390.0,928.1,408.6,952.75,399.3,0
424,14119,509668,977.8,390.9,928.4,409.5,953.1,400.2,0
424,14120,509669,978.2,391.9,928.4,410.2,953.3,401.05,0
424,14121,509670,978.4,392.9,928.7,410.9,953.55,401.9,0
424,14122,509671,978.5,394.0,928.9,412.2,953.7,403.1,0
424,14123,509672,978.6,394.6,929.0,413.5,953.8,404.05,0
424,14124,509673,978.7,395.1,929.5,414.5,954.1,404.8,0
424,14125,509674,978.7,395.6,929.9,415.5,954.3,405.55,0
424,14126,509675,978.8,395.7,930.4,416.3,954.6,406.0,0
424,14127,509676,978.8,395.7,930.9,417.2,954.85,406.45,0
424,14128,509677,978.9,395.7,931.3,418.0,955.1,406.85,0
424,14129,509678,978.9,395.6,931.6,418.1,955.25,406.85,0
424,14130,509679,979.0,395.5,931.9,418.0,955.45,406.75,0
424,14131,509680,979.1,395.4,932.0,417.9,955.55,406.65,0
424,14132,509681,979.2,395.3,932.0,417.4,955.6,406.35,0
424,14133,509682,979.3,395.3,931.9,416.9,955.6,406.1,0
425,14134,509683,979.4,395.3,931.9,416.3,955.65,405.8,0
425,14135,509684,979.4,395.4,931.8,415.9,955.6,405.65,0
425,14136,509685,979.4,395.4,931.5,415.7,955.45,405.55,0
425,14137,509686,979.2,395.5,931.2,416.0,955.2,405.75,0
425,14138,509687,979.1,395.5,930.9,416.4,955.0,405.95,0
425,14139,509688,978.9,395.4,930.5,417.1,954.7,406.25,0
425,14140,509689,978.7,395.2,930.2,417.9,954.45,406.55,0
425,14141,509690,978.5,395.1,929.9,418.7,954.2,406.9,0
425,14142,509691,978.3,395.0,929.6,419.3,953.95,407.15,0
425,14143,509692,978.1,394.9,929.7,420.0,953.9,407.45,0
425,14144,509693,978.0,395.0,929.8,420.1,953.9,407.55,0
425,14145,509694,978.0,395.2,930.0,420.3,954.0,407.75,0
425,14146,509695,978.1,395.5,930.1,420.5,954.1,408.0,0
425,14147,509696,978.4,395.8,930.2,420.6,954.3,408.2,0
425,14148,509697,978.7,395.8,930.1,420.7,954.4,408.25,0
425,14149,509698,978.9,395.9,929.9,420.8,954.4,408.35,0
425,14150,509699,979.3,396.1,929.6,420.9,954.45,408.5,0
425,14151,509700,979.6,396.2,929.2,420.9,954.4,408.55,0
425,14152,509701,979.9,396.1,929.0,421.0,954.45,408.55,0
425,14153,509702,979.9,396.1,928.8,421.1,954.35,408.6,0
425,14154,509703,979.7,396.2,928.6,421.1,954.15,408.65,0
425,14155,509704,979.5,396.6,928.7,421.2,954.1,408.9,0
425,14156,509705,979.2,396.9,928.8,421.7,954.0,409.3,0
425,14157,509706,979.0,397.2,929.0,422.2,954.0,409.7,0
425,14158,509707,978.9,397.5,929.3,422.8,954.1,410.15,0
425,14159,509708,978.8,397.8,929.5,423.3,954.15,410.55,0
425,14160,509709,978.7,398.1,929.7,423.8,954.2,410.95,0
425,14161,509710,978.5,398.4,929.8,424.4,954.15,411.4,0
425,14162,509711,978.4,398.5,929.9,425.2,954.15,411.85,0
425,14163,509712,978.3,398.6,929.9,425.5,954.1,412.05,0
425,14164,509713,978.2,398.7,929.9,425.8,954.05,412.25,0
425,14165,509714,978.0,398.5,929.8,425.9,953.9,412.2,0
425,14166,509715,977.9,398.3,929.8,425.8,953.85,412.05,0
426,14167,509716,977.8,398.1,929.7,425.4,953.75,411.75,0
426,14168,509717,978.0,397.8,929.7,425.1,953.85,411.45,0
426,14169,509718,978.2,397.9,929.8,424.4,954.0,411.15,0
426,14170,509719,978.4,397.9,930.0,423.8,954.2,410.85,0
426,14171,509720,978.7,397.9,930.3,423.3,954.5,410.6,0
426,14172,509721,979.0,398.1,930.5,423.0,954.75,410.55,0
426,14173,509722,979.2,398.3,930.8,423.1,955.0,410.7,0
426,14174,509723,979.4,398.6,931.0,423.3,955.2,410.95,0
426,14175,509724,979.8,398.9,931.2,423.6,955.5,411.25,0
426,14176,509725,980.1,399.1,931.3,423.9,955.7,411.5,0
426,14177,509726,980.4,399.6,931.3,424.2,955.85,411.9,0
426,14178,509727,980.7,400.2,931.3,424.5,956.0,412.35,0
426,14179,509728,980.9,400.8,930.7,424.6,955.8,412.7,0
426,14180,509729,981.1,401.2,930.1,424.4,955.6,412.8,0
426,14181,509730,981.4,401.6,929.5,423.7,955.45,412.65,0
426,14182,509731,981.4,401.8,929.0,423.0,955.2,412.4,0
426,14183,509732,981.6,401.8,928.5,422.3,955.05,412.05,0
426,14184,509733,981.8,401.4,927.6,421.4,954.7,411.4,0
426,14185,509734,982.0,401.1,926.8,420.5,954.4,410.8,0
426,14186,509735,982.2,400.8,926.5,419.7,954.35,410.25,0
426,14187,509736,982.4,400.8,926.2,419.0,954.3,409.9,0
426,14188,509737,982.5,401.5,925.9,418.2,954.2,409.85,0
426,14189,509738,982.7,402.3,925.7,417.4,954.2,409.85,0
426,14190,509739,982.7,403.2,925.5,416.6,954.1,409.9,0
426,14191,509740,982.8,404.2,925.7,415.8,954.25,410.0,0
426,14192,509741,982.8,405.1,925.9,414.9,954.35,410.0,0
426,14193,509742,982.8,406.1,926.1,414.0,954.45,410.05,0
426,14194,509743,982.7,406.8,926.5,413.1,954.6,409.95,0
426,14195,509744,982.6,407.0,926.8,412.8,954.7,409.9,0
426,14196,509745,982.6,407.2,927.1,412.5,954.85,409.85,0
426,14197,509746,982.5,407.3,927.5,412.3,955.0,409.8,0
426,14198,509747,982.4,407.3,928.0,412.1,955.2,409.7,0
426,14199,509748,982.4,406.9,928.6,412.1,955.5,409.5,0
426,14200,509749,982.5,406.4,929.1,411.9,955.8,409.15,0
427,14201,509750,982.5,405.6,929.4,411.7,955.95,408.65,0
427,14202,509751,982.6,404.8,929.7,411.3,956.15,408.05,0
427,14203,509752,982.7,404.0,929.9,410.4,956.3,407.2,0
427,14204,509753,982.8,403.2,930.0,409.5,956.4,406.35,0
427,14205,509754,982.8,402.5,930.0,408.6,956.4,405.55,0
427,14206,509755,982.7,402.3,929.9,407.3,956.3,404.8,0
427,14207,509756,982.5,402.4,929.8,406.2,956.15,404.3,0
427,14208,509757,982.3,402.8,929.9,404.3,956.1,403.55,0
427,14209,509758,982.1,403.3,929.9,401.8,956.0,402.55,0
427,14210,509759,981.9,403.9,929.8,399.5,955.85,401.7,0
427,14211,509760,981.7,404.5,929.9,397.4,955.8,400.95,0
427,14212,509761,981.6,405.0,930.0,395.3,955.8,400.15,0
427,14213,509762,981.5,405.5,930.0,393.5,955.75,399.5,0
427,14214,509763,981.5,405.7,930.1,391.3,955.8,398.5,0
427,14215,509764,981.4,406.0,930.2,389.8,955.8,397.9,0
427,14216,509765,981.4,406.0,930.4,389.3,955.9,397.65,0
427,14217,509766,981.4,405.8,930.6,388.7,956.0,397.25,0
427,14218,509767,981.4,405.7,930.9,388.1,956.15,396.9,0
427,14219,509768,981.6,405.6,931.2,387.4,956.4,396.5,0
427,14220,509769,981.7,405.4,931.5,386.6,956.6,396.0,0
427,14221,509770,981.9,405.3,931.7,386.2,956.8,395.75,0
427,14222,509771,982.0,405.1,931.9,385.8,956.95,395.45,0
427,14223,509772,982.2,405.1,932.0,385.4,957.1,395.25,0
427,14224,509773,982.3,405.1,932.2,384.9,957.25,395.0,0
427,14225,509774,982.5,405.2,932.3,384.6,957.4,394.9,0
427,14226,509775,982.6,405.3,932.5,384.3,957.55,394.8,0
427,14227,509776,982.8,405.4,932.6,384.1,957.7,394.75,0
427,14228,509777,983.0,405.7,932.9,384.0,957.95,394.85,0
427,14229,509778,983.2,405.9,933.2,384.0,958.2,394.95,0
427,14230,509779,983.4,406.3,933.5,383.9,958.45,395.1,0
427,14231,509780,983.5,406.6,933.8,383.7,958.65,395.15,0
427,14232,509781,983.4,407.0,934.1,383.2,958.75,395.1,0
427,14233,509782,983.3,407.3,934.3,382.7,958.8,395.0,0
428,14234,509783,983.0,407.5,934.5,382.2,958.75,394.85,0
428,14235,509784,982.9,407.5,934.6,381.6,958.75,394.55,0
428,14236,509785,982.8,407.5,934.6,380.9,958.7,394.2,0
428,14237,509786,982.7,407.2,934.7,380.3,958.7,393.75,0
428,14238,509787,982.6,407.0,934.6,379.8,958.6,393.4,0
428,14239,509788,982.7,406.7,934.6,379.6,958.65,393.15,0
428,14240,509789,982.8,406.5,934.5,379.5,958.65,393.0,0
428,14241,509790,982.9,406.3,934.5,379.5,958.7,392.9,0
428,14242,509791,982.7,406.2,934.4,379.6,958.55,392.9,0
428,14243,509792,982.6,406.1,934.4,379.6,958.5,392.85,0
428,14244,509793,982.5,406.0,934.4,379.7,958.45,392.85,0
428,14245,509794,982.5,406.0,934.4,379.8,958.45,392.9,0
428,14246,509795,982.5,405.9,934.3,379.9,958.4,392.9,0
428,14247,509796,982.6,405.7,934.3,379.9,958.45,392.8,0
428,14248,509797,982.6,405.6,934.2,380.1,958.4,392.85,0
428,14249,509798,982.8,405.4,934.0,380.3,958.4,392.85,0
428,14250,509799,983.0,405.3,933.5,380.8,958.25,393.05,0
428,14251,509800,983.3,405.2,932.9,381.7,958.1,393.45,0
428,14252,509801,983.5,405.1,932.4,382.6,957.95,393.85,0
428,14253,509802,983.7,405.0,931.8,383.6,957.75,394.3,0
428,14254,509803,983.8,405.0,931.6,384.5,957.7,394.75,0
428,14255,509804,983.9,404.9,931.3,385.3,957.6,395.1,0
428,14256,509805,983.9,404.7,931.1,386.0,957.5,395.35,0
428,14257,509806,983.7,404.5,931.1,386.2,957.4,395.35,0
428,14258,509807,983.5,404.4,930.7,386.0,957.1,395.2,0
428,14259,509808,983.3,404.2,930.4,385.8,956.85,395.0,0
428,14260,509809,983.0,403.9,930.1,385.6,956.55,394.75,0
428,14261,509810,982.7,403.4,929.6,385.4,956.15,394.4,0
428,14262,509811,982.4,402.9,929.0,385.2,955.7,394.05,0
428,14263,509812,982.1,402.6,928.5,385.3,955.3,393.95,0
428,14264,509813,981.9,402.1,928.0,385.6,954.95,393.85,0
428,14265,509814,981.8,401.7,927.8,385.9,954.8,393.8,0
428,14266,509815,981.7,401.1,927.6,386.3,954.65,393.7,0
429,14267,509816,981.7,400.8,927.4,386.7,954.55,393.75,0
429,14268,509817,981.7,400.6,927.2,387.2,954.45,393.9,0
429,14269,509818,981.8,400.5,927.1,387.7,954.45,394.1,0
429,14270,509819,981.9,400.5,927.2,388.1,954.55,394.3,0
429,14271,509820,981.9,400.9,927.6,388.6,954.75,394.75,0
429,14272,509821,981.9,401.5,927.9,390.0,954.9,395.75,0
429,14273,509822,981.7,402.0,928.2,391.4,954.95,396.7,0
429,14274,509823,981.5,402.3,928.6,392.7,955.05,397.5,0
429,14275,509824,981.3,402.2,928.9,394.0,955.1,398.1,0
429,14276,509825,981.1,402.1,929.1,395.3,955.1,398.7,0
429,14277,509826,980.8,401.8,929.1,396.6,954.95,399.2,0
429,14278,509827,980.6,401.2,929.1,397.7,954.85,399.45,0
429,14279,509828,980.5,400.6,929.0,397.8,954.75,399.2,0
429,14280,509829,980.7,399.8,929.0,397.9,954.85,398.85,0
429,14281,509830,980.8,399.3,929.0,398.1,954.9,398.7,0
429,14282,509831,981.0,399.0,929.0,398.4,955.0,398.7,0
429,14283,509832,981.3,398.7,929.0,399.0,955.15,398.85,0
429,14284,509833,981.4,398.2,929.0,399.6,955.2,398.9,0
429,14285,509834,981.5,397.7,929.0,400.4,955.25,399.05,0
429,14286,509835,981.5,397.3,929.1,401.2,955.3,399.25,0
429,14287,509836,981.4,397.1,929.2,401.9,955.3,399.5,0
429,14288,509837,981.4,397.0,929.3,402.7,955.35,399.85,0
429,14289,509838,981.3,396.9,929.4,403.3,955.35,400.1,0
429,14290,509839,981.3,396.8,929.5,403.5,955.4,400.15,0
429,14291,509840,981.3,396.7,929.6,404.2,955.45,400.45,0
429,14292,509841,981.3,396.6,929.7,404.6,955.5,400.6,0
429,14293,509842,981.1,395.8,929.8,405.0,955.45,400.4,0
429,14294,509843,980.9,394.9,929.9,405.4,955.4,400.15,0
429,14295,509844,980.5,394.1,930.0,405.9,955.25,400.0,0
429,14296,509845,980.1,393.3,930.0,406.4,955.05,399.85,0
429,14297,509846,979.8,392.6,930.1,407.3,954.95,399.95,0
429,14298,509847,979.5,392.0,930.1,407.7,954.8,399.85,0
429,14299,509848,979.4,391.7,930.1,408.9,954.75,400.3,0
429,14300,509849,979.3,391.8,929.9,410.1,954.6,400.95,0
430,14301,509850,979.1,391.9,929.6,411.2,954.35,401.55,0
430,14302,509851,978.9,392.0,929.1,412.3,954.0,402.15,0
430,14303,509852,978.7,392.1,928.6,413.3,953.65,402.7,0
430,14304,509853,978.5,392.0,928.2,414.1,953.35,403.05,0
430,14305,509854,978.4,391.9,927.9,415.1,953.15,403.5,0
430,14306,509855,978.4,391.6,927.8,415.4,953.1,403.5,0
430,14307,509856,978.5,391.4,927.6,415.5,953.05,403.45,0
430,14308,509857,978.6,391.3,927.6,415.7,953.1,403.5,0
430,14309,509858,978.7,391.2,927.9,416.0,953.3,403.6,0
430,14310,509859,978.8,391.1,928.0,416.3,953.4,403.7,0
430,14311,509860,978.9,390.9,928.4,416.5,953.65,403.7,0
430,14312,509861,978.6,390.9,928.5,416.5,953.55,403.7,0
430,14313,509862,978.3,390.8,928.6,416.7,953.45,403.75,0
430,14314,509863,978.0,391.0,928.7,416.9,953.35,403.95,0
430,14315,509864,977.8,391.2,928.9,417.1,953.35,404.15,0
430,14316,509865,977.7,391.4,929.1,417.2,953.4,404.3,0
430,14317,509866,977.7,391.4,929.3,417.2,953.5,404.3,0
430,14318,509867,977.8,391.3,929.3,417.2,953.55,404.25,0
430,14319,509868,977.9,391.1,929.4,417.4,953.65,404.25,0
430,14320,509869,977.9,390.9,929.4,417.7,953.65,404.3,0
430,14321,509870,977.9,390.4,929.5,418.5,953.7,404.45,0
430,14322,509871,977.8,389.8,929.5,419.3,953.65,404.55,0
430,14323,509872,977.7,389.3,929.5,420.2,953.6,404.75,0
430,14324,509873,977.9,388.9,929.8,421.0,953.85,404.95,0
430,14325,509874,978.0,388.7,930.2,421.8,954.1,405.25,0
430,14326,509875,978.2,388.6,930.7,422.5,954.45,405.55,0
430,14327,509876,978.3,388.6,931.2,422.9,954.75,405.75,0
430,14328,509877,978.5,388.6,931.7,422.9,955.1,405.75,0
430,14329,509878,978.6,388.6,932.1,422.9,955.35,405.75,0
430,14330,509879,978.7,388.5,932.5,422.9,955.6,405.7,0
430,14331,509880,978.4,388.2,932.6,422.6,955.5,405.4,0
430,14332,509881,978.1,387.9,932.7,422.4,955.4,405.15,0
430,14333,509882,977.9,387.7,932.6,422.2,955.25,404.95,0
431,14334,509883,977.8,387.6,932.6,422.0,955.2,404.8,0
431,14335,509884,977.8,387.6,932.6,421.7,955.2,404.65,0
431,14336,509885,978.0,387.7,932.8,421.5,955.4,404.6,0
431,14337,509886,978.3,388.0,933.1,421.3,955.7,404.65,0
431,14338,509887,978.5,388.5,933.3,421.3,955.9,404.9,0
431,14339,509888,978.7,389.1,933.4,421.3,956.05,405.2,0
431,14340,509889,979.0,389.5,933.6,421.5,956.3,405.5,0
431,14341,509890,979.2,389.6,933.7,421.6,956.45,405.6,0
431,14342,509891,979.6,389.6,933.8,421.8,956.7,405.7,0
431,14343,509892,979.8,389.5,933.9,421.8,956.85,405.65,0
431,14344,509893,979.9,389.3,934.1,421.8,957.0,405.55,0
431,14345,509894,980.0,389.1,934.2,421.9,957.1,405.5,0
431,14346,509895,980.0,388.9,934.4,421.8,957.2,405.35,0
431,14347,509896,980.0,388.7,934.6,421.7,957.3,405.2,0
431,14348,509897,979.9,388.7,934.8,421.5,957.35,405.1,0
431,14349,509898,979.6,388.9,934.9,421.4,957.25,405.15,0
431,14350,509899,979.3,389.1,934.9,421.4,957.1,405.25,0
431,14351,509900,979.0,389.2,934.9,421.6,956.95,405.4,0
431,14352,509901,978.9,389.4,934.8,421.8,956.85,405.6,0
431,14353,509902,978.8,390.0,934.7,422.1,956.75,406.05,0
431,14354,509903,978.8,390.8,934.2,422.3,956.5,406.55,0
431,14355,509904,978.8,391.5,933.7,422.5,956.25,407.0,0
431,14356,509905,978.9,392.2,933.2,422.5,956.05,407.35,0
431,14357,509906,979.0,392.8,932.8,422.1,955.9,407.45,0
431,14358,509907,979.1,393.4,932.4,421.6,955.75,407.5,0
431,14359,509908,979.2,394.0,932.1,421.1,955.65,407.55,0
431,14360,509909,979.1,394.4,931.8,420.6,955.45,407.5,0
431,14361,509910,979.1,394.6,932.0,420.3,955.55,407.45,0
431,14362,509911,978.9,394.9,932.1,420.2,955.5,407.55,0
431,14363,509912,978.7,395.7,932.2,420.3,955.45,408.0,0
431,14364,509913,978.6,396.7,932.2,420.6,955.4,408.65,0
431,14365,509914,978.5,397.6,932.2,420.8,955.35,409.2,0
431,14366,509915,978.4,398.3,932.1,421.0,955.25,409.65,0
432,14367,509916,978.3,398.9,931.9,421.0,955.1,409.95,0
432,14368,509917,978.3,399.4,931.7,420.6,955.0,410.0,0
432,14369,509918,978.2,399.8,931.5,420.0,954.85,409.9,0
432,14370,509919,978.2,399.8,931.3,419.4,954.75,409.6,0
432,14371,509920,978.1,400.0,931.1,418.8,954.6,409.4,0
432,14372,509921,978.1,400.3,931.0,418.3,954.55,409.3,0
432,14373,509922,978.1,400.7,930.8,417.5,954.45,409.1,0
432,14374,509923,978.1,401.2,930.7,416.9,954.4,409.05,0
432,14375,509924,978.1,401.7,930.6,416.2,954.35,408.95,0
432,14376,509925,978.1,402.3,930.4,415.4,954.25,408.85,0
432,14377,509926,978.1,402.8,930.3,414.0,954.2,408.4,0
432,14378,509927,978.1,403.1,930.4,412.6,954.25,407.85,0
432,14379,509928,978.0,403.4,930.4,411.2,954.2,407.3,0
432,14380,509929,978.0,403.7,930.5,410.1,954.25,406.9,0
432,14381,509930,978.0,403.9,930.5,408.6,954.25,406.25,0
432,14382,509931,978.0,404.2,930.5,407.3,954.25,405.75,0
432,14383,509932,978.2,404.4,930.5,405.6,954.35,405.0,0
432,14384,509933,978.4,404.5,930.5,403.9,954.45,404.2,0
432,14385,509934,978.7,404.5,930.3,402.3,954.5,403.4,0
432,14386,509935,978.9,404.5,930.3,400.7,954.6,402.6,0
432,14387,509936,979.2,404.4,930.3,399.0,954.75,401.7,0
432,14388,509937,979.4,404.4,930.3,397.4,954.85,400.9,0
432,14389,509938,979.6,404.5,930.4,395.8,955.0,400.15,0
432,14390,509939,979.7,404.6,930.6,393.9,955.15,399.25,0
432,14391,509940,979.7,404.7,931.0,392.7,955.35,398.7,0
432,14392,509941,979.8,404.8,931.3,391.4,955.55,398.1,0
432,14393,509942,979.8,405.0,931.7,390.1,955.75,397.55,0
432,14394,509943,979.8,405.1,932.1,388.5,955.95,396.8,0
432,14395,509944,979.7,405.2,932.6,387.2,956.15,396.2,0
432,14396,509945,979.7,405.1,933.0,385.7,956.35,395.4,0
432,14397,509946,979.5,405.1,933.3,384.6,956.4,394.85,0
432,14398,509947,979.3,405.0,933.4,383.5,956.35,394.25,0
432,14399,509948,978.8,405.0,933.6,382.3,956.2,393.65,0
432,14400,509949,978.3,405.0,933.8,380.7,956.05,392.85,0
433,14401,509950,977.9,405.1,934.0,379.3,955.95,392.2,0
433,14402,509951,977.5,405.1,934.3,378.0,955.9,391.55,0
433,14403,509952,977.1,405.2,934.8,377.0,955.95,391.1,0
433,14404,509953,976.8,405.3,935.2,376.2,956.0,390.75,0
433,14405,509954,976.5,405.4,935.8,375.3,956.15,390.35,0
433,14406,509955,976.5,405.6,936.4,374.5,956.45,390.05,0
433,14407,509956,976.6,405.8,936.9,374.3,956.75,390.05,0
433,14408,509957,976.6,406.1,937.3,374.0,956.95,390.05,0
433,14409,509958,976.7,406.3,937.5,373.8,957.1,390.05,0
433,14410,509959,976.9,406.5,937.5,373.5,957.2,390.0,0
433,14411,509960,977.0,406.8,937.5,373.4,957.25,390.1,0
433,14412,509961,977.1,407.2,937.3,373.5,957.2,390.35,0
433,14413,509962,977.2,407.4,937.1,373.8,957.15,390.6,0
433,14414,509963,977.3,407.7,936.9,374.1,957.1,390.9,0
433,14415,509964,977.4,407.9,936.7,374.5,957.05,391.2,0
433,14416,509965,977.6,408.3,936.6,374.9,957.1,391.6,0
433,14417,509966,977.6,408.7,936.6,375.4,957.1,392.05,0
433,14418,509967,977.7,409.0,936.6,375.7,957.15,392.35,0
433,14419,509968,977.9,409.4,936.6,376.0,957.25,392.7,0
433,14420,509969,978.1,409.6,936.6,376.0,957.35,392.8,0
433,14421,509970,978.3,409.9,936.8,376.0,957.55,392.95,0
433,14422,509971,978.6,410.2,936.9,375.9,957.75,393.05,0
433,14423,509972,978.9,410.2,936.9,375.7,957.9,392.95,0
433,14424,509973,979.2,410.2,937.0,375.6,958.1,392.9,0
433,14425,509974,979.4,410.1,937.0,376.0,958.2,393.05,0
433,14426,509975,979.6,410.0,937.1,376.4,958.35,393.2,0
433,14427,509976,979.6,409.9,937.2,376.8,958.4,393.35,0
433,14428,509977,979.6,409.9,937.4,377.3,958.5,393.6,0
433,14429,509978,979.6,409.8,937.5,377.8,958.55,393.8,0
433,14430,509979,979.6,409.8,937.7,378.2,958.65,394.0,0
433,14431,509980,979.5,409.8,937.8,378.8,958.65,394.3,0
433,14432,509981,979.5,409.9,937.9,378.9,958.7,394.4,0
433,14433,509982,979.5,409.8,937.9,379.2,958.7,394.5,0
434,14434,509983,979.6,409.7,937.9,380.0,958.75,394.85,0
434,14435,509984,979.6,409.2,937.7,380.8,958.65,395.0,0
434,14436,509985,979.5,408.7,937.5,382.0,958.5,395.35,0
434,14437,509986,979.2,408.1,936.8,383.6,958.0,395.85,0
434,14438,509987,979.0,407.5,936.2,385.1,957.6,396.3,0
434,14439,509988,978.8,406.9,935.6,386.6,957.2,396.75,0
434,14440,509989,978.5,406.3,935.0,388.1,956.75,397.2,0
434,14441,509990,978.4,405.8,934.5,389.3,956.45,397.55,0
434,14442,509991,978.2,405.7,934.1,390.6,956.15,398.15,0
434,14443,509992,978.5,405.5,933.7,391.5,956.1,398.5,0
434,14444,509993,978.7,405.0,933.9,392.0,956.3,398.5,0
434,14445,509994,978.9,404.6,934.2,392.5,956.55,398.55,0
434,14446,509995,979.0,404.0,934.4,392.9,956.7,398.45,0
434,14447,509996,978.9,403.3,934.6,393.2,956.75,398.25,0
434,14448,509997,978.7,402.2,934.7,393.6,956.7,397.9,0
434,14449,509998,978.5,401.1,934.8,394.0,956.65,397.55,0
434,14450,509999,978.1,400.0,934.8,394.4,956.45,397.2,0
434,14451,510000,977.6,398.8,934.6,395.5,956.1,397.15,0
434,14452,510001,977.3,397.5,934.5,396.6,955.9,397.05,0
434,14453,510002,977.0,396.0,934.3,397.7,955.65,396.85,0
434,14454,510003,977.0,394.7,934.2,398.9,955.6,396.8,0
434,14455,510004,977.1,393.8,934.0,400.2,955.55,397.0,0
434,14456,510005,977.2,392.2,933.8,401.3,955.5,396.75,0
434,14457,510006,977.4,390.6,933.7,402.5,955.55,396.55,0
434,14458,510007,977.6,389.3,933.6,403.1,955.6,396.2,0
434,14459,510008,977.8,388.0,933.7,403.7,955.75,395.85,0
434,14460,510009,978.0,387.1,933.8,404.3,955.9,395.7,0
434,14461,510010,978.1,386.3,933.8,405.1,955.95,395.7,0
434,14462,510011,978.1,385.4,933.8,405.6,955.95,395.5,0
434,14463,510012,978.0,385.3,934.0,406.6,956.0,395.95,0
434,14464,510013,977.9,385.2,934.1,407.5,956.0,396.35,0
434,14465,510014,977.7,385.3,934.2,408.8,955.95,397.05,0
434,14466,510015,977.4,385.3,934.2,410.1,955.8,397.7,0
435,14467,510016,977.2,385.4,934.2,411.3,955.7,398.35,0
435,14468,510017,976.9,385.7,934.2,412.3,955.55,399.0,0
435,14469,510018,976.6,385.9,934.2,413.4,955.4,399.65,0
435,14470,510019,976.3,386.1,934.0,414.2,955.15,400.15,0
435,14471,510020,976.0,386.5,933.9,414.9,954.95,400.7,0
435,14472,510021,975.8,386.8,933.8,415.1,954.8,400.95,0
435,14473,510022,975.6,387.2,933.6,415.3,954.6,401.25,0
435,14474,510023,975.3,387.4,933.4,415.6,954.35,401.5,0
435,14475,510024,974.9,387.6,933.3,416.2,954.1,401.9,0
435,14476,510025,974.6,387.7,933.1,416.8,953.85,402.25,0
435,14477,510026,974.2,387.9,933.2,417.3,953.7,402.6,0
435,14478,510027,973.9,388.0,933.3,418.0,953.6,403.0,0
435,14479,510028,973.5,388.0,933.4,418.8,953.45,403.4,0
435,14480,510029,973.2,388.0,933.6,419.6,953.4,403.8,0
435,14481,510030,973.1,388.1,933.7,420.4,953.4,404.25,0
435,14482,510031,972.9,388.2,933.9,421.1,953.4,404.65,0
435,14483,510032,972.9,388.6,934.0,421.8,953.45,405.2,0
435,14484,510033,972.9,388.7,934.1,422.5,953.5,405.6,0
435,14485,510034,972.9,388.9,934.1,423.0,953.5,405.95,0
435,14486,510035,973.0,389.1,934.0,423.2,953.5,406.15,0
435,14487,510036,973.0,389.3,933.9,423.4,953.45,406.35,0
435,14488,510037,972.8,389.5,933.9,423.5,953.35,406.5,0
435,14489,510038,972.7,389.6,933.8,423.3,953.25,406.45,0
435,14490,510039,972.5,389.6,933.8,423.1,953.15,406.35,0
435,14491,510040,972.4,389.6,933.8,423.0,953.1,406.3,0
435,14492,510041,972.2,389.6,933.9,423.0,953.05,406.3,0
435,14493,510042,972.1,389.6,933.9,423.1,953.0,406.35,0
435,14494,510043,972.1,389.6,933.9,423.3,953.0,406.45,0
435,14495,510044,972.2,389.6,933.9,423.6,953.05,406.6,0
435,14496,510045,972.4,389.6,933.8,424.0,953.1,406.8,0
435,14497,510046,972.5,389.6,933.7,424.6,953.1,407.1,0
435,14498,510047,972.7,389.7,933.5,425.2,953.1,407.45,0
435,14499,510048,972.8,389.8,933.3,425.9,953.05,407.85,0
435,14500,510049,972.9,390.0,933.1,426.4,953.0,408.2,0
436,14501,510050,973.1,390.3,932.9,426.7,953.0,408.5,0
436,14502,510051,973.6,390.6,932.7,427.0,953.15,408.8,0
436,14503,510052,974.1,390.9,932.5,427.4,953.3,409.15,0
436,14504,510053,974.6,391.3,932.4,427.3,953.5,409.3,0
436,14505,510054,975.0,391.7,932.4,427.1,953.7,409.4,0
436,14506,510055,975.3,392.0,932.5,426.8,953.9,409.4,0
436,14507,510056,975.6,392.3,932.5,426.7,954.05,409.5,0
436,14508,510057,975.8,392.5,932.5,426.8,954.15,409.65,0
436,14509,510058,975.7,392.7,932.6,427.0,954.15,409.85,0
436,14510,510059,975.8,392.8,932.6,427.2,954.2,410.0,0
436,14511,510060,975.8,392.9,932.7,427.6,954.25,410.25,0
436,14512,510061,975.9,392.8,932.8,428.0,954.35,410.4,0
436,14513,510062,976.1,392.8,932.9,428.3,954.5,410.55,0
436,14514,510063,976.2,392.8,933.0,428.5,954.6,410.65,0
436,14515,510064,976.1,392.9,933.0,428.5,954.55,410.7,0
436,14516,510065,976.0,393.1,933.1,428.4,954.55,410.75,0
436,14517,510066,975.7,393.3,933.1,428.0,954.4,410.65,0
436,14518,510067,975.5,393.5,933.0,427.6,954.25,410.55,0
436,14519,510068,975.2,394.0,932.9,427.4,954.05,410.7,0
436,14520,510069,975.0,394.5,932.7,427.2,953.85,410.85,0
436,14521,510070,974.7,395.0,932.6,427.1,953.65,411.05,0
436,14522,510071,974.6,395.6,932.6,427.0,953.6,411.3,0
436,14523,510072,974.7,396.0,932.6,426.9,953.65,411.45,0
436,14524,510073,974.7,396.4,932.5,426.9,953.6,411.65,0
436,14525,510074,974.7,396.8,932.5,426.8,953.6,411.8,0
436,14526,510075,974.7,397.1,932.5,426.6,953.6,411.85,0
436,14527,510076,974.8,397.3,932.6,426.5,953.7,411.9,0
436,14528,510077,975.0,397.4,932.6,426.3,953.8,411.85,0
436,14529,510078,975.2,397.4,932.6,426.1,953.9,411.75,0
436,14530,510079,975.2,397.3,932.6,425.9,953.9,411.6,0
436,14531,510080,975.4,397.3,932.9,425.8,954.15,411.55,0
436,14532,510081,975.6,397.1,933.1,425.6,954.35,411.35,0
436,14533,510082,975.7,396.9,933.2,425.6,954.45,411.25,0
437,14534,510083,975.7,396.8,933.2,425.7,954.45,411.25,0
437,14535,510084,975.8,396.7,932.8,425.7,954.3,411.2,0
437,14536,510085,975.8,396.7,932.3,425.8,954.05,411.25,0
437,14537,510086,975.8,396.7,932.0,425.9,953.9,411.3,0
437,14538,510087,975.9,396.8,931.6,425.9,953.75,411.35,0
437,14539,510088,975.9,397.0,931.3,425.9,953.6,411.45,0
437,14540,510089,975.9,397.3,931.2,425.9,953.55,411.6,0
437,14541,510090,975.9,397.6,931.2,425.9,953.55,411.75,0
437,14542,510091,975.8,397.7,931.7,425.8,953.75,411.75,0
437,14543,510092,975.7,397.8,932.3,425.7,954.0,411.75,0
437,14544,510093,975.6,397.8,932.7,425.6,954.15,411.7,0
437,14545,510094,975.3,397.7,932.9,425.7,954.1,411.7,0
437,14546,510095,974.9,397.5,933.0,425.8,953.95,411.65,0
437,14547,510096,974.5,397.3,933.1,425.7,953.8,411.5,0
437,14548,510097,974.1,397.0,933.1,425.7,953.6,411.35,0
437,14549,510098,973.7,396.7,933.2,425.7,953.45,411.2,0
437,14550,510099,973.3,396.5,933.2,425.9,953.25,411.2,0
437,14551,510100,973.0,396.4,933.3,426.1,953.15,411.25,0
437,14552,510101,972.9,396.3,933.4,426.0,953.15,411.15,0
437,14553,510102,972.9,396.4,933.5,425.5,953.2,410.95,0
437,14554,510103,973.1,396.4,933.6,425.2,953.35,410.8,0
437,14555,510104,973.2,396.6,933.9,424.9,953.55,410.75,0
437,14556,510105,973.1,396.7,934.3,424.4,953.7,410.55,0
437,14557,510106,973.1,396.8,934.6,423.9,953.85,410.35,0
437,14558,510107,973.0,397.0,935.0,423.4,954.0,410.2,0
437,14559,510108,972.8,397.1,935.3,422.8,954.05,409.95,0
437,14560,510109,972.7,397.1,935.5,423.0,954.1,410.05,0
437,14561,510110,972.7,397.1,935.8,423.1,954.25,410.1,0
437,14562,510111,972.6,397.1,935.8,423.1,954.2,410.1,0
437,14563,510112,972.8,397.0,935.7,423.2,954.25,410.1,0
437,14564,510113,973.1,396.9,935.7,423.3,954.4,410.1,0
437,14565,510114,973.3,396.7,935.6,423.3,954.45,410.0,0
437,14566,510115,973.5,396.5,935.5,423.3,954.5,409.9,0
438,14567,510116,973.6,396.3,935.5,423.1,954.55,409.7,0
438,14568,510117,973.7,396.1,935.4,422.9,954.55,409.5,0
438,14569,510118,973.8,395.9,935.3,422.7,954.55,409.3,0
438,14570,510119,973.6,395.5,935.2,422.4,954.4,408.95,0
438,14571,510120,973.5,395.2,935.2,422.1,954.35,408.65,0
438,14572,510121,973.3,394.9,935.1,421.8,954.2,408.35,0
438,14573,510122,973.2,394.4,935.2,421.5,954.2,407.95,0
438,14574,510123,973.0,393.9,935.2,421.1,954.1,407.5,0
438,14575,510124,972.9,393.5,935.3,420.8,954.1,407.15,0
438,14576,510125,972.8,393.1,935.5,420.4,954.15,406.75,0
438,14577,510126,972.7,392.5,935.7,419.8,954.2,406.15,0
438,14578,510127,972.7,392.0,935.8,419.3,954.25,405.65,0
438,14579,510128,972.7,391.6,935.9,418.7,954.3,405.15,0
438,14580,510129,972.7,391.5,936.0,418.1,954.35,404.8,0
438,14581,510130,972.8,391.5,936.0,417.5,954.4,404.5,0
438,14582,510131,972.9,391.6,936.0,417.0,954.45,404.3,0
438,14583,510132,973.0,391.7,935.9,416.7,954.45,404.2,0
438,14584,510133,973.2,392.0,935.8,416.6,954.5,404.3,0
438,14585,510134,973.3,392.3,935.7,416.6,954.5,404.45,0
438,14586,510135,973.4,392.4,935.6,416.6,954.5,404.5,0
438,14587,510136,973.4,392.3,935.5,416.6,954.45,404.45,0
438,14588,510137,973.4,391.5,935.3,416.3,954.35,403.9,0
438,14589,510138,973.4,390.6,935.2,415.9,954.3,403.25,0
438,14590,510139,973.3,389.7,934.9,415.5,954.1,402.6,0
438,14591,510140,972.9,388.9,934.7,415.0,953.8,401.95,0
438,14592,510141,972.5,388.4,934.3,414.4,953.4,401.4,0
438,14593,510142,972.2,388.1,934.0,413.8,953.1,400.95,0
438,14594,510143,971.8,387.7,933.8,413.2,952.8,400.45,0
438,14595,510144,971.5,388.1,933.7,412.4,952.6,400.25,0
438,14596,510145,971.2,388.4,933.6,411.1,952.4,399.75,0
438,14597,510146,971.0,388.7,933.6,409.8,952.3,399.25,0
438,14598,510147,971.0,389.0,933.7,408.5,952.35,398.75,0
438,14599,510148,971.1,389.1,933.8,407.4,952.45,398.25,0
438,14600,510149,971.1,389.4,933.8,406.4,952.45,397.9,0
439,14601,510150,971.2,389.6,933.9,405.4,952.55,397.5,0
439,14602,510151,971.2,389.8,933.9,404.8,952.55,397.3,0
439,14603,510152,971.1,389.9,934.0,404.2,952.55,397.05,0
439,14604,510153,971.1,390.0,934.1,403.6,952.6,396.8,0
439,14605,510154,971.1,390.1,934.2,403.0,952.65,396.55,0
439,14606,510155,971.0,390.2,934.4,402.5,952.7,396.35,0
439,14607,510156,970.8,390.0,934.7,401.9,952.75,395.95,0
439,14608,510157,970.7,389.6,935.0,401.6,952.85,395.6,0
439,14609,510158,970.5,388.8,935.3,401.4,952.9,395.1,0
439,14610,510159,970.3,388.2,935.6,401.7,952.95,394.95,0
439,14611,510160,970.2,387.5,935.8,401.7,953.0,394.6,0
439,14612,510161,970.1,386.8,936.0,401.8,953.05,394.3,0
439,14613,510162,970.0,386.1,936.2,401.6,953.1,393.85,0
439,14614,510163,970.1,385.5,936.2,401.4,953.15,393.45,0
439,14615,510164,970.2,385.2,936.1,401.0,953.15,393.1,0
439,14616,510165,970.4,385.4,936.1,400.7,953.25,393.05,0
439,14617,510166,970.6,386.1,935.9,400.4,953.25,393.25,0
439,14618,510167,970.7,386.9,935.7,400.2,953.2,393.55,0
439,14619,510168,970.9,387.6,935.6,399.8,953.25,393.7,0
439,14620,510169,971.0,388.3,935.4,399.6,953.2,393.95,0
439,14621,510170,971.3,389.0,935.2,399.2,953.25,394.1,0
439,14622,510171,971.5,389.6,935.1,398.6,953.3,394.1,0
439,14623,510172,971.7,390.1,935.1,398.1,953.4,394.1,0
439,14624,510173,972.0,390.1,935.2,397.5,953.6,393.8,0
439,14625,510174,972.3,390.1,935.3,396.8,953.8,393.45,0
439,14626,510175,972.7,390.1,935.6,396.2,954.15,393.15,0
439,14627,510176,973.0,390.2,935.8,395.5,954.4,392.85,0
439,14628,510177,973.2,390.3,936.1,394.9,954.65,392.6,0
439,14629,510178,973.3,390.9,936.3,394.6,954.8,392.75,0
439,14630,510179,973.4,391.6,936.5,394.1,954.95,392.85,0
439,14631,510180,973.5,392.3,936.6,393.7,955.05,393.0,0
439,14632,510181,973.5,393.0,936.6,393.3,955.05,393.15,0
439,14633,510182,973.5,393.4,936.5,393.2,955.0,393.3,0
440,14634,510183,973.4,393.7,936.1,393.1,954.75,393.4,0
440,14635,510184,973.2,394.1,935.7,393.1,954.45,393.6,0
440,14636,510185,973.2,394.0,935.2,392.8,954.2,393.4,0
440,14637,510186,973.2,393.9,934.7,392.3,953.95,393.1,0
440,14638,510187,973.4,394.0,934.2,391.8,953.8,392.9,0
440,14639,510188,973.7,394.3,933.7,391.3,953.7,392.8,0
440,14640,510189,973.9,394.9,933.5,390.7,953.7,392.8,0
440,14641,510190,974.2,395.7,933.7,390.0,953.95,392.85,0
440,14642,510191,974.5,396.8,933.9,389.3,954.2,393.05,0
440,14643,510192,974.7,397.9,934.2,388.7,954.45,393.3,0
440,14644,510193,974.7,398.9,934.5,388.4,954.6,393.65,0
440,14645,510194,974.5,399.8,934.8,388.1,954.65,393.95,0
440,14646,510195,974.1,400.9,935.1,387.8,954.6,394.35,0
440,14647,510196,973.7,401.9,935.2,387.2,954.45,394.55,0
440,14648,510197,973.3,402.8,935.4,386.7,954.35,394.75,0
440,14649,510198,972.8,403.5,935.5,386.2,954.15,394.85,0
440,14650,510199,972.4,404.1,935.7,385.6,954.05,394.85,0
440,14651,510200,972.0,404.7,935.8,385.1,953.9,394.9,0
440,14652,510201,971.7,405.3,936.0,384.5,953.85,394.9,0
440,14653,510202,971.6,405.6,936.3,383.8,953.95,394.7,0
440,14654,510203,972.0,405.9,936.5,383.4,954.25,394.65,0
440,14655,510204,972.5,406.3,936.8,383.0,954.65,394.65,0
440,14656,510205,973.1,406.5,937.0,382.7,955.05,394.6,0
440,14657,510206,973.6,406.7,937.2,382.4,955.4,394.55,0
440,14658,510207,974.2,406.8,937.5,382.1,955.85,394.45,0
440,14659,510208,974.7,406.8,937.8,381.9,956.25,394.35,0
440,14660,510209,975.2,406.8,938.3,381.7,956.75,394.25,0
440,14661,510210,975.1,406.8,938.8,381.6,956.95,394.2,0
440,14662,510211,975.1,407.0,939.1,381.5,957.1,394.25,0
440,14663,510212,975.0,407.3,939.5,381.4,957.25,394.35,0
440,14664,510213,974.9,407.6,939.7,381.2,957.3,394.4,0
440,14665,510214,974.7,408.4,939.8,381.1,957.25,394.75,0
440,14666,510215,974.5,409.2,939.9,381.1,957.2,395.15,0
441,14667,510216,974.0,410.0,939.7,381.0,956.85,395.5,0
441,14668,510217,973.6,410.5,939.5,381.0,956.55,395.75,0
441,14669,510218,973.1,410.6,939.2,380.9,956.15,395.75,0
441,14670,510219,972.7,410.6,938.7,380.9,955.7,395.75,0
441,14671,510220,972.4,410.5,938.3,380.8,955.35,395.65,0
441,14672,510221,972.3,410.1,938.0,380.6,955.15,395.35,0
441,14673,510222,972.4,409.7,937.6,380.4,955.0,395.05,0
441,14674,510223,972.7,409.8,937.2,380.2,954.95,395.0,0
441,14675,510224,973.0,410.1,936.9,379.8,954.95,394.95,0
441,14676,510225,973.2,410.6,936.8,379.5,955.0,395.05,0
441,14677,510226,973.5,411.1,936.9,379.2,955.2,395.15,0
441,14678,510227,973.8,411.6,937.0,378.9,955.4,395.25,0
441,14679,510228,973.9,412.0,937.2,378.6,955.55,395.3,0
441,14680,510229,973.9,412.1,937.3,378.2,955.6,395.15,0
441,14681,510230,973.9,411.7,937.4,378.0,955.65,394.85,0
441,14682,510231,974.0,411.3,937.4,377.8,955.7,394.55,0
441,14683,510232,974.1,410.9,937.3,377.7,955.7,394.3,0
441,14684,510233,974.2,410.6,937.2,377.6,955.7,394.1,0
441,14685,510234,974.2,410.3,937.1,377.6,955.65,393.95,0
441,14686,510235,974.1,410.2,937.0,377.5,955.55,393.85,0
441,14687,510236,974.0,410.4,936.9,377.6,955.45,394.0,0
441,14688,510237,973.8,410.5,937.1,377.5,955.45,394.0,0
441,14689,510238,973.5,410.6,937.5,377.5,955.5,394.05,0
441,14690,510239,973.3,410.4,938.0,377.5,955.65,393.95,0
441,14691,510240,973.1,410.3,938.3,377.4,955.7,393.85,0
441,14692,510241,972.9,410.2,938.6,377.3,955.75,393.75,0
441,14693,510242,973.0,410.3,938.9,377.3,955.95,393.8,0
441,14694,510243,973.1,410.4,939.2,377.3,956.15,393.85,0
441,14695,510244,973.2,410.6,939.2,377.3,956.2,393.95,0
441,14696,510245,973.3,411.1,939.1,377.2,956.2,394.15,0
441,14697,510246,973.4,411.8,938.9,377.1,956.15,394.45,0
441,14698,510247,973.4,412.5,938.6,377.0,956.0,394.75,0
441,14699,510248,973.6,413.0,938.5,376.8,956.05,394.9,0
441,14700,510249,973.6,413.2,938.4,376.4,956.0,394.8,0
442,14701,510250,973.7,413.3,938.3,376.0,956.0,394.65,0
442,14702,510251,973.7,413.3,938.4,375.7,956.05,394.5,0
442,14703,510252,973.9,413.1,938.4,375.5,956.15,394.3,0
442,14704,510253,974.0,412.9,938.5,375.3,956.25,394.1,0
442,14705,510254,974.1,412.7,938.6,375.1,956.35,393.9,0
442,14706,510255,974.2,412.6,938.7,375.1,956.45,393.85,0
442,14707,510256,974.2,412.5,938.9,375.1,956.55,393.8,0
442,14708,510257,974.6,412.3,939.2,375.2,956.9,393.75,0
442,14709,510258,974.8,412.2,939.4,375.5,957.1,393.85,0
442,14710,510259,974.9,412.0,939.6,375.9,957.25,393.95,0
442,14711,510260,975.1,411.9,939.8,376.4,957.45,394.15,0
442,14712,510261,975.2,411.8,940.0,376.8,957.6,394.3,0
442,14713,510262,975.3,411.7,940.2,377.1,957.75,394.4,0
442,14714,510263,975.4,411.7,940.0,377.2,957.7,394.45,0
442,14715,510264,975.4,411.7,939.7,377.3,957.55,394.5,0
442,14716,510265,975.6,411.7,939.4,377.2,957.5,394.45,0
442,14717,510266,975.8,411.4,939.0,377.0,957.4,394.2,0
442,14718,510267,976.1,411.2,938.7,376.8,957.4,394.0,0
442,14719,510268,976.3,411.0,938.4,376.7,957.35,393.85,0
442,14720,510269,976.6,410.8,938.3,377.0,957.45,393.9,0
442,14721,510270,976.7,410.7,938.4,377.5,957.55,394.1,0
442,14722,510271,976.7,410.7,938.6,378.0,957.65,394.35,0
442,14723,510272,976.5,410.8,938.8,378.5,957.65,394.65,0
442,14724,510273,976.4,411.1,939.0,378.8,957.7,394.95,0
442,14725,510274,976.2,411.4,939.2,379.2,957.7,395.3,0
442,14726,510275,976.0,411.5,939.4,379.5,957.7,395.5,0
442,14727,510276,975.8,411.6,939.4,379.5,957.6,395.55,0
442,14728,510277,975.5,411.6,939.4,379.5,957.45,395.55,0
442,14729,510278,975.2,411.5,939.4,379.5,957.3,395.5,0
442,14730,510279,974.9,411.3,939.3,379.6,957.1,395.45,0
442,14731,510280,974.7,411.0,939.2,379.6,956.95,395.3,0
442,14732,510281,974.5,410.8,939.1,379.7,956.8,395.25,0
442,14733,510282,974.5,410.7,939.0,379.7,956.75,395.2,0
443,14734,510283,974.9,410.5,938.9,379.6,956.9,395.05,0
443,14735,510284,975.3,410.3,938.8,379.6,957.05,394.95,0
443,14736,510285,975.8,410.0,938.8,379.4,957.3,394.7,0
443,14737,510286,976.1,409.9,939.0,379.2,957.55,394.55,0
443,14738,510287,976.5,409.7,939.2,379.2,957.85,394.45,0
443,14739,510288,976.8,409.5,939.5,379.2,958.15,394.35,0
443,14740,510289,977.2,409.3,939.8,379.2,958.5,394.25,0
443,14741,510290,977.2,409.2,940.1,379.3,958.65,394.25,0
443,14742,510291,977.1,409.0,940.3,379.4,958.7,394.2,0
443,14743,510292,977.0,409.0,940.5,379.5,958.75,394.25,0
443,14744,510293,976.6,409.0,940.0,379.9,958.3,394.45,0
443,14745,510294,976.2,408.9,939.4,380.2,957.8,394.55,0
443,14746,510295,975.7,408.8,938.9,380.5,957.3,394.65,0
443,14747,510296,975.2,408.7,938.4,380.8,956.8,394.75,0
443,14748,510297,974.6,408.5,937.9,381.2,956.25,394.85,0
443,14749,510298,974.3,408.3,937.3,381.9,955.8,395.1,0
443,14750,510299,974.1,407.9,936.8,382.6,955.45,395.25,0
443,14751,510300,974.7,407.6,936.7,383.1,955.7,395.35,0
443,14752,510301,975.2,407.2,936.7,383.6,955.95,395.4,0
443,14753,510302,976.0,406.8,936.7,384.1,956.35,395.45,0
443,14754,510303,976.7,406.4,936.6,384.5,956.65,395.45,0
443,14755,510304,977.5,405.9,936.6,385.0,957.05,395.45,0
443,14756,510305,978.2,405.4,936.5,385.3,957.35,395.35,0
443,14757,510306,978.5,405.1,936.4,385.7,957.45,395.4,0
443,14758,510307,978.5,404.8,936.4,386.0,957.45,395.4,0
443,14759,510308,978.5,404.5,936.2,386.7,957.35,395.6,0
443,14760,510309,978.2,404.4,936.0,387.6,957.1,396.0,0
443,14761,510310,978.0,404.2,935.9,388.5,956.95,396.35,0
443,14762,510311,977.7,404.1,935.7,389.4,956.7,396.75,0
443,14763,510312,977.5,403.8,935.7,390.4,956.6,397.1,0
443,14764,510313,977.5,403.5,935.7,391.3,956.6,397.4,0
443,14765,510314,977.5,402.9,935.6,392.3,956.55,397.6,0
443,14766,510315,977.5,402.4,935.7,392.9,956.6,397.65,0
444,14767,510316,977.5,401.8,935.7,393.5,956.6,397.65,0
444,14768,510317,977.5,401.0,935.7,394.2,956.6,397.6,0
444,14769,510318,977.6,399.7,935.7,394.9,956.65,397.3,0
444,14770,510319,977.8,398.6,935.6,395.3,956.7,396.95,0
444,14771,510320,978.0,397.4,935.5,395.7,956.75,396.55,0
444,14772,510321,978.1,396.6,935.5,396.2,956.8,396.4,0
444,14773,510322,978.1,395.5,935.5,396.7,956.8,396.1,0
444,14774,510323,978.2,394.4,935.5,397.2,956.85,395.8,0
444,14775,510324,978.1,393.6,935.4,397.4,956.75,395.5,0
444,14776,510325,978.1,393.2,935.2,397.9,956.65,395.55,0
444,14777,510326,977.9,392.5,934.9,398.4,956.4,395.45,0
444,14778,510327,977.9,391.9,934.7,398.9,956.3,395.4,0
444,14779,510328,978.0,391.2,934.4,399.4,956.2,395.3,0
444,14780,510329,978.2,390.8,934.1,399.8,956.15,395.3,0
444,14781,510330,978.6,390.3,933.8,400.1,956.2,395.2,0
444,14782,510331,979.1,389.7,933.5,400.5,956.3,395.1,0
444,14783,510332,979.6,389.3,933.6,400.6,956.6,394.95,0
444,14784,510333,980.0,389.2,933.6,401.4,956.8,395.3,0
444,14785,510334,980.2,389.0,933.6,402.3,956.9,395.65,0
444,14786,510335,980.2,388.9,933.8,403.3,957.0,396.1,0
444,14787,510336,979.8,388.8,934.1,404.4,956.95,396.6,0
444,14788,510337,979.3,388.6,934.4,405.4,956.85,397.0,0
444,14789,510338,978.8,388.6,934.8,406.5,956.8,397.55,0
444,14790,510339,978.3,388.6,935.1,408.3,956.7,398.45,0
444,14791,510340,977.8,388.7,935.5,409.2,956.65,398.95,0
444,14792,510341,977.4,388.8,935.8,410.2,956.6,399.5,0
444,14793,510342,977.2,388.9,936.0,410.9,956.6,399.9,0
444,14794,510343,977.3,389.0,936.1,411.7,956.7,400.35,0
444,14795,510344,977.4,389.1,936.1,412.6,956.75,400.85,0
444,14796,510345,977.5,389.0,936.0,413.5,956.75,401.25,0
444,14797,510346,977.5,388.8,935.9,413.9,956.7,401.35,0
444,14798,510347,977.6,388.6,935.7,414.4,956.65,401.5,0
444,14799,510348,977.7,388.2,935.4,414.9,956.55,401.55,0
444,14800,510349,977.7,387.8,935.1,415.5,956.4,401.65,0
445,14801,510350,977.7,387.5,934.8,416.1,956.25,401.8,0
445,14802,510351,977.6,387.2,934.5,416.5,956.05,401.85,0
445,14803,510352,977.5,387.1,934.3,416.9,955.9,402.0,0
445,14804,510353,977.4,387.1,934.1,417.1,955.75,402.1,0
445,14805,510354,977.2,387.1,934.0,417.9,955.6,402.5,0
445,14806,510355,977.1,387.3,934.0,418.7,955.55,403.0,0
445,14807,510356,977.0,387.4,933.9,419.3,955.45,403.35,0
445,14808,510357,976.9,387.6,933.8,420.0,955.35,403.8,0
445,14809,510358,976.8,387.8,933.8,420.5,955.3,404.15,0
445,14810,510359,976.7,388.1,933.7,420.9,955.2,404.5,0
445,14811,510360,976.8,388.4,933.9,421.3,955.35,404.85,0
445,14812,510361,976.9,388.7,933.9,421.1,955.4,404.9,0
445,14813,510362,977.0,388.9,933.9,420.9,955.45,404.9,0
445,14814,510363,977.1,389.2,933.9,420.7,955.5,404.95,0
445,14815,510364,977.3,389.5,934.0,420.6,955.65,405.05,0
445,14816,510365,977.4,389.7,934.0,420.7,955.7,405.2,0
445,14817,510366,977.6,389.8,934.0,421.3,955.8,405.55,0
445,14818,510367,977.5,389.9,933.8,422.0,955.65,405.95,0
445,14819,510368,977.2,390.0,933.6,422.6,955.4,406.3,0
445,14820,510369,977.0,390.1,933.6,423.3,955.3,406.7,0
445,14821,510370,976.8,390.1,933.6,424.0,955.2,407.05,0
445,14822,510371,976.5,390.1,933.6,424.6,955.05,407.35,0
445,14823,510372,976.3,390.1,933.6,425.1,954.95,407.6,0
445,14824,510373,976.0,390.1,933.6,425.0,954.8,407.55,0
445,14825,510374,975.9,390.2,933.7,424.9,954.8,407.55,0
445,14826,510375,975.9,390.2,933.8,424.8,954.85,407.5,0
445,14827,510376,975.9,390.2,933.9,424.8,954.9,407.5,0
445,14828,510377,975.9,390.2,934.0,424.6,954.95,407.4,0
445,14829,510378,975.9,390.2,934.1,424.4,955.0,407.3,0
445,14830,510379,975.9,390.0,934.1,423.8,955.0,406.9,0
445,14831,510380,975.8,389.9,934.1,423.4,954.95,406.65,0
445,14832,510381,975.8,389.7,934.2,423.1,955.0,406.4,0
445,14833,510382,975.8,389.5,934.3,422.8,955.05,406.15,0
446,14834,510383,975.8,389.4,934.3,422.7,955.05,406.05,0
446,14835,510384,975.8,389.3,934.2,422.7,955.0,406.0,0
446,14836,510385,975.7,389.3,934.2,422.8,954.95,406.05,0
446,14837,510386,975.6,390.3,934.3,423.4,954.95,406.85,0
446,14838,510387,975.5,391.4,934.1,424.0,954.8,407.7,0
446,14839,510388,975.2,392.5,933.8,424.5,954.5,408.5,0
446,14840,510389,974.9,393.5,933.5,425.0,954.2,409.25,0
446,14841,510390,974.6,394.2,933.3,425.2,953.95,409.7,0
446,14842,510391,974.5,394.9,933.1,425.3,953.8,410.1,0
446,14843,510392,974.4,395.5,932.7,425.4,953.55,410.45,0
446,14844,510393,974.4,395.2,932.4,425.5,953.4,410.35,0
446,14845,510394,974.2,395.0,932.3,425.4,953.25,410.2,0
446,14846,510395,974.4,394.8,932.2,425.2,953.3,410.0,0
446,14847,510396,974.5,394.6,932.2,425.0,953.35,409.8,0
446,14848,510397,974.8,394.8,932.1,424.8,953.45,409.8,0
446,14849,510398,975.0,395.0,932.0,424.7,953.5,409.85,0
446,14850,510399,975.2,395.1,932.1,424.6,953.65,409.85,0
446,14851,510400,975.3,395.2,932.2,424.6,953.75,409.9,0
446,14852,510401,975.6,395.3,932.3,424.5,953.95,409.9,0
446,14853,510402,975.8,395.4,932.4,424.5,954.1,409.95,0
446,14854,510403,976.0,395.5,932.6,424.5,954.3,410.0,0
446,14855,510404,975.9,395.6,932.7,424.5,954.3,410.05,0
446,14856,510405,975.9,395.7,932.9,424.5,954.4,410.1,0
446,14857,510406,975.9,395.8,933.0,424.4,954.45,410.1,0
446,14858,510407,976.0,395.9,933.1,424.2,954.55,410.05,0
446,14859,510408,976.1,396.2,933.1,424.0,954.6,410.1,0
446,14860,510409,976.3,396.5,933.1,423.9,954.7,410.2,0
446,14861,510410,976.5,396.8,933.1,423.9,954.8,410.35,0
446,14862,510411,976.7,397.1,933.1,423.8,954.9,410.45,0
446,14863,510412,977.0,397.5,933.1,423.8,955.05,410.65,0
446,14864,510413,977.5,397.8,933.2,423.8,955.35,410.8,0
446,14865,510414,977.8,397.9,933.3,423.8,955.55,410.85,0
446,14866,510415,978.2,397.9,933.5,423.6,955.85,410.75,0
447,14867,510416,978.5,398.0,933.7,423.5,956.1,410.75,0
447,14868,510417,978.7,398.0,933.8,423.3,956.25,410.65,0
447,14869,510418,978.8,398.1,933.7,423.0,956.25,410.55,0
447,14870,510419,978.8,398.2,933.5,422.7,956.15,410.45,0
447,14871,510420,978.6,398.4,933.3,422.3,955.95,410.35,0
447,14872,510421,978.5,398.9,933.0,421.5,955.75,410.2,0
447,14873,510422,978.3,399.4,932.7,420.9,955.5,410.15,0
447,14874,510423,978.2,400.1,932.5,420.3,955.35,410.2,0
447,14875,510424,978.2,400.8,932.4,419.8,955.3,410.3,0
447,14876,510425,978.2,401.4,932.5,418.7,955.35,410.05,0
447,14877,510426,978.4,401.9,932.6,417.8,955.5,409.85,0
447,14878,510427,978.5,402.3,932.7,417.0,955.6,409.65,0
447,14879,510428,978.7,402.4,932.9,416.5,955.8,409.45,0
447,14880,510429,978.8,402.3,933.1,416.0,955.95,409.15,0
447,14881,510430,978.9,401.9,933.4,415.2,956.15,408.55,0
447,14882,510431,978.8,401.5,933.6,414.5,956.2,408.0,0
447,14883,510432,978.6,401.3,933.9,414.1,956.25,407.7,0
447,14884,510433,978.5,401.2,934.2,413.8,956.35,407.5,0
447,14885,510434,978.3,401.1,934.4,413.4,956.35,407.25,0
447,14886,510435,978.3,401.0,934.8,413.1,956.55,407.05,0
447,14887,510436,978.2,401.1,935.0,413.0,956.6,407.05,0
447,14888,510437,978.5,401.2,935.2,413.0,956.85,407.1,0
447,14889,510438,978.9,401.4,935.5,413.0,957.2,407.2,0
447,14890,510439,979.3,401.6,935.8,413.1,957.55,407.35,0
447,14891,510440,979.7,401.8,936.1,413.1,957.9,407.45,0
447,14892,510441,979.9,401.9,936.4,413.0,958.15,407.45,0
447,14893,510442,980.0,402.0,936.7,412.8,958.35,407.4,0
447,14894,510443,979.7,402.1,937.0,412.6,958.35,407.35,0
447,14895,510444,979.2,402.3,937.2,412.4,958.2,407.35,0
447,14896,510445,978.6,402.3,937.3,412.3,957.95,407.3,0
447,14897,510446,978.3,402.2,937.5,412.2,957.9,407.2,0
447,14898,510447,978.0,402.1,937.6,412.2,957.8,407.15,0
447,14899,510448,978.0,402.0,937.7,412.2,957.85,407.1,0
447,14900,510449,978.0,401.9,937.7,412.0,957.85,406.95,0
448,14901,510450,978.3,401.9,937.5,411.8,957.9,406.85,0
448,14902,510451,978.6,401.9,937.4,411.3,958.0,406.6,0
448,14903,510452,978.8,401.9,937.2,410.9,958.0,406.4,0
448,14904,510453,978.7,402.0,937.3,410.4,958.0,406.2,0
448,14905,510454,978.6,401.8,937.2,410.0,957.9,405.9,0
448,14906,510455,978.5,401.7,937.2,409.6,957.85,405.65,0
448,14907,510456,978.5,401.5,937.2,409.5,957.85,405.5,0
448,14908,510457,978.6,401.4,937.1,409.4,957.85,405.4,0
448,14909,510458,978.7,401.2,937.1,409.4,957.9,405.3,0
448,14910,510459,979.0,401.2,937.1,409.3,958.05,405.25,0
448,14911,510460,979.2,401.2,936.9,409.2,958.05,405.2,0
448,14912,510461,979.4,401.6,936.7,409.1,958.05,405.35,0
448,14913,510462,979.4,401.9,936.4,408.9,957.9,405.4,0
448,14914,510463,979.4,402.3,936.1,408.7,957.75,405.5,0
448,14915,510464,979.0,402.7,935.9,408.5,957.45,405.6,0
448,14916,510465,978.6,403.0,935.6,408.3,957.1,405.65,0
448,14917,510466,978.3,403.2,935.2,408.1,956.75,405.65,0
448,14918,510467,977.9,403.4,934.8,407.9,956.35,405.65,0
448,14919,510468,977.6,403.6,934.5,407.7,956.05,405.65,0
448,14920,510469,977.4,403.7,934.2,407.5,955.8,405.6,0
448,14921,510470,977.2,403.7,934.0,407.3,955.6,405.5,0
448,14922,510471,977.1,403.6,933.8,406.1,955.45,404.85,0
448,14923,510472,977.0,403.2,933.8,405.1,955.4,404.15,0
448,14924,510473,976.9,402.9,933.8,404.1,955.35,403.5,0
448,14925,510474,976.8,402.5,933.9,403.2,955.35,402.85,0
448,14926,510475,976.9,402.1,933.9,401.1,955.4,401.6,0
448,14927,510476,977.0,401.7,934.1,399.2,955.55,400.45,0
448,14928,510477,977.2,401.6,934.1,397.3,955.65,399.45,0
448,14929,510478,977.3,401.7,934.2,396.2,955.75,398.95,0
448,14930,510479,977.4,402.0,934.3,395.1,955.85,398.55,0
448,14931,510480,977.5,402.4,934.4,393.9,955.95,398.15,0
448,14932,510481,977.4,402.5,934.6,392.7,956.0,397.6,0
448,14933,510482,977.0,402.5,934.7,392.6,955.85,397.55,0
449,14934,510483,976.6,402.5,934.8,392.5,955.7,397.5,0
449,14935,510484,976.2,402.4,935.0,391.9,955.6,397.15,0
449,14936,510485,975.8,402.1,935.2,391.3,955.5,396.7,0
449,14937,510486,975.5,401.7,935.6,390.8,955.55,396.25,0
449,14938,510487,975.2,401.2,935.9,390.2,955.55,395.7,0
449,14939,510488,975.2,400.7,936.3,389.5,955.75,395.1,0
449,14940,510489,975.3,400.2,936.7,388.4,956.0,394.3,0
449,14941,510490,975.3,399.9,937.1,387.3,956.2,393.6,0
449,14942,510491,975.0,399.7,937.3,386.6,956.15,393.15,0
449,14943,510492,974.9,400.0,937.6,385.8,956.25,392.9,0
449,14944,510493,974.8,400.4,937.4,385.0,956.1,392.7,0
449,14945,510494,974.7,400.9,937.2,384.3,955.95,392.6,0
449,14946,510495,974.5,401.7,937.0,383.6,955.75,392.65,0
449,14947,510496,974.2,402.6,936.8,383.3,955.5,392.95,0
449,14948,510497,974.0,403.4,936.5,382.8,955.25,393.1,0
449,14949,510498,974.0,404.1,936.4,382.4,955.2,393.25,0
449,14950,510499,974.0,404.3,936.2,382.0,955.1,393.15,0
449,14951,510500,974.0,404.5,937.0,381.5,955.5,393.0,0
449,14952,510501,974.0,404.8,937.7,381.0,955.85,392.9,0
449,14953,510502,974.2,405.1,938.4,380.5,956.3,392.8,0
449,14954,510503,974.4,405.3,939.1,379.9,956.75,392.6,0
449,14955,510504,974.7,405.4,939.8,379.3,957.25,392.35,0
449,14956,510505,974.9,405.5,940.4,378.8,957.65,392.15,0
449,14957,510506,975.2,405.7,941.1,378.2,958.15,391.95,0
449,14958,510507,975.4,405.8,941.0,378.0,958.2,391.9,0
449,14959,510508,975.6,405.8,941.0,377.7,958.3,391.75,0
449,14960,510509,975.7,405.6,940.7,377.4,958.2,391.5,0
449,14961,510510,975.8,405.4,940.5,377.5,958.15,391.45,0
449,14962,510511,975.9,405.3,940.4,377.7,958.15,391.5,0
449,14963,510512,976.1,405.1,940.3,377.8,958.2,391.45,0
449,14964,510513,976.2,404.9,940.3,377.9,958.25,391.4,0
449,14965,510514,976.3,404.7,940.2,378.0,958.25,391.35,0
449,14966,510515,976.4,404.6,940.1,377.8,958.25,391.2,0
450,14967,510516,976.4,404.6,940.3,377.6,958.35,391.1,0
450,14968,510517,976.6,404.8,940.4,377.4,958.5,391.1,0
450,14969,510518,976.8,404.9,940.5,377.2,958.65,391.05,0
450,14970,510519,977.0,405.1,940.6,377.0,958.8,391.05,0
450,14971,510520,977.2,405.3,940.8,376.9,959.0,391.1,0
450,14972,510521,977.5,405.5,940.9,376.9,959.2,391.2,0
450,14973,510522,977.7,405.6,940.9,377.2,959.3,391.4,0
450,14974,510523,978.1,405.7,940.9,377.5,959.5,391.6,0
450,14975,510524,978.4,405.7,940.8,377.8,959.6,391.75,0
450,14976,510525,978.8,405.7,940.7,378.1,959.75,391.9,0
450,14977,510526,979.1,405.7,940.5,378.4,959.8,392.05,0
450,14978,510527,979.6,406.3,940.3,378.6,959.95,392.45,0
450,14979,510528,979.9,406.8,940.0,378.7,959.95,392.75,0
450,14980,510529,980.2,407.5,939.8,378.9,960.0,393.2,0
450,14981,510530,980.4,408.2,939.7,379.1,960.05,393.65,0
450,14982,510531,980.5,408.9,939.5,379.5,960.0,394.2,0
450,14983,510532,980.5,409.6,939.4,379.7,959.95,394.65,0
450,14984,510533,980.4,410.1,939.3,379.8,959.85,394.95,0
450,14985,510534,980.0,410.1,939.2,379.6,959.6,394.85,0
450,14986,510535,979.7,410.0,939.1,379.4,959.4,394.7,0
450,14987,510536,979.4,409.7,939.1,379.4,959.25,394.55,0
450,14988,510537,979.2,409.5,939.1,379.3,959.15,394.4,0
450,14989,510538,979.0,409.0,939.3,379.1,959.15,394.05,0
450,14990,510539,978.8,408.6,939.5,379.1,959.15,393.85,0
450,14991,510540,978.7,408.3,939.7,379.1,959.2,393.7,0
450,14992,510541,978.7,408.1,939.8,379.4,959.25,393.75,0
450,14993,510542,978.7,408.0,939.8,379.8,959.25,393.9,0
450,14994,510543,978.8,408.0,939.3,380.2,959.05,394.1,0
450,14995,510544,979.0,408.0,938.8,380.5,958.9,394.25,0
450,14996,510545,979.2,408.4,938.1,380.8,958.65,394.6,0
450,14997,510546,979.4,408.6,937.4,381.2,958.4,394.9,0
450,14998,510547,979.6,408.7,936.8,381.7,958.2,395.2,0
450,14999,510548,979.9,408.7,936.3,382.2,958.1,395.45,0
450,15000,510549,980.0,408.8,936.1,382.8,958.05,395.8,0
451,15001,510550,980.0,409.0,936.5,383.5,958.25,396.25,0
451,15002,510551,979.9,409.1,936.8,384.2,958.35,396.65,0
451,15003,510552,979.7,409.2,937.2,385.0,958.45,397.1,0
451,15004,510553,979.5,409.2,937.6,385.6,958.55,397.4,0
451,15005,510554,979.2,409.4,938.0,386.1,958.6,397.75,0
451,15006,510555,978.9,409.5,938.3,386.6,958.6,398.05,0
451,15007,510556,978.8,409.5,938.5,387.3,958.65,398.4,0
451,15008,510557,978.7,409.4,938.6,387.7,958.65,398.55,0
451,15009,510558,978.6,409.4,938.7,388.3,958.65,398.85,0
451,15010,510559,978.7,409.7,939.0,388.9,958.85,399.3,0
451,15011,510560,979.0,410.0,939.2,389.6,959.1,399.8,0
451,15012,510561,979.3,410.3,939.4,390.1,959.35,400.2,0
451,15013,510562,979.7,410.6,939.6,390.4,959.65,400.5,0
451,15014,510563,980.1,410.8,939.8,390.5,959.95,400.65,0
451,15015,510564,980.6,411.0,939.9,390.7,960.25,400.85,0
451,15016,510565,981.0,411.1,939.9,390.6,960.45,400.85,0
451,15017,510566,981.3,411.0,939.8,390.5,960.55,400.75,0
451,15018,510567,981.3,410.8,939.7,390.5,960.5,400.65,0
451,15019,510568,981.3,410.6,939.6,390.5,960.45,400.55,0
451,15020,510569,981.3,410.4,939.6,390.6,960.45,400.5,0
451,15021,510570,981.2,410.1,939.6,390.7,960.4,400.4,0
451,15022,510571,981.1,409.9,939.8,390.7,960.45,400.3,0
451,15023,510572,981.0,409.8,940.2,390.5,960.6,400.15,0
451,15024,510573,980.9,409.6,940.7,390.3,960.8,399.95,0
451,15025,510574,980.9,409.5,941.1,390.2,961.0,399.85,0
451,15026,510575,981.0,409.3,941.6,390.1,961.3,399.7,0
451,15027,510576,981.0,409.2,942.0,390.4,961.5,399.8,0
451,15028,510577,981.0,409.1,942.4,390.8,961.7,399.95,0
451,15029,510578,980.9,409.1,942.8,391.2,961.85,400.15,0
451,15030,510579,980.9,409.3,942.8,391.9,961.85,400.6,0
451,15031,510580,980.7,409.5,942.7,392.4,961.7,400.95,0
451,15032,510581,980.5,409.7,942.6,392.9,961.55,401.3,0
451,15033,510582,980.3,409.9,942.5,393.2,961.4,401.55,0
452,15034,510583,980.2,410.0,942.4,393.1,961.3,401.55,0
452,15035,510584,980.1,410.1,941.9,393.0,961.0,401.55,0
452,15036,510585,980.3,410.2,941.4,392.7,960.85,401.45,0
452,15037,510586,980.5,409.9,941.0,392.5,960.75,401.2,0
452,15038,510587,980.7,409.8,940.6,392.3,960.65,401.05,0
452,15039,510588,981.0,409.7,940.3,392.2,960.65,400.95,0
452,15040,510589,981.4,409.6,939.9,392.1,960.65,400.85,0
452,15041,510590,981.7,409.7,939.6,392.0,960.65,400.85,0
452,15042,510591,982.0,409.7,939.6,391.9,960.8,400.8,0
452,15043,510592,982.0,409.1,939.7,391.8,960.85,400.45,0
452,15044,510593,982.0,408.5,939.7,391.6,960.85,400.05,0
452,15045,510594,982.1,407.8,939.8,391.4,960.95,399.6,0
452,15046,510595,982.1,407.1,939.8,391.2,960.95,399.15,0
452,15047,510596,982.2,406.6,939.9,391.1,961.05,398.85,0
452,15048,510597,982.2,406.2,940.0,391.0,961.1,398.6,0
452,15049,510598,982.3,405.9,940.5,391.0,961.4,398.45,0
452,15050,510599,982.4,406.3,940.9,391.0,961.65,398.65,0
452,15051,510600,982.6,406.5,941.3,391.3,961.95,398.9,0
452,15052,510601,982.7,406.3,941.7,391.5,962.2,398.9,0
452,15053,510602,982.9,406.0,942.0,391.7,962.45,398.85,0
452,15054,510603,983.1,405.6,942.2,391.9,962.65,398.75,0
452,15055,510604,983.4,404.9,942.0,392.0,962.7,398.45,0
452,15056,510605,983.7,404.2,941.5,391.5,962.6,397.85,0
452,15057,510606,984.0,403.6,941.0,390.9,962.5,397.25,0
452,15058,510607,984.4,403.1,940.4,390.0,962.4,396.55,0
452,15059,510608,984.7,403.1,939.9,389.0,962.3,396.05,0
452,15060,510609,985.0,403.1,939.8,388.0,962.4,395.55,0
452,15061,510610,985.0,403.0,939.8,387.1,962.4,395.05,0
452,15062,510611,985.1,402.8,940.1,386.3,962.6,394.55,0
452,15063,510612,985.1,402.7,940.5,386.0,962.8,394.35,0
452,15064,510613,985.0,402.5,940.9,385.8,962.95,394.15,0
452,15065,510614,984.5,402.0,941.3,385.9,962.9,393.95,0
452,15066,510615,983.9,401.5,941.7,386.0,962.8,393.75,0
453,15067,510616,983.2,401.0,941.7,386.2,962.45,393.6,0
453,15068,510617,982.5,400.3,941.7,386.2,962.1,393.25,0
453,15069,510618,981.8,399.6,941.6,386.2,961.7,392.9,0
453,15070,510619,981.1,399.1,941.6,386.3,961.35,392.7,0
453,15071,510620,980.4,398.5,941.5,386.2,960.95,392.35,0
453,15072,510621,980.2,398.2,941.4,386.1,960.8,392.15,0
453,15073,510622,980.1,397.8,941.3,386.0,960.7,391.9,0
453,15074,510623,980.0,397.5,941.2,385.8,960.6,391.65,0
453,15075,510624,980.0,397.4,941.1,385.7,960.55,391.55,0
453,15076,510625,980.1,397.2,941.1,385.5,960.6,391.35,0
453,15077,510626,980.2,396.8,941.1,385.4,960.65,391.1,0
453,15078,510627,980.5,396.4,941.1,385.4,960.8,390.9,0
453,15079,510628,981.0,396.0,941.2,385.4,961.1,390.7,0
453,15080,510629,981.4,395.7,941.4,385.5,961.4,390.6,0
453,15081,510630,981.7,395.4,941.6,385.4,961.65,390.4,0
453,15082,510631,982.0,395.1,941.9,385.3,961.95,390.2,0
453,15083,510632,982.3,394.9,942.1,384.6,962.2,389.75,0
453,15084,510633,982.4,394.9,942.2,383.9,962.3,389.4,0
453,15085,510634,982.3,394.9,942.2,383.2,962.25,389.05,0
453,15086,510635,982.0,394.9,942.2,382.5,962.1,388.7,0
453,15087,510636,981.8,394.9,942.1,381.7,961.95,388.3,0
453,15088,510637,981.6,394.5,942.1,380.8,961.85,387.65,0
453,15089,510638,981.5,394.2,942.0,380.0,961.75,387.1,0
453,15090,510639,981.3,393.8,942.0,379.8,961.65,386.8,0
453,15091,510640,981.1,393.4,942.0,379.5,961.55,386.45,0
453,15092,510641,980.9,393.0,942.1,379.3,961.5,386.15,0
453,15093,510642,980.8,392.6,942.2,379.2,961.5,385.9,0
453,15094,510643,980.6,392.1,942.3,379.1,961.45,385.6,0
453,15095,510644,980.5,391.8,942.3,379.5,961.4,385.65,0
453,15096,510645,980.4,391.2,942.2,379.8,961.3,385.5,0
453,15097,510646,980.4,390.7,942.0,380.2,961.2,385.45,0
453,15098,510647,980.5,390.1,941.8,380.4,961.15,385.25,0
453,15099,510648,980.6,389.7,941.6,380.6,961.1,385.15,0
453,15100,510649,980.7,389.2,941.5,380.5,961.1,384.85,0
454,15101,510650,980.8,388.8,941.3,380.6,961.05,384.7,0
454,15102,510651,980.8,388.5,940.8,380.4,960.8,384.45,0
454,15103,510652,980.9,388.6,940.4,380.2,960.65,384.4,0
454,15104,510653,980.9,388.6,940.1,380.0,960.5,384.3,0
454,15105,510654,980.9,388.6,939.8,379.9,960.35,384.25,0
454,15106,510655,980.9,388.6,939.5,380.0,960.2,384.3,0
454,15107,510656,981.0,388.5,939.2,380.3,960.1,384.4,0
454,15108,510657,981.0,388.5,938.8,380.7,959.9,384.6,0
454,15109,510658,981.1,388.4,938.7,381.0,959.9,384.7,0
454,15110,510659,981.1,388.4,938.6,381.4,959.85,384.9,0
454,15111,510660,981.2,388.4,938.6,382.2,959.9,385.3,0
454,15112,510661,981.2,388.4,938.6,383.0,959.9,385.7,0
454,15113,510662,981.3,388.4,938.6,384.0,959.95,386.2,0
454,15114,510663,981.4,388.5,938.6,384.9,960.0,386.7,0
454,15115,510664,981.4,388.5,938.7,385.6,960.05,387.05,0
454,15116,510665,981.5,388.5,938.9,386.4,960.2,387.45,0
454,15117,510666,981.6,388.5,939.1,387.3,960.35,387.9,0
454,15118,510667,981.7,388.5,939.2,387.7,960.45,388.1,0
454,15119,510668,981.9,388.5,939.4,388.1,960.65,388.3,0
454,15120,510669,981.9,388.4,939.5,388.2,960.7,388.3,0
454,15121,510670,981.9,388.2,939.7,388.4,960.8,388.3,0
454,15122,510671,981.9,387.7,939.8,388.6,960.85,388.15,0
454,15123,510672,981.6,387.1,940.2,388.8,960.9,387.95,0
454,15124,510673,981.2,386.4,940.5,389.4,960.85,387.9,0
454,15125,510674,980.7,385.9,940.8,390.1,960.75,388.0,0
454,15126,510675,980.3,385.5,941.2,390.9,960.75,388.2,0
454,15127,510676,980.5,385.2,941.6,391.7,961.05,388.45,0
454,15128,510677,980.8,385.1,942.0,392.5,961.4,388.8,0
454,15129,510678,981.0,385.4,942.3,393.4,961.65,389.4,0
454,15130,510679,981.4,385.7,942.4,394.3,961.9,390.0,0
454,15131,510680,981.8,386.3,942.5,394.7,962.15,390.5,0
454,15132,510681,982.3,386.7,942.7,395.2,962.5,390.95,0
454,15133,510682,982.9,387.0,942.7,395.6,962.8,391.3,0
455,15134,510683,982.9,387.3,942.7,396.0,962.8,391.65,0
455,15135,510684,983.0,387.5,942.7,396.5,962.85,392.0,0
455,15136,510685,983.2,387.5,942.6,397.0,962.9,392.25,0
455,15137,510686,983.7,387.6,942.6,397.4,963.15,392.5,0
455,15138,510687,984.2,387.5,942.6,398.1,963.4,392.8,0
455,15139,510688,984.6,387.4,942.6,398.8,963.6,393.1,0
455,15140,510689,985.0,387.1,942.5,399.5,963.75,393.3,0
455,15141,510690,985.1,387.0,942.5,400.1,963.8,393.55,0
455,15142,510691,985.1,386.8,942.5,400.5,963.8,393.65,0
455,15143,510692,985.1,386.8,942.5,401.1,963.8,393.95,0
455,15144,510693,985.0,386.9,942.5,401.7,963.75,394.3,0
455,15145,510694,984.9,386.9,942.4,402.0,963.65,394.45,0
455,15146,510695,984.8,387.0,942.2,402.4,963.5,394.7,0
455,15147,510696,984.7,387.2,942.0,403.2,963.35,395.2,0
455,15148,510697,984.8,387.3,941.8,404.0,963.3,395.65,0
455,15149,510698,984.8,387.4,941.7,405.5,963.25,396.45,0
455,15150,510699,984.8,387.4,941.4,406.9,963.1,397.15,0
455,15151,510700,984.8,387.3,941.2,408.2,963.0,397.75,0
455,15152,510701,984.8,387.1,941.0,409.4,962.9,398.25,0
455,15153,510702,984.9,387.0,941.0,410.6,962.95,398.8,0
455,15154,510703,984.9,386.8,940.9,411.4,962.9,399.1,0
455,15155,510704,985.0,386.7,940.8,412.0,962.9,399.35,0
455,15156,510705,985.1,386.6,940.7,412.0,962.9,399.3,0
455,15157,510706,985.2,386.5,940.7,411.9,962.95,399.2,0
455,15158,510707,985.3,386.5,940.6,411.8,962.95,399.15,0
455,15159,510708,985.3,386.8,940.6,411.7,962.95,399.25,0
455,15160,510709,985.3,387.1,940.6,411.8,962.95,399.45,0
455,15161,510710,985.3,387.4,940.7,412.1,963.0,399.75,0
455,15162,510711,985.4,388.0,940.7,412.4,963.05,400.2,0
455,15163,510712,985.5,388.6,940.7,412.9,963.1,400.75,0
455,15164,510713,985.5,389.2,940.7,413.6,963.1,401.4,0
455,15165,510714,985.5,389.6,940.7,414.2,963.1,401.9,0
455,15166,510715,985.6,389.7,940.6,414.8,963.1,402.25,0
456,15167,510716,985.7,389.8,940.5,415.0,963.1,402.4,0
456,15168,510717,985.8,389.9,940.3,415.1,963.05,402.5,0
456,15169,510718,985.8,389.8,940.1,415.2,962.95,402.5,0
456,15170,510719,985.5,389.8,939.9,415.1,962.7,402.45,0
456,15171,510720,985.3,389.8,939.7,414.8,962.5,402.3,0
456,15172,510721,985.0,389.9,939.4,414.6,962.2,402.25,0
456,15173,510722,984.8,390.1,939.2,414.4,962.0,402.25,0
456,15174,510723,984.7,390.3,939.1,414.3,961.9,402.3,0
456,15175,510724,984.7,390.4,939.1,414.2,961.9,402.3,0
456,15176,510725,984.7,390.4,939.1,414.1,961.9,402.25,0
456,15177,510726,984.7,390.4,939.2,414.1,961.95,402.25,0
456,15178,510727,984.7,390.4,939.3,414.1,962.0,402.25,0
456,15179,510728,984.7,390.3,939.4,414.1,962.05,402.2,0
456,15180,510729,984.6,390.3,939.6,414.1,962.1,402.2,0
456,15181,510730,984.3,390.5,939.7,414.2,962.0,402.35,0
456,15182,510731,984.0,390.8,939.6,414.3,961.8,402.55,0
456,15183,510732,983.8,391.1,939.5,414.4,961.65,402.75,0
456,15184,510733,983.9,391.4,939.5,414.4,961.7,402.9,0
456,15185,510734,984.0,391.3,939.5,414.5,961.75,402.9,0
456,15186,510735,984.1,391.1,939.5,414.5,961.8,402.8,0
456,15187,510736,984.2,391.0,939.8,414.4,962.0,402.7,0
456,15188,510737,984.3,390.7,940.1,413.7,962.2,402.2,0
456,15189,510738,984.3,390.5,940.5,413.1,962.4,401.8,0
456,15190,510739,984.3,390.2,940.8,412.6,962.55,401.4,0
456,15191,510740,984.2,390.0,941.2,412.0,962.7,401.0,0
456,15192,510741,984.2,390.0,941.4,411.3,962.8,400.65,0
456,15193,510742,984.1,390.0,941.6,410.4,962.85,400.2,0
456,15194,510743,984.1,390.1,941.6,409.6,962.85,399.85,0
456,15195,510744,984.3,390.2,941.6,409.0,962.95,399.6,0
456,15196,510745,984.4,390.2,941.5,408.3,962.95,399.25,0
456,15197,510746,984.5,390.3,941.6,407.5,963.05,398.9,0
456,15198,510747,984.7,390.3,941.6,406.5,963.15,398.4,0
456,15199,510748,984.7,390.3,941.6,405.6,963.15,397.95,0
456,15200,510749,984.6,390.4,941.6,404.2,963.1,397.3,0
457,15201,510750,984.6,390.4,941.7,402.1,963.15,396.25,0
457,15202,510751,984.4,390.6,941.7,400.2,963.05,395.4,0
457,15203,510752,984.2,390.7,941.7,398.5,962.95,394.6,0
457,15204,510753,984.0,390.8,941.7,397.0,962.85,393.9,0
457,15205,510754,984.0,391.0,942.0,395.6,963.0,393.3,0
457,15206,510755,984.1,391.4,942.3,394.1,963.2,392.75,0
457,15207,510756,984.4,391.8,942.7,393.2,963.55,392.5,0
457,15208,510757,984.6,392.2,943.0,392.8,963.8,392.5,0
457,15209,510758,984.9,392.4,943.6,392.4,964.25,392.4,0
457,15210,510759,985.2,392.7,944.3,391.5,964.75,392.1,0
457,15211,510760,985.2,393.0,945.0,390.5,965.1,391.75,0
457,15212,510761,985.2,393.3,945.5,389.4,965.35,391.35,0
457,15213,510762,985.1,393.6,946.1,388.1,965.6,390.85,0
457,15214,510763,984.9,393.8,946.6,387.1,965.75,390.45,0
457,15215,510764,984.8,394.0,946.9,386.0,965.85,390.0,0
457,15216,510765,984.7,394.2,947.0,385.0,965.85,389.6,0
457,15217,510766,984.6,394.3,947.0,384.2,965.8,389.25,0
457,15218,510767,984.7,394.5,946.9,383.5,965.8,389.0,0
457,15219,510768,984.8,395.0,946.8,382.9,965.8,388.95,0
457,15220,510769,985.0,395.5,946.6,382.4,965.8,388.95,0
457,15221,510770,985.1,396.2,946.4,382.0,965.75,389.1,0
457,15222,510771,985.2,396.9,946.3,381.4,965.75,389.15,0
457,15223,510772,985.4,397.8,946.0,380.8,965.7,389.3,0
457,15224,510773,985.6,398.6,945.7,380.3,965.65,389.45,0
457,15225,510774,985.8,399.3,945.4,379.8,965.6,389.55,0
457,15226,510775,986.0,399.7,945.2,379.2,965.6,389.45,0
457,15227,510776,986.3,400.1,945.1,378.8,965.7,389.45,0
457,15228,510777,986.6,400.3,945.1,378.5,965.85,389.4,0
457,15229,510778,986.9,400.5,945.2,378.6,966.05,389.55,0
457,15230,510779,986.9,400.6,945.5,379.0,966.2,389.8,0
457,15231,510780,986.7,401.0,945.9,379.3,966.3,390.15,0
457,15232,510781,986.4,401.4,946.5,380.0,966.45,390.7,0
457,15233,510782,986.2,402.0,947.0,380.6,966.6,391.3,0
458,15234,510783,985.7,402.5,947.3,381.2,966.5,391.85,0
458,15235,510784,985.3,402.9,947.7,382.1,966.5,392.5,0
458,15236,510785,984.8,403.3,948.0,382.9,966.4,393.1,0
458,15237,510786,984.7,403.6,948.3,383.5,966.5,393.55,0
458,15238,510787,984.7,404.1,948.4,384.0,966.55,394.05,0
458,15239,510788,984.7,404.7,948.4,384.4,966.55,394.55,0
458,15240,510789,984.4,405.2,948.4,384.8,966.4,395.0,0
458,15241,510790,984.2,405.8,948.3,385.5,966.25,395.65,0
458,15242,510791,984.0,406.7,948.2,385.9,966.1,396.3,0
458,15243,510792,983.8,407.6,948.1,386.2,965.95,396.9,0
458,15244,510793,983.4,408.4,948.0,386.5,965.7,397.45,0
458,15245,510794,983.1,408.9,947.9,386.9,965.5,397.9,0
458,15246,510795,982.9,409.3,947.8,387.6,965.35,398.45,0
458,15247,510796,983.0,409.5,947.6,388.1,965.3,398.8,0
458,15248,510797,983.1,409.8,947.5,388.4,965.3,399.1,0
458,15249,510798,983.1,409.9,947.3,388.8,965.2,399.35,0
458,15250,510799,983.2,410.0,947.1,389.2,965.15,399.6,0
458,15251,510800,983.2,410.1,946.9,389.5,965.05,399.8,0
458,15252,510801,983.2,410.3,946.4,390.4,964.8,400.35,0
458,15253,510802,983.4,410.6,946.0,391.1,964.7,400.85,0
458,15254,510803,983.5,410.9,945.6,391.9,964.55,401.4,0
458,15255,510804,983.6,411.2,944.9,393.1,964.25,402.15,0
458,15256,510805,983.7,411.7,944.2,394.3,963.95,403.0,0
458,15257,510806,983.8,412.0,943.7,395.4,963.75,403.7,0
458,15258,510807,983.8,412.4,943.2,397.1,963.5,404.75,0
458,15259,510808,983.9,412.8,943.0,398.1,963.45,405.45,0
458,15260,510809,983.9,413.2,942.9,399.2,963.4,406.2,0
458,15261,510810,984.0,414.0,942.8,400.4,963.4,407.2,0
458,15262,510811,984.1,414.7,942.9,401.4,963.5,408.05,0
458,15263,510812,984.2,415.2,942.6,402.4,963.4,408.8,0
458,15264,510813,984.4,415.7,942.4,403.6,963.4,409.65,0
458,15265,510814,984.4,416.3,942.0,404.3,963.2,410.3,0
458,15266,510815,984.5,416.8,941.6,405.0,963.05,410.9,0
459,15267,510816,984.6,417.2,941.2,405.7,962.9,411.45,0
459,15268,510817,984.6,417.2,940.9,406.3,962.75,411.75,0
459,15269,510818,984.6,417.3,940.4,406.8,962.5,412.05,0
459,15270,510819,984.5,417.5,940.2,407.7,962.35,412.6,0
459,15271,510820,984.6,417.6,940.0,408.3,962.3,412.95,0
459,15272,510821,984.7,417.8,939.9,408.9,962.3,413.35,0
459,15273,510822,984.8,417.9,939.7,409.6,962.25,413.75,0
459,15274,510823,985.0,418.0,939.5,410.2,962.25,414.1,0
459,15275,510824,985.2,418.1,939.4,411.1,962.3,414.6,0
459,15276,510825,985.3,418.0,939.2,411.9,962.25,414.95,0
459,15277,510826,985.4,417.6,939.2,412.5,962.3,415.05,0
459,15278,510827,985.4,417.1,939.2,413.1,962.3,415.1,0
459,15279,510828,985.4,416.3,939.2,413.9,962.3,415.1,0
459,15280,510829,985.3,415.6,939.3,414.7,962.3,415.15,0
459,15281,510830,985.2,414.8,939.3,415.6,962.25,415.2,0
459,15282,510831,985.0,414.2,939.3,416.3,962.15,415.25,0
459,15283,510832,984.9,413.6,939.1,417.1,962.0,415.35,0
459,15284,510833,984.8,413.2,938.8,417.8,961.8,415.5,0
459,15285,510834,984.8,413.0,938.6,418.5,961.7,415.75,0
459,15286,510835,984.7,412.9,938.3,419.0,961.5,415.95,0
459,15287,510836,984.6,412.6,938.1,419.6,961.35,416.1,0
459,15288,510837,984.6,412.4,938.1,420.1,961.35,416.25,0
459,15289,510838,984.5,412.0,938.3,420.8,961.4,416.4,0
459,15290,510839,984.2,411.7,938.5,421.3,961.35,416.5,0
459,15291,510840,984.0,411.5,938.8,421.8,961.4,416.65,0
459,15292,510841,983.8,411.1,939.1,422.3,961.45,416.7,0
459,15293,510842,983.7,410.9,939.3,422.8,961.5,416.85,0
459,15294,510843,983.6,410.7,939.5,423.1,961.55,416.9,0
459,15295,510844,983.7,410.6,939.5,423.3,961.6,416.95,0
459,15296,510845,983.7,410.0,939.5,423.3,961.6,416.65,0
459,15297,510846,983.9,409.6,939.5,423.3,961.7,416.45,0
459,15298,510847,984.1,409.1,939.5,423.4,961.8,416.25,0
459,15299,510848,984.3,408.7,939.4,423.8,961.85,416.25,0
459,15300,510849,984.4,408.4,939.7,424.3,962.05,416.35,0
460,15301,510850,984.4,408.0,940.0,424.7,962.2,416.35,0
460,15302,510851,984.2,407.5,940.2,425.1,962.2,416.3,0
460,15303,510852,984.0,407.4,940.5,425.6,962.25,416.5,0
460,15304,510853,983.8,407.4,940.8,426.1,962.3,416.75,0
460,15305,510854,983.5,407.2,941.1,426.5,962.3,416.85,0
460,15306,510855,983.2,407.0,941.3,426.6,962.25,416.8,0
460,15307,510856,982.9,406.8,941.3,426.7,962.1,416.75,0
460,15308,510857,982.6,406.6,941.3,426.9,961.95,416.75,0
460,15309,510858,982.4,406.4,941.4,427.0,961.9,416.7,0
460,15310,510859,982.0,406.2,941.7,427.1,961.85,416.65,0
460,15311,510860,981.6,406.0,942.0,427.4,961.8,416.7,0
460,15312,510861,981.3,405.8,942.3,427.5,961.8,416.65,0
460,15313,510862,980.9,405.1,942.6,427.6,961.75,416.35,0
460,15314,510863,980.4,404.4,942.8,427.7,961.6,416.05,0
460,15315,510864,980.0,403.8,943.1,427.6,961.55,415.7,0
460,15316,510865,979.6,403.3,943.3,427.7,961.45,415.5,0
460,15317,510866,979.4,402.7,943.2,427.7,961.3,415.2,0
460,15318,510867,979.3,402.2,943.1,427.9,961.2,415.05,0
460,15319,510868,979.1,401.4,943.0,428.1,961.05,414.75,0
460,15320,510869,979.1,401.1,942.9,428.4,961.0,414.75,0
460,15321,510870,979.1,400.8,942.8,428.8,960.95,414.8,0
460,15322,510871,979.3,400.4,942.8,429.2,961.05,414.8,0
460,15323,510872,979.5,400.2,942.8,429.5,961.15,414.85,0
460,15324,510873,979.7,400.0,943.0,429.8,961.35,414.9,0
460,15325,510874,979.9,399.7,943.2,429.9,961.55,414.8,0
460,15326,510875,980.0,399.6,943.4,429.9,961.7,414.75,0
460,15327,510876,980.0,399.4,943.3,430.0,961.65,414.7,0
460,15328,510877,980.1,399.2,943.3,430.0,961.7,414.6,0
460,15329,510878,980.1,399.0,943.2,430.1,961.65,414.55,0
460,15330,510879,980.4,398.7,943.2,430.2,961.8,414.45,0
460,15331,510880,980.7,398.5,942.9,430.2,961.8,414.35,0
460,15332,510881,981.0,398.2,942.7,430.3,961.85,414.25,0
460,15333,510882,981.4,398.0,942.6,430.4,962.0,414.2,0
461,15334,510883,981.8,397.8,942.7,430.6,962.25,414.2,0
461,15335,510884,982.1,397.7,942.7,431.3,962.4,414.5,0
461,15336,510885,982.3,397.6,942.7,431.9,962.5,414.75,0
461,15337,510886,982.2,397.5,942.6,432.6,962.4,415.05,0
461,15338,510887,982.0,397.3,942.6,433.2,962.3,415.25,0
461,15339,510888,981.9,397.3,942.5,433.8,962.2,415.55,0
461,15340,510889,981.7,397.2,942.4,434.3,962.05,415.75,0
461,15341,510890,981.6,397.1,942.4,434.7,962.0,415.9,0
461,15342,510891,981.4,397.0,942.3,434.5,961.85,415.75,0
461,15343,510892,981.2,396.9,942.1,434.3,961.65,415.6,0
461,15344,510893,981.2,396.8,942.0,434.2,961.6,415.5,0
461,15345,510894,981.1,396.7,942.0,434.1,961.55,415.4,0
461,15346,510895,981.0,396.7,942.0,434.0,961.5,415.35,0
461,15347,510896,980.8,396.9,942.0,434.1,961.4,415.5,0
461,15348,510897,980.6,397.1,942.1,434.2,961.35,415.65,0
461,15349,510898,980.4,397.3,942.3,434.3,961.35,415.8,0
461,15350,510899,980.2,397.7,942.5,434.6,961.35,416.15,0
461,15351,510900,979.8,398.0,942.6,435.0,961.2,416.5,0
461,15352,510901,979.5,398.3,942.7,435.3,961.1,416.8,0
461,15353,510902,979.2,398.6,942.7,435.7,960.95,417.15,0
461,15354,510903,978.9,398.8,942.7,436.1,960.8,417.45,0
461,15355,510904,978.7,398.9,942.6,436.3,960.65,417.6,0
461,15356,510905,978.3,398.9,942.5,436.5,960.4,417.7,0
461,15357,510906,978.1,398.8,942.3,436.5,960.2,417.65,0
461,15358,510907,978.0,398.9,942.1,436.4,960.05,417.65,0
461,15359,510908,977.9,399.0,942.0,436.3,959.95,417.65,0
461,15360,510909,977.8,399.3,942.0,436.1,959.9,417.7,0
461,15361,510910,977.7,399.5,941.9,435.9,959.8,417.7,0
461,15362,510911,977.7,399.7,941.8,435.8,959.75,417.75,0
461,15363,510912,977.9,400.0,941.8,435.6,959.85,417.8,0
461,15364,510913,978.2,399.9,941.8,435.5,960.0,417.7,0
461,15365,510914,978.6,399.9,941.9,435.4,960.25,417.65,0
461,15366,510915,978.9,399.6,942.1,435.2,960.5,417.4,0
462,15367,510916,979.2,399.3,942.2,435.0,960.7,417.15,0
462,15368,510917,979.6,398.9,942.3,434.6,960.95,416.75,0
462,15369,510918,979.9,398.6,942.4,434.2,961.15,416.4,0
462,15370,510919,980.2,398.8,942.4,433.9,961.3,416.35,0
462,15371,510920,980.3,399.3,942.4,433.4,961.35,416.35,0
462,15372,510921,980.5,399.8,942.3,432.7,961.4,416.25,0
462,15373,510922,980.6,400.4,942.1,432.1,961.35,416.25,0
462,15374,510923,980.6,400.9,941.8,431.5,961.2,416.2,0
462,15375,510924,980.7,401.4,941.6,431.2,961.15,416.3,0
462,15376,510925,980.7,402.0,941.5,430.9,961.1,416.45,0
462,15377,510926,980.6,402.0,941.3,430.6,960.95,416.3,0
462,15378,510927,980.4,402.1,941.2,430.4,960.8,416.25,0
462,15379,510928,980.3,402.1,941.1,430.4,960.7,416.25,0
462,15380,510929,980.3,402.1,941.1,430.4,960.7,416.25,0
462,15381,510930,980.3,402.3,941.1,430.5,960.7,416.4,0
462,15382,510931,980.2,402.4,941.0,430.6,960.6,416.5,0
462,15383,510932,980.2,402.6,941.0,430.9,960.6,416.75,0
462,15384,510933,980.1,402.9,941.0,431.1,960.55,417.0,0
462,15385,510934,980.1,403.2,941.0,431.3,960.55,417.25,0
462,15386,510935,980.0,403.5,941.2,431.2,960.6,417.35,0
462,15387,510936,980.0,403.8,941.3,430.8,960.65,417.3,0
462,15388,510937,979.8,403.9,941.4,430.4,960.6,417.15,0
462,15389,510938,979.7,404.1,941.5,429.9,960.6,417.0,0
462,15390,510939,979.5,404.2,941.6,429.5,960.55,416.85,0
462,15391,510940,979.4,404.4,941.5,429.0,960.45,416.7,0
462,15392,510941,979.4,404.8,941.5,428.9,960.45,416.85,0
462,15393,510942,979.4,405.9,941.3,429.2,960.35,417.55,0
462,15394,510943,979.5,407.0,941.1,429.8,960.3,418.4,0
462,15395,510944,979.8,408.3,941.0,430.3,960.4,419.3,0
462,15396,510945,980.1,409.7,941.0,430.7,960.55,420.2,0
462,15397,510946,980.4,411.0,941.0,430.9,960.7,420.95,0
462,15398,510947,980.7,412.2,941.1,431.1,960.9,421.65,0
462,15399,510948,980.8,413.1,941.1,431.0,960.95,422.05,0
462,15400,510949,980.9,413.5,941.2,430.7,961.05,422.1,0
463,15401,510950,981.1,413.8,941.3,430.4,961.2,422.1,0
463,15402,510951,981.1,414.0,941.3,430.1,961.2,422.05,0
463,15403,510952,981.1,414.1,941.4,430.0,961.25,422.05,0
463,15404,510953,981.0,414.3,941.3,430.0,961.15,422.15,0
463,15405,510954,980.9,414.5,941.1,430.1,961.0,422.3,0
463,15406,510955,980.8,414.7,940.6,430.2,960.7,422.45,0
463,15407,510956,980.6,414.9,940.0,430.4,960.3,422.65,0
463,15408,510957,980.4,415.0,939.4,430.5,959.9,422.75,0
463,15409,510958,980.2,415.2,938.8,430.6,959.5,422.9,0
463,15410,510959,980.0,415.4,938.2,430.7,959.1,423.05,0
463,15411,510960,979.8,415.6,937.7,430.7,958.75,423.15,0
463,15412,510961,979.6,415.7,937.4,430.5,958.5,423.1,0
463,15413,510962,979.4,415.9,937.4,430.4,958.4,423.15,0
463,15414,510963,979.2,416.0,937.5,430.3,958.35,423.15,0
463,15415,510964,979.0,416.2,937.6,430.2,958.3,423.2,0
463,15416,510965,978.9,416.3,937.7,430.2,958.3,423.25,0
463,15417,510966,978.7,416.4,937.8,430.0,958.25,423.2,0
463,15418,510967,978.8,417.0,937.8,430.0,958.3,423.5,0
463,15419,510968,978.9,417.5,937.8,429.8,958.35,423.65,0
463,15420,510969,979.0,417.9,937.8,429.7,958.4,423.8,0
463,15421,510970,979.1,418.3,937.7,429.5,958.4,423.9,0
463,15422,510971,979.4,418.8,937.7,428.8,958.55,423.8,0
463,15423,510972,979.6,419.4,937.5,428.1,958.55,423.75,0
463,15424,510973,979.8,420.0,937.4,427.5,958.6,423.75,0
463,15425,510974,979.9,420.2,937.3,427.0,958.6,423.6,0
463,15426,510975,979.9,420.4,937.1,426.5,958.5,423.45,0
463,15427,510976,979.9,420.2,937.0,426.0,958.45,423.1,0
463,15428,510977,979.8,420.0,937.0,425.5,958.4,422.75,0
463,15429,510978,979.7,419.7,936.9,425.7,958.3,422.7,0
463,15430,510979,979.6,419.3,936.9,425.1,958.25,422.2,0
463,15431,510980,979.6,418.9,936.9,424.5,958.25,421.7,0
463,15432,510981,979.5,418.4,937.0,423.7,958.25,421.05,0
463,15433,510982,979.6,417.9,937.0,422.7,958.3,420.3,0
464,15434,510983,979.7,418.1,937.1,421.7,958.4,419.9,0
464,15435,510984,979.8,418.4,937.1,420.6,958.45,419.5,0
464,15436,510985,979.8,418.8,937.2,419.5,958.5,419.15,0
464,15437,510986,979.9,419.4,937.2,418.8,958.55,419.1,0
464,15438,510987,980.1,420.0,937.3,417.7,958.7,418.85,0
464,15439,510988,980.2,420.5,937.4,416.6,958.8,418.55,0
464,15440,510989,980.5,421.1,937.5,415.7,959.0,418.4,0
464,15441,510990,980.8,421.4,937.9,414.9,959.35,418.15,0
464,15442,510991,981.0,421.6,938.3,414.0,959.65,417.8,0
464,15443,510992,981.2,421.6,938.6,413.3,959.9,417.45,0
464,15444,510993,981.1,421.5,938.9,412.7,960.0,417.1,0
464,15445,510994,981.0,421.5,939.0,413.0,960.0,417.25,0
464,15446,510995,980.9,421.5,939.0,413.2,959.95,417.35,0
464,15447,510996,980.6,421.5,938.9,413.3,959.75,417.4,0
464,15448,510997,980.3,421.3,938.6,413.2,959.45,417.25,0
464,15449,510998,980.0,421.4,938.2,413.0,959.1,417.2,0
464,15450,510999,979.7,421.4,938.0,412.8,958.85,417.1,0
464,15451,511000,979.5,421.5,937.9,412.6,958.7,417.05,0
464,15452,511001,979.3,421.3,938.0,412.1,958.65,416.7,0
464,15453,511002,979.1,421.2,938.2,411.6,958.65,416.4,0
464,15454,511003,979.0,421.1,938.4,411.3,958.7,416.2,0
464,15455,511004,978.9,421.0,938.5,411.1,958.7,416.05,0
464,15456,511005,978.8,420.8,938.6,410.7,958.7,415.75,0
464,15457,511006,978.7,420.6,938.7,410.2,958.7,415.4,0
464,15458,511007,978.5,420.5,938.8,409.4,958.65,414.95,0
464,15459,511008,978.3,420.6,939.0,408.4,958.65,414.5,0
464,15460,511009,978.1,420.7,939.2,407.4,958.65,414.05,0
464,15461,511010,977.8,420.8,939.5,406.4,958.65,413.6,0
464,15462,511011,977.6,420.9,939.9,405.4,958.75,413.15,0
464,15463,511012,977.4,420.9,940.2,404.7,958.8,412.8,0
464,15464,511013,977.5,420.9,940.6,404.1,959.05,412.5,0
464,15465,511014,977.9,420.9,940.8,403.8,959.35,412.35,0
464,15466,511015,978.3,420.8,940.9,403.6,959.6,412.2,0
465,15467,511016,978.6,420.8,940.9,403.6,959.75,412.2,0
465,15468,511017,978.9,420.8,940.9,403.6,959.9,412.2,0
465,15469,511018,979.0,420.9,940.9,403.6,959.95,412.25,0
465,15470,511019,979.1,421.0,940.8,403.6,959.95,412.3,0
465,15471,511020,978.8,421.1,940.7,403.6,959.75,412.35,0
465,15472,511021,978.5,421.1,940.7,403.6,959.6,412.35,0
465,15473,511022,978.3,421.0,940.8,403.4,959.55,412.2,0
465,15474,511023,978.0,420.7,940.8,403.2,959.4,411.95,0
465,15475,511024,978.0,420.5,940.7,403.0,959.35,411.75,0
465,15476,511025,978.3,420.4,940.7,402.7,959.5,411.55,0
465,15477,511026,978.6,420.3,940.6,403.0,959.6,411.65,0
465,15478,511027,979.0,420.3,940.4,403.3,959.7,411.8,0
465,15479,511028,979.3,420.2,940.2,403.6,959.75,411.9,0
465,15480,511029,979.6,420.0,939.9,403.9,959.75,411.95,0
465,15481,511030,979.9,419.7,939.7,404.2,959.8,411.95,0
465,15482,511031,980.0,419.3,939.5,404.4,959.75,411.85,0
465,15483,511032,979.9,418.8,939.4,404.2,959.65,411.5,0
465,15484,511033,979.8,418.3,939.4,403.4,959.6,410.85,0
465,15485,511034,979.9,417.8,939.3,402.7,959.6,410.25,0
465,15486,511035,979.8,417.2,939.4,402.1,959.6,409.65,0
465,15487,511036,979.7,416.8,939.6,401.6,959.65,409.2,0
465,15488,511037,979.5,416.3,939.9,401.5,959.7,408.9,0
465,15489,511038,979.4,415.9,940.3,401.4,959.85,408.65,0
465,15490,511039,979.1,415.5,940.6,401.9,959.85,408.7,0
465,15491,511040,978.7,415.1,941.0,402.4,959.85,408.75,0
465,15492,511041,978.3,414.8,941.3,402.9,959.8,408.85,0
465,15493,511042,978.1,414.6,941.6,403.3,959.85,408.95,0
465,15494,511043,978.0,414.7,941.9,403.6,959.95,409.15,0
465,15495,511044,977.9,415.1,941.9,403.5,959.9,409.3,0
465,15496,511045,977.9,415.4,942.0,403.4,959.95,409.4,0
465,15497,511046,978.1,415.6,942.2,403.2,960.15,409.4,0
465,15498,511047,978.3,415.7,942.4,402.9,960.35,409.3,0
465,15499,511048,978.4,415.9,942.6,402.5,960.5,409.2,0
465,15500,511049,978.4,416.1,942.7,402.1,960.55,409.1,0
466,15501,511050,978.3,416.6,942.8,401.5,960.55,409.05,0
466,15502,511051,978.2,417.1,942.8,401.0,960.5,409.05,0
466,15503,511052,978.0,417.5,942.7,400.5,960.35,409.0,0
466,15504,511053,977.8,418.1,942.5,400.1,960.15,409.1,0
466,15505,511054,977.7,418.5,942.5,399.6,960.1,409.05,0
466,15506,511055,977.5,418.5,942.4,399.2,959.95,408.85,0
466,15507,511056,977.4,418.5,942.4,399.4,959.9,408.95,0
466,15508,511057,977.4,418.0,942.4,399.7,959.9,408.85,0
466,15509,511058,977.4,417.5,942.4,399.9,959.9,408.7,0
466,15510,511059,977.4,417.1,942.5,400.0,959.95,408.55,0
466,15511,511060,977.5,416.6,942.5,400.3,960.0,408.45,0
466,15512,511061,977.5,416.6,942.4,400.7,959.95,408.65,0
466,15513,511062,977.5,416.7,942.3,401.1,959.9,408.9,0
466,15514,511063,977.5,416.9,942.3,401.1,959.9,409.0,0
466,15515,511064,977.5,417.0,942.2,401.0,959.85,409.0,0
466,15516,511065,977.5,417.1,942.1,401.0,959.8,409.05,0
466,15517,511066,977.5,417.3,942.0,401.0,959.75,409.15,0
466,15518,511067,977.7,417.3,942.0,400.5,959.85,408.9,0
466,15519,511068,977.9,417.3,942.0,400.0,959.95,408.65,0
466,15520,511069,978.0,417.2,942.0,399.5,960.0,408.35,0
466,15521,511070,978.1,417.1,942.1,398.7,960.1,407.9,0
466,15522,511071,978.1,416.9,942.1,398.0,960.1,407.45,0
466,15523,511072,978.2,416.8,942.2,397.3,960.2,407.05,0
466,15524,511073,978.1,416.7,942.3,396.7,960.2,406.7,0
466,15525,511074,977.9,416.6,942.4,396.4,960.15,406.5,0
466,15526,511075,977.5,416.5,942.3,396.1,959.9,406.3,0
466,15527,511076,977.2,416.4,942.3,395.9,959.75,406.15,0
466,15528,511077,976.9,416.2,942.3,395.7,959.6,405.95,0
466,15529,511078,976.7,416.0,942.2,395.8,959.45,405.9,0
466,15530,511079,976.4,415.8,942.1,395.9,959.25,405.85,0
466,15531,511080,976.2,415.5,942.1,396.0,959.15,405.75,0
466,15532,511081,976.1,415.3,942.0,396.2,959.05,405.75,0
466,15533,511082,976.2,415.1,942.0,396.4,959.1,405.75,0
467,15534,511083,976.5,415.1,941.9,396.6,959.2,405.85,0
467,15535,511084,976.8,415.2,941.9,396.9,959.35,406.05,0
467,15536,511085,977.1,415.3,941.9,396.8,959.5,406.05,0
467,15537,511086,977.4,415.4,941.9,396.8,959.65,406.1,0
467,15538,511087,977.8,415.4,941.9,396.7,959.85,406.05,0
467,15539,511088,978.0,415.5,941.9,396.6,959.95,406.05,0
467,15540,511089,978.0,415.5,941.8,396.5,959.9,406.0,0
467,15541,511090,977.9,415.7,941.7,395.9,959.8,405.8,0
467,15542,511091,977.7,415.8,941.7,395.5,959.7,405.65,0
467,15543,511092,977.4,415.9,941.6,395.1,959.5,405.5,0
467,15544,511093,977.1,416.0,941.5,394.9,959.3,405.45,0
467,15545,511094,976.7,416.1,941.5,394.7,959.1,405.4,0
467,15546,511095,976.3,416.2,941.4,395.0,958.85,405.6,0
467,15547,511096,975.9,416.2,941.5,395.2,958.7,405.7,0
467,15548,511097,975.6,416.1,941.5,395.9,958.55,406.0,0
467,15549,511098,975.3,416.0,941.5,396.5,958.4,406.25,0
467,15550,511099,975.0,415.9,941.5,397.2,958.25,406.55,0
467,15551,511100,974.7,415.8,941.3,397.7,958.0,406.75,0
467,15552,511101,974.5,415.7,941.1,397.9,957.8,406.8,0
467,15553,511102,974.4,415.7,940.9,397.7,957.65,406.7,0
467,15554,511103,974.3,415.7,940.7,397.4,957.5,406.55,0
467,15555,511104,974.2,415.7,940.6,397.1,957.4,406.4,0
467,15556,511105,974.0,415.8,940.5,396.7,957.25,406.25,0
467,15557,511106,974.0,415.9,940.5,396.4,957.25,406.15,0
467,15558,511107,974.1,416.0,940.6,395.9,957.35,405.95,0
467,15559,511108,974.3,416.2,940.9,395.6,957.6,405.9,0
467,15560,511109,974.5,416.2,941.0,395.4,957.75,405.8,0
467,15561,511110,974.8,416.2,941.2,395.5,958.0,405.85,0
467,15562,511111,975.2,416.2,941.1,395.5,958.15,405.85,0
467,15563,511112,975.6,416.2,940.8,395.6,958.2,405.9,0
467,15564,511113,975.9,416.3,940.5,395.9,958.2,406.1,0
467,15565,511114,976.2,416.4,940.2,396.3,958.2,406.35,0
467,15566,511115,976.4,416.4,939.9,396.6,958.15,406.5,0
468,15567,511116,976.5,416.4,939.7,396.9,958.1,406.65,0
468,15568,511117,976.6,416.6,939.7,397.0,958.15,406.8,0
468,15569,511118,976.6,416.7,939.7,397.2,958.15,406.95,0
468,15570,511119,976.6,416.9,940.0,397.4,958.3,407.15,0
468,15571,511120,976.6,417.1,939.8,397.5,958.2,407.3,0
468,15572,511121,976.4,417.3,939.6,397.6,958.0,407.45,0
468,15573,511122,976.1,417.9,939.4,397.8,957.75,407.85,0
468,15574,511123,975.9,418.4,939.2,398.0,957.55,408.2,0
468,15575,511124,975.7,419.0,938.9,398.3,957.3,408.65,0
468,15576,511125,975.5,419.3,938.7,398.4,957.1,408.85,0
468,15577,511126,975.2,419.3,938.5,398.5,956.85,408.9,0
468,15578,511127,975.0,419.1,938.6,398.6,956.8,408.85,0
468,15579,511128,974.9,419.0,938.7,398.8,956.8,408.9,0
468,15580,511129,974.8,418.5,938.8,399.0,956.8,408.75,0
468,15581,511130,974.7,418.3,938.8,399.4,956.75,408.85,0
468,15582,511131,974.6,418.2,939.0,400.0,956.8,409.1,0
468,15583,511132,974.6,418.2,938.9,400.7,956.75,409.45,0
468,15584,511133,974.6,418.5,938.9,401.5,956.75,410.0,0
468,15585,511134,974.6,418.7,938.9,402.4,956.75,410.55,0
468,15586,511135,974.9,419.0,939.0,403.4,956.95,411.2,0
468,15587,511136,975.1,418.8,939.1,404.4,957.1,411.6,0
468,15588,511137,975.3,418.4,939.1,405.2,957.2,411.8,0
468,15589,511138,975.4,418.0,939.0,405.7,957.2,411.85,0
468,15590,511139,975.5,417.8,938.9,406.3,957.2,412.05,0
468,15591,511140,975.6,418.1,938.8,406.8,957.2,412.45,0
468,15592,511141,975.7,418.4,938.7,407.1,957.2,412.75,0
468,15593,511142,975.6,418.9,938.7,407.2,957.15,413.05,0
468,15594,511143,975.6,419.7,938.7,407.3,957.15,413.5,0
468,15595,511144,975.5,420.8,938.7,407.5,957.1,414.15,0
468,15596,511145,975.5,421.7,938.8,407.8,957.15,414.75,0
468,15597,511146,975.5,422.5,938.9,408.5,957.2,415.5,0
468,15598,511147,975.5,422.9,939.0,409.2,957.25,416.05,0
468,15599,511148,975.7,423.2,939.0,409.9,957.35,416.55,0
468,15600,511149,975.9,423.4,939.0,410.6,957.45,417.0,0
469,15601,511150,976.1,423.6,939.0,411.3,957.55,417.45,0
469,15602,511151,976.4,423.6,938.9,411.9,957.65,417.75,0
469,15603,511152,976.8,423.6,938.7,413.3,957.75,418.45,0
469,15604,511153,977.0,423.6,938.6,414.1,957.8,418.85,0
469,15605,511154,977.1,423.5,938.7,415.0,957.9,419.25,0
469,15606,511155,976.9,423.4,938.9,415.9,957.9,419.65,0
469,15607,511156,976.8,423.4,939.2,416.7,958.0,420.05,0
469,15608,511157,976.6,423.3,939.5,417.6,958.05,420.45,0
469,15609,511158,976.5,423.2,940.0,418.5,958.25,420.85,0
469,15610,511159,976.3,423.2,940.4,418.6,958.35,420.9,0
469,15611,511160,976.2,423.2,940.7,418.7,958.45,420.95,0
469,15612,511161,975.7,423.2,940.9,418.9,958.3,421.05,0
469,15613,511162,975.3,423.2,940.3,419.0,957.8,421.1,0
469,15614,511163,974.8,423.3,939.8,419.0,957.3,421.15,0
469,15615,511164,974.3,423.4,939.3,419.1,956.8,421.25,0
469,15616,511165,973.7,423.6,938.8,419.1,956.25,421.35,0
469,15617,511166,973.2,423.9,938.2,419.2,955.7,421.55,0
469,15618,511167,972.7,424.1,937.8,419.3,955.25,421.7,0
469,15619,511168,972.7,424.1,937.5,419.3,955.1,421.7,0
469,15620,511169,972.7,423.6,937.8,419.4,955.25,421.5,0
469,15621,511170,972.7,423.0,938.1,419.9,955.4,421.45,0
469,15622,511171,972.8,422.5,938.5,420.4,955.65,421.45,0
469,15623,511172,972.8,421.9,938.9,421.0,955.85,421.45,0
469,15624,511173,972.9,421.5,939.3,421.8,956.1,421.65,0
469,15625,511174,972.9,421.2,939.8,422.5,956.35,421.85,0
469,15626,511175,972.9,421.1,940.2,423.3,956.55,422.2,0
469,15627,511176,972.9,421.5,940.3,424.1,956.6,422.8,0
469,15628,511177,972.8,422.0,940.3,424.4,956.55,423.2,0
469,15629,511178,972.9,422.4,940.3,424.8,956.6,423.6,0
469,15630,511179,972.9,422.7,940.3,425.1,956.6,423.9,0
469,15631,511180,972.8,422.8,940.3,425.3,956.55,424.05,0
469,15632,511181,972.6,422.9,940.1,425.6,956.35,424.25,0
469,15633,511182,972.3,423.0,940.0,425.9,956.15,424.45,0
470,15634,511183,972.1,422.9,939.9,426.2,956.0,424.55,0
470,15635,511184,971.8,422.8,939.9,426.5,955.85,424.65,0
470,15636,511185,971.4,422.4,939.8,426.9,955.6,424.65,0
470,15637,511186,971.2,421.9,939.7,427.3,955.45,424.6,0
470,15638,511187,971.0,421.4,939.5,427.7,955.25,424.55,0
470,15639,511188,971.0,421.0,939.3,428.0,955.15,424.5,0
470,15640,511189,971.0,420.6,939.1,428.5,955.05,424.55,0
470,15641,511190,971.0,420.4,938.9,428.9,954.95,424.65,0
470,15642,511191,971.1,420.4,938.7,429.4,954.9,424.9,0
470,15643,511192,971.2,420.5,938.5,430.0,954.85,425.25,0
470,15644,511193,971.2,420.6,938.5,430.5,954.85,425.55,0
470,15645,511194,971.3,420.3,938.4,431.1,954.85,425.7,0
470,15646,511195,971.3,420.0,938.4,431.8,954.85,425.9,0
470,15647,511196,971.3,419.6,938.4,432.7,954.85,426.15,0
470,15648,511197,971.2,419.0,938.3,433.6,954.75,426.3,0
470,15649,511198,971.2,418.4,938.3,434.3,954.75,426.35,0
470,15650,511199,971.1,418.0,938.4,434.7,954.75,426.35,0
470,15651,511200,971.0,417.6,938.6,435.0,954.8,426.3,0
470,15652,511201,970.9,417.6,938.7,435.2,954.8,426.4,0
470,15653,511202,970.9,417.7,939.1,435.3,955.0,426.5,0
470,15654,511203,970.8,418.0,939.4,435.1,955.1,426.55,0
470,15655,511204,970.7,418.2,939.7,434.8,955.2,426.5,0
470,15656,511205,970.7,418.4,940.0,434.6,955.35,426.5,0
470,15657,511206,970.8,418.4,940.2,434.5,955.5,426.45,0
470,15658,511207,971.0,418.4,940.3,434.6,955.65,426.5,0
470,15659,511208,971.2,418.4,940.4,434.6,955.8,426.5,0
470,15660,511209,971.4,418.3,940.4,434.7,955.9,426.5,0
470,15661,511210,971.6,418.1,940.4,434.9,956.0,426.5,0
470,15662,511211,971.8,417.7,940.3,435.2,956.05,426.45,0
470,15663,511212,972.0,417.3,940.0,435.4,956.0,426.35,0
470,15664,511213,972.3,417.0,939.6,435.6,955.95,426.3,0
470,15665,511214,972.5,416.8,939.3,436.1,955.9,426.45,0
470,15666,511215,972.8,416.5,939.0,436.9,955.9,426.7,0
471,15667,511216,973.1,416.2,938.6,437.7,955.85,426.95,0
471,15668,511217,973.5,416.0,938.3,438.3,955.9,427.15,0
471,15669,511218,973.8,415.8,938.0,439.3,955.9,427.55,0
471,15670,511219,974.0,415.6,937.9,440.2,955.95,427.9,0
471,15671,511220,974.0,415.4,937.8,441.0,955.9,428.2,0
471,15672,511221,973.9,415.2,937.7,441.7,955.8,428.45,0
471,15673,511222,973.8,415.2,937.6,441.8,955.7,428.5,0
471,15674,511223,973.7,415.1,937.5,442.0,955.6,428.55,0
471,15675,511224,973.7,415.0,937.5,442.2,955.6,428.6,0
471,15676,511225,973.6,415.0,937.5,442.1,955.55,428.55,0
471,15677,511226,973.6,415.2,937.6,441.9,955.6,428.55,0
471,15678,511227,973.5,414.6,937.5,441.6,955.5,428.1,0
471,15679,511228,973.4,414.0,937.4,441.2,955.4,427.6,0
471,15680,511229,973.3,413.3,937.4,441.0,955.35,427.15,0
471,15681,511230,973.1,412.8,937.3,440.8,955.2,426.8,0
471,15682,511231,972.9,412.3,937.2,440.6,955.05,426.45,0
471,15683,511232,972.7,411.8,937.1,440.4,954.9,426.1,0
471,15684,511233,972.6,411.3,937.0,440.2,954.8,425.75,0
471,15685,511234,972.6,411.7,936.9,440.0,954.75,425.85,0
471,15686,511235,972.6,412.3,936.9,439.8,954.75,426.05,0
471,15687,511236,972.7,413.0,936.9,439.4,954.8,426.2,0
471,15688,511237,972.9,413.4,936.9,438.8,954.9,426.1,0
471,15689,511238,973.2,413.9,936.9,438.3,955.05,426.1,0
471,15690,511239,973.4,414.4,936.9,437.9,955.15,426.15,0
471,15691,511240,973.7,414.8,936.9,437.6,955.3,426.2,0
471,15692,511241,974.0,415.2,937.0,437.7,955.5,426.45,0
471,15693,511242,974.2,415.3,937.0,437.8,955.6,426.55,0
471,15694,511243,974.4,415.2,937.1,438.2,955.75,426.7,0
471,15695,511244,974.4,415.1,937.0,438.5,955.7,426.8,0
471,15696,511245,974.4,415.1,937.0,438.6,955.7,426.85,0
471,15697,511246,974.4,415.1,936.9,438.8,955.65,426.95,0
471,15698,511247,974.4,415.0,936.4,438.7,955.4,426.85,0
471,15699,511248,974.4,414.7,935.9,438.6,955.15,426.65,0
471,15700,511249,974.4,414.6,935.5,438.6,954.95,426.6,0
472,15701,511250,974.3,414.5,935.1,438.6,954.7,426.55,0
472,15702,511251,974.3,414.0,934.7,438.6,954.5,426.3,0
472,15703,511252,974.3,413.7,934.8,438.7,954.55,426.2,0
472,15704,511253,974.3,413.3,934.8,438.8,954.55,426.05,0
472,15705,511254,974.2,413.3,935.5,438.8,954.85,426.05,0
472,15706,511255,974.3,413.3,936.1,438.8,955.2,426.05,0
472,15707,511256,974.5,413.3,936.7,438.6,955.6,425.95,0
472,15708,511257,975.1,413.3,937.0,438.5,956.05,425.9,0
472,15709,511258,975.7,413.6,937.3,438.4,956.5,426.0,0
472,15710,511259,976.2,413.9,937.1,438.4,956.65,426.15,0
472,15711,511260,976.6,414.2,937.1,438.5,956.85,426.35,0
472,15712,511261,976.7,414.5,936.8,438.4,956.75,426.45,0
472,15713,511262,976.7,414.9,936.6,438.4,956.65,426.65,0
472,15714,511263,976.6,415.4,936.2,438.3,956.4,426.85,0
472,15715,511264,976.1,416.0,936.1,438.2,956.1,427.1,0
472,15716,511265,975.6,416.6,936.0,438.0,955.8,427.3,0
472,15717,511266,975.2,417.2,935.9,438.1,955.55,427.65,0
472,15718,511267,974.7,416.7,935.7,438.3,955.2,427.5,0
472,15719,511268,974.4,416.0,935.6,438.5,955.0,427.25,0
472,15720,511269,974.1,415.4,935.5,438.7,954.8,427.05,0
472,15721,511270,973.8,414.9,935.7,438.9,954.75,426.9,0
472,15722,511271,973.5,414.8,936.0,439.1,954.75,426.95,0
472,15723,511272,973.1,414.7,936.2,439.3,954.65,427.0,0
472,15724,511273,972.7,414.5,936.5,439.0,954.6,426.75,0
472,15725,511274,972.4,415.3,936.8,438.8,954.6,427.05,0
472,15726,511275,972.1,416.0,937.0,438.7,954.55,427.35,0
472,15727,511276,971.9,416.6,937.1,438.7,954.5,427.65,0
472,15728,511277,971.5,417.0,936.8,438.7,954.15,427.85,0
472,15729,511278,971.1,416.6,936.5,438.7,953.8,427.65,0
472,15730,511279,970.7,416.3,936.2,438.7,953.45,427.5,0
472,15731,511280,970.4,416.1,935.9,438.7,953.15,427.4,0
472,15732,511281,970.2,416.2,935.6,438.5,952.9,427.35,0
472,15733,511282,970.1,416.6,935.3,438.3,952.7,427.45,0
473,15734,511283,969.9,417.0,935.1,438.0,952.5,427.5,0
473,15735,511284,969.7,417.5,935.1,437.8,952.4,427.65,0
473,15736,511285,969.6,418.3,935.1,437.6,952.35,427.95,0
473,15737,511286,969.3,419.1,935.2,437.4,952.25,428.25,0
473,15738,511287,968.9,419.8,935.6,437.3,952.25,428.55,0
473,15739,511288,968.4,420.2,936.0,437.2,952.2,428.7,0
473,15740,511289,967.9,420.3,936.4,437.6,952.15,428.95,0
473,15741,511290,967.5,420.4,936.8,438.1,952.15,429.25,0
473,15742,511291,967.4,420.4,937.2,438.6,952.3,429.5,0
473,15743,511292,967.2,420.3,937.5,439.1,952.35,429.7,0
473,15744,511293,967.1,420.2,937.7,439.6,952.4,429.9,0
473,15745,511294,967.1,420.1,937.6,439.9,952.35,430.0,0
473,15746,511295,967.0,419.9,937.4,440.2,952.2,430.05,0
473,15747,511296,967.0,419.8,937.3,440.1,952.15,429.95,0
473,15748,511297,966.8,419.7,937.2,440.0,952.0,429.85,0
473,15749,511298,966.8,419.6,937.1,439.8,951.95,429.7,0
473,15750,511299,966.8,419.6,937.0,439.6,951.9,429.6,0
473,15751,511300,966.7,419.6,936.9,439.5,951.8,429.55,0
473,15752,511301,966.8,419.7,936.8,439.5,951.8,429.6,0
473,15753,511302,966.9,420.0,936.7,439.4,951.8,429.7,0
473,15754,511303,966.9,420.2,936.6,439.2,951.75,429.7,0
473,15755,511304,967.0,420.5,936.5,439.1,951.75,429.8,0
473,15756,511305,966.9,420.6,936.4,438.9,951.65,429.75,0
473,15757,511306,966.7,420.8,936.3,438.7,951.5,429.75,0
473,15758,511307,966.7,421.1,936.3,438.5,951.5,429.8,0
473,15759,511308,966.8,421.4,936.4,438.4,951.6,429.9,0
473,15760,511309,967.4,421.5,936.4,438.4,951.9,429.95,0
473,15761,511310,967.9,421.7,936.5,438.5,952.2,430.1,0
473,15762,511311,968.3,421.9,936.7,438.7,952.5,430.3,0
473,15763,511312,968.8,422.1,936.9,439.0,952.85,430.55,0
473,15764,511313,969.3,422.2,937.2,439.3,953.25,430.75,0
473,15765,511314,969.6,422.2,937.5,439.7,953.55,430.95,0
473,15766,511315,969.9,422.1,937.7,440.0,953.8,431.05,0
474,15767,511316,969.5,422.0,938.0,440.0,953.75,431.0,0
474,15768,511317,969.3,421.9,938.2,439.8,953.75,430.85,0
474,15769,511318,969.2,421.7,938.3,439.6,953.75,430.65,0
474,15770,511319,969.0,421.4,938.4,439.4,953.7,430.4,0
474,15771,511320,968.8,421.2,938.3,439.1,953.55,430.15,0
474,15772,511321,968.6,420.9,938.1,438.6,953.35,429.75,0
474,15773,511322,968.4,420.6,937.9,438.1,953.15,429.35,0
474,15774,511323,968.4,420.3,937.7,437.9,953.05,429.1,0
474,15775,511324,968.3,420.0,937.7,437.7,953.0,428.85,0
474,15776,511325,968.3,419.8,937.6,437.4,952.95,428.6,0
474,15777,511326,968.3,419.7,937.6,437.0,952.95,428.35,0
474,15778,511327,968.3,419.7,937.6,436.6,952.95,428.15,0
474,15779,511328,968.3,419.8,937.5,436.3,952.9,428.05,0
474,15780,511329,968.4,419.9,937.4,436.2,952.9,428.05,0
474,15781,511330,968.4,420.0,937.3,436.2,952.85,428.1,0
474,15782,511331,968.5,420.0,937.0,436.1,952.75,428.05,0
474,15783,511332,968.6,420.0,936.6,436.2,952.6,428.1,0
474,15784,511333,968.6,419.9,936.3,436.4,952.45,428.15,0
474,15785,511334,968.6,420.0,936.0,436.7,952.3,428.35,0
474,15786,511335,968.5,420.1,935.9,436.9,952.2,428.5,0
474,15787,511336,968.5,420.2,935.8,437.0,952.15,428.6,0
474,15788,511337,968.4,420.4,935.8,437.1,952.1,428.75,0
474,15789,511338,968.3,420.7,935.8,437.1,952.05,428.9,0
474,15790,511339,968.4,420.9,935.7,437.0,952.05,428.95,0
474,15791,511340,968.5,421.2,935.5,436.9,952.0,429.05,0
474,15792,511341,968.8,421.1,935.4,436.8,952.1,428.95,0
474,15793,511342,969.0,421.2,935.3,436.8,952.15,429.0,0
474,15794,511343,969.2,421.3,935.1,436.7,952.15,429.0,0
474,15795,511344,969.5,421.4,934.9,436.6,952.2,429.0,0
474,15796,511345,969.7,421.6,934.8,436.5,952.25,429.05,0
474,15797,511346,969.8,421.7,934.3,436.4,952.05,429.05,0
474,15798,511347,969.8,421.8,933.8,436.4,951.8,429.1,0
474,15799,511348,970.2,422.0,933.3,436.3,951.75,429.15,0
474,15800,511349,970.5,422.1,932.8,436.3,951.65,429.2,0
475,15801,511350,970.8,422.0,932.3,436.3,951.55,429.15,0
475,15802,511351,971.1,421.8,931.8,436.3,951.45,429.05,0
475,15803,511352,971.5,421.5,931.3,436.4,951.4,428.95,0
475,15804,511353,971.8,421.4,931.3,436.4,951.55,428.9,0
475,15805,511354,972.2,421.3,931.4,436.1,951.8,428.7,0
475,15806,511355,972.2,421.2,931.4,435.8,951.8,428.5,0
475,15807,511356,972.3,421.1,931.5,435.4,951.9,428.25,0
475,15808,511357,972.3,421.0,931.7,435.0,952.0,428.0,0
475,15809,511358,972.4,420.9,932.0,434.6,952.2,427.75,0
475,15810,511359,972.4,420.7,932.3,434.3,952.35,427.5,0
475,15811,511360,972.4,420.6,932.7,434.0,952.55,427.3,0
475,15812,511361,972.3,420.6,933.2,434.0,952.75,427.3,0
475,15813,511362,972.2,420.6,933.6,434.1,952.9,427.35,0
475,15814,511363,972.0,420.5,934.0,434.1,953.0,427.3,0
475,15815,511364,971.9,420.5,934.2,434.3,953.05,427.4,0
475,15816,511365,971.7,420.6,934.4,434.4,953.05,427.5,0
475,15817,511366,971.7,420.6,934.4,434.5,953.05,427.55,0
475,15818,511367,971.5,420.6,934.3,434.4,952.9,427.5,0
475,15819,511368,971.5,420.5,934.2,434.3,952.85,427.4,0
475,15820,511369,971.3,420.4,934.0,434.1,952.65,427.25,0
475,15821,511370,971.1,420.3,933.8,433.9,952.45,427.1,0
475,15822,511371,970.9,420.1,933.7,433.7,952.3,426.9,0
475,15823,511372,970.5,420.1,933.7,433.4,952.1,426.75,0
475,15824,511373,970.1,420.0,933.7,433.0,951.9,426.5,0
475,15825,511374,969.8,420.0,934.2,432.7,952.0,426.35,0
475,15826,511375,969.5,420.0,934.8,432.5,952.15,426.25,0
475,15827,511376,969.3,420.0,935.2,432.3,952.25,426.15,0
475,15828,511377,969.2,419.9,935.6,432.2,952.4,426.05,0
475,15829,511378,969.0,419.8,935.7,432.3,952.35,426.05,0
475,15830,511379,969.0,419.8,935.9,432.5,952.45,426.15,0
475,15831,511380,968.9,419.7,935.8,432.8,952.35,426.25,0
475,15832,511381,968.8,419.7,935.2,433.1,952.0,426.4,0
475,15833,511382,968.8,419.7,934.7,433.5,951.75,426.6,0
476,15834,511383,968.7,419.7,934.3,433.9,951.5,426.8,0
476,15835,511384,968.8,419.9,934.2,434.2,951.5,427.05,0
476,15836,511385,969.0,420.0,934.1,434.3,951.55,427.15,0
476,15837,511386,969.2,420.2,934.1,434.3,951.65,427.25,0
476,15838,511387,969.5,420.3,934.2,434.3,951.85,427.3,0
476,15839,511388,969.7,420.3,934.4,434.3,952.05,427.3,0
476,15840,511389,970.0,420.2,934.6,434.2,952.3,427.2,0
476,15841,511390,970.2,420.2,934.8,434.1,952.5,427.15,0
476,15842,511391,970.4,420.2,934.8,433.9,952.6,427.05,0
476,15843,511392,970.4,420.1,934.8,433.7,952.6,426.9,0
476,15844,511393,970.5,420.1,934.7,433.4,952.6,426.75,0
476,15845,511394,970.6,420.1,934.6,433.1,952.6,426.6,0
476,15846,511395,970.8,420.0,934.5,432.7,952.65,426.35,0
476,15847,511396,970.9,420.1,934.4,432.4,952.65,426.25,0
476,15848,511397,971.0,420.2,934.3,432.2,952.65,426.2,0
476,15849,511398,971.1,420.3,934.2,432.0,952.65,426.15,0
476,15850,511399,971.1,420.5,934.1,431.9,952.6,426.2,0
476,15851,511400,971.1,420.6,933.9,431.9,952.5,426.25,0
476,15852,511401,970.9,420.7,933.8,431.8,952.35,426.25,0
476,15853,511402,970.7,420.6,933.7,431.7,952.2,426.15,0
476,15854,511403,970.5,420.3,933.7,431.5,952.1,425.9,0
476,15855,511404,970.2,420.0,933.8,431.4,952.0,425.7,0
476,15856,511405,970.0,419.7,933.9,430.9,951.95,425.3,0
476,15857,511406,969.8,419.4,934.1,430.5,951.95,424.95,0
476,15858,511407,969.7,419.1,934.2,430.2,951.95,424.65,0
476,15859,511408,969.7,418.9,934.4,430.3,952.05,424.6,0
476,15860,511409,969.8,419.1,934.5,430.7,952.15,424.9,0
476,15861,511410,969.9,419.3,934.3,431.2,952.1,425.25,0
476,15862,511411,970.3,419.5,934.2,431.7,952.25,425.6,0
476,15863,511412,970.6,419.7,934.0,432.5,952.3,426.1,0
476,15864,511413,971.0,419.9,934.0,433.3,952.5,426.6,0
476,15865,511414,971.4,420.1,933.9,434.0,952.65,427.05,0
476,15866,511415,971.7,420.2,933.9,434.5,952.8,427.35,0
477,15867,511416,972.0,420.2,933.8,434.6,952.9,427.4,0
477,15868,511417,972.0,420.1,933.7,434.8,952.85,427.45,0
477,15869,511418,971.7,420.0,933.6,434.9,952.65,427.45,0
477,15870,511419,971.3,419.7,933.4,435.0,952.35,427.35,0
477,15871,511420,970.9,419.5,933.2,435.0,952.05,427.25,0
477,15872,511421,970.5,419.2,933.1,435.0,951.8,427.1,0
477,15873,511422,970.2,418.9,932.9,435.0,951.55,426.95,0
477,15874,511423,970.4,418.5,932.9,435.0,951.65,426.75,0
477,15875,511424,970.7,418.2,933.1,435.0,951.9,426.6,0
477,15876,511425,971.1,417.9,933.4,434.9,952.25,426.4,0
477,15877,511426,971.4,418.1,933.6,434.9,952.5,426.5,0
477,15878,511427,971.5,418.3,933.7,434.8,952.6,426.55,0
477,15879,511428,971.6,418.6,933.3,434.8,952.45,426.7,0
477,15880,511429,971.6,418.9,932.9,434.6,952.25,426.75,0
477,15881,511430,971.3,419.2,932.5,434.1,951.9,426.65,0
477,15882,511431,970.9,419.6,931.9,433.5,951.4,426.55,0
477,15883,511432,970.6,419.9,931.3,433.0,950.95,426.45,0
477,15884,511433,970.3,420.0,931.1,432.4,950.7,426.2,0
477,15885,511434,970.4,420.0,931.0,431.6,950.7,425.8,0
477,15886,511435,970.4,420.0,931.5,431.0,950.95,425.5,0
477,15887,511436,970.5,420.0,932.0,430.3,951.25,425.15,0
477,15888,511437,970.6,420.0,932.4,430.1,951.5,425.05,0
477,15889,511438,970.7,420.0,932.8,429.9,951.75,424.95,0
477,15890,511439,970.7,420.2,933.2,429.8,951.95,425.0,0
477,15891,511440,970.7,420.4,933.1,429.9,951.9,425.15,0
477,15892,511441,970.6,420.7,932.8,430.0,951.7,425.35,0
477,15893,511442,970.5,421.0,932.4,430.1,951.45,425.55,0
477,15894,511443,970.5,421.3,932.1,430.2,951.3,425.75,0
477,15895,511444,970.4,421.7,931.8,430.4,951.1,426.05,0
477,15896,511445,970.4,421.7,931.7,430.4,951.05,426.05,0
477,15897,511446,970.5,421.5,931.5,430.5,951.0,426.0,0
477,15898,511447,970.6,421.1,931.6,430.4,951.1,425.75,0
477,15899,511448,970.7,420.5,931.9,430.4,951.3,425.45,0
477,15900,511449,970.7,419.6,932.1,430.3,951.4,424.95,0
478,15901,511450,970.6,418.6,932.4,430.1,951.5,424.35,0
478,15902,511451,970.6,417.6,932.4,430.1,951.5,423.85,0
478,15903,511452,970.6,416.8,932.3,429.9,951.45,423.35,0
478,15904,511453,970.6,416.2,932.1,429.6,951.35,422.9,0
478,15905,511454,970.6,415.7,931.6,428.8,951.1,422.25,0
478,15906,511455,970.6,415.3,931.2,428.0,950.9,421.65,0
478,15907,511456,970.6,415.4,930.7,427.3,950.65,421.35,0
478,15908,511457,970.7,415.4,930.3,426.6,950.5,421.0,0
478,15909,511458,970.7,415.5,930.0,425.9,950.35,420.7,0
478,15910,511459,970.7,415.7,929.7,425.3,950.2,420.5,0
478,15911,511460,970.6,416.1,929.5,424.7,950.05,420.4,0
478,15912,511461,970.5,416.4,929.6,424.6,950.05,420.5,0
478,15913,511462,970.4,416.8,929.7,424.4,950.05,420.6,0
478,15914,511463,970.1,417.0,929.9,424.2,950.0,420.6,0
478,15915,511464,969.9,417.1,930.1,423.9,950.0,420.5,0
478,15916,511465,969.7,417.2,930.1,423.5,949.9,420.35,0
478,15917,511466,969.7,417.3,930.2,423.2,949.95,420.25,0
478,15918,511467,969.6,417.4,930.2,423.0,949.9,420.2,0
478,15919,511468,969.8,417.4,930.3,422.9,950.05,420.15,0
478,15920,511469,970.0,417.5,930.6,423.0,950.3,420.25,0
478,15921,511470,970.3,417.7,930.8,423.1,950.55,420.4,0
478,15922,511471,970.5,418.1,931.1,423.3,950.8,420.7,0
478,15923,511472,970.8,418.4,931.4,423.6,951.1,421.0,0
478,15924,511473,970.8,418.6,931.7,423.8,951.25,421.2,0
478,15925,511474,970.7,418.6,932.0,424.3,951.35,421.45,0
478,15926,511475,970.3,418.6,932.1,425.0,951.2,421.8,0
478,15927,511476,970.1,418.6,932.1,425.6,951.1,422.1,0
478,15928,511477,969.7,418.7,932.2,426.1,950.95,422.4,0
478,15929,511478,969.2,418.7,932.5,426.5,950.85,422.6,0
478,15930,511479,968.7,418.7,932.8,426.2,950.75,422.45,0
478,15931,511480,968.4,418.7,933.2,426.0,950.8,422.35,0
478,15932,511481,968.2,418.5,933.5,425.6,950.85,422.05,0
478,15933,511482,968.2,418.3,933.8,424.9,951.0,421.6,0
479,15934,511483,968.2,418.0,934.0,424.2,951.1,421.1,0
479,15935,511484,968.4,417.8,934.1,423.7,951.25,420.75,0
479,15936,511485,968.7,417.5,933.9,423.3,951.3,420.4,0
479,15937,511486,969.1,417.5,933.7,423.5,951.4,420.5,0
479,15938,511487,969.4,417.7,933.4,423.7,951.4,420.7,0
479,15939,511488,969.7,418.3,933.3,423.9,951.5,421.1,0
479,15940,511489,969.9,418.9,933.2,424.0,951.55,421.45,0
479,15941,511490,970.0,419.3,933.2,424.0,951.6,421.65,0
479,15942,511491,970.0,419.8,933.3,424.0,951.65,421.9,0
479,15943,511492,969.9,420.2,933.3,424.1,951.6,422.15,0
479,15944,511493,969.8,420.3,933.3,424.0,951.55,422.15,0
479,15945,511494,969.6,420.4,933.0,424.0,951.3,422.2,0
479,15946,511495,969.3,420.3,932.8,424.0,951.05,422.15,0
479,15947,511496,969.1,420.7,932.3,424.1,950.7,422.4,0
479,15948,511497,968.8,421.1,931.9,424.2,950.35,422.65,0
479,15949,511498,968.5,421.5,931.4,424.4,949.95,422.95,0
479,15950,511499,968.3,421.8,930.9,424.6,949.6,423.2,0
479,15951,511500,968.0,422.0,930.4,424.9,949.2,423.45,0
479,15952,511501,967.8,422.3,930.2,425.2,949.0,423.75,0
479,15953,511502,967.7,422.7,930.2,425.4,948.95,424.05,0
479,15954,511503,967.6,422.6,930.4,425.6,949.0,424.1,0
479,15955,511504,967.5,422.6,930.6,425.7,949.05,424.15,0
479,15956,511505,967.4,422.6,930.8,425.8,949.1,424.2,0
479,15957,511506,967.4,422.7,931.1,425.9,949.25,424.3,0
479,15958,511507,967.3,422.8,931.3,425.8,949.3,424.3,0
479,15959,511508,967.6,422.7,931.4,425.6,949.5,424.15,0
479,15960,511509,968.0,422.5,931.3,425.4,949.65,423.95,0
479,15961,511510,968.3,422.3,931.3,425.4,949.8,423.85,0
479,15962,511511,968.6,422.1,931.2,425.7,949.9,423.9,0
479,15963,511512,968.9,421.9,931.2,426.2,950.05,424.05,0
479,15964,511513,969.2,421.8,931.2,426.6,950.2,424.2,0
479,15965,511514,969.1,421.7,931.3,427.1,950.2,424.4,0
479,15966,511515,968.7,421.6,931.4,427.7,950.05,424.65,0
480,15967,511516,968.3,421.5,931.6,428.2,949.95,424.85,0
480,15968,511517,968.0,421.6,931.8,428.7,949.9,425.15,0
480,15969,511518,967.7,421.6,932.2,429.3,949.95,425.45,0
480,15970,511519,967.5,421.6,932.5,429.8,950.0,425.7,0
480,15971,511520,967.4,421.4,932.7,430.3,950.05,425.85,0
480,15972,511521,967.5,421.2,932.8,431.4,950.15,426.3,0
480,15973,511522,967.6,421.1,932.8,432.4,950.2,426.75,0
480,15974,511523,967.7,420.9,932.6,433.4,950.15,427.15,0
480,15975,511524,967.7,420.8,932.4,434.4,950.05,427.6,0
480,15976,511525,967.7,420.6,932.1,434.8,949.9,427.7,0
480,15977,511526,967.8,420.4,931.8,435.1,949.8,427.75,0
480,15978,511527,967.9,420.4,931.5,435.4,949.7,427.9,0
480,15979,511528,968.1,420.4,931.4,435.2,949.75,427.8,0
480,15980,511529,968.5,420.6,931.2,434.9,949.85,427.75,0
480,15981,511530,969.0,421.0,931.3,434.7,950.15,427.85,0
480,15982,511531,969.4,421.4,931.4,434.4,950.4,427.9,0
480,15983,511532,969.8,421.8,931.5,434.2,950.65,428.0,0
480,15984,511533,970.3,422.2,931.7,434.0,951.0,428.1,0
480,15985,511534,970.6,422.6,931.7,433.8,951.15,428.2,0
480,15986,511535,970.8,422.8,931.8,433.9,951.3,428.35,0
480,15987,511536,970.6,423.1,931.8,434.2,951.2,428.65,0
480,15988,511537,970.5,423.1,931.8,434.6,951.15,428.85,0
480,15989,511538,970.3,423.3,931.7,435.0,951.0,429.15,0
480,15990,511539,970.0,423.5,931.6,435.5,950.8,429.5,0
480,15991,511540,969.7,423.8,931.5,436.0,950.6,429.9,0
480,15992,511541,969.0,423.4,931.4,436.4,950.2,429.9,0
480,15993,511542,968.5,422.9,931.4,436.5,949.95,429.7,0
480,15994,511543,968.0,422.5,931.3,436.5,949.65,429.5,0
480,15995,511544,967.7,422.0,931.2,436.5,949.45,429.25,0
480,15996,511545,967.3,421.6,931.1,436.4,949.2,429.0,0
480,15997,511546,967.1,421.2,931.0,436.2,949.05,428.7,0
480,15998,511547,966.9,420.9,930.9,436.1,948.9,428.5,0
480,15999,511548,967.2,421.4,930.9,436.2,949.05,428.8,0
480,16000,511549,967.3,422.0,930.9,436.3,949.1,429.15,0
481,16001,511550,967.5,422.4,931.1,436.3,949.3,429.35,0
481,16002,511551,967.6,422.8,931.2,436.4,949.4,429.6,0
481,16003,511552,967.6,423.1,931.6,436.5,949.6,429.8,0
481,16004,511553,967.6,423.3,932.1,436.6,949.85,429.95,0
481,16005,511554,967.6,423.3,932.6,436.7,950.1,430.0,0
481,16006,511555,967.6,423.4,933.0,436.7,950.3,430.05,0
481,16007,511556,967.8,423.5,933.4,436.8,950.6,430.15,0
481,16008,511557,967.8,423.6,933.5,437.0,950.65,430.3,0
481,16009,511558,967.8,423.6,933.6,437.4,950.7,430.5,0
481,16010,511559,967.6,423.7,933.5,437.8,950.55,430.75,0
481,16011,511560,967.6,423.7,933.3,438.2,950.45,430.95,0
481,16012,511561,967.6,423.6,933.0,438.6,950.3,431.1,0
481,16013,511562,967.5,423.6,932.8,439.1,950.15,431.35,0
481,16014,511563,967.4,423.4,932.5,439.8,949.95,431.6,0
481,16015,511564,967.4,423.2,932.4,440.4,949.9,431.8,0
481,16016,511565,967.6,422.6,932.3,440.7,949.95,431.65,0
481,16017,511566,967.9,422.1,932.3,441.2,950.1,431.65,0
481,16018,511567,968.1,421.7,931.9,441.7,950.0,431.7,0
481,16019,511568,968.4,421.4,931.7,442.1,950.05,431.75,0
481,16020,511569,968.5,421.4,931.4,442.2,949.95,431.8,0
481,16021,511570,968.7,421.4,931.1,442.1,949.9,431.75,0
481,16022,511571,968.8,421.6,930.9,442.0,949.85,431.8,0
481,16023,511572,968.8,422.0,930.6,441.9,949.7,431.95,0
481,16024,511573,968.8,422.4,930.2,441.5,949.5,431.95,0
481,16025,511574,969.0,422.7,930.2,441.1,949.6,431.9,0
481,16026,511575,969.2,422.9,930.1,440.6,949.65,431.75,0
481,16027,511576,969.5,422.9,930.0,440.4,949.75,431.65,0
481,16028,511577,969.8,423.0,929.9,440.2,949.85,431.6,0
481,16029,511578,970.0,423.0,929.9,439.9,949.95,431.45,0
481,16030,511579,970.1,423.2,929.9,439.6,950.0,431.4,0
481,16031,511580,969.9,423.4,929.9,439.2,949.9,431.3,0
481,16032,511581,969.5,423.6,930.0,438.7,949.75,431.15,0
481,16033,511582,968.3,423.9,930.0,438.3,949.15,431.1,0
482,16034,511583,967.1,424.1,930.0,437.8,948.55,430.95,0
482,16035,511584,965.4,424.3,927.8,437.1,946.6,430.7,0
482,16036,511585,962.6,424.4,924.3,436.6,943.45,430.5,0
482,16037,511586,958.8,424.5,920.3,436.0,939.55,430.25,0
482,16038,511587,953.5,424.7,914.8,435.6,934.15,430.15,0
482,16039,511588,946.7,424.9,908.3,435.2,927.5,430.05,0
482,16040,511589,939.4,424.9,900.5,434.8,919.95,429.85,0
482,16041,511590,929.8,425.0,891.5,434.4,910.65,429.7,0
482,16042,511591,918.4,424.9,882.7,434.2,900.55,429.55,0
482,16043,511592,906.7,423.9,873.0,433.9,889.85,428.9,0
482,16044,511593,894.3,422.7,862.7,433.6,878.5,428.15,0
482,16045,511594,881.8,421.3,852.3,433.4,867.05,427.35,0
482,16046,511595,869.7,419.6,841.2,433.3,855.45,426.45,0
482,16047,511596,857.4,417.9,829.8,433.0,843.6,425.45,0
482,16048,511597,846.8,416.2,818.5,432.8,832.65,424.5,0
482,16049,511598,838.1,414.0,808.2,432.1,823.15,423.05,0
482,16050,511599,830.5,412.6,800.0,431.4,815.25,422.0,0
482,16051,511600,824.5,411.4,792.2,430.6,808.35,421.0,0
482,16052,511601,820.4,410.3,786.2,429.8,803.3,420.05,0
482,16053,511602,817.5,409.4,781.8,429.0,799.65,419.2,0
482,16054,511603,816.5,408.9,779.4,428.3,797.95,418.6,0
482,16055,511604,816.1,408.5,778.2,427.8,797.15,418.15,0
482,16056,511605,816.1,409.3,777.9,427.7,797.0,418.5,0
482,16057,511606,817.1,410.0,777.8,427.8,797.45,418.9,0
482,16058,511607,818.3,410.8,778.2,428.0,798.25,419.4,0
482,16059,511608,819.9,411.6,778.7,428.2,799.3,419.9,0
482,16060,511609,821.6,412.5,779.2,428.4,800.4,420.45,0
482,16061,511610,822.8,413.2,779.5,428.4,801.15,420.8,0
482,16062,511611,824.6,413.7,779.7,428.3,802.15,421.0,0
482,16063,511612,827.1,414.0,780.0,428.2,803.55,421.1,0
482,16064,511613,829.0,414.2,780.4,428.0,804.7,421.1,0
482,16065,511614,831.1,414.4,781.4,427.8,806.25,421.1,0
482,16066,511615,832.8,414.6,782.7,427.5,807.75,421.05,0
483,16067,511616,834.4,414.9,784.0,426.8,809.2,420.85,0
483,16068,511617,836.0,415.1,785.3,426.1,810.65,420.6,0
483,16069,511618,836.9,415.3,787.0,424.8,811.95,420.05,0
483,16070,511619,837.1,415.6,788.5,423.4,812.8,419.5,0
483,16071,511620,837.2,415.8,790.2,421.4,813.7,418.6,0
483,16072,511621,836.7,416.0,791.3,419.1,814.0,417.55,0
483,16073,511622,835.8,416.0,792.0,416.9,813.9,416.45,0
483,16074,511623,834.4,414.8,792.7,414.0,813.55,414.4,0
483,16075,511624,833.0,413.7,793.3,410.9,813.15,412.3,0
483,16076,511625,831.7,412.6,793.5,407.7,812.6,410.15,0
483,16077,511626,830.3,411.5,793.5,404.5,811.9,408.0,0
483,16078,511627,829.2,410.4,793.0,401.6,811.1,406.0,0
483,16079,511628,828.3,409.2,792.4,398.8,810.35,404.0,0
483,16080,511629,827.7,408.2,791.9,395.9,809.8,402.05,0
483,16081,511630,827.7,407.5,791.3,394.0,809.5,400.75,0
483,16082,511631,827.7,406.7,790.7,392.2,809.2,399.45,0
483,16083,511632,827.6,405.9,790.4,390.8,809.0,398.35,0
483,16084,511633,827.6,405.2,790.3,389.2,808.95,397.2,0
483,16085,511634,827.6,404.5,790.5,388.0,809.05,396.25,0
483,16086,511635,827.5,403.9,790.8,387.0,809.15,395.45,0
483,16087,511636,827.5,403.3,791.0,386.1,809.25,394.7,0
483,16088,511637,827.5,403.7,791.1,385.6,809.3,394.65,0
483,16089,511638,827.5,404.0,791.3,385.1,809.4,394.55,0
483,16090,511639,827.4,404.4,791.4,385.0,809.4,394.7,0
483,16091,511640,827.4,404.8,791.3,385.1,809.35,394.95,0
483,16092,511641,827.5,405.2,791.2,385.2,809.35,395.2,0
483,16093,511642,827.6,405.6,790.8,385.2,809.2,395.4,0
483,16094,511643,827.7,405.9,790.3,385.3,809.0,395.6,0
483,16095,511644,828.0,405.9,789.8,385.1,808.9,395.5,0
483,16096,511645,828.3,405.6,789.2,384.8,808.75,395.2,0
483,16097,511646,828.6,405.2,788.6,384.3,808.6,394.75,0
483,16098,511647,828.8,404.7,787.9,383.9,808.35,394.3,0
483,16099,511648,829.0,404.1,787.2,383.5,808.1,393.8,0
483,16100,511649,829.2,403.4,786.7,383.1,807.95,393.25,0
484,16101,511650,829.4,402.1,786.3,382.8,807.85,392.45,0
484,16102,511651,829.6,401.0,785.9,382.8,807.75,391.9,0
484,16103,511652,829.9,400.1,785.6,383.2,807.75,391.65,0
484,16104,511653,830.2,399.4,785.3,383.8,807.75,391.6,0
484,16105,511654,830.5,398.9,785.0,384.4,807.75,391.65,0
484,16106,511655,830.7,398.6,784.7,384.9,807.7,391.75,0
484,16107,511656,830.9,398.5,784.5,385.4,807.7,391.95,0
484,16108,511657,831.1,399.0,784.3,385.9,807.7,392.45,0
484,16109,511658,830.9,399.7,784.2,386.2,807.55,392.95,0
484,16110,511659,830.5,400.3,784.1,386.1,807.3,393.2,0
484,16111,511660,830.1,400.8,784.0,386.0,807.05,393.4,0
484,16112,511661,829.5,401.2,784.0,386.0,806.75,393.6,0
484,16113,511662,828.9,401.6,783.9,386.3,806.4,393.95,0
484,16114,511663,828.4,401.9,783.7,386.6,806.05,394.25,0
484,16115,511664,827.7,402.2,783.6,386.9,805.65,394.55,0
484,16116,511665,827.2,402.4,783.5,386.8,805.35,394.6,0
484,16117,511666,826.4,402.6,783.5,386.7,804.95,394.65,0
484,16118,511667,825.7,402.7,783.4,386.5,804.55,394.6,0
484,16119,511668,825.1,402.6,783.5,386.7,804.3,394.65,0
484,16120,511669,824.7,402.0,783.6,386.7,804.15,394.35,0
484,16121,511670,824.4,401.6,783.8,386.8,804.1,394.2,0
484,16122,511671,824.1,401.3,784.5,386.8,804.3,394.05,0
484,16123,511672,823.9,401.5,785.2,387.3,804.55,394.4,0
484,16124,511673,824.1,401.7,785.8,387.7,804.95,394.7,0
484,16125,511674,824.3,401.9,786.5,388.2,805.4,395.05,0
484,16126,511675,824.5,402.2,787.0,388.2,805.75,395.2,0
484,16127,511676,824.5,402.9,787.5,388.2,806.0,395.55,0
484,16128,511677,824.5,403.4,787.8,388.3,806.15,395.85,0
484,16129,511678,824.6,403.7,787.5,388.2,806.05,395.95,0
484,16130,511679,824.6,403.7,787.2,388.0,805.9,395.85,0
484,16131,511680,824.6,403.8,786.9,387.6,805.75,395.7,0
484,16132,511681,824.6,404.0,786.7,387.2,805.65,395.6,0
484,16133,511682,824.7,404.2,786.4,386.8,805.55,395.5,0
485,16134,511683,824.8,404.6,786.3,386.6,805.55,395.6,0
485,16135,511684,825.2,405.0,786.2,386.4,805.7,395.7,0
485,16136,511685,825.7,405.6,786.2,386.3,805.95,395.95,0
485,16137,511686,826.3,405.9,786.2,386.3,806.25,396.1,0
485,16138,511687,826.8,406.2,786.2,386.1,806.5,396.15,0
485,16139,511688,827.4,406.5,786.2,385.9,806.8,396.2,0
485,16140,511689,827.9,406.7,786.2,385.7,807.05,396.2,0
485,16141,511690,828.4,406.8,786.3,385.4,807.35,396.1,0
485,16142,511691,828.7,407.0,786.4,385.0,807.55,396.0,0
485,16143,511692,828.8,407.1,786.5,384.7,807.65,395.9,0
485,16144,511693,829.1,407.2,786.6,384.6,807.85,395.9,0
485,16145,511694,829.4,407.6,786.5,384.9,807.95,396.25,0
485,16146,511695,829.7,407.9,786.3,385.2,808.0,396.55,0
485,16147,511696,829.9,408.7,786.1,385.5,808.0,397.1,0
485,16148,511697,830.2,409.4,785.8,385.8,808.0,397.6,0
485,16149,511698,830.4,410.2,785.5,386.0,807.95,398.1,0
485,16150,511699,830.6,411.0,785.0,386.2,807.8,398.6,0
485,16151,511700,830.6,411.7,784.4,386.2,807.5,398.95,0
485,16152,511701,830.5,412.3,783.9,386.3,807.2,399.3,0
485,16153,511702,830.5,412.9,783.5,386.6,807.0,399.75,0
485,16154,511703,830.4,413.0,783.0,387.0,806.7,400.0,0
485,16155,511704,830.3,413.1,782.3,387.3,806.3,400.2,0
485,16156,511705,830.1,413.3,781.5,387.7,805.8,400.5,0
485,16157,511706,829.9,413.5,781.1,388.3,805.5,400.9,0
485,16158,511707,829.8,413.7,780.7,389.0,805.25,401.35,0
485,16159,511708,829.6,414.0,780.2,389.7,804.9,401.85,0
485,16160,511709,829.2,414.5,779.8,390.5,804.5,402.5,0
485,16161,511710,828.8,415.0,779.4,391.4,804.1,403.2,0
485,16162,511711,828.3,415.5,779.4,392.2,803.85,403.85,0
485,16163,511712,827.9,416.1,779.4,393.0,803.65,404.55,0
485,16164,511713,827.6,416.7,779.5,393.6,803.55,405.15,0
485,16165,511714,827.2,417.2,779.5,394.1,803.35,405.65,0
485,16166,511715,826.9,418.2,779.6,394.5,803.25,406.35,0
486,16167,511716,826.9,419.0,779.9,394.6,803.4,406.8,0
486,16168,511717,826.9,419.9,780.0,396.1,803.45,408.0,0
486,16169,511718,826.9,420.9,780.2,397.6,803.55,409.25,0
486,16170,511719,826.9,421.8,780.4,399.4,803.65,410.6,0
486,16171,511720,826.7,422.6,780.6,401.5,803.65,412.05,0
486,16172,511721,826.6,423.4,780.9,403.5,803.75,413.45,0
486,16173,511722,826.3,423.7,780.9,406.2,803.6,414.95,0
486,16174,511723,826.0,423.9,780.8,409.0,803.4,416.45,0
486,16175,511724,825.7,424.0,780.8,410.7,803.25,417.35,0
486,16176,511725,825.4,424.0,780.7,412.7,803.05,418.35,0
486,16177,511726,825.0,424.1,780.5,414.4,802.75,419.25,0
486,16178,511727,824.8,424.1,780.3,416.1,802.55,420.1,0
486,16179,511728,824.5,424.0,780.0,418.0,802.25,421.0,0
486,16180,511729,824.2,423.6,779.7,419.4,801.95,421.5,0
486,16181,511730,823.9,423.3,779.4,421.2,801.65,422.25,0
486,16182,511731,823.6,422.9,779.1,423.0,801.35,422.95,0
486,16183,511732,823.4,422.4,778.9,424.4,801.15,423.4,0
486,16184,511733,823.1,421.6,778.6,425.8,800.85,423.7,0
486,16185,511734,822.9,420.8,778.4,427.4,800.65,424.1,0
486,16186,511735,822.8,420.1,778.2,429.5,800.5,424.8,0
486,16187,511736,822.9,419.6,778.1,431.3,800.5,425.45,0
486,16188,511737,823.0,419.0,778.1,432.8,800.55,425.9,0
486,16189,511738,823.2,418.5,778.0,434.4,800.6,426.45,0
486,16190,511739,823.5,417.9,777.9,436.0,800.7,426.95,0
486,16191,511740,823.8,417.5,778.0,437.5,800.9,427.5,0
486,16192,511741,824.1,417.1,778.1,438.6,801.1,427.85,0
486,16193,511742,824.4,416.7,778.3,438.7,801.35,427.7,0
486,16194,511743,824.6,416.3,778.4,438.8,801.5,427.55,0
486,16195,511744,824.7,415.9,778.6,438.5,801.65,427.2,0
486,16196,511745,824.8,415.4,778.8,437.8,801.8,426.6,0
486,16197,511746,824.7,415.1,778.9,437.0,801.8,426.05,0
486,16198,511747,824.7,414.5,778.8,436.3,801.75,425.4,0
486,16199,511748,824.6,414.0,778.7,435.6,801.65,424.8,0
486,16200,511749,824.4,413.6,778.6,435.2,801.5,424.4,0
487,16201,511750,824.3,413.3,778.5,434.9,801.4,424.1,0
487,16202,511751,824.1,413.0,778.4,434.7,801.25,423.85,0
487,16203,511752,824.0,413.0,778.3,434.5,801.15,423.75,0
487,16204,511753,823.9,412.9,778.4,434.3,801.15,423.6,0
487,16205,511754,823.7,413.1,778.7,434.0,801.2,423.55,0
487,16206,511755,823.6,413.2,778.9,433.8,801.25,423.5,0
487,16207,511756,823.5,413.0,779.0,433.7,801.25,423.35,0
487,16208,511757,823.4,412.5,779.2,433.5,801.3,423.0,0
487,16209,511758,823.3,411.8,779.4,433.4,801.35,422.6,0
487,16210,511759,823.1,411.0,779.5,433.0,801.3,422.0,0
487,16211,511760,823.0,410.3,779.6,432.3,801.3,421.3,0
487,16212,511761,822.9,408.9,779.8,431.6,801.35,420.25,0
487,16213,511762,822.9,407.5,780.1,430.9,801.5,419.2,0
487,16214,511763,822.9,406.4,780.5,429.8,801.7,418.1,0
487,16215,511764,823.0,405.6,781.0,428.8,802.0,417.2,0
487,16216,511765,823.3,404.9,781.3,427.9,802.3,416.4,0
487,16217,511766,823.7,404.2,781.8,427.2,802.75,415.7,0
487,16218,511767,824.0,403.5,782.1,426.9,803.05,415.2,0
487,16219,511768,824.2,403.4,782.4,426.4,803.3,414.9,0
487,16220,511769,824.5,403.3,782.5,426.0,803.5,414.65,0
487,16221,511770,824.7,403.2,782.6,425.7,803.65,414.45,0
487,16222,511771,824.9,403.1,782.6,425.2,803.75,414.15,0
487,16223,511772,824.7,403.0,782.7,424.6,803.7,413.8,0
487,16224,511773,824.4,402.2,782.8,423.7,803.6,412.95,0
487,16225,511774,824.0,401.3,782.8,422.6,803.4,411.95,0
487,16226,511775,823.7,400.5,782.8,421.6,803.25,411.05,0
487,16227,511776,823.1,399.8,782.8,420.6,802.95,410.2,0
487,16228,511777,822.5,399.0,782.8,419.6,802.65,409.3,0
487,16229,511778,822.0,398.1,782.7,418.7,802.35,408.4,0
487,16230,511779,821.5,397.1,782.7,417.9,802.1,407.5,0
487,16231,511780,821.1,396.8,782.6,416.7,801.85,406.75,0
487,16232,511781,820.9,396.5,782.5,415.7,801.7,406.1,0
487,16233,511782,820.8,396.2,782.2,414.7,801.5,405.45,0
488,16234,511783,820.8,396.1,782.0,413.6,801.4,404.85,0
488,16235,511784,821.0,396.0,781.7,412.3,801.35,404.15,0
488,16236,511785,821.1,396.2,781.4,411.0,801.25,403.6,0
488,16237,511786,821.4,396.4,781.2,409.6,801.3,403.0,0
488,16238,511787,821.6,396.7,781.1,409.1,801.35,402.9,0
488,16239,511788,821.8,397.1,781.0,408.5,801.4,402.8,0
488,16240,511789,821.9,397.5,781.1,408.1,801.5,402.8,0
488,16241,511790,822.1,397.7,781.3,407.6,801.7,402.65,0
488,16242,511791,822.2,397.9,781.6,407.3,801.9,402.6,0
488,16243,511792,822.3,398.0,781.9,406.5,802.1,402.25,0
488,16244,511793,822.4,398.2,782.1,405.2,802.25,401.7,0
488,16245,511794,822.4,398.4,782.3,403.7,802.35,401.05,0
488,16246,511795,822.4,398.8,782.4,402.1,802.4,400.45,0
488,16247,511796,822.3,399.3,782.5,400.3,802.4,399.8,0
488,16248,511797,822.2,400.2,782.5,398.5,802.35,399.35,0
488,16249,511798,822.1,401.5,782.4,396.7,802.25,399.1,0
488,16250,511799,822.1,403.3,782.4,395.3,802.25,399.3,0
488,16251,511800,822.0,405.1,782.5,394.2,802.25,399.65,0
488,16252,511801,822.1,407.3,782.9,393.3,802.5,400.3,0
488,16253,511802,822.2,409.4,783.3,392.4,802.75,400.9,0
488,16254,511803,822.3,411.3,783.6,391.6,802.95,401.45,0
488,16255,511804,822.5,412.9,783.9,390.9,803.2,401.9,0
488,16256,511805,822.6,414.0,784.2,390.3,803.4,402.15,0
488,16257,511806,822.6,414.9,784.5,389.8,803.55,402.35,0
488,16258,511807,822.6,416.0,784.7,389.4,803.65,402.7,0
488,16259,511808,822.6,416.6,784.6,389.1,803.6,402.85,0
488,16260,511809,822.6,417.3,784.6,388.8,803.6,403.05,0
488,16261,511810,822.5,417.9,784.4,388.5,803.45,403.2,0
488,16262,511811,822.5,418.6,784.3,388.1,803.4,403.35,0
488,16263,511812,822.5,419.3,784.2,387.8,803.35,403.55,0
488,16264,511813,822.7,419.9,784.0,387.7,803.35,403.8,0
488,16265,511814,822.8,420.1,783.9,387.5,803.35,403.8,0
488,16266,511815,822.9,420.7,783.9,387.2,803.4,403.95,0
489,16267,511816,822.9,421.0,783.8,386.9,803.35,403.95,0
489,16268,511817,822.8,421.5,783.9,386.8,803.35,404.15,0
489,16269,511818,822.7,421.9,784.0,386.7,803.35,404.3,0
489,16270,511819,822.5,422.4,784.2,385.7,803.35,404.05,0
489,16271,511820,822.4,423.0,784.3,384.9,803.35,403.95,0
489,16272,511821,822.4,423.5,784.4,384.3,803.4,403.9,0
489,16273,511822,822.4,423.9,784.5,384.4,803.45,404.15,0
489,16274,511823,822.7,424.4,784.4,384.4,803.55,404.4,0
489,16275,511824,822.9,424.8,784.3,384.5,803.6,404.65,0
489,16276,511825,823.2,425.1,784.2,384.4,803.7,404.75,0
489,16277,511826,823.4,425.4,784.0,385.1,803.7,405.25,0
489,16278,511827,823.5,425.4,783.9,385.8,803.7,405.6,0
489,16279,511828,823.4,425.5,783.8,386.5,803.6,406.0,0
489,16280,511829,823.3,425.4,783.7,387.3,803.5,406.35,0
489,16281,511830,823.2,425.3,783.6,389.0,803.4,407.15,0
489,16282,511831,823.0,425.1,783.5,390.6,803.25,407.85,0
489,16283,511832,822.9,424.6,783.4,392.4,803.15,408.5,0
489,16284,511833,822.7,424.2,783.1,394.5,802.9,409.35,0
489,16285,511834,822.6,423.7,782.8,396.7,802.7,410.2,0
489,16286,511835,822.6,423.1,782.5,399.1,802.55,411.1,0
489,16287,511836,822.6,422.5,782.2,401.1,802.4,411.8,0
489,16288,511837,822.6,421.5,781.9,402.3,802.25,411.9,0
489,16289,511838,822.6,420.8,781.6,404.0,802.1,412.4,0
489,16290,511839,822.5,420.2,781.3,405.6,801.9,412.9,0
489,16291,511840,822.5,419.7,781.2,407.6,801.85,413.65,0
489,16292,511841,822.5,419.2,781.0,409.6,801.75,414.4,0
489,16293,511842,822.4,418.8,780.7,411.7,801.55,415.25,0
489,16294,511843,822.4,418.4,780.6,413.8,801.5,416.1,0
489,16295,511844,822.3,418.4,780.4,416.2,801.35,417.3,0
489,16296,511845,822.1,418.3,780.2,419.3,801.15,418.8,0
489,16297,511846,822.1,418.2,780.0,422.4,801.05,420.3,0
489,16298,511847,822.1,418.0,779.7,424.9,800.9,421.45,0
489,16299,511848,822.2,417.9,779.5,427.2,800.85,422.55,0
489,16300,511849,822.4,417.8,779.3,429.1,800.85,423.45,0
490,16301,511850,822.7,417.8,779.1,430.7,800.9,424.25,0
490,16302,511851,822.9,417.8,778.9,432.3,800.9,425.05,0
490,16303,511852,823.1,417.8,778.8,432.8,800.95,425.3,0
490,16304,511853,823.2,418.0,778.6,433.6,800.9,425.8,0
490,16305,511854,823.2,418.2,778.5,434.3,800.85,426.25,0
490,16306,511855,823.0,418.5,778.4,434.8,800.7,426.65,0
490,16307,511856,822.7,418.7,778.3,435.3,800.5,427.0,0
490,16308,511857,822.4,419.0,778.2,435.9,800.3,427.45,0
490,16309,511858,822.1,419.0,778.2,436.1,800.15,427.55,0
490,16310,511859,821.9,418.7,778.1,436.3,800.0,427.5,0
490,16311,511860,821.8,418.5,778.0,436.4,799.9,427.45,0
490,16312,511861,821.8,418.1,777.9,436.5,799.85,427.3,0
490,16313,511862,821.8,417.7,777.8,436.7,799.8,427.2,0
490,16314,511863,821.9,417.3,777.6,436.8,799.75,427.05,0
490,16315,511864,822.0,416.9,777.3,437.0,799.65,426.95,0
490,16316,511865,822.1,416.7,777.1,437.2,799.6,426.95,0
490,16317,511866,822.2,416.7,776.8,437.5,799.5,427.1,0
490,16318,511867,822.1,416.6,776.6,437.6,799.35,427.1,0
490,16319,511868,821.9,416.6,776.4,437.8,799.15,427.2,0
490,16320,511869,821.8,416.4,776.4,437.5,799.1,426.95,0
490,16321,511870,821.8,416.2,776.4,437.1,799.1,426.65,0
490,16322,511871,821.8,416.0,776.5,436.7,799.15,426.35,0
490,16323,511872,821.9,415.8,776.7,436.4,799.3,426.1,0
490,16324,511873,822.0,415.5,776.8,436.0,799.4,425.75,0
490,16325,511874,822.1,414.8,776.9,435.7,799.5,425.25,0
490,16326,511875,822.2,414.2,776.9,435.6,799.55,424.9,0
490,16327,511876,822.3,413.7,777.0,436.0,799.65,424.85,0
490,16328,511877,822.6,413.2,777.2,436.4,799.9,424.8,0
490,16329,511878,822.8,412.7,777.3,436.8,800.05,424.75,0
490,16330,511879,823.1,412.3,777.5,437.1,800.3,424.7,0
490,16331,511880,823.3,411.9,777.6,437.3,800.45,424.6,0
490,16332,511881,823.5,411.6,777.8,437.5,800.65,424.55,0
490,16333,511882,823.7,411.4,778.1,437.6,800.9,424.5,0
491,16334,511883,823.9,411.1,778.2,437.6,801.05,424.35,0
491,16335,511884,823.8,410.8,778.1,437.6,800.95,424.2,0
491,16336,511885,823.7,410.5,778.0,437.6,800.85,424.05,0
491,16337,511886,823.1,410.2,778.0,437.5,800.55,423.85,0
491,16338,511887,822.6,410.0,778.0,437.2,800.3,423.6,0
491,16339,511888,822.0,410.0,778.0,436.9,800.0,423.45,0
491,16340,511889,821.4,410.0,778.0,436.5,799.7,423.25,0
491,16341,511890,820.9,410.1,778.0,436.1,799.45,423.1,0
491,16342,511891,820.5,410.2,778.1,435.7,799.3,422.95,0
491,16343,511892,820.1,410.1,778.2,435.3,799.15,422.7,0
491,16344,511893,820.1,410.1,778.3,434.9,799.2,422.5,0
491,16345,511894,820.1,409.9,778.4,435.0,799.25,422.45,0
491,16346,511895,820.2,409.7,778.3,435.2,799.25,422.45,0
491,16347,511896,820.2,409.4,778.1,435.4,799.15,422.4,0
491,16348,511897,820.4,409.1,777.9,435.6,799.15,422.35,0
491,16349,511898,820.5,409.1,777.8,435.4,799.15,422.25,0
491,16350,511899,820.6,409.1,777.8,435.3,799.2,422.2,0
491,16351,511900,820.7,409.1,777.7,435.2,799.2,422.15,0
491,16352,511901,820.8,409.1,777.7,434.9,799.25,422.0,0
491,16353,511902,821.0,409.2,777.9,434.3,799.45,421.75,0
491,16354,511903,821.2,409.3,778.1,433.7,799.65,421.5,0
491,16355,511904,821.3,409.5,778.4,433.2,799.85,421.35,0
491,16356,511905,821.5,409.4,778.6,433.0,800.05,421.2,0
491,16357,511906,821.6,409.3,778.6,432.8,800.1,421.05,0
491,16358,511907,821.7,409.3,778.6,432.6,800.15,420.95,0
491,16359,511908,821.8,409.3,778.5,432.5,800.15,420.9,0
491,16360,511909,821.8,409.3,778.6,432.5,800.2,420.9,0
491,16361,511910,821.6,409.3,779.1,433.1,800.35,421.2,0
491,16362,511911,821.5,409.3,779.6,433.7,800.55,421.5,0
491,16363,511912,821.2,409.2,780.2,434.2,800.7,421.7,0
491,16364,511913,820.9,409.1,780.8,434.8,800.85,421.95,0
491,16365,511914,820.6,408.7,781.3,435.4,800.95,422.05,0
491,16366,511915,820.4,408.3,781.9,435.9,801.15,422.1,0
492,16367,511916,820.1,407.9,782.4,436.2,801.25,422.05,0
492,16368,511917,820.1,407.6,782.4,436.2,801.25,421.9,0
492,16369,511918,820.0,407.3,782.4,436.1,801.2,421.7,0
492,16370,511919,820.0,407.1,782.5,436.1,801.25,421.6,0
492,16371,511920,820.0,407.0,782.5,436.0,801.25,421.5,0
492,16372,511921,819.9,407.2,782.4,436.1,801.15,421.65,0
492,16373,511922,819.9,407.4,782.3,436.2,801.1,421.8,0
492,16374,511923,819.8,407.6,782.1,436.3,800.95,421.95,0
492,16375,511924,819.7,407.7,781.9,436.4,800.8,422.05,0
492,16376,511925,819.7,407.8,781.7,436.5,800.7,422.15,0
492,16377,511926,819.6,407.9,781.6,436.6,800.6,422.25,0
492,16378,511927,819.7,408.0,781.6,436.6,800.65,422.3,0
492,16379,511928,819.8,408.1,781.6,436.6,800.7,422.35,0
492,16380,511929,819.8,408.3,781.7,435.9,800.75,422.1,0
492,16381,511930,819.8,408.4,781.7,435.2,800.75,421.8,0
492,16382,511931,819.7,408.5,781.6,434.5,800.65,421.5,0
492,16383,511932,819.5,408.5,781.5,434.0,800.5,421.25,0
492,16384,511933,819.3,408.5,781.4,433.5,800.35,421.0,0
492,16385,511934,819.1,408.5,781.2,433.4,800.15,420.95,0
492,16386,511935,819.0,408.5,780.9,433.3,799.95,420.9,0
492,16387,511936,818.9,408.6,780.6,434.1,799.75,421.35,0
492,16388,511937,818.8,408.8,780.3,434.9,799.55,421.85,0
492,16389,511938,818.7,409.0,779.9,435.6,799.3,422.3,0
492,16390,511939,818.7,409.3,779.6,436.3,799.15,422.8,0
492,16391,511940,818.7,409.7,779.2,436.7,798.95,423.2,0
492,16392,511941,818.8,410.0,778.9,436.9,798.85,423.45,0
492,16393,511942,818.8,410.3,778.5,437.2,798.65,423.75,0
492,16394,511943,818.9,410.4,778.3,437.2,798.6,423.8,0
492,16395,511944,819.1,410.4,778.1,437.2,798.6,423.8,0
492,16396,511945,819.3,410.4,778.2,437.2,798.75,423.8,0
492,16397,511946,819.5,410.3,778.3,437.0,798.9,423.65,0
492,16398,511947,819.8,410.3,778.5,436.9,799.15,423.6,0
492,16399,511948,819.9,410.3,778.8,436.5,799.35,423.4,0
492,16400,511949,820.1,410.4,779.1,436.0,799.6,423.2,0
493,16401,511950,820.2,410.5,779.5,435.5,799.85,423.0,0
493,16402,511951,820.3,410.5,779.9,435.1,800.1,422.8,0
493,16403,511952,820.4,410.9,780.3,434.9,800.35,422.9,0
493,16404,511953,820.5,411.5,780.5,435.2,800.5,423.35,0
493,16405,511954,820.8,411.9,780.7,435.6,800.75,423.75,0
493,16406,511955,821.0,412.3,780.7,436.3,800.85,424.3,0
493,16407,511956,821.3,412.7,780.6,436.9,800.95,424.8,0
493,16408,511957,821.5,413.2,780.1,437.2,800.8,425.2,0
493,16409,511958,821.7,413.6,779.6,437.5,800.65,425.55,0
493,16410,511959,821.9,414.4,779.1,437.7,800.5,426.05,0
493,16411,511960,822.0,415.3,778.7,437.8,800.35,426.55,0
493,16412,511961,822.0,416.2,778.3,437.8,800.15,427.0,0
493,16413,511962,821.9,417.0,777.6,437.8,799.75,427.4,0
493,16414,511963,821.9,417.8,777.2,437.7,799.55,427.75,0
493,16415,511964,821.9,418.4,776.8,437.6,799.35,428.0,0
493,16416,511965,822.0,418.9,776.6,437.5,799.3,428.2,0
493,16417,511966,822.1,418.8,776.3,437.4,799.2,428.1,0
493,16418,511967,822.2,418.4,776.1,437.0,799.15,427.7,0
493,16419,511968,822.3,418.1,776.0,436.9,799.15,427.5,0
493,16420,511969,822.4,417.8,776.1,436.8,799.25,427.3,0
493,16421,511970,822.4,417.5,776.2,437.1,799.3,427.3,0
493,16422,511971,822.5,417.5,776.3,437.6,799.4,427.55,0
493,16423,511972,822.6,417.6,776.4,438.2,799.5,427.9,0
493,16424,511973,822.8,417.8,776.5,438.7,799.65,428.25,0
493,16425,511974,822.9,417.9,776.5,438.9,799.7,428.4,0
493,16426,511975,822.9,418.2,776.4,439.0,799.65,428.6,0
493,16427,511976,822.9,418.4,776.4,439.0,799.65,428.7,0
493,16428,511977,822.8,418.6,776.2,438.7,799.5,428.65,0
493,16429,511978,822.6,418.8,776.0,438.5,799.3,428.65,0
493,16430,511979,822.2,418.9,775.7,438.4,798.95,428.65,0
493,16431,511980,821.8,419.0,775.5,438.4,798.65,428.7,0
493,16432,511981,821.5,419.1,775.3,438.6,798.4,428.85,0
493,16433,511982,821.3,419.6,775.1,438.8,798.2,429.2,0
494,16434,511983,821.2,420.1,774.8,439.1,798.0,429.6,0
494,16435,511984,821.1,420.6,774.7,439.3,797.9,429.95,0
494,16436,511985,821.3,421.0,774.6,439.5,797.95,430.25,0
494,16437,511986,821.4,421.3,774.5,439.5,797.95,430.4,0
494,16438,511987,821.5,421.7,774.4,439.5,797.95,430.6,0
494,16439,511988,821.5,422.1,774.3,439.4,797.9,430.75,0
494,16440,511989,821.4,422.2,774.2,439.4,797.8,430.8,0
494,16441,511990,821.4,422.2,774.1,439.4,797.75,430.8,0
494,16442,511991,821.3,422.3,774.1,439.4,797.7,430.85,0
494,16443,511992,821.2,422.5,774.2,439.4,797.7,430.95,0
494,16444,511993,821.1,422.9,774.2,439.5,797.65,431.2,0
494,16445,511994,821.0,423.3,774.2,439.5,797.6,431.4,0
494,16446,511995,821.2,424.1,774.3,439.5,797.75,431.8,0
494,16447,511996,821.4,425.0,774.4,439.4,797.9,432.2,0
494,16448,511997,821.6,425.8,774.5,439.1,798.05,432.45,0
494,16449,511998,821.8,426.4,774.8,438.6,798.3,432.5,0
494,16450,511999,821.8,426.9,775.0,438.1,798.4,432.5,0
494,16451,512000,821.8,427.1,775.3,437.3,798.55,432.2,0
494,16452,512001,821.8,427.3,775.5,436.4,798.65,431.85,0
494,16453,512002,821.6,426.9,775.8,435.5,798.7,431.2,0
494,16454,512003,821.5,426.4,775.9,434.4,798.7,430.4,0
494,16455,512004,821.4,426.0,775.8,433.2,798.6,429.6,0
494,16456,512005,821.2,425.8,775.6,432.1,798.4,428.95,0
494,16457,512006,821.1,426.0,775.4,431.1,798.25,428.55,0
494,16458,512007,821.0,426.2,775.2,430.5,798.1,428.35,0
494,16459,512008,820.9,426.5,775.0,429.5,797.95,428.0,0
494,16460,512009,820.8,427.0,774.8,428.2,797.8,427.6,0
494,16461,512010,820.6,427.5,774.7,426.8,797.65,427.15,0
494,16462,512011,820.4,428.0,774.8,425.7,797.6,426.85,0
494,16463,512012,820.3,428.3,774.9,424.5,797.6,426.4,0
494,16464,512013,820.3,428.5,775.0,423.3,797.65,425.9,0
494,16465,512014,820.3,428.7,775.4,422.2,797.85,425.45,0
494,16466,512015,820.4,428.9,775.8,421.4,798.1,425.15,0
495,16467,512016,820.5,429.2,776.2,421.1,798.35,425.15,0
495,16468,512017,820.5,429.3,776.5,421.0,798.5,425.15,0
495,16469,512018,820.5,429.3,776.8,420.8,798.65,425.05,0
495,16470,512019,820.6,429.4,777.0,420.6,798.8,425.0,0
495,16471,512020,820.6,429.4,777.2,420.3,798.9,424.85,0
495,16472,512021,820.7,429.3,777.1,420.0,798.9,424.65,0
495,16473,512022,820.8,429.1,777.0,419.6,798.9,424.35,0
495,16474,512023,820.8,428.9,777.0,419.3,798.9,424.1,0
495,16475,512024,820.9,428.7,777.0,419.0,798.95,423.85,0
495,16476,512025,820.9,428.6,777.1,418.8,799.0,423.7,0
495,16477,512026,821.0,428.6,777.2,418.6,799.1,423.6,0
495,16478,512027,821.0,428.6,777.3,418.0,799.15,423.3,0
495,16479,512028,820.9,428.7,777.4,417.4,799.15,423.05,0
495,16480,512029,820.7,428.8,777.5,416.8,799.1,422.8,0
495,16481,512030,820.6,429.0,777.4,416.3,799.0,422.65,0
495,16482,512031,820.4,429.1,777.3,415.9,798.85,422.5,0
495,16483,512032,820.3,429.2,777.2,415.3,798.75,422.25,0
495,16484,512033,820.4,429.3,777.1,414.9,798.75,422.1,0
495,16485,512034,820.5,429.3,776.9,414.5,798.7,421.9,0
495,16486,512035,820.7,429.3,776.7,414.1,798.7,421.7,0
495,16487,512036,820.9,429.3,776.6,413.6,798.75,421.45,0
495,16488,512037,821.1,429.4,776.6,413.1,798.85,421.25,0
495,16489,512038,821.1,429.5,776.6,412.5,798.85,421.0,0
495,16490,512039,821.0,429.8,776.6,411.9,798.8,420.85,0
495,16491,512040,820.6,430.0,776.6,411.1,798.6,420.55,0
495,16492,512041,820.1,430.2,776.7,410.2,798.4,420.2,0
495,16493,512042,819.4,430.4,776.8,409.2,798.1,419.8,0
495,16494,512043,818.7,430.5,776.9,408.3,797.8,419.4,0
495,16495,512044,818.1,430.5,777.1,407.4,797.6,418.95,0
495,16496,512045,817.6,430.5,777.2,406.4,797.4,418.45,0
495,16497,512046,817.2,430.4,777.4,405.6,797.3,418.0,0
495,16498,512047,816.9,430.2,777.7,405.2,797.3,417.7,0
495,16499,512048,816.6,430.2,777.9,405.1,797.25,417.65,0
495,16500,512049,816.7,430.2,778.2,405.1,797.45,417.65,0
496,16501,512050,816.7,430.2,778.5,405.1,797.6,417.65,0
496,16502,512051,816.8,430.1,778.7,405.1,797.75,417.6,0
496,16503,512052,816.8,430.0,779.1,405.2,797.95,417.6,0
496,16504,512053,816.8,429.9,779.3,405.2,798.05,417.55,0
496,16505,512054,816.9,429.8,779.4,405.2,798.15,417.5,0
496,16506,512055,816.9,429.7,779.4,405.3,798.15,417.5,0
496,16507,512056,816.9,429.5,779.3,405.8,798.1,417.65,0
496,16508,512057,817.0,429.3,779.1,406.3,798.05,417.8,0
496,16509,512058,817.3,429.2,779.0,406.8,798.15,418.0,0
496,16510,512059,817.6,429.2,778.7,407.3,798.15,418.25,0
496,16511,512060,817.9,429.1,778.5,407.6,798.2,418.35,0
496,16512,512061,818.3,429.0,778.3,407.9,798.3,418.45,0
496,16513,512062,818.6,428.8,778.3,408.2,798.45,418.5,0
496,16514,512063,819.0,428.6,778.5,408.0,798.75,418.3,0
496,16515,512064,819.3,428.4,778.7,407.6,799.0,418.0,0
496,16516,512065,819.4,428.1,778.9,406.8,799.15,417.45,0
496,16517,512066,819.5,427.7,779.0,406.0,799.25,416.85,0
496,16518,512067,819.6,427.3,779.2,405.2,799.4,416.25,0
496,16519,512068,819.7,426.9,779.2,404.5,799.45,415.7,0
496,16520,512069,819.7,426.3,778.9,403.7,799.3,415.0,0
496,16521,512070,819.6,425.8,778.7,403.1,799.15,414.45,0
496,16522,512071,819.5,425.4,778.4,402.6,798.95,414.0,0
496,16523,512072,819.3,424.8,778.2,402.5,798.75,413.65,0
496,16524,512073,819.1,424.5,778.0,402.4,798.55,413.45,0
496,16525,512074,818.9,424.1,778.1,402.3,798.5,413.2,0
496,16526,512075,818.7,423.8,778.2,402.2,798.45,413.0,0
496,16527,512076,818.4,423.5,778.6,402.2,798.5,412.85,0
496,16528,512077,818.1,423.1,779.0,402.2,798.55,412.65,0
496,16529,512078,817.9,422.7,779.3,402.3,798.6,412.5,0
496,16530,512079,817.7,422.2,779.6,402.4,798.65,412.3,0
496,16531,512080,817.5,421.7,779.8,402.6,798.65,412.15,0
496,16532,512081,817.4,421.0,779.9,402.7,798.65,411.85,0
496,16533,512082,817.3,420.5,779.9,402.8,798.6,411.65,0
497,16534,512083,817.3,420.0,779.8,402.7,798.55,411.35,0
497,16535,512084,817.4,419.8,779.7,402.1,798.55,410.95,0
497,16536,512085,817.5,419.6,779.7,401.5,798.6,410.55,0
497,16537,512086,817.8,419.6,779.6,400.9,798.7,410.25,0
497,16538,512087,818.1,419.5,779.6,400.3,798.85,409.9,0
497,16539,512088,818.3,419.7,779.8,399.8,799.05,409.75,0
497,16540,512089,818.5,419.7,780.1,399.2,799.3,409.45,0
497,16541,512090,818.8,419.7,780.4,398.8,799.6,409.25,0
497,16542,512091,819.0,419.4,780.6,398.8,799.8,409.1,0
497,16543,512092,819.1,419.1,780.8,398.7,799.95,408.9,0
497,16544,512093,819.0,418.8,781.0,398.6,800.0,408.7,0
497,16545,512094,818.9,418.0,781.4,398.3,800.15,408.15,0
497,16546,512095,818.8,417.2,781.5,398.0,800.15,407.6,0
497,16547,512096,818.7,416.4,781.6,397.6,800.15,407.0,0
497,16548,512097,818.6,415.3,781.6,397.1,800.1,406.2,0
497,16549,512098,818.5,414.5,781.7,396.6,800.1,405.55,0
497,16550,512099,818.4,413.7,781.8,396.0,800.1,404.85,0
497,16551,512100,818.5,412.9,782.0,395.3,800.25,404.1,0
497,16552,512101,818.5,412.6,782.1,394.7,800.3,403.65,0
497,16553,512102,818.6,412.1,782.3,394.1,800.45,403.1,0
497,16554,512103,818.8,411.3,782.6,393.7,800.7,402.5,0
497,16555,512104,818.9,410.7,783.0,393.4,800.95,402.05,0
497,16556,512105,819.1,410.0,783.2,393.3,801.15,401.65,0
497,16557,512106,819.3,409.3,783.4,393.3,801.35,401.3,0
497,16558,512107,819.4,408.8,783.6,393.6,801.5,401.2,0
497,16559,512108,819.4,408.2,783.7,393.8,801.55,401.0,0
497,16560,512109,819.4,407.7,783.5,394.1,801.45,400.9,0
497,16561,512110,819.3,407.6,783.3,394.3,801.3,400.95,0
497,16562,512111,819.3,407.7,783.1,394.5,801.2,401.1,0
497,16563,512112,819.1,407.6,782.9,394.3,801.0,400.95,0
497,16564,512113,818.8,407.5,782.7,394.1,800.75,400.8,0
497,16565,512114,818.5,407.3,782.7,393.3,800.6,400.3,0
497,16566,512115,818.3,407.2,782.5,392.5,800.4,399.85,0
498,16567,512116,818.2,407.1,782.5,391.7,800.35,399.4,0
498,16568,512117,818.1,407.1,782.5,391.0,800.3,399.05,0
498,16569,512118,818.1,407.5,782.5,390.4,800.3,398.95,0
498,16570,512119,818.1,407.9,782.5,389.9,800.3,398.9,0
498,16571,512120,818.2,408.2,782.5,389.3,800.35,398.75,0
498,16572,512121,818.4,408.4,782.4,389.4,800.4,398.9,0
498,16573,512122,818.6,408.6,782.2,389.5,800.4,399.05,0
498,16574,512123,818.7,408.7,781.8,389.7,800.25,399.2,0
498,16575,512124,818.9,408.7,781.4,389.8,800.15,399.25,0
498,16576,512125,819.0,408.3,781.0,389.7,800.0,399.0,0
498,16577,512126,819.0,408.0,780.7,389.7,799.85,398.85,0
498,16578,512127,819.1,407.8,780.4,389.8,799.75,398.8,0
498,16579,512128,818.9,407.5,780.3,389.9,799.6,398.7,0
498,16580,512129,818.6,407.2,780.2,390.4,799.4,398.8,0
498,16581,512130,818.3,407.1,780.3,390.8,799.3,398.95,0
498,16582,512131,818.0,407.1,780.5,391.3,799.25,399.2,0
498,16583,512132,818.1,407.5,780.6,391.7,799.35,399.6,0
498,16584,512133,818.2,408.0,780.6,392.2,799.4,400.1,0
498,16585,512134,818.4,408.3,780.6,392.6,799.5,400.45,0
498,16586,512135,818.7,408.6,780.6,393.0,799.65,400.8,0
498,16587,512136,819.2,408.9,780.7,392.8,799.95,400.85,0
498,16588,512137,819.7,409.2,780.8,392.7,800.25,400.95,0
498,16589,512138,820.2,409.3,781.0,392.5,800.6,400.9,0
498,16590,512139,820.4,409.0,781.1,392.8,800.75,400.9,0
498,16591,512140,820.5,408.6,781.1,393.0,800.8,400.8,0
498,16592,512141,820.6,408.4,780.9,393.2,800.75,400.8,0
498,16593,512142,820.6,408.1,780.7,393.4,800.65,400.75,0
498,16594,512143,820.4,407.8,780.3,393.7,800.35,400.75,0
498,16595,512144,820.2,407.5,779.9,394.0,800.05,400.75,0
498,16596,512145,819.9,407.2,779.6,394.3,799.75,400.75,0
498,16597,512146,819.6,406.9,779.2,394.1,799.4,400.5,0
498,16598,512147,819.2,406.8,779.0,393.9,799.1,400.35,0
498,16599,512148,818.7,406.7,778.9,393.7,798.8,400.2,0
498,16600,512149,818.5,406.8,778.8,393.3,798.65,400.05,0
499,16601,512150,818.5,406.9,778.5,393.0,798.5,399.95,0
499,16602,512151,818.5,407.0,778.0,393.0,798.25,400.0,0
499,16603,512152,818.7,407.3,777.4,393.3,798.05,400.3,0
499,16604,512153,818.8,407.5,776.9,393.7,797.85,400.6,0
499,16605,512154,818.5,407.8,776.5,394.1,797.5,400.95,0
499,16606,512155,818.3,408.3,776.1,394.6,797.2,401.45,0
499,16607,512156,818.0,409.1,775.8,395.2,796.9,402.15,0
499,16608,512157,818.0,409.9,775.5,395.8,796.75,402.85,0
499,16609,512158,818.0,410.7,775.6,396.3,796.8,403.5,0
499,16610,512159,817.9,411.4,775.7,396.6,796.8,404.0,0
499,16611,512160,817.8,412.1,775.7,396.8,796.75,404.45,0
499,16612,512161,818.3,412.7,775.5,397.0,796.9,404.85,0
499,16613,512162,818.7,412.9,775.3,397.2,797.0,405.05,0
499,16614,512163,819.2,412.8,775.1,397.3,797.15,405.05,0
499,16615,512164,819.2,412.8,774.9,397.5,797.05,405.15,0
499,16616,512165,819.2,412.7,774.8,397.2,797.0,404.95,0
499,16617,512166,819.2,412.6,774.7,396.8,796.95,404.7,0
499,16618,512167,819.3,412.4,774.8,396.4,797.05,404.4,0
499,16619,512168,819.4,412.2,774.9,396.0,797.15,404.1,0
499,16620,512169,819.6,411.9,775.1,395.5,797.35,403.7,0
499,16621,512170,819.7,411.5,775.3,395.1,797.5,403.3,0
499,16622,512171,819.9,411.0,775.5,394.5,797.7,402.75,0
499,16623,512172,820.0,410.4,775.7,394.3,797.85,402.35,0
499,16624,512173,820.1,409.7,775.8,394.1,797.95,401.9,0
499,16625,512174,820.0,409.2,776.0,393.8,798.0,401.5,0
499,16626,512175,819.9,408.9,776.1,393.6,798.0,401.25,0
499,16627,512176,819.9,409.1,776.1,393.4,798.0,401.25,0
499,16628,512177,819.9,409.5,775.7,393.4,797.8,401.45,0
499,16629,512178,820.1,410.1,775.3,393.5,797.7,401.8,0
499,16630,512179,820.2,410.8,774.9,393.7,797.55,402.25,0
499,16631,512180,820.4,411.4,774.5,393.9,797.45,402.65,0
499,16632,512181,820.7,412.0,774.1,394.2,797.4,403.1,0
499,16633,512182,820.9,412.5,773.8,394.3,797.35,403.4,0
500,16634,512183,821.1,412.8,773.7,394.1,797.4,403.45,0
500,16635,512184,821.1,412.9,774.0,393.6,797.55,403.25,0
500,16636,512185,820.7,413.1,774.2,393.2,797.45,403.15,0
500,16637,512186,820.4,413.5,774.3,392.8,797.35,403.15,0
500,16638,512187,820.0,413.8,774.4,392.6,797.2,403.2,0
500,16639,512188,817.9,414.2,773.6,393.0,795.75,403.6,0
500,16640,512189,815.8,414.6,771.9,393.9,793.85,404.25,0
500,16641,512190,812.9,415.3,769.8,395.2,791.35,405.25,0
500,16642,512191,809.6,417.0,766.5,398.0,788.05,407.5,0
500,16643,512192,804.1,419.2,761.5,401.2,782.8,410.2,0
500,16644,512193,796.5,421.5,754.7,406.0,775.6,413.75,0
500,16645,512194,787.0,426.2,746.0,411.7,766.5,418.95,0
500,16646,512195,776.7,431.1,736.0,417.3,756.35,424.2,0
500,16647,512196,764.0,437.7,725.9,423.3,744.95,430.5,0
500,16648,512197,749.9,445.5,713.6,430.9,731.75,438.2,0
500,16649,512198,734.0,452.1,699.9,437.6,716.95,444.85,0
500,16650,512199,719.2,459.8,685.1,445.5,702.15,452.65,0
500,16651,512200,704.1,468.1,670.2,452.4,687.15,460.25,0
500,16652,512201,688.4,474.7,654.1,458.7,671.25,466.7,0
500,16653,512202,673.4,481.3,639.1,465.1,656.25,473.2,0
500,16654,512203,658.6,486.5,622.5,471.4,640.55,478.95,0
500,16655,512204,644.3,490.5,606.5,476.0,625.4,483.25,0
500,16656,512205,629.9,494.6,590.9,480.0,610.4,487.3,0
500,16657,512206,614.9,497.5,576.5,483.2,595.7,490.35,0
500,16658,512207,600.6,500.5,562.9,486.7,581.75,493.6,0
500,16659,512208,586.5,502.8,550.9,490.1,568.7,496.45,0
500,16660,512209,572.5,505.2,538.4,492.9,555.45,499.05,0
500,16661,512210,560.1,507.7,526.8,494.8,543.45,501.25,0
500,16662,512211,548.4,510.7,515.5,498.7,531.95,504.7,0
500,16663,512212,537.2,514.6,505.2,503.0,521.2,508.8,0
500,16664,512213,527.3,518.7,495.7,506.5,511.5,512.6,0
500,16665,512214,517.9,523.2,487.3,509.3,502.6,516.25,0
500,16666,512215,509.6,528.5,479.3,512.2,494.45,520.35,0
501,16667,512216,502.6,533.4,470.6,516.9,486.6,525.15,0
501,16668,512217,495.3,539.2,462.2,522.2,478.75,530.7,0
501,16669,512218,488.1,544.9,454.7,526.1,471.4,535.5,0
501,16670,512219,481.8,550.7,446.7,531.6,464.25,541.15,0
501,16671,512220,475.9,556.0,438.6,536.8,457.25,546.4,0
501,16672,512221,471.1,561.1,430.4,543.0,450.75,552.05,0
501,16673,512222,465.4,565.4,422.3,548.4,443.85,556.9,0
501,16674,512223,460.3,569.7,416.1,552.2,438.2,560.95,0
501,16675,512224,454.4,573.6,409.9,555.9,432.15,564.75,0
501,16676,512225,449.6,577.1,403.8,559.4,426.7,568.25,0
501,16677,512226,445.6,580.0,398.8,561.6,422.2,570.8,0
501,16678,512227,441.7,582.5,394.3,563.9,418.0,573.2,0
501,16679,512228,437.8,584.1,390.1,565.1,413.95,574.6,0
501,16680,512229,435.6,585.6,387.1,566.4,411.35,576.0,0
501,16681,512230,433.3,587.1,384.1,567.8,408.7,577.45,0
501,16682,512231,432.5,587.9,382.4,569.1,407.45,578.5,0
501,16683,512232,431.6,588.8,381.2,570.9,406.4,579.85,0
501,16684,512233,430.7,589.2,380.7,572.4,405.7,580.8,0
501,16685,512234,430.0,589.7,380.3,573.8,405.15,581.75,0
501,16686,512235,429.6,590.3,380.0,575.4,404.8,582.85,0
501,16687,512236,429.4,591.0,379.8,576.9,404.6,583.95,0
501,16688,512237,429.3,591.8,380.1,578.7,404.7,585.25,0
501,16689,512238,430.4,592.6,380.9,580.3,405.65,586.45,0
501,16690,512239,431.9,593.0,381.8,580.8,406.85,586.9,0
501,16691,512240,433.6,593.3,383.1,581.4,408.35,587.35,0
501,16692,512241,435.2,593.7,384.3,582.0,409.75,587.85,0
501,16693,512242,437.6,594.1,385.6,582.4,411.6,588.25,0
501,16694,512243,440.2,594.3,388.3,582.6,414.25,588.45,0
501,16695,512244,442.8,594.1,390.5,582.5,416.65,588.3,0
501,16696,512245,444.3,593.8,392.3,582.4,418.3,588.1,0
501,16697,512246,444.7,593.6,394.0,581.4,419.35,587.5,0
501,16698,512247,444.9,593.1,395.2,580.3,420.05,586.7,0
501,16699,512248,445.2,592.5,396.4,579.2,420.8,585.85,0
501,16700,512249,443.8,591.2,397.5,578.2,420.65,584.7,0
502,16701,512250,442.2,590.0,397.0,577.2,419.6,583.6,0
502,16702,512251,440.6,588.9,396.5,576.1,418.55,582.5,0
502,16703,512252,438.6,588.0,395.6,574.9,417.1,581.45,0
502,16704,512253,437.1,587.1,394.7,573.9,415.9,580.5,0
502,16705,512254,435.8,586.4,392.6,572.9,414.2,579.65,0
502,16706,512255,434.3,585.9,390.7,571.9,412.5,578.9,0
502,16707,512256,433.5,586.3,388.8,571.0,411.15,578.65,0
502,16708,512257,431.9,586.6,387.0,570.1,409.45,578.35,0
502,16709,512258,430.4,586.9,385.3,569.4,407.85,578.15,0
502,16710,512259,429.3,587.2,384.0,569.1,406.65,578.15,0
502,16711,512260,428.3,587.5,382.9,569.2,405.6,578.35,0
502,16712,512261,427.4,588.2,383.1,569.3,405.25,578.75,0
502,16713,512262,426.8,588.8,383.3,569.2,405.05,579.0,0
502,16714,512263,426.4,589.1,383.5,569.1,404.95,579.1,0
502,16715,512264,426.9,589.4,383.7,569.0,405.3,579.2,0
502,16716,512265,427.4,589.7,384.0,568.7,405.7,579.2,0
502,16717,512266,428.0,589.8,384.3,568.3,406.15,579.05,0
502,16718,512267,428.5,589.8,384.4,568.2,406.45,579.0,0
502,16719,512268,429.0,589.4,384.4,568.2,406.7,578.8,0
502,16720,512269,429.3,589.0,384.3,568.3,406.8,578.65,0
502,16721,512270,429.7,588.8,384.2,568.2,406.95,578.5,0
502,16722,512271,430.0,588.6,384.2,567.8,407.1,578.2,0
502,16723,512272,430.3,588.4,384.2,567.1,407.25,577.75,0
502,16724,512273,430.6,588.1,384.1,566.3,407.35,577.2,0
502,16725,512274,430.8,587.4,384.0,565.3,407.4,576.35,0
502,16726,512275,431.1,586.7,384.0,564.3,407.55,575.5,0
502,16727,512276,431.3,586.0,384.0,563.0,407.65,574.5,0
502,16728,512277,431.5,585.3,384.0,561.9,407.75,573.6,0
502,16729,512278,431.6,584.6,383.9,560.8,407.75,572.7,0
502,16730,512279,431.6,583.9,383.8,560.0,407.7,571.95,0
502,16731,512280,431.6,583.3,383.6,559.2,407.6,571.25,0
502,16732,512281,431.5,583.2,383.5,558.5,407.5,570.85,0
502,16733,512282,431.5,583.1,383.3,558.0,407.4,570.55,0
503,16734,512283,431.4,583.0,383.2,557.6,407.3,570.3,0
503,16735,512284,431.3,582.8,383.1,557.1,407.2,569.95,0
503,16736,512285,431.2,582.7,383.1,556.9,407.15,569.8,0
503,16737,512286,431.1,582.6,383.1,556.7,407.1,569.65,0
503,16738,512287,431.1,582.5,383.3,556.4,407.2,569.45,0
503,16739,512288,431.0,582.5,383.4,556.0,407.2,569.25,0
503,16740,512289,431.1,582.5,383.7,555.3,407.4,568.9,0
503,16741,512290,431.3,582.5,384.0,554.6,407.65,568.55,0
503,16742,512291,431.5,582.7,384.3,554.1,407.9,568.4,0
503,16743,512292,431.8,582.9,384.7,553.7,408.25,568.3,0
503,16744,512293,432.1,583.1,384.9,553.3,408.5,568.2,0
503,16745,512294,432.4,583.3,385.1,553.0,408.75,568.15,0
503,16746,512295,432.8,583.5,385.2,552.8,409.0,568.15,0
503,16747,512296,433.2,583.6,385.0,552.8,409.1,568.2,0
503,16748,512297,433.5,583.8,384.4,552.8,408.95,568.3,0
503,16749,512298,433.7,584.0,383.8,552.8,408.75,568.4,0
503,16750,512299,433.7,584.1,383.2,552.6,408.45,568.35,0
503,16751,512300,433.7,584.1,382.7,552.5,408.2,568.3,0
503,16752,512301,433.6,584.0,382.3,552.3,407.95,568.15,0
503,16753,512302,433.5,583.6,381.8,552.0,407.65,567.8,0
503,16754,512303,433.2,583.1,381.5,551.8,407.35,567.45,0
503,16755,512304,432.8,582.5,381.5,551.3,407.15,566.9,0
503,16756,512305,432.5,581.8,381.5,550.5,407.0,566.15,0
503,16757,512306,432.4,581.1,381.4,550.0,406.9,565.55,0
503,16758,512307,432.5,580.5,381.3,549.5,406.9,565.0,0
503,16759,512308,432.7,580.0,381.0,548.9,406.85,564.45,0
503,16760,512309,432.9,579.9,380.8,548.4,406.85,564.15,0
503,16761,512310,433.2,579.9,380.6,547.7,406.9,563.8,0
503,16762,512311,433.5,580.1,380.5,547.2,407.0,563.65,0
503,16763,512312,433.8,580.3,380.3,546.2,407.05,563.25,0
503,16764,512313,434.1,580.9,380.3,545.3,407.2,563.1,0
503,16765,512314,434.1,581.5,380.3,544.3,407.2,562.9,0
503,16766,512315,434.1,582.1,380.3,543.4,407.2,562.75,0
504,16767,512316,433.9,582.7,380.3,542.6,407.1,562.65,0
504,16768,512317,433.7,583.1,380.4,541.8,407.05,562.45,0
504,16769,512318,433.4,583.5,380.4,541.1,406.9,562.3,0
504,16770,512319,433.0,583.8,380.6,541.1,406.8,562.45,0
504,16771,512320,432.4,583.3,380.8,541.1,406.6,562.2,0
504,16772,512321,431.8,582.7,381.2,541.1,406.5,561.9,0
504,16773,512322,431.2,582.1,381.6,541.0,406.4,561.55,0
504,16774,512323,430.8,581.2,381.8,540.9,406.3,561.05,0
504,16775,512324,430.5,580.2,382.1,540.9,406.3,560.55,0
504,16776,512325,430.2,579.4,382.2,540.9,406.2,560.15,0
504,16777,512326,430.2,578.6,382.1,540.9,406.15,559.75,0
504,16778,512327,430.3,578.2,382.0,540.9,406.15,559.55,0
504,16779,512328,430.5,577.8,381.5,540.9,406.0,559.35,0
504,16780,512329,430.5,577.3,381.0,540.9,405.75,559.1,0
504,16781,512330,430.5,577.3,380.6,540.8,405.55,559.05,0
504,16782,512331,430.4,577.3,380.2,540.8,405.3,559.05,0
504,16783,512332,430.2,577.3,379.9,540.8,405.05,559.05,0
504,16784,512333,429.9,577.3,379.6,541.0,404.75,559.15,0
504,16785,512334,429.6,577.3,379.4,541.1,404.5,559.2,0
504,16786,512335,429.2,577.4,379.2,541.3,404.2,559.35,0
504,16787,512336,428.9,577.5,379.0,541.4,403.95,559.45,0
504,16788,512337,428.6,577.5,378.9,541.6,403.75,559.55,0
504,16789,512338,428.4,577.6,378.5,541.8,403.45,559.7,0
504,16790,512339,428.3,577.6,378.2,542.2,403.25,559.9,0
504,16791,512340,428.3,577.6,377.9,542.5,403.1,560.05,0
504,16792,512341,428.3,577.4,377.6,542.8,402.95,560.1,0
504,16793,512342,428.4,577.2,377.1,543.1,402.75,560.15,0
504,16794,512343,428.6,577.1,376.7,543.5,402.65,560.3,0
504,16795,512344,428.6,576.9,376.3,543.8,402.45,560.35,0
504,16796,512345,428.5,576.8,376.3,544.1,402.4,560.45,0
504,16797,512346,427.9,576.8,376.2,544.2,402.05,560.5,0
504,16798,512347,427.3,576.8,376.1,544.4,401.7,560.6,0
504,16799,512348,426.8,577.3,375.9,544.5,401.35,560.9,0
504,16800,512349,426.2,577.9,375.6,544.9,400.9,561.4,0
505,16801,512350,426.0,578.8,375.3,545.2,400.65,562.0,0
505,16802,512351,425.8,579.7,374.4,545.6,400.1,562.65,0
505,16803,512352,425.7,580.5,373.4,545.8,399.55,563.15,0
505,16804,512353,426.0,581.3,372.3,547.3,399.15,564.3,0
505,16805,512354,426.3,582.1,371.4,548.7,398.85,565.4,0
505,16806,512355,426.2,582.3,370.8,550.1,398.5,566.2,0
505,16807,512356,425.8,582.5,370.6,551.3,398.2,566.9,0
505,16808,512357,425.0,582.3,370.3,552.5,397.65,567.4,0
505,16809,512358,424.1,582.1,370.6,553.8,397.35,567.95,0
505,16810,512359,423.3,581.7,371.0,555.1,397.15,568.4,0
505,16811,512360,422.4,581.5,371.3,555.5,396.85,568.5,0
505,16812,512361,421.5,581.2,371.5,555.7,396.5,568.45,0
505,16813,512362,421.0,581.2,371.5,556.2,396.25,568.7,0
505,16814,512363,421.0,581.3,371.4,556.8,396.2,569.05,0
505,16815,512364,421.1,581.3,371.4,557.6,396.25,569.45,0
505,16816,512365,421.2,581.4,371.4,558.4,396.3,569.9,0
505,16817,512366,421.3,581.6,371.4,559.3,396.35,570.45,0
505,16818,512367,421.6,581.8,371.4,560.5,396.5,571.15,0
505,16819,512368,421.8,581.9,371.3,561.7,396.55,571.8,0
505,16820,512369,421.8,581.9,371.2,562.9,396.5,572.4,0
505,16821,512370,421.0,581.9,371.1,563.9,396.05,572.9,0
505,16822,512371,420.2,581.8,371.0,564.6,395.6,573.2,0
505,16823,512372,419.5,581.3,370.8,565.1,395.15,573.2,0
505,16824,512373,418.8,580.8,370.6,565.6,394.7,573.2,0
505,16825,512374,418.1,580.1,370.5,565.7,394.3,572.9,0
505,16826,512375,417.4,579.4,370.4,566.0,393.9,572.7,0
505,16827,512376,416.9,578.7,370.4,566.1,393.65,572.4,0
505,16828,512377,417.1,578.1,370.3,566.2,393.7,572.15,0
505,16829,512378,417.5,577.6,370.4,566.3,393.95,571.95,0
505,16830,512379,418.0,577.4,370.4,566.6,394.2,572.0,0
505,16831,512380,418.5,577.3,370.6,566.9,394.55,572.1,0
505,16832,512381,419.0,577.3,370.7,567.2,394.85,572.25,0
505,16833,512382,419.5,577.5,370.8,567.3,395.15,572.4,0
506,16834,512383,420.0,577.7,370.9,567.4,395.45,572.55,0
506,16835,512384,420.3,578.1,371.0,567.6,395.65,572.85,0
506,16836,512385,420.4,578.4,371.1,567.7,395.75,573.05,0
506,16837,512386,420.6,578.7,371.3,568.0,395.95,573.35,0
506,16838,512387,420.7,579.0,371.5,568.4,396.1,573.7,0
506,16839,512388,420.8,579.0,371.6,568.7,396.2,573.85,0
506,16840,512389,420.8,578.9,371.7,568.9,396.25,573.9,0
506,16841,512390,420.8,578.8,371.7,569.0,396.25,573.9,0
506,16842,512391,420.9,578.7,371.7,569.1,396.3,573.9,0
506,16843,512392,420.7,578.6,371.5,569.1,396.1,573.85,0
506,16844,512393,420.5,578.4,371.2,569.0,395.85,573.7,0
506,16845,512394,420.2,578.4,371.0,568.4,395.6,573.4,0
506,16846,512395,419.9,578.7,370.7,567.8,395.3,573.25,0
506,16847,512396,419.7,579.0,370.5,567.3,395.1,573.15,0
506,16848,512397,419.6,579.2,370.4,566.9,395.0,573.05,0
506,16849,512398,419.5,579.3,370.3,566.5,394.9,572.9,0
506,16850,512399,419.7,579.4,370.2,566.1,394.95,572.75,0
506,16851,512400,420.0,579.4,370.2,565.6,395.1,572.5,0
506,16852,512401,420.3,579.4,370.2,565.5,395.25,572.45,0
506,16853,512402,420.6,579.3,370.3,565.5,395.45,572.4,0
506,16854,512403,420.9,579.2,370.4,565.6,395.65,572.4,0
506,16855,512404,421.1,579.1,370.5,565.6,395.8,572.35,0
506,16856,512405,421.2,579.0,370.5,564.7,395.85,571.85,0
506,16857,512406,421.1,578.9,370.5,563.8,395.8,571.35,0
506,16858,512407,421.0,578.8,370.4,563.0,395.7,570.9,0
506,16859,512408,420.9,578.7,370.3,562.1,395.6,570.4,0
506,16860,512409,420.8,578.6,370.3,560.8,395.55,569.7,0
506,16861,512410,420.9,578.5,370.2,559.5,395.55,569.0,0
506,16862,512411,421.0,578.4,370.2,558.3,395.6,568.35,0
506,16863,512412,421.2,578.3,370.3,557.8,395.75,568.05,0
506,16864,512413,421.3,578.3,370.5,557.5,395.9,567.9,0
506,16865,512414,421.5,578.3,370.7,556.0,396.1,567.15,0
506,16866,512415,421.6,578.6,370.8,554.5,396.2,566.55,0
507,16867,512416,421.7,578.9,370.9,553.4,396.3,566.15,0
507,16868,512417,421.8,579.4,370.9,552.4,396.35,565.9,0
507,16869,512418,421.9,580.0,370.9,551.2,396.4,565.6,0
507,16870,512419,422.1,580.5,370.9,550.0,396.5,565.25,0
507,16871,512420,422.3,580.9,370.8,548.9,396.55,564.9,0
507,16872,512421,422.5,581.1,370.5,549.0,396.5,565.05,0
507,16873,512422,422.6,581.0,370.0,549.0,396.3,565.0,0
507,16874,512423,422.7,581.0,369.4,549.1,396.05,565.05,0
507,16875,512424,422.6,580.7,368.9,549.1,395.75,564.9,0
507,16876,512425,422.0,580.5,368.4,549.1,395.2,564.8,0
507,16877,512426,421.4,580.2,367.9,548.9,394.65,564.55,0
507,16878,512427,420.9,580.1,367.6,548.2,394.25,564.15,0
507,16879,512428,420.3,580.0,367.4,547.3,393.85,563.65,0
507,16880,512429,419.8,580.0,367.6,546.4,393.7,563.2,0
507,16881,512430,419.4,580.0,367.8,545.2,393.6,562.6,0
507,16882,512431,419.2,580.0,368.1,543.9,393.65,561.95,0
507,16883,512432,419.3,580.2,368.4,542.8,393.85,561.5,0
507,16884,512433,419.4,580.5,368.8,541.8,394.1,561.15,0
507,16885,512434,419.5,580.8,369.1,541.4,394.3,561.1,0
507,16886,512435,419.6,581.1,369.3,541.0,394.45,561.05,0
507,16887,512436,419.6,581.4,369.2,540.7,394.4,561.05,0
507,16888,512437,419.7,581.7,369.1,540.9,394.4,561.3,0
507,16889,512438,419.8,582.1,368.8,541.1,394.3,561.6,0
507,16890,512439,419.8,582.3,368.5,541.4,394.15,561.85,0
507,16891,512440,419.8,582.5,368.1,541.6,393.95,562.05,0
507,16892,512441,419.8,582.6,368.1,541.9,393.95,562.25,0
507,16893,512442,419.7,582.8,368.1,542.2,393.9,562.5,0
507,16894,512443,419.7,582.9,368.4,543.0,394.05,562.95,0
507,16895,512444,419.4,583.2,368.5,543.6,393.95,563.4,0
507,16896,512445,419.2,583.5,368.8,544.1,394.0,563.8,0
507,16897,512446,419.1,584.0,369.0,545.0,394.05,564.5,0
507,16898,512447,419.0,584.8,369.1,545.8,394.05,565.3,0
507,16899,512448,419.0,585.9,368.9,546.6,393.95,566.25,0
507,16900,512449,419.0,587.0,368.6,547.5,393.8,567.25,0
508,16901,512450,419.0,588.1,368.4,548.2,393.7,568.15,0
508,16902,512451,419.2,589.2,368.3,549.4,393.75,569.3,0
508,16903,512452,419.3,590.3,368.1,550.5,393.7,570.4,0
508,16904,512453,419.3,591.6,368.0,551.6,393.65,571.6,0
508,16905,512454,419.3,592.7,367.8,552.6,393.55,572.65,0
508,16906,512455,419.4,593.5,367.5,553.6,393.45,573.55,0
508,16907,512456,419.4,594.2,367.1,554.5,393.25,574.35,0
508,16908,512457,419.4,595.4,366.6,555.3,393.0,575.35,0
508,16909,512458,419.5,596.4,366.3,556.1,392.9,576.25,0
508,16910,512459,419.7,597.5,366.1,556.9,392.9,577.2,0
508,16911,512460,420.1,598.3,365.9,557.5,393.0,577.9,0
508,16912,512461,420.5,599.6,365.7,558.3,393.1,578.95,0
508,16913,512462,420.8,600.9,365.6,559.3,393.2,580.1,0
508,16914,512463,421.0,602.6,365.7,560.2,393.35,581.4,0
508,16915,512464,421.2,603.9,365.7,561.1,393.45,582.5,0
508,16916,512465,421.3,605.2,365.8,561.6,393.55,583.4,0
508,16917,512466,421.3,606.3,365.7,562.6,393.5,584.45,0
508,16918,512467,421.0,607.2,365.6,564.2,393.3,585.7,0
508,16919,512468,420.7,607.5,365.5,565.7,393.1,586.6,0
508,16920,512469,420.6,607.9,365.4,567.2,393.0,587.55,0
508,16921,512470,420.5,608.0,365.2,568.5,392.85,588.25,0
508,16922,512471,420.5,608.2,365.0,570.3,392.75,589.25,0
508,16923,512472,420.6,608.5,364.8,572.0,392.7,590.25,0
508,16924,512473,420.6,608.8,364.6,573.4,392.6,591.1,0
508,16925,512474,420.5,609.3,364.4,574.5,392.45,591.9,0
508,16926,512475,420.1,609.7,364.3,575.3,392.2,592.5,0
508,16927,512476,419.2,609.8,364.1,576.4,391.65,593.1,0
508,16928,512477,418.3,609.8,364.0,577.6,391.15,593.7,0
508,16929,512478,417.3,609.6,364.0,578.4,390.65,594.0,0
508,16930,512479,416.3,609.5,364.1,579.6,390.2,594.55,0
508,16931,512480,415.4,609.2,364.3,580.6,389.85,594.9,0
508,16932,512481,414.6,609.1,364.4,581.4,389.5,595.25,0
508,16933,512482,414.2,609.1,364.4,582.2,389.3,595.65,0
509,16934,512483,414.1,609.6,364.4,582.7,389.25,596.15,0
509,16935,512484,414.0,610.1,364.3,583.1,389.15,596.6,0
509,16936,512485,414.0,610.7,364.1,583.5,389.05,597.1,0
509,16937,512486,414.1,611.2,363.7,584.3,388.9,597.75,0
509,16938,512487,414.4,611.7,363.3,585.1,388.85,598.4,0
509,16939,512488,414.7,612.0,363.0,585.8,388.85,598.9,0
509,16940,512489,415.0,612.2,362.7,586.7,388.85,599.45,0
509,16941,512490,415.4,612.1,362.5,587.9,388.95,600.0,0
509,16942,512491,415.8,612.0,362.3,589.1,389.05,600.55,0
509,16943,512492,416.1,611.9,362.3,590.3,389.2,601.1,0
509,16944,512493,416.4,611.8,362.3,590.7,389.35,601.25,0
509,16945,512494,416.5,611.8,362.2,591.2,389.35,601.5,0
509,16946,512495,416.6,611.8,362.1,591.5,389.35,601.65,0
509,16947,512496,416.7,611.7,362.0,591.7,389.35,601.7,0
509,16948,512497,416.3,611.5,361.6,591.5,388.95,601.5,0
509,16949,512498,416.0,611.3,361.3,591.4,388.65,601.35,0
509,16950,512499,415.7,611.1,361.0,591.2,388.35,601.15,0
509,16951,512500,415.5,610.8,360.9,591.0,388.2,600.9,0
509,16952,512501,415.1,610.4,360.9,591.0,388.0,600.7,0
509,16953,512502,414.7,610.0,361.1,591.1,387.9,600.55,0
509,16954,512503,414.3,609.7,361.3,591.3,387.8,600.5,0
509,16955,512504,414.0,609.5,361.8,591.6,387.9,600.55,0
509,16956,512505,413.6,609.2,362.2,592.1,387.9,600.65,0
509,16957,512506,413.2,609.0,362.5,592.7,387.85,600.85,0
509,16958,512507,412.9,608.7,362.6,593.3,387.75,601.0,0
509,16959,512508,412.7,608.5,362.5,593.8,387.6,601.15,0
509,16960,512509,412.7,608.3,362.3,594.4,387.5,601.35,0
509,16961,512510,412.8,608.1,362.0,594.9,387.4,601.5,0
509,16962,512511,413.0,607.9,361.7,595.3,387.35,601.6,0
509,16963,512512,413.4,607.1,361.2,595.5,387.3,601.3,0
509,16964,512513,413.8,606.4,360.7,595.7,387.25,601.05,0
509,16965,512514,414.1,605.6,360.2,595.8,387.15,600.7,0
509,16966,512515,414.4,604.9,359.9,595.8,387.15,600.35,0
510,16967,512516,414.5,604.3,359.6,595.6,387.05,599.95,0
510,16968,512517,414.7,603.7,359.3,595.4,387.0,599.55,0
510,16969,512518,414.7,603.2,358.8,595.2,386.75,599.2,0
510,16970,512519,414.8,603.2,358.5,595.0,386.65,599.1,0
510,16971,512520,414.9,603.2,358.2,594.9,386.55,599.05,0
510,16972,512521,415.0,603.0,358.1,594.8,386.55,598.9,0
510,16973,512522,415.2,602.7,358.0,594.9,386.6,598.8,0
510,16974,512523,415.4,602.5,357.9,595.0,386.65,598.75,0
510,16975,512524,415.5,602.2,357.9,595.1,386.7,598.65,0
510,16976,512525,415.5,602.0,358.2,595.4,386.85,598.7,0
510,16977,512526,415.1,601.8,358.5,595.7,386.8,598.75,0
510,16978,512527,414.7,601.7,358.8,596.0,386.75,598.85,0
510,16979,512528,414.3,601.8,358.9,596.3,386.6,599.05,0
510,16980,512529,414.1,601.8,359.0,596.6,386.55,599.2,0
510,16981,512530,413.8,601.8,358.9,596.8,386.35,599.3,0
510,16982,512531,413.6,601.8,358.7,597.1,386.15,599.45,0
510,16983,512532,413.5,601.7,358.4,597.3,385.95,599.5,0
510,16984,512533,413.6,601.6,358.1,597.4,385.85,599.5,0
510,16985,512534,413.9,601.4,357.8,597.9,385.85,599.65,0
510,16986,512535,414.2,601.3,357.5,598.3,385.85,599.8,0
510,16987,512536,414.3,601.3,357.1,598.6,385.7,599.95,0
510,16988,512537,414.5,601.0,356.9,598.8,385.7,599.9,0
510,16989,512538,414.6,600.6,356.7,598.8,385.65,599.7,0
510,16990,512539,414.7,599.7,356.5,598.7,385.6,599.2,0
510,16991,512540,414.9,598.9,356.3,598.7,385.6,598.8,0
510,16992,512541,414.8,598.1,356.0,598.4,385.4,598.25,0
510,16993,512542,414.7,597.3,355.6,598.2,385.15,597.75,0
510,16994,512543,414.5,596.4,355.2,597.8,384.85,597.1,0
510,16995,512544,414.3,595.6,354.9,597.5,384.6,596.55,0
510,16996,512545,414.2,594.9,354.6,597.5,384.4,596.2,0
510,16997,512546,414.2,594.7,354.3,597.5,384.25,596.1,0
510,16998,512547,414.3,594.5,354.3,597.7,384.3,596.1,0
510,16999,512548,414.6,594.2,354.2,597.8,384.4,596.0,0
510,17000,512549,414.8,593.9,354.3,597.8,384.55,595.85,0
511,17001,512550,415.0,593.7,354.4,597.9,384.7,595.8,0
511,17002,512551,415.3,593.5,354.5,597.9,384.9,595.7,0
511,17003,512552,415.4,593.4,354.6,597.8,385.0,595.6,0
511,17004,512553,415.3,593.2,354.6,597.5,384.95,595.35,0
511,17005,512554,415.1,593.1,354.6,597.3,384.85,595.2,0
511,17006,512555,414.7,593.0,354.7,597.1,384.7,595.05,0
511,17007,512556,414.4,593.1,354.8,596.9,384.6,595.0,0
511,17008,512557,414.1,593.2,354.8,596.7,384.45,594.95,0
511,17009,512558,414.1,593.3,355.2,596.8,384.65,595.05,0
511,17010,512559,414.1,593.4,355.5,596.8,384.8,595.1,0
511,17011,512560,414.3,593.5,355.8,596.9,385.05,595.2,0
511,17012,512561,414.5,593.6,356.1,596.8,385.3,595.2,0
511,17013,512562,414.7,593.6,356.2,596.7,385.45,595.15,0
511,17014,512563,415.0,593.5,356.3,596.7,385.65,595.1,0
511,17015,512564,415.1,593.4,356.3,596.8,385.7,595.1,0
511,17016,512565,415.1,593.3,356.1,596.9,385.6,595.1,0
511,17017,512566,415.1,593.2,355.9,596.9,385.5,595.05,0
511,17018,512567,415.1,593.1,355.8,596.9,385.45,595.0,0
511,17019,512568,415.1,593.0,355.6,597.0,385.35,595.0,0
511,17020,512569,415.3,593.0,355.7,597.0,385.5,595.0,0
511,17021,512570,415.4,593.4,355.7,597.0,385.55,595.2,0
511,17022,512571,415.5,593.8,355.8,596.9,385.65,595.35,0
511,17023,512572,415.6,594.3,355.5,596.8,385.55,595.55,0
511,17024,512573,415.5,594.8,355.2,596.9,385.35,595.85,0
511,17025,512574,415.4,595.3,355.0,597.1,385.2,596.2,0
511,17026,512575,415.3,596.0,354.6,597.2,384.95,596.6,0
511,17027,512576,415.2,596.7,354.3,597.3,384.75,597.0,0
511,17028,512577,415.2,597.1,353.9,597.4,384.55,597.25,0
511,17029,512578,415.4,597.5,353.7,597.5,384.55,597.5,0
511,17030,512579,415.7,597.9,353.8,597.6,384.75,597.75,0
511,17031,512580,416.0,598.2,354.0,597.7,385.0,597.95,0
511,17032,512581,416.3,598.6,354.3,597.6,385.3,598.1,0
511,17033,512582,416.5,599.0,354.7,597.4,385.6,598.2,0
512,17034,512583,416.4,599.4,355.0,597.2,385.7,598.3,0
512,17035,512584,416.2,599.7,355.3,597.1,385.75,598.4,0
512,17036,512585,415.8,600.2,355.5,597.0,385.65,598.6,0
512,17037,512586,415.4,600.6,355.9,596.9,385.65,598.75,0
512,17038,512587,415.1,601.1,356.3,596.8,385.7,598.95,0
512,17039,512588,414.8,601.6,356.6,596.8,385.7,599.2,0
512,17040,512589,414.6,602.2,356.9,597.0,385.75,599.6,0
512,17041,512590,414.6,602.8,357.1,597.3,385.85,600.05,0
512,17042,512591,414.5,603.4,357.6,597.8,386.05,600.6,0
512,17043,512592,414.4,603.9,358.0,598.4,386.2,601.15,0
512,17044,512593,414.2,604.6,358.3,598.9,386.25,601.75,0
512,17045,512594,414.0,605.2,358.2,599.3,386.1,602.25,0
512,17046,512595,413.7,606.1,358.0,599.8,385.85,602.95,0
512,17047,512596,413.7,607.1,357.9,600.3,385.8,603.7,0
512,17048,512597,413.9,608.0,357.5,600.9,385.7,604.45,0
512,17049,512598,414.1,609.0,357.1,601.1,385.6,605.05,0
512,17050,512599,414.2,609.9,356.6,601.2,385.4,605.55,0
512,17051,512600,414.1,610.5,356.1,601.3,385.1,605.9,0
512,17052,512601,414.1,611.1,355.5,601.4,384.8,606.25,0
512,17053,512602,414.1,611.2,354.9,601.7,384.5,606.45,0
512,17054,512603,414.0,611.1,354.3,602.2,384.15,606.65,0
512,17055,512604,413.9,611.0,353.9,602.7,383.9,606.85,0
512,17056,512605,413.8,610.9,353.5,603.0,383.65,606.95,0
512,17057,512606,413.9,610.8,353.1,603.2,383.5,607.0,0
512,17058,512607,414.2,610.7,353.1,603.2,383.65,606.95,0
512,17059,512608,414.6,610.8,353.6,603.1,384.1,606.95,0
512,17060,512609,414.9,610.9,354.1,602.9,384.5,606.9,0
512,17061,512610,415.1,611.8,354.7,602.2,384.9,607.0,0
512,17062,512611,415.3,612.7,355.2,601.4,385.25,607.05,0
512,17063,512612,415.5,613.6,355.9,600.6,385.7,607.1,0
512,17064,512613,415.6,614.5,356.5,599.8,386.05,607.15,0
512,17065,512614,415.7,615.3,357.0,599.5,386.35,607.4,0
512,17066,512615,415.5,616.0,357.1,599.1,386.3,607.55,0
513,17067,512616,415.4,616.6,357.2,598.6,386.3,607.6,0
513,17068,512617,415.3,616.4,357.2,597.9,386.25,607.15,0
513,17069,512618,415.2,616.2,357.4,596.3,386.3,606.25,0
513,17070,512619,414.9,615.9,357.3,594.9,386.1,605.4,0
513,17071,512620,414.6,615.6,357.3,593.4,385.95,604.5,0
513,17072,512621,414.2,615.3,357.3,592.0,385.75,603.65,0
513,17073,512622,413.9,615.0,357.3,590.6,385.6,602.8,0
513,17074,512623,413.5,614.8,357.2,589.4,385.35,602.1,0
513,17075,512624,413.2,614.6,357.2,588.8,385.2,601.7,0
513,17076,512625,412.9,614.4,357.0,589.2,384.95,601.8,0
513,17077,512626,412.8,614.3,356.7,589.8,384.75,602.05,0
513,17078,512627,412.7,614.2,356.5,590.7,384.6,602.45,0
513,17079,512628,412.6,614.1,356.3,591.6,384.45,602.85,0
513,17080,512629,412.3,614.1,356.1,592.6,384.2,603.35,0
513,17081,512630,412.0,614.1,355.9,593.6,383.95,603.85,0
513,17082,512631,411.7,614.4,355.8,594.3,383.75,604.35,0
513,17083,512632,411.3,614.5,355.8,595.0,383.55,604.75,0
513,17084,512633,410.8,614.6,355.7,595.4,383.25,605.0,0
513,17085,512634,410.3,614.7,355.7,595.4,383.0,605.05,0
513,17086,512635,409.8,614.7,355.6,595.3,382.7,605.0,0
513,17087,512636,409.5,614.7,355.2,595.1,382.35,604.9,0
513,17088,512637,409.0,614.6,354.8,594.2,381.9,604.4,0
513,17089,512638,408.5,614.3,354.4,593.4,381.45,603.85,0
513,17090,512639,408.0,614.1,354.1,592.5,381.05,603.3,0
513,17091,512640,407.6,613.9,353.7,591.6,380.65,602.75,0
513,17092,512641,407.2,613.8,353.3,590.9,380.25,602.35,0
513,17093,512642,406.9,613.8,352.9,590.1,379.9,601.95,0
513,17094,512643,406.7,613.8,352.8,589.5,379.75,601.65,0
513,17095,512644,406.7,613.9,352.8,589.1,379.75,601.5,0
513,17096,512645,406.8,613.9,352.7,588.7,379.75,601.3,0
513,17097,512646,406.8,614.0,352.7,588.3,379.75,601.15,0
513,17098,512647,406.8,614.2,352.8,587.9,379.8,601.05,0
513,17099,512648,406.8,614.4,352.9,587.5,379.85,600.95,0
513,17100,512649,406.8,614.4,353.1,587.2,379.95,600.8,0
514,17101,512650,406.7,614.5,353.2,587.1,379.95,600.8,0
514,17102,512651,406.6,614.6,353.3,587.1,379.95,600.85,0
514,17103,512652,406.5,614.6,353.3,587.1,379.9,600.85,0
514,17104,512653,406.5,614.7,353.3,587.3,379.9,601.0,0
514,17105,512654,406.6,614.5,353.1,587.4,379.85,600.95,0
514,17106,512655,406.6,614.4,352.8,587.5,379.7,600.95,0
514,17107,512656,406.8,614.3,352.6,587.6,379.7,600.95,0
514,17108,512657,406.9,614.2,352.3,587.4,379.6,600.8,0
514,17109,512658,407.1,614.2,352.1,586.8,379.6,600.5,0
514,17110,512659,407.3,614.1,351.8,586.1,379.55,600.1,0
514,17111,512660,407.4,614.0,351.5,585.3,379.45,599.65,0
514,17112,512661,407.4,613.7,351.4,584.5,379.4,599.1,0
514,17113,512662,407.5,613.4,351.3,583.6,379.4,598.5,0
514,17114,512663,407.5,613.2,351.2,582.8,379.35,598.0,0
514,17115,512664,407.5,612.9,351.2,582.2,379.35,597.55,0
514,17116,512665,407.8,612.6,351.2,581.0,379.5,596.8,0
514,17117,512666,408.3,612.3,351.4,580.0,379.85,596.15,0
514,17118,512667,408.9,612.0,352.3,579.0,380.6,595.5,0
514,17119,512668,409.5,612.0,354.3,578.2,381.9,595.1,0
514,17120,512669,411.6,611.9,356.9,577.5,384.25,594.7,0
514,17121,512670,414.7,611.6,360.6,577.0,387.65,594.3,0
514,17122,512671,419.2,611.2,365.5,576.5,392.35,593.85,0
514,17123,512672,425.4,610.0,371.7,576.8,398.55,593.4,0
514,17124,512673,433.4,608.5,379.9,576.2,406.65,592.35,0
514,17125,512674,443.6,607.0,388.9,575.1,416.25,591.05,0
514,17126,512675,456.2,605.3,400.2,574.2,428.2,589.75,0
514,17127,512676,469.7,602.3,412.6,572.4,441.15,587.35,0
514,17128,512677,484.3,599.6,425.3,570.0,454.8,584.8,0
514,17129,512678,499.4,595.3,439.6,565.9,469.5,580.6,0
514,17130,512679,514.8,590.7,454.9,561.1,484.85,575.9,0
514,17131,512680,528.9,585.0,470.6,554.5,499.75,569.75,0
514,17132,512681,541.8,579.0,486.2,547.1,514.0,563.05,0
514,17133,512682,554.6,572.3,498.9,539.3,526.75,555.8,0
515,17134,512683,567.7,566.6,512.2,532.0,539.95,549.3,0
515,17135,512684,579.3,559.6,524.7,523.6,552.0,541.6,0
515,17136,512685,589.8,553.4,535.9,516.8,562.85,535.1,0
515,17137,512686,599.4,548.1,546.3,510.5,572.85,529.3,0
515,17138,512687,609.6,543.8,555.4,506.9,582.5,525.35,0
515,17139,512688,619.2,538.7,564.5,504.6,591.85,521.65,0
515,17140,512689,627.4,534.7,574.2,500.9,600.8,517.8,0
515,17141,512690,633.9,530.9,582.1,497.6,608.0,514.25,0
515,17142,512691,640.2,528.4,590.3,495.7,615.25,512.05,0
515,17143,512692,645.9,526.7,597.0,493.3,621.45,510.0,0
515,17144,512693,650.4,525.0,603.0,491.4,626.7,508.2,0
515,17145,512694,655.3,524.4,608.7,489.5,632.0,506.95,0
515,17146,512695,660.5,524.8,614.8,487.7,637.65,506.25,0
515,17147,512696,665.6,525.6,621.2,487.3,643.4,506.45,0
515,17148,512697,672.4,526.8,628.1,486.9,650.25,506.85,0
515,17149,512698,679.1,528.1,635.1,486.7,657.1,507.4,0
515,17150,512699,686.3,529.5,643.8,487.1,665.05,508.3,0
515,17151,512700,694.7,531.1,651.7,487.6,673.2,509.35,0
515,17152,512701,701.4,532.4,659.3,488.5,680.35,510.45,0
515,17153,512702,707.4,534.8,665.6,489.9,686.5,512.35,0
515,17154,512703,712.7,536.7,670.5,491.1,691.6,513.9,0
515,17155,512704,715.5,538.3,674.7,492.4,695.1,515.35,0
515,17156,512705,717.6,540.3,677.4,494.3,697.5,517.3,0
515,17157,512706,719.3,542.2,678.5,496.1,698.9,519.15,0
515,17158,512707,719.5,544.0,679.4,499.1,699.45,521.55,0
515,17159,512708,719.7,545.6,680.3,501.6,700.0,523.6,0
515,17160,512709,719.9,546.1,680.5,503.5,700.2,524.8,0
515,17161,512710,720.0,546.6,682.0,505.5,701.0,526.05,0
515,17162,512711,721.1,547.1,683.6,507.4,702.35,527.25,0
515,17163,512712,722.3,547.2,685.6,508.4,703.95,527.8,0
515,17164,512713,723.6,547.2,688.0,509.5,705.8,528.35,0
515,17165,512714,725.1,547.2,690.5,509.3,707.8,528.25,0
515,17166,512715,727.3,547.2,692.6,509.2,709.95,528.2,0
516,17167,512716,729.6,546.5,694.8,509.1,712.2,527.8,0
516,17168,512717,731.7,545.8,695.7,508.7,713.7,527.25,0
516,17169,512718,732.8,545.2,695.9,507.7,714.35,526.45,0
516,17170,512719,732.9,544.6,695.2,506.9,714.05,525.75,0
516,17171,512720,732.8,544.2,694.0,506.2,713.4,525.2,0
516,17172,512721,732.7,543.9,692.1,506.1,712.4,525.0,0
516,17173,512722,731.6,543.6,690.2,505.9,710.9,524.75,0
516,17174,512723,730.5,543.9,688.1,505.8,709.3,524.85,0
516,17175,512724,729.0,544.2,686.1,506.0,707.55,525.1,0
516,17176,512725,727.6,544.6,684.5,507.1,706.05,525.85,0
516,17177,512726,727.1,544.7,683.6,508.1,705.35,526.4,0
516,17178,512727,726.7,544.8,683.0,509.0,704.85,526.9,0
516,17179,512728,726.3,544.7,683.1,509.3,704.7,527.0,0
516,17180,512729,726.0,544.7,683.3,509.8,704.65,527.25,0
516,17181,512730,726.0,544.8,683.8,510.2,704.9,527.5,0
516,17182,512731,727.1,544.8,684.3,510.7,705.7,527.75,0
516,17183,512732,728.3,544.9,684.8,511.1,706.55,528.0,0
516,17184,512733,729.8,545.1,685.3,511.5,707.55,528.3,0
516,17185,512734,731.2,545.3,685.7,512.1,708.45,528.7,0
516,17186,512735,732.6,545.6,686.2,512.5,709.4,529.05,0
516,17187,512736,734.0,545.7,686.8,512.8,710.4,529.25,0
516,17188,512737,735.4,545.7,687.4,513.0,711.4,529.35,0
516,17189,512738,735.9,545.6,687.9,513.2,711.9,529.4,0
516,17190,512739,736.4,545.5,688.5,513.3,712.45,529.4,0
516,17191,512740,736.7,545.3,689.5,513.4,713.1,529.35,0
516,17192,512741,736.9,545.2,690.3,513.4,713.6,529.3,0
516,17193,512742,737.2,545.2,691.0,513.4,714.1,529.3,0
516,17194,512743,737.3,545.1,691.3,513.5,714.3,529.3,0
516,17195,512744,737.4,545.1,691.5,513.5,714.45,529.3,0
516,17196,512745,737.5,545.1,691.8,513.4,714.65,529.25,0
516,17197,512746,737.5,545.2,692.0,513.2,714.75,529.2,0
516,17198,512747,737.5,545.2,691.6,513.0,714.55,529.1,0
516,17199,512748,737.4,545.2,691.3,512.6,714.35,528.9,0
516,17200,512749,737.4,545.2,691.0,512.0,714.2,528.6,0
517,17201,512750,737.7,545.2,690.9,511.4,714.3,528.3,0
517,17202,512751,737.9,545.0,690.8,510.9,714.35,527.95,0
517,17203,512752,738.2,544.5,690.7,510.5,714.45,527.5,0
517,17204,512753,738.6,543.8,690.9,509.5,714.75,526.65,0
517,17205,512754,739.0,543.1,691.1,508.4,715.05,525.75,0
517,17206,512755,739.5,542.4,691.2,506.9,715.35,524.65,0
517,17207,512756,739.8,541.7,691.4,505.2,715.6,523.45,0
517,17208,512757,739.9,541.2,691.5,503.6,715.7,522.4,0
517,17209,512758,740.0,540.8,691.2,502.0,715.6,521.4,0
517,17210,512759,740.1,540.7,690.9,500.3,715.5,520.5,0
517,17211,512760,740.2,540.7,690.5,499.2,715.35,519.95,0
517,17212,512761,740.6,540.7,689.9,498.3,715.25,519.5,0
517,17213,512762,740.9,540.6,689.4,497.7,715.15,519.15,0
517,17214,512763,741.2,540.4,688.9,497.5,715.05,518.95,0
517,17215,512764,742.0,539.9,688.7,497.3,715.35,518.6,0
517,17216,512765,742.9,539.4,688.8,497.1,715.85,518.25,0
517,17217,512766,743.7,538.9,689.1,497.0,716.4,517.95,0
517,17218,512767,744.4,538.3,689.4,496.8,716.9,517.55,0
517,17219,512768,744.8,537.5,689.8,496.7,717.3,517.1,0
517,17220,512769,745.1,536.7,690.1,496.7,717.6,516.7,0
517,17221,512770,745.5,536.0,690.4,496.5,717.95,516.25,0
517,17222,512771,745.3,535.6,690.4,496.3,717.85,515.95,0
517,17223,512772,745.1,535.1,690.4,496.1,717.75,515.6,0
517,17224,512773,745.0,534.5,690.2,495.9,717.6,515.2,0
517,17225,512774,744.9,533.3,690.0,495.8,717.45,514.55,0
517,17226,512775,745.0,532.3,689.8,495.2,717.4,513.75,0
517,17227,512776,745.1,531.2,689.6,494.5,717.35,512.85,0
517,17228,512777,745.2,530.1,689.3,493.9,717.25,512.0,0
517,17229,512778,745.3,529.0,689.2,493.4,717.25,511.2,0
517,17230,512779,745.4,528.0,689.0,492.8,717.2,510.4,0
517,17231,512780,745.3,527.0,688.9,492.3,717.1,509.65,0
517,17232,512781,745.2,526.7,688.9,491.8,717.05,509.25,0
517,17233,512782,745.1,526.3,688.8,491.8,716.95,509.05,0
518,17234,512783,745.0,526.0,688.8,491.8,716.9,508.9,0
518,17235,512784,745.1,525.8,688.8,491.8,716.95,508.8,0
518,17236,512785,745.1,525.3,688.8,491.9,716.95,508.6,0
518,17237,512786,745.1,524.9,688.8,491.9,716.95,508.4,0
518,17238,512787,745.1,524.4,688.8,492.0,716.95,508.2,0
518,17239,512788,745.1,524.1,688.6,492.0,716.85,508.05,0
518,17240,512789,745.1,523.8,688.4,492.7,716.75,508.25,0
518,17241,512790,745.0,523.5,688.3,493.3,716.65,508.4,0
518,17242,512791,744.6,522.8,688.3,494.0,716.45,508.4,0
518,17243,512792,744.4,522.4,688.4,494.6,716.4,508.5,0
518,17244,512793,744.2,521.9,688.5,495.2,716.35,508.55,0
518,17245,512794,744.1,521.4,688.7,495.7,716.4,508.55,0
518,17246,512795,744.0,521.1,688.9,496.3,716.45,508.7,0
518,17247,512796,744.0,520.7,689.1,496.2,716.55,508.45,0
518,17248,512797,744.0,520.4,689.3,496.0,716.65,508.2,0
518,17249,512798,743.8,520.4,689.3,495.8,716.55,508.1,0
518,17250,512799,743.4,520.4,689.4,495.6,716.4,508.0,0
518,17251,512800,743.0,520.4,689.5,495.6,716.25,508.0,0
518,17252,512801,742.5,520.3,689.7,495.5,716.1,507.9,0
518,17253,512802,742.4,520.2,690.0,495.4,716.2,507.8,0
518,17254,512803,742.8,520.0,690.3,495.3,716.55,507.65,0
518,17255,512804,743.2,519.8,690.6,495.3,716.9,507.55,0
518,17256,512805,743.6,519.6,690.9,495.3,717.25,507.45,0
518,17257,512806,744.1,519.4,691.1,495.3,717.6,507.35,0
518,17258,512807,744.6,519.2,691.2,495.2,717.9,507.2,0
518,17259,512808,745.1,519.1,691.1,495.0,718.1,507.05,0
518,17260,512809,745.2,519.0,690.9,494.8,718.05,506.9,0
518,17261,512810,744.9,519.0,690.7,494.7,717.8,506.85,0
518,17262,512811,744.6,519.0,690.5,494.7,717.55,506.85,0
518,17263,512812,744.4,518.9,690.3,494.7,717.35,506.8,0
518,17264,512813,744.3,518.8,690.1,494.8,717.2,506.8,0
518,17265,512814,744.3,518.7,689.9,495.0,717.1,506.85,0
518,17266,512815,744.3,518.6,689.7,495.3,717.0,506.95,0
519,17267,512816,744.2,518.7,689.7,495.7,716.95,507.2,0
519,17268,512817,744.3,519.4,689.7,496.0,717.0,507.7,0
519,17269,512818,744.3,520.0,689.6,496.3,716.95,508.15,0
519,17270,512819,744.2,520.5,689.6,496.5,716.9,508.5,0
519,17271,512820,744.1,521.0,689.7,496.6,716.9,508.8,0
519,17272,512821,744.1,521.5,689.6,496.5,716.85,509.0,0
519,17273,512822,743.9,522.0,689.6,496.4,716.75,509.2,0
519,17274,512823,743.7,522.3,689.5,496.2,716.6,509.25,0
519,17275,512824,743.2,522.0,689.4,496.0,716.3,509.0,0
519,17276,512825,742.8,521.7,689.3,495.8,716.05,508.75,0
519,17277,512826,742.4,521.5,689.2,495.8,715.8,508.65,0
519,17278,512827,742.1,521.3,689.1,496.2,715.6,508.75,0
519,17279,512828,741.8,521.3,689.1,497.2,715.45,509.25,0
519,17280,512829,741.5,521.2,688.9,498.2,715.2,509.7,0
519,17281,512830,741.3,521.5,688.8,499.2,715.05,510.35,0
519,17282,512831,741.3,521.8,688.5,500.0,714.9,510.9,0
519,17283,512832,741.1,522.2,688.3,500.7,714.7,511.45,0
519,17284,512833,741.1,522.6,687.8,501.4,714.45,512.0,0
519,17285,512834,741.0,523.1,687.3,501.8,714.15,512.45,0
519,17286,512835,740.8,523.6,686.9,501.9,713.85,512.75,0
519,17287,512836,740.6,524.0,686.5,501.9,713.55,512.95,0
519,17288,512837,740.4,524.2,686.1,502.5,713.25,513.35,0
519,17289,512838,740.3,524.4,685.8,503.2,713.05,513.8,0
519,17290,512839,740.2,524.5,685.5,504.0,712.85,514.25,0
519,17291,512840,740.0,524.7,685.5,504.7,712.75,514.7,0
519,17292,512841,739.8,524.7,685.5,505.2,712.65,514.95,0
519,17293,512842,739.5,524.8,685.5,505.7,712.5,515.25,0
519,17294,512843,739.2,524.9,685.5,506.2,712.35,515.55,0
519,17295,512844,738.9,524.9,685.7,506.4,712.3,515.65,0
519,17296,512845,738.6,524.8,685.8,506.6,712.2,515.7,0
519,17297,512846,738.5,524.7,686.0,506.6,712.25,515.65,0
519,17298,512847,738.4,524.6,686.2,506.8,712.3,515.7,0
519,17299,512848,738.4,524.7,686.3,507.2,712.35,515.95,0
519,17300,512849,738.4,524.9,686.5,508.0,712.45,516.45,0
520,17301,512850,738.5,525.0,686.7,508.7,712.6,516.85,0
520,17302,512851,738.7,525.3,686.8,509.4,712.75,517.35,0
520,17303,512852,738.8,525.6,687.0,510.0,712.9,517.8,0
520,17304,512853,738.9,525.9,687.3,509.8,713.1,517.85,0
520,17305,512854,738.9,526.3,687.7,509.5,713.3,517.9,0
520,17306,512855,738.8,526.6,688.0,509.0,713.4,517.8,0
520,17307,512856,738.7,526.9,688.6,508.3,713.65,517.6,0
520,17308,512857,738.5,527.2,688.9,507.6,713.7,517.4,0
520,17309,512858,738.2,527.7,689.2,506.9,713.7,517.3,0
520,17310,512859,737.9,528.5,689.1,506.3,713.5,517.4,0
520,17311,512860,737.8,529.4,688.8,507.0,713.3,518.2,0
520,17312,512861,738.1,530.2,688.6,507.7,713.35,518.95,0
520,17313,512862,738.6,530.7,688.7,508.5,713.65,519.6,0
520,17314,512863,739.0,531.4,688.6,509.4,713.8,520.4,0
520,17315,512864,739.4,532.0,688.6,510.2,714.0,521.1,0
520,17316,512865,739.9,532.5,688.7,511.0,714.3,521.75,0
520,17317,512866,740.3,532.6,689.0,511.7,714.65,522.15,0
520,17318,512867,740.2,532.7,689.1,512.2,714.65,522.45,0
520,17319,512868,739.7,532.9,689.1,512.6,714.4,522.75,0
520,17320,512869,739.3,533.2,688.8,513.0,714.05,523.1,0
520,17321,512870,739.1,533.4,688.5,513.2,713.8,523.3,0
520,17322,512871,738.8,533.6,688.1,513.4,713.45,523.5,0
520,17323,512872,738.6,533.7,687.7,513.5,713.15,523.6,0
520,17324,512873,738.2,533.9,687.3,513.7,712.75,523.8,0
520,17325,512874,738.4,533.9,687.1,513.9,712.75,523.9,0
520,17326,512875,738.5,533.9,686.9,513.9,712.7,523.9,0
520,17327,512876,738.5,534.0,686.6,514.6,712.55,524.3,0
520,17328,512877,738.6,534.0,686.4,515.3,712.5,524.65,0
520,17329,512878,738.6,534.3,686.2,516.0,712.4,525.15,0
520,17330,512879,738.7,534.6,686.0,516.8,712.35,525.7,0
520,17331,512880,738.8,534.9,686.0,517.6,712.4,526.25,0
520,17332,512881,738.9,535.1,686.0,518.4,712.45,526.75,0
520,17333,512882,739.1,535.2,685.9,519.1,712.5,527.15,0
521,17334,512883,739.3,535.4,686.0,519.3,712.65,527.35,0
521,17335,512884,739.5,535.7,686.1,519.5,712.8,527.6,0
521,17336,512885,739.6,536.0,686.2,520.0,712.9,528.0,0
521,17337,512886,739.7,536.3,686.5,520.5,713.1,528.4,0
521,17338,512887,739.8,536.7,686.8,521.1,713.3,528.9,0
521,17339,512888,739.9,537.1,687.1,521.4,713.5,529.25,0
521,17340,512889,740.0,537.7,687.5,521.7,713.75,529.7,0
521,17341,512890,740.0,538.2,687.8,521.9,713.9,530.05,0
521,17342,512891,740.0,538.4,688.2,522.0,714.1,530.2,0
521,17343,512892,740.0,538.6,688.5,521.6,714.25,530.1,0
521,17344,512893,740.1,538.6,688.8,521.3,714.45,529.95,0
521,17345,512894,740.2,538.8,689.0,521.1,714.6,529.95,0
521,17346,512895,740.1,539.0,689.2,521.1,714.65,530.05,0
521,17347,512896,739.9,539.2,689.2,521.8,714.55,530.5,0
521,17348,512897,739.7,539.3,689.2,522.6,714.45,530.95,0
521,17349,512898,739.4,539.4,689.1,523.5,714.25,531.45,0
521,17350,512899,739.2,539.5,688.9,524.2,714.05,531.85,0
521,17351,512900,739.0,539.7,688.5,525.0,713.75,532.35,0
521,17352,512901,738.8,539.7,688.0,525.1,713.4,532.4,0
521,17353,512902,738.6,539.7,687.6,525.3,713.1,532.5,0
521,17354,512903,738.7,539.7,687.3,524.8,713.0,532.25,0
521,17355,512904,738.7,539.7,687.1,524.3,712.9,532.0,0
521,17356,512905,738.7,539.7,686.9,523.9,712.8,531.8,0
521,17357,512906,738.5,539.7,686.8,523.5,712.65,531.6,0
521,17358,512907,738.4,539.6,686.8,523.3,712.6,531.45,0
521,17359,512908,738.2,539.7,686.9,523.6,712.55,531.65,0
521,17360,512909,738.0,540.1,687.2,524.4,712.6,532.25,0
521,17361,512910,737.9,540.5,687.4,525.3,712.65,532.9,0
521,17362,512911,737.7,540.9,687.9,526.1,712.8,533.5,0
521,17363,512912,737.5,541.4,688.2,526.9,712.85,534.15,0
521,17364,512913,737.3,541.8,688.5,527.7,712.9,534.75,0
521,17365,512914,737.2,542.1,688.8,528.3,713.0,535.2,0
521,17366,512915,737.0,542.4,689.0,529.1,713.0,535.75,0
522,17367,512916,737.0,542.5,689.1,529.6,713.05,536.05,0
522,17368,512917,737.0,542.5,689.1,530.8,713.05,536.65,0
522,17369,512918,737.1,542.8,688.6,531.9,712.85,537.35,0
522,17370,512919,737.1,542.9,688.2,533.1,712.65,538.0,0
522,17371,512920,737.2,543.2,687.7,534.4,712.45,538.8,0
522,17372,512921,737.3,543.6,687.2,535.6,712.25,539.6,0
522,17373,512922,737.4,544.1,686.8,536.6,712.1,540.35,0
522,17374,512923,737.4,544.7,686.4,537.3,711.9,541.0,0
522,17375,512924,737.2,545.2,686.1,537.3,711.65,541.25,0
522,17376,512925,737.2,545.6,686.2,537.3,711.7,541.45,0
522,17377,512926,737.1,546.1,686.2,537.3,711.65,541.7,0
522,17378,512927,736.9,546.5,686.2,537.2,711.55,541.85,0
522,17379,512928,736.8,546.8,686.1,537.1,711.45,541.95,0
522,17380,512929,736.6,547.1,686.0,537.0,711.3,542.05,0
522,17381,512930,736.5,547.3,685.8,537.0,711.15,542.15,0
522,17382,512931,736.5,547.6,685.7,537.1,711.1,542.35,0
522,17383,512932,736.6,547.8,685.5,537.3,711.05,542.55,0
522,17384,512933,736.6,547.9,685.4,537.4,711.0,542.65,0
522,17385,512934,736.7,547.8,685.2,537.6,710.95,542.7,0
522,17386,512935,736.7,547.6,685.2,538.0,710.95,542.8,0
522,17387,512936,736.8,547.3,685.1,538.4,710.95,542.85,0
522,17388,512937,736.8,547.0,684.7,538.8,710.75,542.9,0
522,17389,512938,736.7,546.7,684.3,539.2,710.5,542.95,0
522,17390,512939,736.7,546.6,683.9,539.7,710.3,543.15,0
522,17391,512940,736.5,546.4,683.4,540.5,709.95,543.45,0
522,17392,512941,736.4,546.4,682.9,541.4,709.65,543.9,0
522,17393,512942,736.4,546.6,682.5,542.0,709.45,544.3,0
522,17394,512943,736.3,546.8,682.1,542.5,709.2,544.65,0
522,17395,512944,736.3,546.9,682.1,543.0,709.2,544.95,0
522,17396,512945,736.2,546.9,682.1,543.4,709.15,545.15,0
522,17397,512946,736.2,547.0,682.2,543.9,709.2,545.45,0
522,17398,512947,736.1,547.2,682.3,543.9,709.2,545.55,0
522,17399,512948,736.0,547.5,682.6,544.0,709.3,545.75,0
522,17400,512949,735.8,548.1,682.8,544.2,709.3,546.15,0
523,17401,512950,735.7,548.9,683.0,544.4,709.35,546.65,0
523,17402,512951,735.7,549.7,683.3,544.7,709.5,547.2,0
523,17403,512952,735.6,550.5,683.5,545.0,709.55,547.75,0
523,17404,512953,735.6,551.2,683.7,545.6,709.65,548.4,0
523,17405,512954,735.7,551.8,683.9,546.2,709.8,549.0,0
523,17406,512955,735.8,552.3,684.2,547.0,710.0,549.65,0
523,17407,512956,735.9,552.6,684.4,547.7,710.15,550.15,0
523,17408,512957,736.0,552.6,684.6,548.4,710.3,550.5,0
523,17409,512958,736.0,552.7,684.8,549.0,710.4,550.85,0
523,17410,512959,735.7,552.8,684.9,549.5,710.3,551.15,0
523,17411,512960,735.3,552.8,685.1,549.7,710.2,551.25,0
523,17412,512961,735.0,552.9,685.4,549.9,710.2,551.4,0
523,17413,512962,734.7,552.9,685.6,549.4,710.15,551.15,0
523,17414,512963,734.5,552.9,685.9,549.0,710.2,550.95,0
523,17415,512964,734.3,552.7,686.0,548.7,710.15,550.7,0
523,17416,512965,734.2,552.1,686.1,548.3,710.15,550.2,0
523,17417,512966,734.3,551.4,685.8,547.9,710.05,549.65,0
523,17418,512967,734.4,550.7,685.4,547.5,709.9,549.1,0
523,17419,512968,734.4,550.1,685.0,547.1,709.7,548.6,0
523,17420,512969,734.0,549.5,684.5,547.2,709.25,548.35,0
523,17421,512970,733.7,548.9,684.0,547.2,708.85,548.05,0
523,17422,512971,733.3,548.5,683.6,548.0,708.45,548.25,0
523,17423,512972,732.9,548.5,683.3,548.9,708.1,548.7,0
523,17424,512973,732.4,548.5,683.3,549.7,707.85,549.1,0
523,17425,512974,731.9,548.5,683.3,550.5,707.6,549.5,0
523,17426,512975,731.5,548.6,683.4,551.2,707.45,549.9,0
523,17427,512976,731.3,548.6,683.5,551.9,707.4,550.25,0
523,17428,512977,731.5,548.6,683.6,552.5,707.55,550.55,0
523,17429,512978,731.7,548.6,683.7,552.0,707.7,550.3,0
523,17430,512979,731.9,548.6,684.0,551.4,707.95,550.0,0
523,17431,512980,732.1,548.6,684.4,550.8,708.25,549.7,0
523,17432,512981,732.4,548.6,684.8,550.0,708.6,549.3,0
523,17433,512982,732.8,548.5,685.1,549.3,708.95,548.9,0
524,17434,512983,733.2,548.3,685.4,548.2,709.3,548.25,0
524,17435,512984,733.6,548.2,685.8,547.0,709.7,547.6,0
524,17436,512985,733.9,548.0,686.2,545.7,710.05,546.85,0
524,17437,512986,734.3,547.7,686.4,544.1,710.35,545.9,0
524,17438,512987,735.1,547.5,686.8,541.4,710.95,544.45,0
524,17439,512988,736.0,547.3,687.6,539.0,711.8,543.15,0
524,17440,512989,738.2,547.0,689.3,536.5,713.75,541.75,0
524,17441,512990,741.0,546.6,691.8,534.3,716.4,540.45,0
524,17442,512991,745.0,546.3,695.2,532.1,720.1,539.2,0
524,17443,512992,749.1,545.9,699.5,530.2,724.3,538.05,0
524,17444,512993,754.2,545.6,704.8,528.2,729.5,536.9,0
524,17445,512994,761.1,545.1,712.2,527.4,736.65,536.25,0
524,17446,512995,769.6,544.5,719.3,525.9,744.45,535.2,0
524,17447,512996,778.0,544.0,727.3,524.6,752.65,534.3,0
524,17448,512997,787.6,543.6,736.3,523.2,761.95,533.4,0
524,17449,512998,798.1,543.1,745.4,521.8,771.75,532.45,0
524,17450,512999,809.9,542.7,755.5,519.7,782.7,531.2,0
524,17451,513000,821.5,542.1,764.9,518.0,793.2,530.05,0
524,17452,513001,831.9,541.2,773.6,515.1,802.75,528.15,0
524,17453,513002,840.8,540.3,782.6,512.9,811.7,526.6,0
524,17454,513003,848.3,539.1,791.0,510.4,819.65,524.75,0
524,17455,513004,854.2,537.7,798.3,508.0,826.25,522.85,0
524,17456,513005,857.9,536.4,805.2,505.3,831.55,520.85,0
524,17457,513006,860.3,535.1,810.4,503.3,835.35,519.2,0
524,17458,513007,861.8,533.9,815.0,501.2,838.4,517.55,0
524,17459,513008,863.0,533.1,818.3,499.9,840.65,516.5,0
524,17460,513009,864.1,532.4,821.0,498.7,842.55,515.55,0
524,17461,513010,865.2,531.8,822.8,497.5,844.0,514.65,0
524,17462,513011,866.7,531.6,823.9,497.0,845.3,514.3,0
524,17463,513012,867.8,531.4,825.1,497.2,846.45,514.3,0
524,17464,513013,870.2,531.2,826.1,497.4,848.15,514.3,0
524,17465,513014,873.2,531.0,828.1,497.9,850.65,514.45,0
524,17466,513015,875.7,530.8,831.1,498.8,853.4,514.8,0
525,17467,513016,878.6,530.9,834.7,499.8,856.65,515.35,0
525,17468,513017,882.3,531.1,839.1,500.9,860.7,516.0,0
525,17469,513018,886.5,531.3,844.5,501.6,865.5,516.45,0
525,17470,513019,890.8,531.6,849.2,502.2,870.0,516.9,0
525,17471,513020,893.9,532.0,854.1,502.7,874.0,517.35,0
525,17472,513021,896.3,532.4,858.2,503.1,877.25,517.75,0
525,17473,513022,898.7,532.9,861.6,503.8,880.15,518.35,0
525,17474,513023,900.7,533.2,864.6,504.7,882.65,518.95,0
525,17475,513024,901.9,533.4,866.6,505.7,884.25,519.55,0
525,17476,513025,902.2,533.7,867.5,506.6,884.85,520.15,0
525,17477,513026,902.3,534.0,868.5,507.5,885.4,520.75,0
525,17478,513027,902.4,534.1,869.2,508.4,885.8,521.25,0
525,17479,513028,902.5,533.9,869.7,509.3,886.1,521.6,0
525,17480,513029,902.5,533.7,870.1,509.9,886.3,521.8,0
525,17481,513030,902.5,533.5,870.3,510.1,886.4,521.8,0
525,17482,513031,902.5,533.3,870.4,510.1,886.45,521.7,0
525,17483,513032,902.3,532.8,870.6,510.1,886.45,521.45,0
525,17484,513033,902.2,532.1,870.6,510.2,886.4,521.15,0
525,17485,513034,902.0,531.1,870.6,510.6,886.3,520.85,0
525,17486,513035,901.7,530.2,870.6,510.9,886.15,520.55,0
525,17487,513036,901.5,529.4,870.7,511.1,886.1,520.25,0
525,17488,513037,901.4,528.5,870.7,511.4,886.05,519.95,0
525,17489,513038,901.3,527.6,870.7,511.8,886.0,519.7,0
525,17490,513039,901.3,526.9,870.7,512.2,886.0,519.55,0
525,17491,513040,901.3,526.6,870.6,513.2,885.95,519.9,0
525,17492,513041,901.3,526.6,870.3,513.9,885.8,520.25,0
525,17493,513042,901.5,527.1,869.9,514.7,885.7,520.9,0
525,17494,513043,901.6,527.5,869.6,515.4,885.6,521.45,0
525,17495,513044,901.7,527.9,869.4,516.1,885.55,522.0,0
525,17496,513045,901.9,528.4,869.4,516.8,885.65,522.6,0
525,17497,513046,902.2,528.8,869.4,517.5,885.8,523.15,0
525,17498,513047,902.6,529.4,869.4,517.5,886.0,523.45,0
525,17499,513048,902.9,529.9,869.8,517.5,886.35,523.7,0
525,17500,513049,903.2,530.1,870.2,517.6,886.7,523.85,0
526,17501,513050,903.6,530.5,870.5,517.7,887.05,524.1,0
526,17502,513051,904.1,530.8,870.9,517.7,887.5,524.25,0
526,17503,513052,904.7,531.2,871.1,517.7,887.9,524.45,0
526,17504,513053,905.2,531.5,871.2,517.7,888.2,524.6,0
526,17505,513054,905.7,531.7,871.4,517.7,888.55,524.7,0
526,17506,513055,906.3,531.8,871.6,517.7,888.95,524.75,0
526,17507,513056,906.8,531.8,871.8,517.7,889.3,524.75,0
526,17508,513057,907.0,531.5,872.0,517.8,889.5,524.65,0
526,17509,513058,907.0,531.1,872.1,517.9,889.55,524.5,0
526,17510,513059,906.8,530.7,872.2,518.0,889.5,524.35,0
526,17511,513060,906.5,530.3,872.5,518.0,889.5,524.15,0
526,17512,513061,906.2,529.9,872.7,518.0,889.45,523.95,0
526,17513,513062,905.9,529.6,872.9,517.9,889.4,523.75,0
526,17514,513063,905.5,529.4,873.1,517.8,889.3,523.6,0
526,17515,513064,905.5,529.4,873.3,517.6,889.4,523.5,0
526,17516,513065,905.6,529.5,873.4,517.5,889.5,523.5,0
526,17517,513066,905.7,529.5,873.4,517.4,889.55,523.45,0
526,17518,513067,905.8,529.4,873.3,517.4,889.55,523.4,0
526,17519,513068,906.0,529.4,873.2,517.4,889.6,523.4,0
526,17520,513069,906.2,529.3,873.1,517.4,889.65,523.35,0
526,17521,513070,906.4,529.3,873.2,517.4,889.8,523.35,0
526,17522,513071,906.7,529.3,873.3,517.3,890.0,523.3,0
526,17523,513072,906.8,529.2,873.5,517.2,890.15,523.2,0
526,17524,513073,906.8,529.1,873.7,517.0,890.25,523.05,0
526,17525,513074,906.8,529.1,873.9,516.9,890.35,523.0,0
526,17526,513075,906.8,529.1,874.0,516.5,890.4,522.8,0
526,17527,513076,906.8,529.1,874.1,516.1,890.45,522.6,0
526,17528,513077,906.8,529.2,874.1,515.8,890.45,522.5,0
526,17529,513078,906.8,529.4,874.1,515.4,890.45,522.4,0
526,17530,513079,906.8,529.6,874.0,515.1,890.4,522.35,0
526,17531,513080,906.9,529.9,873.9,514.7,890.4,522.3,0
526,17532,513081,907.0,530.4,873.8,514.4,890.4,522.4,0
526,17533,513082,907.1,530.9,873.6,514.4,890.35,522.65,0
527,17534,513083,907.2,531.4,873.5,514.5,890.35,522.95,0
527,17535,513084,907.3,531.8,873.2,514.5,890.25,523.15,0
527,17536,513085,907.4,532.2,873.0,514.6,890.2,523.4,0
527,17537,513086,907.5,532.5,872.8,514.7,890.15,523.6,0
527,17538,513087,907.6,532.8,872.6,514.8,890.1,523.8,0
527,17539,513088,907.7,532.7,872.4,514.9,890.05,523.8,0
527,17540,513089,907.8,532.8,872.3,514.6,890.05,523.7,0
527,17541,513090,907.9,532.8,872.3,514.2,890.1,523.5,0
527,17542,513091,908.3,532.8,872.4,513.6,890.35,523.2,0
527,17543,513092,908.7,533.1,872.8,513.1,890.75,523.1,0
527,17544,513093,909.2,533.9,873.2,512.5,891.2,523.2,0
527,17545,513094,909.6,534.6,873.7,512.0,891.65,523.3,0
527,17546,513095,910.0,535.1,873.9,511.5,891.95,523.3,0
527,17547,513096,910.4,535.4,874.2,511.4,892.3,523.4,0
527,17548,513097,910.9,535.6,874.4,511.7,892.65,523.65,0
527,17549,513098,911.0,535.8,874.3,511.9,892.65,523.85,0
527,17550,513099,911.0,535.7,874.0,512.1,892.5,523.9,0
527,17551,513100,911.1,535.2,873.8,512.1,892.45,523.65,0
527,17552,513101,911.2,534.8,873.5,511.6,892.35,523.2,0
527,17553,513102,911.3,534.9,873.4,511.2,892.35,523.05,0
527,17554,513103,911.4,535.2,873.1,510.3,892.25,522.75,0
527,17555,513104,911.5,535.6,872.9,509.2,892.2,522.4,0
527,17556,513105,911.6,536.2,872.7,508.2,892.15,522.2,0
527,17557,513106,911.8,537.1,872.5,507.3,892.15,522.2,0
527,17558,513107,912.1,537.9,872.2,506.9,892.15,522.4,0
527,17559,513108,912.6,538.6,871.9,507.3,892.25,522.95,0
527,17560,513109,913.1,539.0,871.4,507.7,892.25,523.35,0
527,17561,513110,913.5,539.4,871.2,508.6,892.35,524.0,0
527,17562,513111,914.0,539.8,871.0,509.7,892.5,524.75,0
527,17563,513112,914.5,539.9,870.7,510.8,892.6,525.35,0
527,17564,513113,914.9,539.9,870.4,511.7,892.65,525.8,0
527,17565,513114,915.3,539.7,870.0,512.4,892.65,526.05,0
527,17566,513115,915.5,539.5,869.7,512.3,892.6,525.9,0
528,17567,513116,915.8,539.3,869.5,512.1,892.65,525.7,0
528,17568,513117,916.0,539.0,869.3,511.9,892.65,525.45,0
528,17569,513118,916.3,538.7,869.1,511.4,892.7,525.05,0
528,17570,513119,916.5,538.5,869.1,510.8,892.8,524.65,0
528,17571,513120,916.6,538.5,869.1,509.7,892.85,524.1,0
528,17572,513121,916.7,538.6,869.3,508.6,893.0,523.6,0
528,17573,513122,916.8,538.9,869.4,507.7,893.1,523.3,0
528,17574,513123,916.8,539.2,869.6,506.9,893.2,523.05,0
528,17575,513124,916.7,539.5,869.7,506.1,893.2,522.8,0
528,17576,513125,916.6,539.9,869.9,505.5,893.25,522.7,0
528,17577,513126,916.5,540.4,869.9,505.1,893.2,522.75,0
528,17578,513127,916.4,540.8,869.9,505.4,893.15,523.1,0
528,17579,513128,916.2,541.3,869.9,505.6,893.05,523.45,0
528,17580,513129,916.1,541.6,870.1,505.8,893.1,523.7,0
528,17581,513130,915.8,541.9,870.2,506.0,893.0,523.95,0
528,17582,513131,915.6,542.4,870.3,506.2,892.95,524.3,0
528,17583,513132,915.5,542.8,870.5,506.1,893.0,524.45,0
528,17584,513133,915.3,543.1,870.7,505.8,893.0,524.45,0
528,17585,513134,915.2,543.3,870.8,505.5,893.0,524.4,0
528,17586,513135,915.1,543.5,870.9,505.2,893.0,524.35,0
528,17587,513136,915.1,543.6,871.0,504.9,893.05,524.25,0
528,17588,513137,915.1,543.8,871.0,504.7,893.05,524.25,0
528,17589,513138,914.9,543.5,870.9,505.3,892.9,524.4,0
528,17590,513139,914.4,543.1,870.5,506.1,892.45,524.6,0
528,17591,513140,913.9,542.3,870.0,507.0,891.95,524.65,0
528,17592,513141,913.4,541.5,869.5,507.9,891.45,524.7,0
528,17593,513142,912.8,540.6,869.0,508.0,890.9,524.3,0
528,17594,513143,912.3,539.8,868.5,508.2,890.4,524.0,0
528,17595,513144,911.9,539.0,868.1,508.3,890.0,523.65,0
528,17596,513145,911.7,538.5,868.0,507.6,889.85,523.05,0
528,17597,513146,911.8,537.7,868.2,507.1,890.0,522.4,0
528,17598,513147,911.8,537.3,868.5,506.7,890.15,522.0,0
528,17599,513148,911.7,537.1,868.9,506.6,890.3,521.85,0
528,17600,513149,911.6,536.8,869.6,507.2,890.6,522.0,0
529,17601,513150,911.4,536.6,870.4,507.8,890.9,522.2,0
529,17602,513151,911.3,536.4,871.1,508.4,891.2,522.4,0
529,17603,513152,911.0,536.2,871.6,509.0,891.3,522.6,0
529,17604,513153,910.4,536.4,872.0,509.6,891.2,523.0,0
529,17605,513154,909.8,536.5,872.5,509.9,891.15,523.2,0
529,17606,513155,909.4,536.6,873.0,510.1,891.2,523.35,0
529,17607,513156,908.8,536.7,873.0,510.3,890.9,523.5,0
529,17608,513157,908.1,536.7,873.0,510.5,890.55,523.6,0
529,17609,513158,907.5,536.7,873.1,510.6,890.3,523.65,0
529,17610,513159,907.0,536.7,873.3,510.6,890.15,523.65,0
529,17611,513160,906.8,536.6,873.8,510.2,890.3,523.4,0
529,17612,513161,906.7,536.4,874.2,509.8,890.45,523.1,0
529,17613,513162,906.6,536.2,874.9,509.3,890.75,522.75,0
529,17614,513163,906.7,536.0,875.5,508.8,891.1,522.4,0
529,17615,513164,906.9,535.8,876.1,508.2,891.5,522.0,0
529,17616,513165,906.9,535.6,876.7,507.6,891.8,521.6,0
529,17617,513166,906.9,535.5,877.3,507.1,892.1,521.3,0
529,17618,513167,906.9,535.4,877.5,506.9,892.2,521.15,0
529,17619,513168,906.8,535.3,877.6,506.2,892.2,520.75,0
529,17620,513169,906.7,535.2,877.5,505.5,892.1,520.35,0
529,17621,513170,906.8,535.1,877.4,504.8,892.1,519.95,0
529,17622,513171,907.1,535.3,877.1,504.3,892.1,519.8,0
529,17623,513172,907.4,535.5,876.7,504.0,892.05,519.75,0
529,17624,513173,907.8,535.7,876.2,503.7,892.0,519.7,0
529,17625,513174,908.2,536.0,875.9,503.4,892.05,519.7,0
529,17626,513175,908.6,536.2,875.6,503.6,892.1,519.9,0
529,17627,513176,909.0,536.3,875.1,504.5,892.05,520.4,0
529,17628,513177,909.4,536.0,874.7,505.3,892.05,520.65,0
529,17629,513178,909.7,535.4,874.4,506.2,892.05,520.8,0
529,17630,513179,910.2,534.9,874.0,506.9,892.1,520.9,0
529,17631,513180,910.6,534.3,873.7,507.5,892.15,520.9,0
529,17632,513181,911.0,533.8,873.3,508.2,892.15,521.0,0
529,17633,513182,911.5,533.4,873.0,508.9,892.25,521.15,0
530,17634,513183,911.9,533.0,872.8,508.8,892.35,520.9,0
530,17635,513184,912.2,533.1,872.6,508.7,892.4,520.9,0
530,17636,513185,912.3,533.0,872.6,508.6,892.45,520.8,0
530,17637,513186,912.4,532.9,872.7,508.6,892.55,520.75,0
530,17638,513187,912.5,532.7,872.8,508.7,892.65,520.7,0
530,17639,513188,912.7,532.6,872.9,508.9,892.8,520.75,0
530,17640,513189,912.8,532.4,873.0,509.3,892.9,520.85,0
530,17641,513190,913.0,532.2,873.0,509.8,893.0,521.0,0
530,17642,513191,913.2,532.1,873.1,510.2,893.15,521.15,0
530,17643,513192,913.4,532.3,873.0,510.6,893.2,521.45,0
530,17644,513193,913.6,532.5,872.9,511.0,893.25,521.75,0
530,17645,513194,913.8,532.8,872.8,511.5,893.3,522.15,0
530,17646,513195,914.4,533.2,872.7,512.1,893.55,522.65,0
530,17647,513196,914.9,533.5,872.7,512.5,893.8,523.0,0
530,17648,513197,915.3,533.9,872.7,512.9,894.0,523.4,0
530,17649,513198,915.7,534.1,872.8,513.3,894.25,523.7,0
530,17650,513199,915.9,534.3,872.9,513.6,894.4,523.95,0
530,17651,513200,916.1,534.1,873.1,513.9,894.6,524.0,0
530,17652,513201,916.2,533.8,873.2,514.1,894.7,523.95,0
530,17653,513202,915.9,533.5,873.4,514.2,894.65,523.85,0
530,17654,513203,915.6,533.4,873.6,514.3,894.6,523.85,0
530,17655,513204,915.2,533.3,873.7,514.4,894.45,523.85,0
530,17656,513205,914.7,533.2,873.7,514.6,894.2,523.9,0
530,17657,513206,914.5,533.2,873.7,514.8,894.1,524.0,0
530,17658,513207,914.1,533.5,873.7,515.0,893.9,524.25,0
530,17659,513208,913.7,533.6,873.5,515.1,893.6,524.35,0
530,17660,513209,913.5,533.6,873.4,515.1,893.45,524.35,0
530,17661,513210,913.5,533.5,873.3,515.0,893.4,524.25,0
530,17662,513211,913.6,533.3,873.2,515.1,893.4,524.2,0
530,17663,513212,913.8,533.4,873.2,515.2,893.5,524.3,0
530,17664,513213,914.0,533.5,873.2,515.3,893.6,524.4,0
530,17665,513214,914.2,533.7,873.2,515.5,893.7,524.6,0
530,17666,513215,914.4,533.9,873.4,515.6,893.9,524.75,0
531,17667,513216,914.6,534.3,873.7,515.9,894.15,525.1,0
531,17668,513217,914.6,534.7,873.9,516.1,894.25,525.4,0
531,17669,513218,914.7,535.1,874.2,516.6,894.45,525.85,0
531,17670,513219,915.2,535.2,875.2,517.2,895.2,526.2,0
531,17671,513220,916.4,535.3,876.3,517.7,896.35,526.5,0
531,17672,513221,918.3,535.4,877.6,518.3,897.95,526.85,0
531,17673,513222,920.2,535.4,880.2,518.7,900.2,527.05,0
531,17674,513223,923.2,535.4,883.4,519.0,903.3,527.2,0
531,17675,513224,927.4,535.2,887.7,519.1,907.55,527.15,0
531,17676,513225,932.1,535.0,892.5,519.1,912.3,527.05,0
531,17677,513226,936.4,534.5,897.4,518.7,916.9,526.6,0
531,17678,513227,940.9,533.6,902.9,518.3,921.9,525.95,0
531,17679,513228,944.7,532.7,908.5,517.8,926.6,525.25,0
531,17680,513229,948.7,531.8,913.0,517.4,930.85,524.6,0
531,17681,513230,951.6,530.9,916.9,517.2,934.25,524.05,0
531,17682,513231,953.3,530.1,919.7,516.6,936.5,523.35,0
531,17683,513232,954.3,529.3,922.0,516.0,938.15,522.65,0
531,17684,513233,955.2,528.8,923.3,515.6,939.25,522.2,0
531,17685,513234,955.0,528.8,923.5,515.2,939.25,522.0,0
531,17686,513235,954.6,528.9,923.0,515.0,938.8,521.95,0
531,17687,513236,953.5,529.4,921.7,514.9,937.6,522.15,0
531,17688,513237,952.1,529.8,920.4,514.8,936.25,522.3,0
531,17689,513238,950.3,530.4,918.5,515.0,934.4,522.7,0
531,17690,513239,948.5,531.1,916.7,516.4,932.6,523.75,0
531,17691,513240,946.2,531.8,915.0,517.8,930.6,524.8,0
531,17692,513241,944.1,532.5,913.3,519.1,928.7,525.8,0
531,17693,513242,942.4,533.0,911.8,520.8,927.1,526.9,0
531,17694,513243,941.2,533.1,910.8,522.5,926.0,527.8,0
531,17695,513244,940.4,533.4,909.8,524.2,925.1,528.8,0
531,17696,513245,940.0,533.8,909.2,525.9,924.6,529.85,0
531,17697,513246,939.6,534.9,908.7,526.4,924.15,530.65,0
531,17698,513247,939.9,536.1,908.2,527.1,924.05,531.6,0
531,17699,513248,940.4,537.4,908.1,528.0,924.25,532.7,0
531,17700,513249,941.0,538.7,908.1,528.5,924.55,533.6,0
532,17701,513250,942.2,540.0,908.1,529.0,925.15,534.5,0
532,17702,513251,943.4,541.3,908.2,529.6,925.8,535.45,0
532,17703,513252,944.7,542.5,908.4,530.1,926.55,536.3,0
532,17704,513253,945.8,543.0,908.5,531.0,927.15,537.0,0
532,17705,513254,946.8,543.3,908.8,531.7,927.8,537.5,0
532,17706,513255,947.7,543.5,909.0,532.2,928.35,537.85,0
532,17707,513256,948.5,544.6,909.3,532.7,928.9,538.65,0
532,17708,513257,948.1,545.7,909.8,533.2,928.95,539.45,0
532,17709,513258,947.7,546.7,910.5,534.4,929.1,540.55,0
532,17710,513259,947.2,547.7,911.0,535.6,929.1,541.65,0
532,17711,513260,946.7,548.6,911.6,536.5,929.15,542.55,0
532,17712,513261,946.2,549.6,912.0,537.4,929.1,543.5,0
532,17713,513262,945.8,550.5,912.2,538.5,929.0,544.5,0
532,17714,513263,945.4,550.7,912.4,540.0,928.9,545.35,0
532,17715,513264,945.5,550.9,912.2,541.5,928.85,546.2,0
532,17716,513265,945.7,551.1,912.0,542.2,928.85,546.65,0
532,17717,513266,946.0,551.2,911.7,542.6,928.85,546.9,0
532,17718,513267,946.3,551.5,911.4,543.1,928.85,547.3,0
532,17719,513268,946.6,551.8,911.3,543.5,928.95,547.65,0
532,17720,513269,947.2,552.1,911.3,543.8,929.25,547.95,0
532,17721,513270,947.8,552.3,911.4,543.7,929.6,548.0,0
532,17722,513271,948.3,552.6,911.5,543.7,929.9,548.15,0
532,17723,513272,948.7,552.9,911.4,543.9,930.05,548.4,0
532,17724,513273,949.0,553.3,911.3,544.4,930.15,548.85,0
532,17725,513274,949.3,553.7,911.3,545.0,930.3,549.35,0
532,17726,513275,949.6,554.0,911.2,545.5,930.4,549.75,0
532,17727,513276,949.6,554.3,911.1,546.1,930.35,550.2,0
532,17728,513277,949.5,554.6,911.0,546.7,930.25,550.65,0
532,17729,513278,949.4,554.9,910.9,547.2,930.15,551.05,0
532,17730,513279,949.3,555.3,911.0,547.3,930.15,551.3,0
532,17731,513280,949.1,555.4,911.0,547.3,930.05,551.35,0
532,17732,513281,949.0,555.6,911.0,547.4,930.0,551.5,0
532,17733,513282,949.0,555.7,911.0,547.4,930.0,551.55,0
533,17734,513283,948.9,555.7,911.0,547.4,929.95,551.55,0
533,17735,513284,949.1,555.8,911.0,547.3,930.05,551.55,0
533,17736,513285,949.3,555.8,910.9,547.3,930.1,551.55,0
533,17737,513286,949.6,555.9,910.8,547.3,930.2,551.6,0
533,17738,513287,950.0,556.1,910.7,547.4,930.35,551.75,0
533,17739,513288,950.4,556.3,910.6,547.7,930.5,552.0,0
533,17740,513289,950.8,556.5,910.5,548.0,930.65,552.25,0
533,17741,513290,951.1,556.8,910.4,548.3,930.75,552.55,0
533,17742,513291,951.2,557.1,910.4,548.7,930.8,552.9,0
533,17743,513292,951.2,557.5,910.5,549.1,930.85,553.3,0
533,17744,513293,951.3,558.1,910.7,549.3,931.0,553.7,0
533,17745,513294,951.2,558.7,910.9,549.6,931.05,554.15,0
533,17746,513295,951.2,559.3,911.1,549.7,931.15,554.5,0
533,17747,513296,951.3,559.9,911.2,550.0,931.25,554.95,0
533,17748,513297,951.3,560.4,911.4,550.3,931.35,555.35,0
533,17749,513298,951.4,560.9,911.5,550.5,931.45,555.7,0
533,17750,513299,951.4,561.1,911.6,550.7,931.5,555.9,0
533,17751,513300,951.4,560.8,911.7,550.8,931.55,555.8,0
533,17752,513301,951.3,560.5,911.8,550.8,931.55,555.65,0
533,17753,513302,951.1,560.2,912.0,550.7,931.55,555.45,0
533,17754,513303,950.9,559.8,912.3,550.5,931.6,555.15,0
533,17755,513304,950.8,559.4,912.6,550.2,931.7,554.8,0
533,17756,513305,950.7,559.0,913.0,549.9,931.85,554.45,0
533,17757,513306,950.7,558.8,913.3,549.8,932.0,554.3,0
533,17758,513307,950.7,558.6,913.6,549.9,932.15,554.25,0
533,17759,513308,950.7,558.4,913.6,550.1,932.15,554.25,0
533,17760,513309,950.8,558.3,913.6,550.2,932.2,554.25,0
533,17761,513310,950.9,558.2,913.5,550.2,932.2,554.2,0
533,17762,513311,951.0,558.3,913.4,550.2,932.2,554.25,0
533,17763,513312,951.0,558.4,913.1,550.2,932.05,554.3,0
533,17764,513313,951.0,558.5,912.8,550.3,931.9,554.4,0
533,17765,513314,951.0,558.7,912.5,550.3,931.75,554.5,0
533,17766,513315,950.9,558.6,912.4,550.4,931.65,554.5,0
534,17767,513316,950.9,558.5,912.3,550.4,931.6,554.45,0
534,17768,513317,950.8,558.5,912.3,550.6,931.55,554.55,0
534,17769,513318,950.8,558.7,912.4,550.9,931.6,554.8,0
534,17770,513319,950.9,558.8,912.6,551.2,931.75,555.0,0
534,17771,513320,951.0,559.1,912.8,551.4,931.9,555.25,0
534,17772,513321,951.1,559.2,912.9,551.4,932.0,555.3,0
534,17773,513322,951.2,559.5,912.9,551.3,932.05,555.4,0
534,17774,513323,951.4,559.8,912.5,551.2,931.95,555.5,0
534,17775,513324,951.6,560.0,912.1,551.1,931.85,555.55,0
534,17776,513325,951.7,560.0,911.8,551.3,931.75,555.65,0
534,17777,513326,951.7,559.9,911.4,551.3,931.55,555.6,0
534,17778,513327,951.8,559.8,911.2,551.6,931.5,555.7,0
534,17779,513328,951.9,559.7,911.0,551.9,931.45,555.8,0
534,17780,513329,952.1,559.6,910.9,552.5,931.5,556.05,0
534,17781,513330,952.4,559.6,911.0,553.0,931.7,556.3,0
534,17782,513331,952.6,559.6,911.1,553.3,931.85,556.45,0
534,17783,513332,952.7,559.6,911.1,553.4,931.9,556.5,0
534,17784,513333,952.8,559.7,911.1,553.4,931.95,556.55,0
534,17785,513334,953.0,559.7,911.1,553.1,932.05,556.4,0
534,17786,513335,953.1,560.0,911.1,552.8,932.1,556.4,0
534,17787,513336,953.0,560.3,911.2,552.6,932.1,556.45,0
534,17788,513337,952.8,560.5,911.3,552.3,932.05,556.4,0
534,17789,513338,952.7,560.5,911.6,552.2,932.15,556.35,0
534,17790,513339,952.6,560.6,911.9,552.3,932.25,556.45,0
534,17791,513340,952.8,560.6,912.2,552.4,932.5,556.5,0
534,17792,513341,952.8,560.7,912.5,552.5,932.65,556.6,0
534,17793,513342,952.9,560.5,912.7,552.7,932.8,556.6,0
534,17794,513343,953.0,560.3,913.0,552.7,933.0,556.5,0
534,17795,513344,953.2,560.2,913.2,552.7,933.2,556.45,0
534,17796,513345,953.5,560.0,913.2,552.7,933.35,556.35,0
534,17797,513346,953.6,559.7,913.3,552.7,933.45,556.2,0
534,17798,513347,953.6,559.4,913.4,552.8,933.5,556.1,0
534,17799,513348,953.5,559.0,913.4,552.7,933.45,555.85,0
534,17800,513349,953.4,558.7,913.3,552.7,933.35,555.7,0
535,17801,513350,953.3,558.3,913.3,552.5,933.3,555.4,0
535,17802,513351,953.2,557.8,913.0,551.3,933.1,554.55,0
535,17803,513352,953.1,557.4,912.7,550.1,932.9,553.75,0
535,17804,513353,952.6,556.5,912.3,548.2,932.45,552.35,0
535,17805,513354,952.0,555.0,911.3,545.0,931.65,550.0,0
535,17806,513355,951.6,552.1,910.5,540.2,931.05,546.15,0
535,17807,513356,950.3,547.7,909.6,534.9,929.95,541.3,0
535,17808,513357,948.7,542.3,908.8,528.4,928.75,535.35,0
535,17809,513358,946.9,535.7,907.9,521.0,927.4,528.35,0
535,17810,513359,944.1,526.8,906.7,511.2,925.4,519.0,0
535,17811,513360,941.8,516.6,905.6,500.0,923.7,508.3,0
535,17812,513361,937.9,503.9,905.2,487.6,921.55,495.75,0
535,17813,513362,933.9,491.8,903.9,475.0,918.9,483.4,0
535,17814,513363,929.9,478.5,902.1,462.1,916.0,470.3,0
535,17815,513364,925.7,464.8,900.3,448.8,913.0,456.8,0
535,17816,513365,921.0,451.1,897.8,435.2,909.4,443.15,0
535,17817,513366,917.3,439.1,894.8,423.9,906.05,431.5,0
535,17818,513367,911.8,426.8,891.3,414.4,901.55,420.6,0
535,17819,513368,907.8,417.2,887.0,407.0,897.4,412.1,0
535,17820,513369,903.5,408.5,883.4,401.5,893.45,405.0,0
535,17821,513370,899.8,402.5,879.3,397.2,889.55,399.85,0
535,17822,513371,896.4,398.2,875.2,395.4,885.8,396.8,0
535,17823,513372,893.9,395.5,871.4,398.8,882.65,397.15,0
535,17824,513373,891.3,394.4,868.5,403.0,879.9,398.7,0
535,17825,513374,890.5,395.5,865.6,407.5,878.05,401.5,0
535,17826,513375,889.8,397.5,863.2,412.6,876.5,405.05,0
535,17827,513376,889.5,400.0,860.8,417.8,875.15,408.9,0
535,17828,513377,889.5,402.7,859.2,422.9,874.35,412.8,0
535,17829,513378,889.6,405.1,857.7,427.3,873.65,416.2,0
535,17830,513379,889.6,407.6,856.8,428.9,873.2,418.25,0
535,17831,513380,889.8,409.3,855.9,429.8,872.85,419.55,0
535,17832,513381,889.9,410.8,855.4,430.4,872.65,420.6,0
535,17833,513382,890.1,411.8,855.1,429.9,872.6,420.85,0
536,17834,513383,890.9,412.1,855.7,429.1,873.3,420.6,0
536,17835,513384,891.6,412.2,856.3,428.2,873.95,420.2,0
536,17836,513385,892.4,412.4,856.8,427.3,874.6,419.85,0
536,17837,513386,893.3,412.6,857.3,426.4,875.3,419.5,0
536,17838,513387,894.0,412.9,857.8,425.9,875.9,419.4,0
536,17839,513388,894.9,413.1,858.4,425.7,876.65,419.4,0
536,17840,513389,895.6,413.6,859.1,426.6,877.35,420.1,0
536,17841,513390,896.1,414.5,859.3,427.7,877.7,421.1,0
536,17842,513391,896.5,415.2,859.4,428.9,877.95,422.05,0
536,17843,513392,897.0,415.9,859.6,430.0,878.3,422.95,0
536,17844,513393,897.5,416.4,860.0,431.0,878.75,423.7,0
536,17845,513394,897.9,416.5,860.3,431.7,879.1,424.1,0
536,17846,513395,898.2,416.5,860.6,431.9,879.4,424.2,0
536,17847,513396,898.8,416.3,860.7,432.0,879.75,424.15,0
536,17848,513397,899.0,415.9,860.8,431.9,879.9,423.9,0
536,17849,513398,899.3,415.9,860.9,431.9,880.1,423.9,0
536,17850,513399,899.5,416.2,861.1,431.8,880.3,424.0,0
536,17851,513400,899.6,416.4,861.3,431.7,880.45,424.05,0
536,17852,513401,899.7,417.0,861.4,431.6,880.55,424.3,0
536,17853,513402,899.8,417.4,861.6,431.6,880.7,424.5,0
536,17854,513403,899.6,417.5,861.7,431.5,880.65,424.5,0
536,17855,513404,899.5,417.6,861.7,431.5,880.6,424.55,0
536,17856,513405,899.4,417.0,861.7,431.4,880.55,424.2,0
536,17857,513406,899.2,416.2,861.6,431.3,880.4,423.75,0
536,17858,513407,899.0,415.5,861.5,431.0,880.25,423.25,0
536,17859,513408,898.4,414.6,861.3,430.4,879.85,422.5,0
536,17860,513409,897.8,413.8,861.0,429.8,879.4,421.8,0
536,17861,513410,897.1,413.5,860.7,429.2,878.9,421.35,0
536,17862,513411,896.5,413.1,860.5,428.6,878.5,420.85,0
536,17863,513412,895.8,412.8,860.2,428.0,878.0,420.4,0
536,17864,513413,895.2,412.5,860.0,427.3,877.6,419.9,0
536,17865,513414,894.9,412.2,859.6,427.0,877.25,419.6,0
536,17866,513415,895.1,412.0,859.2,426.8,877.15,419.4,0
537,17867,513416,895.3,411.9,859.0,426.6,877.15,419.25,0
537,17868,513417,895.7,411.7,858.7,426.5,877.2,419.1,0
537,17869,513418,896.0,411.6,858.5,425.7,877.25,418.65,0
537,17870,513419,896.4,411.3,858.3,424.9,877.35,418.1,0
537,17871,513420,896.7,411.1,858.2,424.2,877.45,417.65,0
537,17872,513421,896.9,410.9,858.3,423.5,877.6,417.2,0
537,17873,513422,897.2,410.7,858.4,423.0,877.8,416.85,0
537,17874,513423,897.5,410.7,858.5,422.6,878.0,416.65,0
537,17875,513424,897.8,410.6,858.6,422.3,878.2,416.45,0
537,17876,513425,898.1,410.6,858.7,422.6,878.4,416.6,0
537,17877,513426,898.4,410.8,858.6,423.0,878.5,416.9,0
537,17878,513427,898.8,411.1,858.6,423.3,878.7,417.2,0
537,17879,513428,899.1,411.3,858.6,423.7,878.85,417.5,0
537,17880,513429,899.3,411.5,858.6,423.6,878.95,417.55,0
537,17881,513430,899.4,411.4,858.6,423.4,879.0,417.4,0
537,17882,513431,899.4,411.1,858.6,423.1,879.0,417.1,0
537,17883,513432,899.4,410.8,858.7,422.2,879.05,416.5,0
537,17884,513433,899.4,410.5,858.8,421.2,879.1,415.85,0
537,17885,513434,899.3,410.2,858.8,420.3,879.05,415.25,0
537,17886,513435,899.2,409.8,858.8,419.3,879.0,414.55,0
537,17887,513436,899.2,409.7,858.7,419.3,878.95,414.5,0
537,17888,513437,899.2,409.6,858.7,419.2,878.95,414.4,0
537,17889,513438,899.2,409.8,858.6,419.1,878.9,414.45,0
537,17890,513439,899.3,409.7,858.5,419.6,878.9,414.65,0
537,17891,513440,899.5,409.6,858.5,420.1,879.0,414.85,0
537,17892,513441,899.7,409.4,858.5,420.2,879.1,414.8,0
537,17893,513442,899.9,409.3,858.5,420.3,879.2,414.8,0
537,17894,513443,900.1,409.1,858.7,419.7,879.4,414.4,0
537,17895,513444,900.2,408.7,858.8,419.2,879.5,413.95,0
537,17896,513445,900.4,408.3,858.9,418.6,879.65,413.45,0
537,17897,513446,900.3,408.1,859.0,418.1,879.65,413.1,0
537,17898,513447,899.9,407.9,859.1,417.7,879.5,412.8,0
537,17899,513448,899.4,407.6,859.2,417.7,879.3,412.65,0
537,17900,513449,899.0,407.4,859.4,417.7,879.2,412.55,0
538,17901,513450,898.5,407.1,859.5,417.7,879.0,412.4,0
538,17902,513451,898.1,406.9,859.7,417.7,878.9,412.3,0
538,17903,513452,897.8,406.7,859.9,417.8,878.85,412.25,0
538,17904,513453,898.0,406.4,860.1,417.7,879.05,412.05,0
538,17905,513454,898.6,406.1,860.3,417.6,879.45,411.85,0
538,17906,513455,899.2,405.9,860.5,417.4,879.85,411.65,0
538,17907,513456,899.8,405.5,860.6,417.2,880.2,411.35,0
538,17908,513457,900.4,405.1,860.7,417.2,880.55,411.15,0
538,17909,513458,901.0,404.7,860.7,417.1,880.85,410.9,0
538,17910,513459,901.5,404.4,860.6,416.9,881.05,410.65,0
538,17911,513460,901.5,404.3,860.6,416.6,881.05,410.45,0
538,17912,513461,901.5,404.2,860.6,415.9,881.05,410.05,0
538,17913,513462,901.4,404.2,860.6,415.2,881.0,409.7,0
538,17914,513463,901.3,404.3,860.6,414.5,880.95,409.4,0
538,17915,513464,901.1,404.4,860.5,413.7,880.8,409.05,0
538,17916,513465,901.4,404.5,860.4,412.9,880.9,408.7,0
538,17917,513466,901.6,404.6,860.4,412.3,881.0,408.45,0
538,17918,513467,901.8,404.7,860.3,411.8,881.05,408.25,0
538,17919,513468,902.1,404.7,860.1,411.8,881.1,408.25,0
538,17920,513469,902.5,404.7,860.1,411.9,881.3,408.3,0
538,17921,513470,902.8,404.4,860.1,412.0,881.45,408.2,0
538,17922,513471,903.2,404.2,860.1,412.2,881.65,408.2,0
538,17923,513472,903.2,403.9,860.0,412.3,881.6,408.1,0
538,17924,513473,903.1,403.8,860.0,412.5,881.55,408.15,0
538,17925,513474,903.1,403.6,859.9,412.7,881.5,408.15,0
538,17926,513475,903.1,403.4,859.8,412.9,881.45,408.15,0
538,17927,513476,903.0,403.2,859.5,413.1,881.25,408.15,0
538,17928,513477,902.8,403.2,859.2,413.2,881.0,408.2,0
538,17929,513478,902.5,403.2,858.9,412.8,880.7,408.0,0
538,17930,513479,902.3,403.2,858.8,412.4,880.55,407.8,0
538,17931,513480,902.1,403.1,858.7,412.2,880.4,407.65,0
538,17932,513481,901.8,403.0,858.4,412.0,880.1,407.5,0
538,17933,513482,901.5,402.9,858.2,412.1,879.85,407.5,0
539,17934,513483,901.3,402.9,858.0,412.3,879.65,407.6,0
539,17935,513484,901.1,402.9,857.9,412.4,879.5,407.65,0
539,17936,513485,901.0,402.8,857.8,412.9,879.4,407.85,0
539,17937,513486,900.9,402.5,857.7,413.3,879.3,407.9,0
539,17938,513487,900.7,402.0,857.7,413.6,879.2,407.8,0
539,17939,513488,900.6,401.4,857.9,413.7,879.25,407.55,0
539,17940,513489,900.5,400.9,858.3,413.4,879.4,407.15,0
539,17941,513490,900.5,400.4,858.7,413.0,879.6,406.7,0
539,17942,513491,900.6,399.9,859.1,412.6,879.85,406.25,0
539,17943,513492,900.7,399.8,859.6,412.2,880.15,406.0,0
539,17944,513493,900.8,399.8,860.0,411.9,880.4,405.85,0
539,17945,513494,901.0,400.3,860.4,411.5,880.7,405.9,0
539,17946,513495,901.0,400.8,860.7,411.2,880.85,406.0,0
539,17947,513496,900.9,401.4,860.9,410.8,880.9,406.1,0
539,17948,513497,900.8,401.9,861.0,410.5,880.9,406.2,0
539,17949,513498,900.6,402.2,861.0,410.5,880.8,406.35,0
539,17950,513499,900.5,401.8,860.9,410.4,880.7,406.1,0
539,17951,513500,900.5,401.4,860.7,410.4,880.6,405.9,0
539,17952,513501,900.6,400.8,860.6,410.5,880.6,405.65,0
539,17953,513502,900.7,400.3,860.4,410.6,880.55,405.45,0
539,17954,513503,901.0,399.6,860.2,410.7,880.6,405.15,0
539,17955,513504,901.2,399.1,860.0,410.9,880.6,405.0,0
539,17956,513505,901.4,398.7,859.9,410.8,880.65,404.75,0
539,17957,513506,901.5,398.8,859.9,411.0,880.7,404.9,0
539,17958,513507,901.4,398.9,859.9,411.1,880.65,405.0,0
539,17959,513508,901.5,399.1,859.9,411.6,880.7,405.35,0
539,17960,513509,901.5,399.3,860.0,412.0,880.75,405.65,0
539,17961,513510,901.4,399.5,860.1,412.3,880.75,405.9,0
539,17962,513511,901.4,399.5,860.2,412.6,880.8,406.05,0
539,17963,513512,901.3,399.6,860.4,412.7,880.85,406.15,0
539,17964,513513,901.3,399.6,860.4,412.6,880.85,406.1,0
539,17965,513514,901.2,399.6,860.5,412.4,880.85,406.0,0
539,17966,513515,901.2,399.5,860.6,411.8,880.9,405.65,0
540,17967,513516,901.1,399.5,860.7,411.4,880.9,405.45,0
540,17968,513517,901.0,399.4,860.8,411.1,880.9,405.25,0
540,17969,513518,901.0,399.4,860.8,410.8,880.9,405.1,0
540,17970,513519,901.1,399.4,860.7,410.6,880.9,405.0,0
540,17971,513520,901.2,399.4,860.5,410.6,880.85,405.0,0
540,17972,513521,901.3,399.4,860.4,410.3,880.85,404.85,0
540,17973,513522,901.5,399.5,860.1,410.1,880.8,404.8,0
540,17974,513523,901.6,399.5,859.9,409.9,880.75,404.7,0
540,17975,513524,901.7,399.5,859.7,409.7,880.7,404.6,0
540,17976,513525,901.9,399.4,859.4,409.5,880.65,404.45,0
540,17977,513526,901.8,399.3,859.4,409.3,880.6,404.3,0
540,17978,513527,901.5,399.3,859.4,409.2,880.45,404.25,0
540,17979,513528,900.9,399.2,859.3,409.5,880.1,404.35,0
540,17980,513529,900.3,399.2,859.3,409.7,879.8,404.45,0
540,17981,513530,899.9,399.1,859.3,410.1,879.6,404.6,0
540,17982,513531,899.5,398.9,859.3,410.5,879.4,404.7,0
540,17983,513532,899.2,398.8,859.3,411.0,879.25,404.9,0
540,17984,513533,899.0,398.8,859.3,411.5,879.15,405.15,0
540,17985,513534,899.1,398.8,859.3,412.1,879.2,405.45,0
540,17986,513535,899.4,398.8,859.4,412.5,879.4,405.65,0
540,17987,513536,899.8,398.8,859.4,413.0,879.6,405.9,0
540,17988,513537,900.1,398.9,859.4,413.6,879.75,406.25,0
540,17989,513538,900.2,398.9,859.5,414.1,879.85,406.5,0
540,17990,513539,900.3,399.0,859.6,414.5,879.95,406.75,0
540,17991,513540,900.5,399.1,859.7,414.9,880.1,407.0,0
540,17992,513541,900.7,399.3,859.7,415.3,880.2,407.3,0
540,17993,513542,900.8,399.5,859.8,415.6,880.3,407.55,0
540,17994,513543,900.9,399.8,859.9,415.8,880.4,407.8,0
540,17995,513544,901.0,400.0,860.3,415.8,880.65,407.9,0
540,17996,513545,901.0,400.2,860.6,415.8,880.8,408.0,0
540,17997,513546,901.0,400.3,860.9,415.7,880.95,408.0,0
540,17998,513547,900.9,400.5,861.0,415.6,880.95,408.05,0
540,17999,513548,900.7,400.3,861.0,415.4,880.85,407.85,0
540,18000,513549,900.5,400.1,860.9,415.3,880.7,407.7,0
541,18001,513550,900.3,399.9,860.9,415.1,880.6,407.5,0
541,18002,513551,900.2,399.7,860.7,415.0,880.45,407.35,0
541,18003,513552,900.1,399.6,860.6,415.5,880.35,407.55,0
541,18004,513553,900.1,399.5,860.6,416.2,880.35,407.85,0
541,18005,513554,900.1,399.5,860.7,417.0,880.4,408.25,0
541,18006,513555,900.2,399.5,861.2,417.8,880.7,408.65,0
541,18007,513556,900.3,399.8,861.8,418.6,881.05,409.2,0
541,18008,513557,900.6,400.4,862.6,419.3,881.6,409.85,0
541,18009,513558,900.8,401.0,863.5,420.1,882.15,410.55,0
541,18010,513559,900.9,401.6,864.2,420.4,882.55,411.0,0
541,18011,513560,901.2,402.2,865.0,420.5,883.1,411.35,0
541,18012,513561,901.3,402.7,865.6,420.5,883.45,411.6,0
541,18013,513562,901.4,403.0,865.8,420.5,883.6,411.75,0
541,18014,513563,901.5,403.1,865.9,420.5,883.7,411.8,0
541,18015,513564,901.4,402.9,865.7,420.5,883.55,411.7,0
541,18016,513565,901.3,402.7,865.0,420.4,883.15,411.55,0
541,18017,513566,901.1,402.5,864.4,420.5,882.75,411.5,0
541,18018,513567,900.9,402.3,863.7,420.4,882.3,411.35,0
541,18019,513568,900.8,402.2,863.2,420.3,882.0,411.25,0
541,18020,513569,900.6,402.2,862.8,420.2,881.7,411.2,0
541,18021,513570,900.5,402.5,862.5,420.1,881.5,411.3,0
541,18022,513571,900.4,402.9,862.3,420.0,881.35,411.45,0
541,18023,513572,900.2,403.2,862.4,419.8,881.3,411.5,0
541,18024,513573,900.1,403.6,862.5,419.6,881.3,411.6,0
541,18025,513574,900.0,403.9,862.6,419.5,881.3,411.7,0
541,18026,513575,899.9,404.2,862.8,419.5,881.35,411.85,0
541,18027,513576,899.8,404.7,863.0,419.4,881.4,412.05,0
541,18028,513577,900.1,405.0,863.1,419.3,881.6,412.15,0
541,18029,513578,900.4,405.3,863.2,419.2,881.8,412.25,0
541,18030,513579,900.7,405.6,863.3,419.1,882.0,412.35,0
541,18031,513580,900.9,406.1,863.2,419.1,882.05,412.6,0
541,18032,513581,901.1,406.6,863.1,419.0,882.1,412.8,0
541,18033,513582,901.3,407.0,863.0,418.9,882.15,412.95,0
542,18034,513583,901.2,407.3,863.0,418.8,882.1,413.05,0
542,18035,513584,900.6,407.2,862.9,418.7,881.75,412.95,0
542,18036,513585,900.1,407.1,862.8,418.8,881.45,412.95,0
542,18037,513586,900.0,407.0,862.8,419.1,881.4,413.05,0
542,18038,513587,899.9,406.9,863.0,420.2,881.45,413.55,0
542,18039,513588,899.9,406.8,863.2,421.2,881.55,414.0,0
542,18040,513589,899.6,406.6,863.3,422.1,881.45,414.35,0
542,18041,513590,899.5,406.6,863.4,422.7,881.45,414.65,0
542,18042,513591,899.4,406.7,863.6,423.3,881.5,415.0,0
542,18043,513592,899.3,406.9,863.9,423.2,881.6,415.05,0
542,18044,513593,898.8,407.0,864.0,422.9,881.4,414.95,0
542,18045,513594,898.5,407.0,864.2,421.9,881.35,414.45,0
542,18046,513595,898.2,407.0,864.1,421.1,881.15,414.05,0
542,18047,513596,898.4,407.0,864.1,420.4,881.25,413.7,0
542,18048,513597,898.8,407.0,864.0,420.1,881.4,413.55,0
542,18049,513598,899.1,406.8,863.9,419.7,881.5,413.25,0
542,18050,513599,899.5,406.6,863.7,420.0,881.6,413.3,0
542,18051,513600,899.8,406.5,863.6,420.3,881.7,413.4,0
542,18052,513601,900.0,406.5,863.4,420.4,881.7,413.45,0
542,18053,513602,900.1,406.6,863.3,420.5,881.7,413.55,0
542,18054,513603,899.9,407.0,863.1,420.4,881.5,413.7,0
542,18055,513604,899.8,407.5,863.0,420.3,881.4,413.9,0
542,18056,513605,899.7,407.9,863.1,419.8,881.4,413.85,0
542,18057,513606,899.6,408.3,863.1,419.3,881.35,413.8,0
542,18058,513607,899.6,408.7,863.2,418.9,881.4,413.8,0
542,18059,513608,899.7,409.0,863.3,418.4,881.5,413.7,0
542,18060,513609,899.8,409.2,863.6,417.9,881.7,413.55,0
542,18061,513610,900.0,409.1,863.8,417.3,881.9,413.2,0
542,18062,513611,900.3,408.7,864.0,416.8,882.15,412.75,0
542,18063,513612,900.8,408.2,864.0,416.1,882.4,412.15,0
542,18064,513613,901.3,407.8,864.1,415.5,882.7,411.65,0
542,18065,513614,901.7,407.4,864.1,414.7,882.9,411.05,0
542,18066,513615,902.0,407.0,864.0,413.9,883.0,410.45,0
543,18067,513616,902.2,406.6,864.0,412.9,883.1,409.75,0
543,18068,513617,902.4,406.2,863.9,411.7,883.15,408.95,0
543,18069,513618,902.4,406.1,863.8,410.6,883.1,408.35,0
543,18070,513619,902.1,406.0,863.7,409.8,882.9,407.9,0
543,18071,513620,901.7,405.9,863.7,408.7,882.7,407.3,0
543,18072,513621,901.3,405.7,863.6,407.3,882.45,406.5,0
543,18073,513622,901.1,405.6,863.8,405.9,882.45,405.75,0
543,18074,513623,900.7,405.5,863.9,404.2,882.3,404.85,0
543,18075,513624,900.5,405.4,864.0,402.9,882.25,404.15,0
543,18076,513625,900.3,405.4,864.1,401.5,882.2,403.45,0
543,18077,513626,900.1,405.3,864.3,400.2,882.2,402.75,0
543,18078,513627,900.0,405.1,864.4,398.9,882.2,402.0,0
543,18079,513628,899.9,404.5,864.6,398.0,882.25,401.25,0
543,18080,513629,900.0,404.0,864.8,396.8,882.4,400.4,0
543,18081,513630,900.1,403.5,864.9,396.1,882.5,399.8,0
543,18082,513631,900.3,403.0,865.1,395.2,882.7,399.1,0
543,18083,513632,900.4,402.6,864.9,394.4,882.65,398.5,0
543,18084,513633,900.6,402.3,864.7,393.6,882.65,397.95,0
543,18085,513634,900.7,402.0,864.4,392.9,882.55,397.45,0
543,18086,513635,900.7,402.1,864.0,391.8,882.35,396.95,0
543,18087,513636,900.6,401.9,863.6,391.1,882.1,396.5,0
543,18088,513637,900.5,401.7,863.3,390.3,881.9,396.0,0
543,18089,513638,900.4,401.3,862.9,389.3,881.65,395.3,0
543,18090,513639,900.3,400.8,862.9,388.0,881.6,394.4,0
543,18091,513640,900.2,399.3,863.0,385.7,881.6,392.5,0
543,18092,513641,900.2,397.8,863.0,383.4,881.6,390.6,0
543,18093,513642,900.2,396.3,863.1,381.4,881.65,388.85,0
543,18094,513643,900.2,395.1,863.0,379.4,881.6,387.25,0
543,18095,513644,900.1,393.8,863.0,377.6,881.55,385.7,0
543,18096,513645,899.9,392.6,862.9,376.2,881.4,384.4,0
543,18097,513646,899.7,391.5,862.9,375.4,881.3,383.45,0
543,18098,513647,899.5,391.2,862.8,375.6,881.15,383.4,0
543,18099,513648,899.3,390.9,862.7,375.8,881.0,383.35,0
543,18100,513649,899.1,390.4,862.7,376.1,880.9,383.25,0
544,18101,513650,898.9,389.9,862.6,376.4,880.75,383.15,0
544,18102,513651,898.9,389.5,862.7,376.1,880.8,382.8,0
544,18103,513652,898.9,389.1,862.7,375.7,880.8,382.4,0
544,18104,513653,899.0,388.7,862.7,374.9,880.85,381.8,0
544,18105,513654,899.0,388.3,862.8,374.0,880.9,381.15,0
544,18106,513655,899.1,387.8,863.0,373.1,881.05,380.45,0
544,18107,513656,899.2,387.6,863.1,372.2,881.15,379.9,0
544,18108,513657,899.3,387.3,863.3,371.4,881.3,379.35,0
544,18109,513658,899.3,387.0,863.5,371.1,881.4,379.05,0
544,18110,513659,899.3,386.8,863.6,370.7,881.45,378.75,0
544,18111,513660,899.4,386.5,863.8,370.6,881.6,378.55,0
544,18112,513661,899.5,386.3,863.9,370.5,881.7,378.4,0
544,18113,513662,899.7,386.1,863.8,370.4,881.75,378.25,0
544,18114,513663,899.8,386.1,863.8,370.2,881.8,378.15,0
544,18115,513664,899.9,386.0,863.7,370.0,881.8,378.0,0
544,18116,513665,900.0,386.0,863.6,369.8,881.8,377.9,0
544,18117,513666,900.1,386.0,863.5,369.7,881.8,377.85,0
544,18118,513667,900.1,386.0,863.5,369.6,881.8,377.8,0
544,18119,513668,900.2,385.9,863.5,369.5,881.85,377.7,0
544,18120,513669,900.2,385.7,863.5,369.5,881.85,377.6,0
544,18121,513670,900.2,385.6,863.6,369.6,881.9,377.6,0
544,18122,513671,900.4,385.4,863.7,369.7,882.05,377.55,0
544,18123,513672,900.5,385.1,863.7,370.1,882.1,377.6,0
544,18124,513673,900.6,384.9,863.8,370.5,882.2,377.7,0
544,18125,513674,900.5,384.7,863.7,370.9,882.1,377.8,0
544,18126,513675,900.2,384.7,863.7,371.1,881.95,377.9,0
544,18127,513676,899.9,384.8,863.6,371.4,881.75,378.1,0
544,18128,513677,899.6,384.9,863.4,371.7,881.5,378.3,0
544,18129,513678,899.3,385.0,863.3,372.0,881.3,378.5,0
544,18130,513679,899.1,385.1,863.2,372.1,881.15,378.6,0
544,18131,513680,899.0,385.0,863.0,372.1,881.0,378.55,0
544,18132,513681,899.2,385.0,862.9,372.2,881.05,378.6,0
544,18133,513682,899.6,384.8,862.8,372.4,881.2,378.6,0
545,18134,513683,900.0,384.5,862.7,372.5,881.35,378.5,0
545,18135,513684,900.3,384.6,862.7,372.6,881.5,378.6,0
545,18136,513685,900.5,384.7,862.5,372.6,881.5,378.65,0
545,18137,513686,900.6,385.3,862.4,372.7,881.5,379.0,0
545,18138,513687,900.7,386.0,862.3,372.8,881.5,379.4,0
545,18139,513688,900.6,386.8,862.2,372.9,881.4,379.85,0
545,18140,513689,900.5,387.4,862.1,373.6,881.3,380.5,0
545,18141,513690,900.3,387.7,861.9,374.3,881.1,381.0,0
545,18142,513691,900.3,387.8,861.6,375.2,880.95,381.5,0
545,18143,513692,900.2,387.9,861.5,376.1,880.85,382.0,0
545,18144,513693,900.0,387.8,861.2,377.1,880.6,382.45,0
545,18145,513694,899.8,387.5,860.8,377.8,880.3,382.65,0
545,18146,513695,899.6,387.1,860.5,378.3,880.05,382.7,0
545,18147,513696,899.5,386.8,860.3,378.3,879.9,382.55,0
545,18148,513697,899.4,386.8,860.1,378.2,879.75,382.5,0
545,18149,513698,899.2,386.7,860.2,378.1,879.7,382.4,0
545,18150,513699,899.1,386.7,860.3,378.0,879.7,382.35,0
545,18151,513700,899.4,386.6,860.5,377.9,879.95,382.25,0
545,18152,513701,899.8,386.7,860.9,378.1,880.35,382.4,0
545,18153,513702,900.1,386.8,861.3,378.4,880.7,382.6,0
545,18154,513703,900.2,386.9,861.7,378.6,880.95,382.75,0
545,18155,513704,900.2,386.9,862.1,378.8,881.15,382.85,0
545,18156,513705,900.3,387.1,862.3,378.9,881.3,383.0,0
545,18157,513706,900.3,387.3,862.5,379.0,881.4,383.15,0
545,18158,513707,900.0,387.6,862.7,379.0,881.35,383.3,0
545,18159,513708,899.6,387.7,862.9,379.1,881.25,383.4,0
545,18160,513709,899.3,387.9,863.0,379.2,881.15,383.55,0
545,18161,513710,899.3,388.2,863.2,379.3,881.25,383.75,0
545,18162,513711,899.3,388.5,863.4,379.8,881.35,384.15,0
545,18163,513712,899.4,388.8,863.5,380.3,881.45,384.55,0
545,18164,513713,899.5,389.1,863.6,381.0,881.55,385.05,0
545,18165,513714,899.5,389.3,863.7,381.7,881.6,385.5,0
545,18166,513715,899.6,389.6,863.6,382.4,881.6,386.0,0
546,18167,513716,899.6,389.7,863.6,383.2,881.6,386.45,0
546,18168,513717,899.6,389.8,863.5,383.8,881.55,386.8,0
546,18169,513718,899.6,389.7,863.4,384.1,881.5,386.9,0
546,18170,513719,899.6,389.6,863.6,384.5,881.6,387.05,0
546,18171,513720,899.6,389.4,863.8,384.6,881.7,387.0,0
546,18172,513721,899.6,389.2,864.0,384.7,881.8,386.95,0
546,18173,513722,899.6,389.0,864.2,384.8,881.9,386.9,0
546,18174,513723,899.6,388.8,864.3,384.8,881.95,386.8,0
546,18175,513724,899.6,388.6,864.2,384.8,881.9,386.7,0
546,18176,513725,899.6,388.5,864.1,385.0,881.85,386.75,0
546,18177,513726,899.7,388.7,863.6,385.3,881.65,387.0,0
546,18178,513727,899.7,388.8,863.1,385.6,881.4,387.2,0
546,18179,513728,899.7,389.0,862.5,386.0,881.1,387.5,0
546,18180,513729,899.7,389.2,862.1,386.5,880.9,387.85,0
546,18181,513730,899.7,389.4,862.0,386.9,880.85,388.15,0
546,18182,513731,899.7,389.6,862.1,387.3,880.9,388.45,0
546,18183,513732,899.6,389.8,862.2,387.6,880.9,388.7,0
546,18184,513733,899.5,389.9,862.4,387.8,880.95,388.85,0
546,18185,513734,899.4,389.9,862.3,388.0,880.85,388.95,0
546,18186,513735,899.3,390.0,862.3,387.9,880.8,388.95,0
546,18187,513736,899.1,390.0,862.3,387.9,880.7,388.95,0
546,18188,513737,899.0,390.0,862.1,387.8,880.55,388.9,0
546,18189,513738,898.9,390.0,861.9,387.8,880.4,388.9,0
546,18190,513739,898.8,390.1,861.8,387.8,880.3,388.95,0
546,18191,513740,898.7,390.5,861.6,388.7,880.15,389.6,0
546,18192,513741,898.7,391.4,861.8,389.6,880.25,390.5,0
546,18193,513742,898.8,392.3,862.0,390.5,880.4,391.4,0
546,18194,513743,899.1,393.2,862.5,391.4,880.8,392.3,0
546,18195,513744,899.4,394.1,863.1,392.4,881.25,393.25,0
546,18196,513745,900.6,395.0,864.7,393.4,882.65,394.2,0
546,18197,513746,902.6,395.8,866.2,394.3,884.4,395.05,0
546,18198,513747,905.4,396.2,869.2,394.5,887.3,395.35,0
546,18199,513748,908.8,396.2,872.4,394.7,890.6,395.45,0
546,18200,513749,912.6,396.1,876.5,395.4,894.55,395.75,0
547,18201,513750,917.6,395.9,881.0,396.0,899.3,395.95,0
547,18202,513751,922.7,395.7,886.1,397.1,904.4,396.4,0
547,18203,513752,927.4,395.3,891.0,398.2,909.2,396.75,0
547,18204,513753,931.4,394.9,896.3,399.2,913.85,397.05,0
547,18205,513754,935.2,394.4,900.2,400.2,917.7,397.3,0
547,18206,513755,938.4,394.0,903.8,401.1,921.1,397.55,0
547,18207,513756,941.2,393.6,906.7,401.6,923.95,397.6,0
547,18208,513757,942.5,393.3,908.6,401.8,925.55,397.55,0
547,18209,513758,943.6,393.1,909.6,401.5,926.6,397.3,0
547,18210,513759,943.8,393.1,909.9,401.3,926.85,397.2,0
547,18211,513760,944.0,393.2,909.2,401.1,926.6,397.15,0
547,18212,513761,943.1,393.5,908.0,400.8,925.55,397.15,0
547,18213,513762,942.2,393.7,906.4,400.7,924.3,397.2,0
547,18214,513763,941.0,394.0,904.7,401.0,922.85,397.5,0
547,18215,513764,939.0,394.2,903.0,401.6,921.0,397.9,0
547,18216,513765,937.2,394.4,901.4,402.2,919.3,398.3,0
547,18217,513766,935.7,394.6,899.8,402.8,917.75,398.7,0
547,18218,513767,934.4,394.8,898.1,403.3,916.25,399.05,0
547,18219,513768,933.4,394.7,897.0,403.8,915.2,399.25,0
547,18220,513769,932.6,394.4,896.5,404.4,914.55,399.4,0
547,18221,513770,931.8,394.2,896.4,404.8,914.1,399.5,0
547,18222,513771,932.0,394.0,896.3,405.1,914.15,399.55,0
547,18223,513772,932.1,393.7,896.3,405.5,914.2,399.6,0
547,18224,513773,932.2,393.4,896.3,405.8,914.25,399.6,0
547,18225,513774,932.3,393.6,896.9,406.2,914.6,399.9,0
547,18226,513775,932.3,393.8,897.3,407.3,914.8,400.55,0
547,18227,513776,932.3,394.2,897.7,408.4,915.0,401.3,0
547,18228,513777,932.3,394.6,897.6,409.2,914.95,401.9,0
547,18229,513778,932.3,395.1,897.5,409.9,914.9,402.5,0
547,18230,513779,932.4,395.5,897.3,410.6,914.85,403.05,0
547,18231,513780,932.7,396.0,897.2,411.2,914.95,403.6,0
547,18232,513781,933.1,396.1,897.1,411.8,915.1,403.95,0
547,18233,513782,933.5,396.3,897.0,411.6,915.25,403.95,0
548,18234,513783,934.1,396.4,897.0,411.4,915.55,403.9,0
548,18235,513784,934.9,396.6,896.7,411.3,915.8,403.95,0
548,18236,513785,935.7,396.7,896.6,411.1,916.15,403.9,0
548,18237,513786,936.5,396.9,896.5,411.4,916.5,404.15,0
548,18238,513787,937.0,397.1,896.8,411.6,916.9,404.35,0
548,18239,513788,937.4,397.1,897.0,412.2,917.2,404.65,0
548,18240,513789,937.8,397.1,897.4,412.7,917.6,404.9,0
548,18241,513790,938.1,397.1,897.9,413.2,918.0,405.15,0
548,18242,513791,938.1,397.1,898.8,413.6,918.45,405.35,0
548,18243,513792,938.1,397.2,899.7,413.8,918.9,405.5,0
548,18244,513793,938.2,397.2,900.5,413.7,919.35,405.45,0
548,18245,513794,938.3,397.2,901.0,413.7,919.65,405.45,0
548,18246,513795,938.3,397.3,901.4,413.6,919.85,405.45,0
548,18247,513796,938.4,397.4,901.7,413.5,920.05,405.45,0
548,18248,513797,938.5,397.5,901.9,413.4,920.2,405.45,0
548,18249,513798,938.5,397.7,901.8,414.0,920.15,405.85,0
548,18250,513799,938.6,398.0,901.6,414.8,920.1,406.4,0
548,18251,513800,938.7,398.3,901.3,415.7,920.0,407.0,0
548,18252,513801,938.8,398.6,901.1,416.6,919.95,407.6,0
548,18253,513802,938.9,398.7,901.0,417.4,919.95,408.05,0
548,18254,513803,938.7,398.5,900.8,418.1,919.75,408.3,0
548,18255,513804,938.5,398.2,900.6,418.9,919.55,408.55,0
548,18256,513805,938.2,397.9,900.6,419.1,919.4,408.5,0
548,18257,513806,938.0,397.3,900.6,419.3,919.3,408.3,0
548,18258,513807,937.6,396.8,900.7,419.3,919.15,408.05,0
548,18259,513808,937.3,396.3,900.8,419.3,919.05,407.8,0
548,18260,513809,937.0,396.2,901.0,419.1,919.0,407.65,0
548,18261,513810,937.0,396.4,901.2,418.7,919.1,407.55,0
548,18262,513811,937.0,396.6,901.4,418.3,919.2,407.45,0
548,18263,513812,937.1,396.6,901.5,417.8,919.3,407.2,0
548,18264,513813,937.3,396.6,901.6,417.3,919.45,406.95,0
548,18265,513814,937.4,396.6,901.7,416.9,919.55,406.75,0
548,18266,513815,937.6,396.6,901.8,416.5,919.7,406.55,0
549,18267,513816,937.7,396.3,901.8,416.3,919.75,406.3,0
549,18268,513817,937.9,396.0,901.8,416.3,919.85,406.15,0
549,18269,513818,938.1,395.9,901.9,416.5,920.0,406.2,0
549,18270,513819,938.2,395.9,901.9,416.6,920.05,406.25,0
549,18271,513820,938.4,396.0,902.0,416.5,920.2,406.25,0
549,18272,513821,938.6,396.2,902.1,416.5,920.35,406.35,0
549,18273,513822,938.7,396.4,902.1,416.5,920.4,406.45,0
549,18274,513823,938.8,396.6,902.1,416.5,920.45,406.55,0
549,18275,513824,938.6,396.8,902.1,416.5,920.35,406.65,0
549,18276,513825,938.5,396.2,902.1,416.3,920.3,406.25,0
549,18277,513826,938.3,395.6,901.8,416.3,920.05,405.95,0
549,18278,513827,938.1,394.9,901.5,416.0,919.8,405.45,0
549,18279,513828,937.9,394.0,901.2,415.4,919.55,404.7,0
549,18280,513829,938.0,393.2,900.8,414.7,919.4,403.95,0
549,18281,513830,938.1,392.4,900.4,414.1,919.25,403.25,0
549,18282,513831,938.3,391.6,900.0,413.6,919.15,402.6,0
549,18283,513832,938.6,391.5,899.7,413.3,919.15,402.4,0
549,18284,513833,938.8,391.5,899.5,413.0,919.15,402.25,0
549,18285,513834,939.1,391.6,899.4,413.1,919.25,402.35,0
549,18286,513835,939.2,391.9,899.1,413.5,919.15,402.7,0
549,18287,513836,939.1,392.1,898.7,413.8,918.9,402.95,0
549,18288,513837,938.9,392.2,898.4,414.0,918.65,403.1,0
549,18289,513838,938.8,392.2,898.0,414.2,918.4,403.2,0
549,18290,513839,938.5,392.1,897.6,414.2,918.05,403.15,0
549,18291,513840,938.3,392.1,897.3,414.3,917.8,403.2,0
549,18292,513841,938.1,391.9,897.2,414.3,917.65,403.1,0
549,18293,513842,937.9,391.6,897.3,414.4,917.6,403.0,0
549,18294,513843,937.7,391.4,897.6,414.5,917.65,402.95,0
549,18295,513844,937.6,391.3,897.9,414.6,917.75,402.95,0
549,18296,513845,937.5,391.3,898.2,414.7,917.85,403.0,0
549,18297,513846,937.8,391.5,898.4,414.3,918.1,402.9,0
549,18298,513847,938.0,391.8,898.6,413.7,918.3,402.75,0
549,18299,513848,938.3,392.0,898.5,413.1,918.4,402.55,0
549,18300,513849,938.4,392.2,898.3,412.5,918.35,402.35,0
550,18301,513850,938.5,392.1,898.1,412.0,918.3,402.05,0
550,18302,513851,938.6,392.0,897.9,411.9,918.25,401.95,0
550,18303,513852,938.8,391.8,897.7,411.8,918.25,401.8,0
550,18304,513853,938.6,391.4,897.4,412.0,918.0,401.7,0
550,18305,513854,938.7,390.8,897.1,412.5,917.9,401.65,0
550,18306,513855,938.7,390.2,896.9,412.9,917.8,401.55,0
550,18307,513856,938.7,389.8,896.8,413.0,917.75,401.4,0
550,18308,513857,938.4,389.7,896.6,413.0,917.5,401.35,0
550,18309,513858,938.0,389.7,896.5,412.6,917.25,401.15,0
550,18310,513859,937.5,389.9,896.5,412.2,917.0,401.05,0
550,18311,513860,937.1,390.3,896.7,411.9,916.9,401.1,0
550,18312,513861,936.6,390.8,896.9,411.5,916.75,401.15,0
550,18313,513862,936.4,391.2,897.2,411.2,916.8,401.2,0
550,18314,513863,936.2,391.5,897.5,410.8,916.85,401.15,0
550,18315,513864,936.4,391.8,897.8,410.5,917.1,401.15,0
550,18316,513865,936.5,392.0,897.9,410.4,917.2,401.2,0
550,18317,513866,936.5,392.1,898.0,410.2,917.25,401.15,0
550,18318,513867,936.5,392.2,898.0,410.0,917.25,401.1,0
550,18319,513868,936.4,392.2,897.8,409.8,917.1,401.0,0
550,18320,513869,936.1,392.3,897.5,409.7,916.8,401.0,0
550,18321,513870,935.8,392.5,896.6,410.0,916.2,401.25,0
550,18322,513871,935.5,392.6,895.8,410.3,915.65,401.45,0
550,18323,513872,935.4,392.7,895.1,410.6,915.25,401.65,0
550,18324,513873,935.4,392.8,894.7,411.0,915.05,401.9,0
550,18325,513874,935.4,392.8,894.4,411.4,914.9,402.1,0
550,18326,513875,935.4,392.9,894.2,411.8,914.8,402.35,0
550,18327,513876,935.7,392.8,894.3,412.2,915.0,402.5,0
550,18328,513877,936.0,392.5,895.0,412.3,915.5,402.4,0
550,18329,513878,936.3,392.3,895.6,412.3,915.95,402.3,0
550,18330,513879,936.7,392.3,896.0,412.2,916.35,402.25,0
550,18331,513880,937.0,392.2,896.2,412.1,916.6,402.15,0
550,18332,513881,937.4,392.2,896.4,411.9,916.9,402.05,0
550,18333,513882,937.9,392.1,896.4,411.8,917.15,401.95,0
551,18334,513883,938.3,392.1,896.2,411.7,917.25,401.9,0
551,18335,513884,938.7,392.1,896.1,411.6,917.4,401.85,0
551,18336,513885,939.1,392.2,896.0,411.5,917.55,401.85,0
551,18337,513886,939.5,392.3,896.0,411.5,917.75,401.9,0
551,18338,513887,939.9,392.4,896.0,411.5,917.95,401.95,0
551,18339,513888,940.2,392.6,895.9,411.6,918.05,402.1,0
551,18340,513889,940.3,392.7,895.9,411.7,918.1,402.2,0
551,18341,513890,940.1,392.7,895.9,411.7,918.0,402.2,0
551,18342,513891,939.9,393.0,896.0,411.6,917.95,402.3,0
551,18343,513892,939.6,393.2,896.1,411.3,917.85,402.25,0
551,18344,513893,939.4,393.5,896.3,411.0,917.85,402.25,0
551,18345,513894,939.2,393.9,896.5,410.7,917.85,402.3,0
551,18346,513895,939.1,394.2,896.9,410.4,918.0,402.3,0
551,18347,513896,938.9,394.5,897.2,410.2,918.05,402.35,0
551,18348,513897,938.8,394.7,897.4,410.1,918.1,402.4,0
551,18349,513898,938.7,394.8,897.5,409.9,918.1,402.35,0
551,18350,513899,938.5,394.9,897.5,409.8,918.0,402.35,0
551,18351,513900,938.2,394.9,897.4,409.6,917.8,402.25,0
551,18352,513901,938.0,395.1,897.3,409.4,917.65,402.25,0
551,18353,513902,937.7,395.3,897.1,409.0,917.4,402.15,0
551,18354,513903,937.4,395.5,896.9,408.6,917.15,402.05,0
551,18355,513904,937.3,395.9,896.8,408.1,917.05,402.0,0
551,18356,513905,937.1,396.3,896.7,407.8,916.9,402.05,0
551,18357,513906,937.3,396.6,896.6,407.8,916.95,402.2,0
551,18358,513907,937.5,396.7,896.5,407.7,917.0,402.2,0
551,18359,513908,937.6,396.6,896.4,407.7,917.0,402.15,0
551,18360,513909,937.8,396.6,896.4,407.7,917.1,402.15,0
551,18361,513910,938.0,396.7,896.3,407.8,917.15,402.25,0
551,18362,513911,938.3,397.1,896.4,407.5,917.35,402.3,0
551,18363,513912,938.5,397.6,896.6,407.1,917.55,402.35,0
551,18364,513913,938.7,398.2,896.9,406.6,917.8,402.4,0
551,18365,513914,938.8,398.7,897.3,406.1,918.05,402.4,0
551,18366,513915,939.1,399.3,897.7,405.6,918.4,402.45,0
552,18367,513916,939.4,399.7,898.1,405.1,918.75,402.4,0
552,18368,513917,939.7,400.1,898.4,404.6,919.05,402.35,0
552,18369,513918,939.9,400.2,898.7,404.4,919.3,402.3,0
552,18370,513919,940.1,400.2,898.9,403.9,919.5,402.05,0
552,18371,513920,940.3,400.7,899.1,403.4,919.7,402.05,0
552,18372,513921,940.6,401.4,899.2,403.0,919.9,402.2,0
552,18373,513922,940.7,402.5,899.2,402.6,919.95,402.55,0
552,18374,513923,941.0,403.6,899.3,402.2,920.15,402.9,0
552,18375,513924,941.3,404.7,899.3,401.8,920.3,403.25,0
552,18376,513925,941.6,406.5,899.5,401.5,920.55,404.0,0
552,18377,513926,941.8,408.4,899.7,401.5,920.75,404.95,0
552,18378,513927,942.1,410.0,899.9,401.5,921.0,405.75,0
552,18379,513928,942.4,411.4,900.1,401.4,921.25,406.4,0
552,18380,513929,942.7,412.4,900.3,400.9,921.5,406.65,0
552,18381,513930,942.9,413.4,900.5,400.5,921.7,406.95,0
552,18382,513931,943.1,414.2,900.8,399.2,921.95,406.7,0
552,18383,513932,943.4,414.2,900.9,398.0,922.15,406.1,0
552,18384,513933,943.6,414.2,901.1,396.7,922.35,405.45,0
552,18385,513934,943.8,413.6,901.2,395.4,922.5,404.5,0
552,18386,513935,943.8,413.1,901.3,393.5,922.55,403.3,0
552,18387,513936,943.7,412.6,901.4,391.9,922.55,402.25,0
552,18388,513937,943.6,412.3,901.5,390.2,922.55,401.25,0
552,18389,513938,943.4,412.3,901.5,389.2,922.45,400.75,0
552,18390,513939,943.3,412.4,901.5,388.3,922.4,400.35,0
552,18391,513940,943.2,412.5,901.1,387.4,922.15,399.95,0
552,18392,513941,943.3,412.9,900.8,387.0,922.05,399.95,0
552,18393,513942,943.4,413.3,900.3,387.3,921.85,400.3,0
552,18394,513943,943.6,413.8,899.9,387.5,921.75,400.65,0
552,18395,513944,943.8,414.1,899.5,387.8,921.65,400.95,0
552,18396,513945,943.9,414.3,899.2,388.0,921.55,401.15,0
552,18397,513946,944.1,414.6,898.8,388.2,921.45,401.4,0
552,18398,513947,944.2,414.9,898.8,388.0,921.5,401.45,0
552,18399,513948,944.3,415.1,898.8,387.5,921.55,401.3,0
552,18400,513949,944.5,415.4,898.8,386.9,921.65,401.15,0
553,18401,513950,944.7,415.6,898.7,386.4,921.7,401.0,0
553,18402,513951,945.1,415.8,898.7,385.9,921.9,400.85,0
553,18403,513952,945.5,416.0,898.6,385.4,922.05,400.7,0
553,18404,513953,945.7,416.1,898.6,385.0,922.15,400.55,0
553,18405,513954,945.5,416.2,898.5,384.6,922.0,400.4,0
553,18406,513955,945.2,416.2,898.8,384.3,922.0,400.25,0
553,18407,513956,944.8,416.3,899.3,384.0,922.05,400.15,0
553,18408,513957,944.3,416.3,899.9,383.2,922.1,399.75,0
553,18409,513958,943.7,416.6,900.5,382.5,922.1,399.55,0
553,18410,513959,943.2,416.8,901.0,381.7,922.1,399.25,0
553,18411,513960,942.9,417.1,901.5,380.9,922.2,399.0,0
553,18412,513961,942.8,417.3,901.9,380.2,922.35,398.75,0
553,18413,513962,942.9,417.6,901.9,379.5,922.4,398.55,0
553,18414,513963,943.0,417.6,901.7,378.8,922.35,398.2,0
553,18415,513964,943.0,417.5,901.4,378.6,922.2,398.05,0
553,18416,513965,943.1,417.2,901.3,378.5,922.2,397.85,0
553,18417,513966,942.7,416.8,901.3,378.5,922.0,397.65,0
553,18418,513967,942.3,416.4,901.4,378.4,921.85,397.4,0
553,18419,513968,941.8,416.0,901.6,378.4,921.7,397.2,0
553,18420,513969,941.5,415.6,901.9,378.5,921.7,397.05,0
553,18421,513970,941.1,415.6,902.3,378.8,921.7,397.2,0
553,18422,513971,940.8,416.0,902.7,379.0,921.75,397.5,0
553,18423,513972,940.4,416.4,902.9,379.3,921.65,397.85,0
553,18424,513973,940.6,416.9,903.2,379.4,921.9,398.15,0
553,18425,513974,940.7,417.4,903.0,379.3,921.85,398.35,0
553,18426,513975,940.8,418.0,902.9,379.3,921.85,398.65,0
553,18427,513976,940.8,418.5,902.6,379.2,921.7,398.85,0
553,18428,513977,940.9,419.0,902.3,379.4,921.6,399.2,0
553,18429,513978,940.9,419.1,902.0,379.6,921.45,399.35,0
553,18430,513979,940.9,419.2,901.7,379.8,921.3,399.5,0
553,18431,513980,940.9,419.3,901.3,380.1,921.1,399.7,0
553,18432,513981,940.9,419.4,901.3,380.2,921.1,399.8,0
553,18433,513982,940.8,419.5,901.3,380.3,921.05,399.9,0
554,18434,513983,940.8,419.5,901.3,380.1,921.05,399.8,0
